2.073500e+01 2.023000e+01 2.084355e+01 2.067391e+01 2.073000e+01 2.023500e+01 2.084410e+01 2.067713e+01
2.073500e+01 2.023000e+01 2.084355e+01 2.067391e+01 2.074500e+01 2.023000e+01 2.084383e+01 2.067524e+01
2.074500e+01 2.023000e+01 2.084383e+01 2.067524e+01 2.075500e+01 2.023000e+01 2.084403e+01 2.067643e+01
2.075500e+01 2.023000e+01 2.084403e+01 2.067643e+01 2.076500e+01 2.023000e+01 2.084416e+01 2.067747e+01
2.076500e+01 2.023000e+01 2.084416e+01 2.067747e+01 2.077500e+01 2.023000e+01 2.084424e+01 2.067836e+01
2.077500e+01 2.023000e+01 2.084424e+01 2.067836e+01 2.078500e+01 2.023000e+01 2.084427e+01 2.067910e+01
2.078500e+01 2.023000e+01 2.084427e+01 2.067910e+01 2.079500e+01 2.023000e+01 2.084426e+01 2.067969e+01
2.079500e+01 2.023000e+01 2.084426e+01 2.067969e+01 2.080500e+01 2.023000e+01 2.084422e+01 2.068012e+01
2.080500e+01 2.023000e+01 2.084422e+01 2.068012e+01 2.081500e+01 2.023000e+01 2.084416e+01 2.068040e+01
2.081500e+01 2.023000e+01 2.084416e+01 2.068040e+01 2.082500e+01 2.023000e+01 2.084408e+01 2.068051e+01
2.082500e+01 2.023000e+01 2.084408e+01 2.068051e+01 2.083500e+01 2.023000e+01 2.084401e+01 2.068047e+01
2.083500e+01 2.023000e+01 2.084401e+01 2.068047e+01 2.084500e+01 2.023000e+01 2.084396e+01 2.068028e+01
2.084500e+01 2.023000e+01 2.084396e+01 2.068028e+01 2.085500e+01 2.023000e+01 2.084392e+01 2.067992e+01
2.085500e+01 2.023000e+01 2.084392e+01 2.067992e+01 2.086500e+01 2.023000e+01 2.084391e+01 2.067942e+01
2.086500e+01 2.023000e+01 2.084391e+01 2.067942e+01 2.087500e+01 2.023000e+01 2.084394e+01 2.067876e+01
2.087500e+01 2.023000e+01 2.084394e+01 2.067876e+01 2.088500e+01 2.023000e+01 2.084403e+01 2.067795e+01
2.088500e+01 2.023000e+01 2.084403e+01 2.067795e+01 2.089500e+01 2.023000e+01 2.084417e+01 2.067700e+01
2.089500e+01 2.023000e+01 2.084417e+01 2.067700e+01 2.090000e+01 2.023500e+01 2.084373e+01 2.068039e+01
2.070500e+01 2.024000e+01 2.084399e+01 2.067689e+01 2.070000e+01 2.024500e+01 2.084468e+01 2.067981e+01
2.070500e+01 2.024000e+01 2.084399e+01 2.067689e+01 2.071500e+01 2.024000e+01 2.084442e+01 2.067868e+01
2.071500e+01 2.024000e+01 2.084442e+01 2.067868e+01 2.072500e+01 2.024000e+01 2.084474e+01 2.068033e+01
2.073000e+01 2.023500e+01 2.084410e+01 2.067713e+01 2.072500e+01 2.024000e+01 2.084474e+01 2.068033e+01
2.090000e+01 2.023500e+01 2.084373e+01 2.068039e+01 2.090500e+01 2.024000e+01 2.084320e+01 2.068375e+01
2.090500e+01 2.024000e+01 2.084320e+01 2.068375e+01 2.091500e+01 2.024000e+01 2.084335e+01 2.068246e+01
2.091500e+01 2.024000e+01 2.084335e+01 2.068246e+01 2.092500e+01 2.024000e+01 2.084359e+01 2.068104e+01
2.092500e+01 2.024000e+01 2.084359e+01 2.068104e+01 2.093500e+01 2.024000e+01 2.084394e+01 2.067948e+01
2.093500e+01 2.024000e+01 2.084394e+01 2.067948e+01 2.094000e+01 2.024500e+01 2.084332e+01 2.068245e+01
2.067500e+01 2.025000e+01 2.084426e+01 2.067838e+01 2.067000e+01 2.025500e+01 2.084503e+01 2.068097e+01
2.067500e+01 2.025000e+01 2.084426e+01 2.067838e+01 2.068500e+01 2.025000e+01 2.084493e+01 2.068059e+01
2.068500e+01 2.025000e+01 2.084493e+01 2.068059e+01 2.069500e+01 2.025000e+01 2.084546e+01 2.068269e+01
2.070000e+01 2.024500e+01 2.084468e+01 2.067981e+01 2.069500e+01 2.025000e+01 2.084546e+01 2.068269e+01
2.094000e+01 2.024500e+01 2.084332e+01 2.068245e+01 2.094500e+01 2.025000e+01 2.084260e+01 2.068538e+01
2.094500e+01 2.025000e+01 2.084260e+01 2.068538e+01 2.095500e+01 2.025000e+01 2.084305e+01 2.068350e+01
2.095500e+01 2.025000e+01 2.084305e+01 2.068350e+01 2.096500e+01 2.025000e+01 2.084362e+01 2.068151e+01
2.096500e+01 2.025000e+01 2.084362e+01 2.068151e+01 2.097000e+01 2.025500e+01 2.084292e+01 2.068414e+01
2.065500e+01 2.026000e+01 2.084505e+01 2.068101e+01 2.065000e+01 2.026500e+01 2.084586e+01 2.068338e+01
2.065500e+01 2.026000e+01 2.084505e+01 2.068101e+01 2.066500e+01 2.026000e+01 2.084588e+01 2.068352e+01
2.067000e+01 2.025500e+01 2.084503e+01 2.068097e+01 2.066500e+01 2.026000e+01 2.084588e+01 2.068352e+01
2.097000e+01 2.025500e+01 2.084292e+01 2.068414e+01 2.097500e+01 2.026000e+01 2.084212e+01 2.068672e+01
2.097500e+01 2.026000e+01 2.084212e+01 2.068672e+01 2.098500e+01 2.026000e+01 2.084286e+01 2.068443e+01
2.098500e+01 2.026000e+01 2.084286e+01 2.068443e+01 2.099000e+01 2.026500e+01 2.084211e+01 2.068682e+01
2.063500e+01 2.027000e+01 2.084571e+01 2.068290e+01 2.063000e+01 2.027500e+01 2.084654e+01 2.068503e+01
2.063500e+01 2.027000e+01 2.084571e+01 2.068290e+01 2.064500e+01 2.027000e+01 2.084676e+01 2.068569e+01
2.065000e+01 2.026500e+01 2.084586e+01 2.068338e+01 2.064500e+01 2.027000e+01 2.084676e+01 2.068569e+01
2.099000e+01 2.026500e+01 2.084211e+01 2.068682e+01 2.099500e+01 2.027000e+01 2.084126e+01 2.068914e+01
2.099500e+01 2.027000e+01 2.084126e+01 2.068914e+01 2.100500e+01 2.027000e+01 2.084221e+01 2.068657e+01
2.100500e+01 2.027000e+01 2.084221e+01 2.068657e+01 2.101000e+01 2.027500e+01 2.084145e+01 2.068871e+01
2.061500e+01 2.028000e+01 2.084615e+01 2.068406e+01 2.061000e+01 2.028500e+01 2.084697e+01 2.068596e+01
2.061500e+01 2.028000e+01 2.084615e+01 2.068406e+01 2.062500e+01 2.028000e+01 2.084746e+01 2.068710e+01
2.063000e+01 2.027500e+01 2.084654e+01 2.068503e+01 2.062500e+01 2.028000e+01 2.084746e+01 2.068710e+01
2.101000e+01 2.027500e+01 2.084145e+01 2.068871e+01 2.101500e+01 2.028000e+01 2.084059e+01 2.069078e+01
2.101500e+01 2.028000e+01 2.084059e+01 2.069078e+01 2.102000e+01 2.028500e+01 2.083978e+01 2.069276e+01
2.059500e+01 2.029000e+01 2.084627e+01 2.068451e+01 2.059000e+01 2.029500e+01 2.084704e+01 2.068618e+01
2.059500e+01 2.029000e+01 2.084627e+01 2.068451e+01 2.060500e+01 2.029000e+01 2.084787e+01 2.068778e+01
2.061000e+01 2.028500e+01 2.084697e+01 2.068596e+01 2.060500e+01 2.029000e+01 2.084787e+01 2.068778e+01
2.102000e+01 2.028500e+01 2.083978e+01 2.069276e+01 2.102500e+01 2.029000e+01 2.083888e+01 2.069466e+01
2.102500e+01 2.029000e+01 2.083888e+01 2.069466e+01 2.103500e+01 2.029000e+01 2.084021e+01 2.069166e+01
2.103500e+01 2.029000e+01 2.084021e+01 2.069166e+01 2.104000e+01 2.029500e+01 2.083944e+01 2.069340e+01
2.058500e+01 2.030000e+01 2.084789e+01 2.068777e+01 2.058000e+01 2.030500e+01 2.084866e+01 2.068928e+01
2.059000e+01 2.029500e+01 2.084704e+01 2.068618e+01 2.058500e+01 2.030000e+01 2.084789e+01 2.068777e+01
2.104000e+01 2.029500e+01 2.083944e+01 2.069340e+01 2.104500e+01 2.030000e+01 2.083859e+01 2.069505e+01
2.104500e+01 2.030000e+01 2.083859e+01 2.069505e+01 2.105000e+01 2.030500e+01 2.083782e+01 2.069662e+01
2.057500e+01 2.031000e+01 2.084951e+01 2.069071e+01 2.057000e+01 2.031500e+01 2.085027e+01 2.069208e+01
2.058000e+01 2.030500e+01 2.084866e+01 2.068928e+01 2.057500e+01 2.031000e+01 2.084951e+01 2.069071e+01
2.105000e+01 2.030500e+01 2.083782e+01 2.069662e+01 2.105500e+01 2.031000e+01 2.083697e+01 2.069810e+01
2.105500e+01 2.031000e+01 2.083697e+01 2.069810e+01 2.106500e+01 2.031000e+01 2.083878e+01 2.069475e+01
2.106500e+01 2.031000e+01 2.083878e+01 2.069475e+01 2.107000e+01 2.031500e+01 2.083810e+01 2.069609e+01
2.055500e+01 2.032000e+01 2.084886e+01 2.068963e+01 2.055000e+01 2.032500e+01 2.084951e+01 2.069077e+01
2.055500e+01 2.032000e+01 2.084886e+01 2.068963e+01 2.056500e+01 2.032000e+01 2.085110e+01 2.069335e+01
2.057000e+01 2.031500e+01 2.085027e+01 2.069208e+01 2.056500e+01 2.032000e+01 2.085110e+01 2.069335e+01
2.107000e+01 2.031500e+01 2.083810e+01 2.069609e+01 2.107500e+01 2.032000e+01 2.083735e+01 2.069734e+01
2.107500e+01 2.032000e+01 2.083735e+01 2.069734e+01 2.108000e+01 2.032500e+01 2.083670e+01 2.069852e+01
2.054500e+01 2.033000e+01 2.085022e+01 2.069183e+01 2.054000e+01 2.033500e+01 2.085083e+01 2.069283e+01
2.055000e+01 2.032500e+01 2.084951e+01 2.069077e+01 2.054500e+01 2.033000e+01 2.085022e+01 2.069183e+01
2.108000e+01 2.032500e+01 2.083670e+01 2.069852e+01 2.108500e+01 2.033000e+01 2.083599e+01 2.069960e+01
2.108500e+01 2.033000e+01 2.083599e+01 2.069960e+01 2.109000e+01 2.033500e+01 2.083538e+01 2.070063e+01
2.053500e+01 2.034000e+01 2.085149e+01 2.069374e+01 2.053000e+01 2.034500e+01 2.085204e+01 2.069459e+01
2.054000e+01 2.033500e+01 2.085083e+01 2.069283e+01 2.053500e+01 2.034000e+01 2.085149e+01 2.069374e+01
2.109000e+01 2.033500e+01 2.083538e+01 2.070063e+01 2.109500e+01 2.034000e+01 2.083472e+01 2.070155e+01
2.109500e+01 2.034000e+01 2.083472e+01 2.070155e+01 2.110000e+01 2.034500e+01 2.083417e+01 2.070242e+01
2.052500e+01 2.035000e+01 2.085264e+01 2.069535e+01 2.052000e+01 2.035500e+01 2.085314e+01 2.069607e+01
2.053000e+01 2.034500e+01 2.085204e+01 2.069459e+01 2.052500e+01 2.035000e+01 2.085264e+01 2.069535e+01
2.110000e+01 2.034500e+01 2.083417e+01 2.070242e+01 2.110500e+01 2.035000e+01 2.083357e+01 2.070319e+01
2.110500e+01 2.035000e+01 2.083357e+01 2.070319e+01 2.111000e+01 2.035500e+01 2.083309e+01 2.070391e+01
2.051500e+01 2.036000e+01 2.085366e+01 2.069668e+01 2.051000e+01 2.036500e+01 2.085408e+01 2.069726e+01
2.052000e+01 2.035500e+01 2.085314e+01 2.069607e+01 2.051500e+01 2.036000e+01 2.085366e+01 2.069668e+01
2.111000e+01 2.035500e+01 2.083309e+01 2.070391e+01 2.111500e+01 2.036000e+01 2.083257e+01 2.070453e+01
2.111500e+01 2.036000e+01 2.083257e+01 2.070453e+01 2.112000e+01 2.036500e+01 2.083217e+01 2.070511e+01
2.050500e+01 2.037000e+01 2.085452e+01 2.069774e+01 2.050000e+01 2.037500e+01 2.085485e+01 2.069819e+01
2.051000e+01 2.036500e+01 2.085408e+01 2.069726e+01 2.050500e+01 2.037000e+01 2.085452e+01 2.069774e+01
2.112000e+01 2.036500e+01 2.083217e+01 2.070511e+01 2.112500e+01 2.037000e+01 2.083175e+01 2.070558e+01
2.112500e+01 2.037000e+01 2.083175e+01 2.070558e+01 2.113000e+01 2.037500e+01 2.083145e+01 2.070603e+01
2.049500e+01 2.038000e+01 2.085519e+01 2.069853e+01 2.049000e+01 2.038500e+01 2.085542e+01 2.069886e+01
2.050000e+01 2.037500e+01 2.085485e+01 2.069819e+01 2.049500e+01 2.038000e+01 2.085519e+01 2.069853e+01
2.113000e+01 2.037500e+01 2.083145e+01 2.070603e+01 2.113500e+01 2.038000e+01 2.083113e+01 2.070637e+01
2.113500e+01 2.038000e+01 2.083113e+01 2.070637e+01 2.114000e+01 2.038500e+01 2.083093e+01 2.070669e+01
2.048500e+01 2.039000e+01 2.085566e+01 2.069908e+01 2.048000e+01 2.039500e+01 2.085578e+01 2.069929e+01
2.049000e+01 2.038500e+01 2.085542e+01 2.069886e+01 2.048500e+01 2.039000e+01 2.085566e+01 2.069908e+01
2.114000e+01 2.038500e+01 2.083093e+01 2.070669e+01 2.114000e+01 2.039500e+01 2.082693e+01 2.071111e+01
2.047500e+01 2.040000e+01 2.085590e+01 2.069940e+01 2.047000e+01 2.040500e+01 2.085590e+01 2.069950e+01
2.048000e+01 2.039500e+01 2.085578e+01 2.069929e+01 2.047500e+01 2.040000e+01 2.085590e+01 2.069940e+01
2.114000e+01 2.039500e+01 2.082693e+01 2.071111e+01 2.114500e+01 2.040000e+01 2.082673e+01 2.071120e+01
2.114500e+01 2.040000e+01 2.082673e+01 2.071120e+01 2.115000e+01 2.040500e+01 2.082666e+01 2.071130e+01
2.047000e+01 2.040500e+01 2.085590e+01 2.069950e+01 2.047000e+01 2.041500e+01 2.086014e+01 2.070374e+01
2.115000e+01 2.040500e+01 2.082666e+01 2.071130e+01 2.115500e+01 2.041000e+01 2.082659e+01 2.071127e+01
2.115500e+01 2.041000e+01 2.082659e+01 2.071127e+01 2.116000e+01 2.041500e+01 2.082666e+01 2.071126e+01
2.046500e+01 2.042000e+01 2.086012e+01 2.070363e+01 2.046000e+01 2.042500e+01 2.085998e+01 2.070354e+01
2.047000e+01 2.041500e+01 2.086014e+01 2.070374e+01 2.046500e+01 2.042000e+01 2.086012e+01 2.070363e+01
2.116000e+01 2.041500e+01 2.082666e+01 2.071126e+01 2.116500e+01 2.042000e+01 2.082674e+01 2.071114e+01
2.116500e+01 2.042000e+01 2.082674e+01 2.071114e+01 2.117000e+01 2.042500e+01 2.082696e+01 2.071104e+01
2.045500e+01 2.043000e+01 2.085982e+01 2.070333e+01 2.045000e+01 2.043500e+01 2.085953e+01 2.070316e+01
2.046000e+01 2.042500e+01 2.085998e+01 2.070354e+01 2.045500e+01 2.043000e+01 2.085982e+01 2.070333e+01
2.117000e+01 2.042500e+01 2.082696e+01 2.071104e+01 2.117000e+01 2.043500e+01 2.082296e+01 2.071462e+01
2.045000e+01 2.043500e+01 2.085953e+01 2.070316e+01 2.045000e+01 2.044500e+01 2.086375e+01 2.070681e+01
2.117000e+01 2.043500e+01 2.082296e+01 2.071462e+01 2.117500e+01 2.044000e+01 2.082323e+01 2.071430e+01
2.117500e+01 2.044000e+01 2.082323e+01 2.071430e+01 2.118000e+01 2.044500e+01 2.082363e+01 2.071401e+01
2.044500e+01 2.045000e+01 2.086340e+01 2.070642e+01 2.044000e+01 2.045500e+01 2.086293e+01 2.070607e+01
2.045000e+01 2.044500e+01 2.086375e+01 2.070681e+01 2.044500e+01 2.045000e+01 2.086340e+01 2.070642e+01
2.118000e+01 2.044500e+01 2.082363e+01 2.071401e+01 2.118500e+01 2.045000e+01 2.082407e+01 2.071362e+01
2.118500e+01 2.045000e+01 2.082407e+01 2.071362e+01 2.119000e+01 2.045500e+01 2.082465e+01 2.071327e+01
2.043500e+01 2.046000e+01 2.086242e+01 2.070562e+01 2.043000e+01 2.046500e+01 2.086179e+01 2.070522e+01
2.044000e+01 2.045500e+01 2.086293e+01 2.070607e+01 2.043500e+01 2.046000e+01 2.086242e+01 2.070562e+01
2.119000e+01 2.045500e+01 2.082465e+01 2.071327e+01 2.119000e+01 2.046500e+01 2.082077e+01 2.071625e+01
2.043000e+01 2.046500e+01 2.086179e+01 2.070522e+01 2.043000e+01 2.047500e+01 2.086588e+01 2.070830e+01
2.119000e+01 2.046500e+01 2.082077e+01 2.071625e+01 2.119500e+01 2.047000e+01 2.082145e+01 2.071570e+01
2.119500e+01 2.047000e+01 2.082145e+01 2.071570e+01 2.120000e+01 2.047500e+01 2.082225e+01 2.071522e+01
2.042500e+01 2.048000e+01 2.086515e+01 2.070771e+01 2.042000e+01 2.048500e+01 2.086429e+01 2.070717e+01
2.043000e+01 2.047500e+01 2.086588e+01 2.070830e+01 2.042500e+01 2.048000e+01 2.086515e+01 2.070771e+01
2.120000e+01 2.047500e+01 2.082225e+01 2.071522e+01 2.120000e+01 2.048500e+01 2.081848e+01 2.071783e+01
2.042000e+01 2.048500e+01 2.086429e+01 2.070717e+01 2.042000e+01 2.049500e+01 2.086827e+01 2.070990e+01
2.120000e+01 2.048500e+01 2.081848e+01 2.071783e+01 2.120500e+01 2.049000e+01 2.081941e+01 2.071716e+01
2.120500e+01 2.049000e+01 2.081941e+01 2.071716e+01 2.121000e+01 2.049500e+01 2.082047e+01 2.071656e+01
2.041500e+01 2.050000e+01 2.086729e+01 2.070918e+01 2.041000e+01 2.050500e+01 2.086620e+01 2.070854e+01
2.042000e+01 2.049500e+01 2.086827e+01 2.070990e+01 2.041500e+01 2.050000e+01 2.086729e+01 2.070918e+01
2.121000e+01 2.049500e+01 2.082047e+01 2.071656e+01 2.121000e+01 2.050500e+01 2.081684e+01 2.071882e+01
2.041000e+01 2.050500e+01 2.086620e+01 2.070854e+01 2.041000e+01 2.051500e+01 2.087003e+01 2.071093e+01
2.121000e+01 2.050500e+01 2.081684e+01 2.071882e+01 2.121500e+01 2.051000e+01 2.081805e+01 2.071806e+01
2.121500e+01 2.051000e+01 2.081805e+01 2.071806e+01 2.122000e+01 2.051500e+01 2.081938e+01 2.071738e+01
2.040500e+01 2.052000e+01 2.086879e+01 2.071013e+01 2.040000e+01 2.052500e+01 2.086745e+01 2.070941e+01
2.041000e+01 2.051500e+01 2.087003e+01 2.071093e+01 2.040500e+01 2.052000e+01 2.086879e+01 2.071013e+01
2.122000e+01 2.051500e+01 2.081938e+01 2.071738e+01 2.122000e+01 2.052500e+01 2.081595e+01 2.071931e+01
2.040000e+01 2.052500e+01 2.086745e+01 2.070941e+01 2.040000e+01 2.053500e+01 2.087108e+01 2.071148e+01
2.122000e+01 2.052500e+01 2.081595e+01 2.071931e+01 2.122000e+01 2.053500e+01 2.081257e+01 2.072106e+01
2.040000e+01 2.053500e+01 2.087108e+01 2.071148e+01 2.040000e+01 2.054500e+01 2.087467e+01 2.071337e+01
2.122000e+01 2.053500e+01 2.081257e+01 2.072106e+01 2.122500e+01 2.054000e+01 2.081417e+01 2.072018e+01
2.122500e+01 2.054000e+01 2.081417e+01 2.072018e+01 2.123000e+01 2.054500e+01 2.081587e+01 2.071940e+01
2.039500e+01 2.055000e+01 2.087306e+01 2.071246e+01 2.039000e+01 2.055500e+01 2.087136e+01 2.071164e+01
2.040000e+01 2.054500e+01 2.087467e+01 2.071337e+01 2.039500e+01 2.055000e+01 2.087306e+01 2.071246e+01
2.123000e+01 2.054500e+01 2.081587e+01 2.071940e+01 2.123000e+01 2.055500e+01 2.081274e+01 2.072086e+01
2.039000e+01 2.055500e+01 2.087136e+01 2.071164e+01 2.039000e+01 2.056500e+01 2.087470e+01 2.071325e+01
2.123000e+01 2.055500e+01 2.081274e+01 2.072086e+01 2.123000e+01 2.056500e+01 2.080969e+01 2.072215e+01
2.038500e+01 2.057000e+01 2.087280e+01 2.071234e+01 2.038000e+01 2.057500e+01 2.087083e+01 2.071153e+01
2.039000e+01 2.056500e+01 2.087470e+01 2.071325e+01 2.038500e+01 2.057000e+01 2.087280e+01 2.071234e+01
2.123000e+01 2.056500e+01 2.080969e+01 2.072215e+01 2.123500e+01 2.057000e+01 2.081171e+01 2.072123e+01
2.123500e+01 2.057000e+01 2.081171e+01 2.072123e+01 2.124000e+01 2.057500e+01 2.081382e+01 2.072042e+01
2.038000e+01 2.057500e+01 2.087083e+01 2.071153e+01 2.038000e+01 2.058500e+01 2.087388e+01 2.071289e+01
2.124000e+01 2.057500e+01 2.081382e+01 2.072042e+01 2.124000e+01 2.058500e+01 2.081108e+01 2.072147e+01
2.038000e+01 2.058500e+01 2.087388e+01 2.071289e+01 2.038000e+01 2.059500e+01 2.087685e+01 2.071409e+01
2.124000e+01 2.058500e+01 2.081108e+01 2.072147e+01 2.124000e+01 2.059500e+01 2.080844e+01 2.072238e+01
2.038000e+01 2.059500e+01 2.087685e+01 2.071409e+01 2.038000e+01 2.060500e+01 2.087971e+01 2.071514e+01
2.124000e+01 2.059500e+01 2.080844e+01 2.072238e+01 2.124500e+01 2.060000e+01 2.081089e+01 2.072149e+01
2.124500e+01 2.060000e+01 2.081089e+01 2.072149e+01 2.125000e+01 2.060500e+01 2.081341e+01 2.072072e+01
2.037500e+01 2.061000e+01 2.087730e+01 2.071422e+01 2.037000e+01 2.061500e+01 2.087484e+01 2.071340e+01
2.038000e+01 2.060500e+01 2.087971e+01 2.071514e+01 2.037500e+01 2.061000e+01 2.087730e+01 2.071422e+01
2.125000e+01 2.060500e+01 2.081341e+01 2.072072e+01 2.125000e+01 2.061500e+01 2.081112e+01 2.072145e+01
2.037000e+01 2.061500e+01 2.087484e+01 2.071340e+01 2.037000e+01 2.062500e+01 2.087736e+01 2.071428e+01
2.125000e+01 2.061500e+01 2.081112e+01 2.072145e+01 2.125000e+01 2.062500e+01 2.080896e+01 2.072205e+01
2.037000e+01 2.062500e+01 2.087736e+01 2.071428e+01 2.037000e+01 2.063500e+01 2.087976e+01 2.071503e+01
2.125000e+01 2.062500e+01 2.080896e+01 2.072205e+01 2.125000e+01 2.063500e+01 2.080694e+01 2.072253e+01
2.037000e+01 2.063500e+01 2.087976e+01 2.071503e+01 2.037000e+01 2.064500e+01 2.088203e+01 2.071564e+01
2.125000e+01 2.063500e+01 2.080694e+01 2.072253e+01 2.125500e+01 2.064000e+01 2.080994e+01 2.072176e+01
2.125500e+01 2.064000e+01 2.080994e+01 2.072176e+01 2.126000e+01 2.064500e+01 2.081298e+01 2.072112e+01
2.037000e+01 2.064500e+01 2.088203e+01 2.071564e+01 2.037000e+01 2.065500e+01 2.088415e+01 2.071614e+01
2.126000e+01 2.064500e+01 2.081298e+01 2.072112e+01 2.126000e+01 2.065500e+01 2.081134e+01 2.072152e+01
2.036500e+01 2.066000e+01 2.088112e+01 2.071535e+01 2.036000e+01 2.066500e+01 2.087805e+01 2.071467e+01
2.037000e+01 2.065500e+01 2.088415e+01 2.071614e+01 2.036500e+01 2.066000e+01 2.088112e+01 2.071535e+01
2.126000e+01 2.065500e+01 2.081134e+01 2.072152e+01 2.126000e+01 2.066500e+01 2.080986e+01 2.072182e+01
2.036000e+01 2.066500e+01 2.087805e+01 2.071467e+01 2.036000e+01 2.067500e+01 2.087980e+01 2.071510e+01
2.126000e+01 2.066500e+01 2.080986e+01 2.072182e+01 2.126000e+01 2.067500e+01 2.080854e+01 2.072204e+01
2.036000e+01 2.067500e+01 2.087980e+01 2.071510e+01 2.036000e+01 2.068500e+01 2.088138e+01 2.071544e+01
2.126000e+01 2.067500e+01 2.080854e+01 2.072204e+01 2.126000e+01 2.068500e+01 2.080738e+01 2.072218e+01
2.036000e+01 2.068500e+01 2.088138e+01 2.071544e+01 2.036000e+01 2.069500e+01 2.088281e+01 2.071571e+01
2.126000e+01 2.068500e+01 2.080738e+01 2.072218e+01 2.126000e+01 2.069500e+01 2.080640e+01 2.072224e+01
2.036000e+01 2.069500e+01 2.088281e+01 2.071571e+01 2.036000e+01 2.070500e+01 2.088407e+01 2.071589e+01
2.126000e+01 2.069500e+01 2.080640e+01 2.072224e+01 2.126000e+01 2.070500e+01 2.080559e+01 2.072225e+01
2.036000e+01 2.070500e+01 2.088407e+01 2.071589e+01 2.036000e+01 2.071500e+01 2.088516e+01 2.071602e+01
2.126000e+01 2.070500e+01 2.080559e+01 2.072225e+01 2.126500e+01 2.071000e+01 2.080945e+01 2.072192e+01
2.126500e+01 2.071000e+01 2.080945e+01 2.072192e+01 2.127000e+01 2.071500e+01 2.081331e+01 2.072169e+01
2.036000e+01 2.071500e+01 2.088516e+01 2.071602e+01 2.036000e+01 2.072500e+01 2.088607e+01 2.071608e+01
2.127000e+01 2.071500e+01 2.081331e+01 2.072169e+01 2.127000e+01 2.072500e+01 2.081289e+01 2.072179e+01
2.036000e+01 2.072500e+01 2.088607e+01 2.071608e+01 2.036000e+01 2.073500e+01 2.088680e+01 2.071611e+01
2.127000e+01 2.072500e+01 2.081289e+01 2.072179e+01 2.127000e+01 2.073500e+01 2.081266e+01 2.072187e+01
2.036000e+01 2.073500e+01 2.088680e+01 2.071611e+01 2.036000e+01 2.074500e+01 2.088735e+01 2.071610e+01
2.127000e+01 2.073500e+01 2.081266e+01 2.072187e+01 2.127000e+01 2.074500e+01 2.081260e+01 2.072194e+01
2.036000e+01 2.074500e+01 2.088735e+01 2.071610e+01 2.036000e+01 2.075500e+01 2.088772e+01 2.071607e+01
2.127000e+01 2.074500e+01 2.081260e+01 2.072194e+01 2.127000e+01 2.075500e+01 2.081272e+01 2.072200e+01
2.036000e+01 2.075500e+01 2.088772e+01 2.071607e+01 2.036000e+01 2.076500e+01 2.088791e+01 2.071603e+01
2.127000e+01 2.075500e+01 2.081272e+01 2.072200e+01 2.127000e+01 2.076500e+01 2.081302e+01 2.072206e+01
2.036000e+01 2.076500e+01 2.088791e+01 2.071603e+01 2.036000e+01 2.077500e+01 2.088791e+01 2.071599e+01
2.127000e+01 2.076500e+01 2.081302e+01 2.072206e+01 2.127000e+01 2.077500e+01 2.081350e+01 2.072215e+01
2.036000e+01 2.077500e+01 2.088791e+01 2.071599e+01 2.036000e+01 2.078500e+01 2.088772e+01 2.071595e+01
2.127000e+01 2.077500e+01 2.081350e+01 2.072215e+01 2.127000e+01 2.078500e+01 2.081415e+01 2.072226e+01
2.036000e+01 2.078500e+01 2.088772e+01 2.071595e+01 2.036000e+01 2.079500e+01 2.088735e+01 2.071594e+01
2.127000e+01 2.078500e+01 2.081415e+01 2.072226e+01 2.127000e+01 2.079500e+01 2.081498e+01 2.072242e+01
2.036000e+01 2.079500e+01 2.088735e+01 2.071594e+01 2.036000e+01 2.080500e+01 2.088681e+01 2.071597e+01
2.127000e+01 2.079500e+01 2.081498e+01 2.072242e+01 2.127000e+01 2.080500e+01 2.081598e+01 2.072262e+01
2.036000e+01 2.080500e+01 2.088681e+01 2.071597e+01 2.036000e+01 2.081500e+01 2.088608e+01 2.071603e+01
2.126500e+01 2.081000e+01 2.081243e+01 2.072216e+01 2.126000e+01 2.081500e+01 2.080888e+01 2.072160e+01
2.127000e+01 2.080500e+01 2.081598e+01 2.072262e+01 2.126500e+01 2.081000e+01 2.081243e+01 2.072216e+01
2.036000e+01 2.081500e+01 2.088608e+01 2.071603e+01 2.036000e+01 2.082500e+01 2.088518e+01 2.071615e+01
2.126000e+01 2.081500e+01 2.080888e+01 2.072160e+01 2.126000e+01 2.082500e+01 2.081027e+01 2.072176e+01
2.036000e+01 2.082500e+01 2.088518e+01 2.071615e+01 2.036000e+01 2.083500e+01 2.088411e+01 2.071633e+01
2.126000e+01 2.082500e+01 2.081027e+01 2.072176e+01 2.126000e+01 2.083500e+01 2.081183e+01 2.072200e+01
2.036000e+01 2.083500e+01 2.088411e+01 2.071633e+01 2.036000e+01 2.084500e+01 2.088288e+01 2.071659e+01
2.126000e+01 2.083500e+01 2.081183e+01 2.072200e+01 2.126000e+01 2.084500e+01 2.081355e+01 2.072234e+01
2.036000e+01 2.084500e+01 2.088288e+01 2.071659e+01 2.036500e+01 2.085000e+01 2.088622e+01 2.071606e+01
2.036500e+01 2.085000e+01 2.088622e+01 2.071606e+01 2.037000e+01 2.085500e+01 2.088952e+01 2.071542e+01
2.126000e+01 2.084500e+01 2.081355e+01 2.072234e+01 2.126000e+01 2.085500e+01 2.081542e+01 2.072277e+01
2.037000e+01 2.085500e+01 2.088952e+01 2.071542e+01 2.037000e+01 2.086500e+01 2.088789e+01 2.071569e+01
2.126000e+01 2.085500e+01 2.081542e+01 2.072277e+01 2.126000e+01 2.086500e+01 2.081744e+01 2.072331e+01
2.037000e+01 2.086500e+01 2.088789e+01 2.071569e+01 2.037000e+01 2.087500e+01 2.088611e+01 2.071607e+01
2.126000e+01 2.086500e+01 2.081744e+01 2.072331e+01 2.126000e+01 2.087500e+01 2.081961e+01 2.072396e+01
2.037000e+01 2.087500e+01 2.088611e+01 2.071607e+01 2.037000e+01 2.088500e+01 2.088418e+01 2.071656e+01
2.125500e+01 2.088000e+01 2.081685e+01 2.072320e+01 2.125000e+01 2.088500e+01 2.081415e+01 2.072232e+01
2.126000e+01 2.087500e+01 2.081961e+01 2.072396e+01 2.125500e+01 2.088000e+01 2.081685e+01 2.072320e+01
2.037000e+01 2.088500e+01 2.088418e+01 2.071656e+01 2.037000e+01 2.089500e+01 2.088211e+01 2.071717e+01
2.125000e+01 2.088500e+01 2.081415e+01 2.072232e+01 2.125000e+01 2.089500e+01 2.081667e+01 2.072310e+01
2.037000e+01 2.089500e+01 2.088211e+01 2.071717e+01 2.037500e+01 2.090000e+01 2.088482e+01 2.071644e+01
2.037500e+01 2.090000e+01 2.088482e+01 2.071644e+01 2.038000e+01 2.090500e+01 2.088746e+01 2.071560e+01
2.125000e+01 2.089500e+01 2.081667e+01 2.072310e+01 2.125000e+01 2.090500e+01 2.081931e+01 2.072401e+01
2.038000e+01 2.090500e+01 2.088746e+01 2.071560e+01 2.038000e+01 2.091500e+01 2.088503e+01 2.071635e+01
2.125000e+01 2.090500e+01 2.081931e+01 2.072401e+01 2.125000e+01 2.091500e+01 2.082207e+01 2.072507e+01
2.038000e+01 2.091500e+01 2.088503e+01 2.071635e+01 2.038000e+01 2.092500e+01 2.088248e+01 2.071724e+01
2.124500e+01 2.092000e+01 2.081981e+01 2.072424e+01 2.124000e+01 2.092500e+01 2.081762e+01 2.072331e+01
2.125000e+01 2.091500e+01 2.082207e+01 2.072507e+01 2.124500e+01 2.092000e+01 2.081981e+01 2.072424e+01
2.038000e+01 2.092500e+01 2.088248e+01 2.071724e+01 2.038500e+01 2.093000e+01 2.088478e+01 2.071644e+01
2.038500e+01 2.093000e+01 2.088478e+01 2.071644e+01 2.039000e+01 2.093500e+01 2.088699e+01 2.071552e+01
2.124000e+01 2.092500e+01 2.081762e+01 2.072331e+01 2.124000e+01 2.093500e+01 2.082069e+01 2.072457e+01
2.039000e+01 2.093500e+01 2.088699e+01 2.071552e+01 2.039000e+01 2.094500e+01 2.088411e+01 2.071662e+01
2.124000e+01 2.093500e+01 2.082069e+01 2.072457e+01 2.124000e+01 2.094500e+01 2.082386e+01 2.072600e+01
2.039000e+01 2.094500e+01 2.088411e+01 2.071662e+01 2.039000e+01 2.095500e+01 2.088114e+01 2.071789e+01
2.123500e+01 2.095000e+01 2.082198e+01 2.072517e+01 2.123000e+01 2.095500e+01 2.082018e+01 2.072424e+01
2.124000e+01 2.094500e+01 2.082386e+01 2.072600e+01 2.123500e+01 2.095000e+01 2.082198e+01 2.072517e+01
2.039000e+01 2.095500e+01 2.088114e+01 2.071789e+01 2.039500e+01 2.096000e+01 2.088303e+01 2.071708e+01
2.039500e+01 2.096000e+01 2.088303e+01 2.071708e+01 2.040000e+01 2.096500e+01 2.088481e+01 2.071617e+01
2.123000e+01 2.095500e+01 2.082018e+01 2.072424e+01 2.123000e+01 2.096500e+01 2.082362e+01 2.072593e+01
2.040000e+01 2.096500e+01 2.088481e+01 2.071617e+01 2.040000e+01 2.097500e+01 2.088156e+01 2.071770e+01
2.123000e+01 2.096500e+01 2.082362e+01 2.072593e+01 2.123000e+01 2.097500e+01 2.082711e+01 2.072779e+01
2.040000e+01 2.097500e+01 2.088156e+01 2.071770e+01 2.040000e+01 2.098500e+01 2.087826e+01 2.071941e+01
2.122500e+01 2.098000e+01 2.082560e+01 2.072703e+01 2.122000e+01 2.098500e+01 2.082419e+01 2.072618e+01
2.123000e+01 2.097500e+01 2.082711e+01 2.072779e+01 2.122500e+01 2.098000e+01 2.082560e+01 2.072703e+01
2.040000e+01 2.098500e+01 2.087826e+01 2.071941e+01 2.040500e+01 2.099000e+01 2.087975e+01 2.071868e+01
2.040500e+01 2.099000e+01 2.087975e+01 2.071868e+01 2.041000e+01 2.099500e+01 2.088113e+01 2.071785e+01
2.122000e+01 2.098500e+01 2.082419e+01 2.072618e+01 2.122000e+01 2.099500e+01 2.082790e+01 2.072834e+01
2.041000e+01 2.099500e+01 2.088113e+01 2.071785e+01 2.041000e+01 2.100500e+01 2.087760e+01 2.071987e+01
2.121500e+01 2.100000e+01 2.082665e+01 2.072764e+01 2.121000e+01 2.100500e+01 2.082551e+01 2.072686e+01
2.122000e+01 2.099500e+01 2.082790e+01 2.072834e+01 2.121500e+01 2.100000e+01 2.082665e+01 2.072764e+01
2.041000e+01 2.100500e+01 2.087760e+01 2.071987e+01 2.041500e+01 2.101000e+01 2.087881e+01 2.071920e+01
2.041500e+01 2.101000e+01 2.087881e+01 2.071920e+01 2.042000e+01 2.101500e+01 2.087990e+01 2.071844e+01
2.121000e+01 2.100500e+01 2.082551e+01 2.072686e+01 2.121000e+01 2.101500e+01 2.082940e+01 2.072935e+01
2.042000e+01 2.101500e+01 2.087990e+01 2.071844e+01 2.042000e+01 2.102500e+01 2.087619e+01 2.072081e+01
2.120500e+01 2.102000e+01 2.082840e+01 2.072873e+01 2.120000e+01 2.102500e+01 2.082752e+01 2.072804e+01
2.121000e+01 2.101500e+01 2.082940e+01 2.072935e+01 2.120500e+01 2.102000e+01 2.082840e+01 2.072873e+01
2.042000e+01 2.102500e+01 2.087619e+01 2.072081e+01 2.042500e+01 2.103000e+01 2.087713e+01 2.072022e+01
2.042500e+01 2.103000e+01 2.087713e+01 2.072022e+01 2.043000e+01 2.103500e+01 2.087795e+01 2.071957e+01
2.120000e+01 2.102500e+01 2.082752e+01 2.072804e+01 2.120000e+01 2.103500e+01 2.083155e+01 2.073088e+01
2.043000e+01 2.103500e+01 2.087795e+01 2.071957e+01 2.043000e+01 2.104500e+01 2.087410e+01 2.072230e+01
2.119500e+01 2.104000e+01 2.083078e+01 2.073038e+01 2.119000e+01 2.104500e+01 2.083013e+01 2.072982e+01
2.120000e+01 2.103500e+01 2.083155e+01 2.073088e+01 2.119500e+01 2.104000e+01 2.083078e+01 2.073038e+01
2.043000e+01 2.104500e+01 2.087410e+01 2.072230e+01 2.043500e+01 2.105000e+01 2.087480e+01 2.072184e+01
2.043500e+01 2.105000e+01 2.087480e+01 2.072184e+01 2.044000e+01 2.105500e+01 2.087536e+01 2.072133e+01
2.119000e+01 2.104500e+01 2.083013e+01 2.072982e+01 2.119000e+01 2.105500e+01 2.083426e+01 2.073303e+01
2.044000e+01 2.105500e+01 2.087536e+01 2.072133e+01 2.044000e+01 2.106500e+01 2.087143e+01 2.072444e+01
2.118500e+01 2.106000e+01 2.083371e+01 2.073266e+01 2.118000e+01 2.106500e+01 2.083327e+01 2.073226e+01
2.119000e+01 2.105500e+01 2.083426e+01 2.073303e+01 2.118500e+01 2.106000e+01 2.083371e+01 2.073266e+01
2.044000e+01 2.106500e+01 2.087143e+01 2.072444e+01 2.044500e+01 2.107000e+01 2.087190e+01 2.072413e+01
2.044500e+01 2.107000e+01 2.087190e+01 2.072413e+01 2.045000e+01 2.107500e+01 2.087225e+01 2.072379e+01
2.117500e+01 2.107000e+01 2.083288e+01 2.073196e+01 2.117000e+01 2.107500e+01 2.083261e+01 2.073162e+01
2.118000e+01 2.106500e+01 2.083327e+01 2.073226e+01 2.117500e+01 2.107000e+01 2.083288e+01 2.073196e+01
2.045000e+01 2.107500e+01 2.087225e+01 2.072379e+01 2.045500e+01 2.108000e+01 2.087255e+01 2.072355e+01
2.045500e+01 2.108000e+01 2.087255e+01 2.072355e+01 2.046000e+01 2.108500e+01 2.087273e+01 2.072328e+01
2.117000e+01 2.107500e+01 2.083261e+01 2.073162e+01 2.117000e+01 2.108500e+01 2.083684e+01 2.073540e+01
2.046000e+01 2.108500e+01 2.087273e+01 2.072328e+01 2.046000e+01 2.109500e+01 2.086870e+01 2.072700e+01
2.116500e+01 2.109000e+01 2.083662e+01 2.073528e+01 2.116000e+01 2.109500e+01 2.083653e+01 2.073514e+01
2.117000e+01 2.108500e+01 2.083684e+01 2.073540e+01 2.116500e+01 2.109000e+01 2.083662e+01 2.073528e+01
2.046000e+01 2.109500e+01 2.086870e+01 2.072700e+01 2.046500e+01 2.110000e+01 2.086883e+01 2.072695e+01
2.046500e+01 2.110000e+01 2.086883e+01 2.072695e+01 2.047000e+01 2.110500e+01 2.086882e+01 2.072689e+01
2.115500e+01 2.110000e+01 2.083645e+01 2.073510e+01 2.115000e+01 2.110500e+01 2.083649e+01 2.073506e+01
2.116000e+01 2.109500e+01 2.083653e+01 2.073514e+01 2.115500e+01 2.110000e+01 2.083645e+01 2.073510e+01
2.047000e+01 2.110500e+01 2.086882e+01 2.072689e+01 2.047500e+01 2.111000e+01 2.086881e+01 2.072695e+01
2.047500e+01 2.111000e+01 2.086881e+01 2.072695e+01 2.048000e+01 2.111500e+01 2.086866e+01 2.072700e+01
2.114500e+01 2.111000e+01 2.083654e+01 2.073513e+01 2.114000e+01 2.111500e+01 2.083672e+01 2.073519e+01
2.115000e+01 2.110500e+01 2.083649e+01 2.073506e+01 2.114500e+01 2.111000e+01 2.083654e+01 2.073513e+01
2.048000e+01 2.111500e+01 2.086866e+01 2.072700e+01 2.048000e+01 2.112500e+01 2.086467e+01 2.073133e+01
2.114000e+01 2.111500e+01 2.083672e+01 2.073519e+01 2.114000e+01 2.112500e+01 2.084094e+01 2.073977e+01
2.048000e+01 2.112500e+01 2.086467e+01 2.073133e+01 2.048500e+01 2.113000e+01 2.086452e+01 2.073161e+01
2.048500e+01 2.113000e+01 2.086452e+01 2.073161e+01 2.049000e+01 2.113500e+01 2.086425e+01 2.073190e+01
2.113500e+01 2.113000e+01 2.084111e+01 2.074006e+01 2.113000e+01 2.113500e+01 2.084139e+01 2.074035e+01
2.114000e+01 2.112500e+01 2.084094e+01 2.073977e+01 2.113500e+01 2.113000e+01 2.084111e+01 2.074006e+01
2.049000e+01 2.113500e+01 2.086425e+01 2.073190e+01 2.049500e+01 2.114000e+01 2.086400e+01 2.073230e+01
2.049500e+01 2.114000e+01 2.086400e+01 2.073230e+01 2.050000e+01 2.114500e+01 2.086362e+01 2.073272e+01
2.112500e+01 2.114000e+01 2.084166e+01 2.074075e+01 2.112000e+01 2.114500e+01 2.084204e+01 2.074118e+01
2.113000e+01 2.113500e+01 2.084139e+01 2.074035e+01 2.112500e+01 2.114000e+01 2.084166e+01 2.074075e+01
2.050000e+01 2.114500e+01 2.086362e+01 2.073272e+01 2.050500e+01 2.115000e+01 2.086326e+01 2.073325e+01
2.050500e+01 2.115000e+01 2.086326e+01 2.073325e+01 2.051000e+01 2.115500e+01 2.086278e+01 2.073381e+01
2.111500e+01 2.115000e+01 2.084241e+01 2.074170e+01 2.111000e+01 2.115500e+01 2.084288e+01 2.074226e+01
2.112000e+01 2.114500e+01 2.084204e+01 2.074118e+01 2.111500e+01 2.115000e+01 2.084241e+01 2.074170e+01
2.051000e+01 2.115500e+01 2.086278e+01 2.073381e+01 2.051500e+01 2.116000e+01 2.086234e+01 2.073448e+01
2.051500e+01 2.116000e+01 2.086234e+01 2.073448e+01 2.052000e+01 2.116500e+01 2.086178e+01 2.073519e+01
2.110500e+01 2.116000e+01 2.084332e+01 2.074292e+01 2.110000e+01 2.116500e+01 2.084387e+01 2.074362e+01
2.111000e+01 2.115500e+01 2.084288e+01 2.074226e+01 2.110500e+01 2.116000e+01 2.084332e+01 2.074292e+01
2.052000e+01 2.116500e+01 2.086178e+01 2.073519e+01 2.052500e+01 2.117000e+01 2.086126e+01 2.073601e+01
2.052500e+01 2.117000e+01 2.086126e+01 2.073601e+01 2.053000e+01 2.117500e+01 2.086062e+01 2.073687e+01
2.109500e+01 2.117000e+01 2.084439e+01 2.074441e+01 2.109000e+01 2.117500e+01 2.084500e+01 2.074525e+01
2.110000e+01 2.116500e+01 2.084387e+01 2.074362e+01 2.109500e+01 2.117000e+01 2.084439e+01 2.074441e+01
2.053000e+01 2.117500e+01 2.086062e+01 2.073687e+01 2.053500e+01 2.118000e+01 2.086004e+01 2.073783e+01
2.053500e+01 2.118000e+01 2.086004e+01 2.073783e+01 2.054000e+01 2.118500e+01 2.085935e+01 2.073885e+01
2.108500e+01 2.118000e+01 2.084558e+01 2.074619e+01 2.108000e+01 2.118500e+01 2.084625e+01 2.074718e+01
2.109000e+01 2.117500e+01 2.084500e+01 2.074525e+01 2.108500e+01 2.118000e+01 2.084558e+01 2.074619e+01
2.054000e+01 2.118500e+01 2.085935e+01 2.073885e+01 2.054500e+01 2.119000e+01 2.085872e+01 2.073998e+01
2.054500e+01 2.119000e+01 2.085872e+01 2.073998e+01 2.055000e+01 2.119500e+01 2.085799e+01 2.074116e+01
2.106500e+01 2.119000e+01 2.084452e+01 2.074450e+01 2.106000e+01 2.119500e+01 2.084532e+01 2.074570e+01
2.106500e+01 2.119000e+01 2.084452e+01 2.074450e+01 2.107500e+01 2.119000e+01 2.084687e+01 2.074827e+01
2.108000e+01 2.118500e+01 2.084625e+01 2.074718e+01 2.107500e+01 2.119000e+01 2.084687e+01 2.074827e+01
2.055000e+01 2.119500e+01 2.085799e+01 2.074116e+01 2.055500e+01 2.120000e+01 2.085732e+01 2.074244e+01
2.055500e+01 2.120000e+01 2.085732e+01 2.074244e+01 2.056500e+01 2.120000e+01 2.085921e+01 2.073904e+01
2.056500e+01 2.120000e+01 2.085921e+01 2.073904e+01 2.057000e+01 2.120500e+01 2.085837e+01 2.074045e+01
2.105500e+01 2.120000e+01 2.084606e+01 2.074699e+01 2.105000e+01 2.120500e+01 2.084688e+01 2.074835e+01
2.106000e+01 2.119500e+01 2.084532e+01 2.074570e+01 2.105500e+01 2.120000e+01 2.084606e+01 2.074699e+01
2.057000e+01 2.120500e+01 2.085837e+01 2.074045e+01 2.057500e+01 2.121000e+01 2.085760e+01 2.074196e+01
2.057500e+01 2.121000e+01 2.085760e+01 2.074196e+01 2.058000e+01 2.121500e+01 2.085675e+01 2.074354e+01
2.104500e+01 2.121000e+01 2.084764e+01 2.074980e+01 2.104000e+01 2.121500e+01 2.084847e+01 2.075131e+01
2.105000e+01 2.120500e+01 2.084688e+01 2.074835e+01 2.104500e+01 2.121000e+01 2.084764e+01 2.074980e+01
2.058000e+01 2.121500e+01 2.085675e+01 2.074354e+01 2.058500e+01 2.122000e+01 2.085599e+01 2.074521e+01
2.058500e+01 2.122000e+01 2.085599e+01 2.074521e+01 2.059000e+01 2.122500e+01 2.085515e+01 2.074696e+01
2.102500e+01 2.122000e+01 2.084755e+01 2.074958e+01 2.102000e+01 2.122500e+01 2.084844e+01 2.075133e+01
2.102500e+01 2.122000e+01 2.084755e+01 2.074958e+01 2.103500e+01 2.122000e+01 2.084923e+01 2.075291e+01
2.104000e+01 2.121500e+01 2.084847e+01 2.075131e+01 2.103500e+01 2.122000e+01 2.084923e+01 2.075291e+01
2.059000e+01 2.122500e+01 2.085515e+01 2.074696e+01 2.059500e+01 2.123000e+01 2.085439e+01 2.074880e+01
2.059500e+01 2.123000e+01 2.085439e+01 2.074880e+01 2.060500e+01 2.123000e+01 2.085566e+01 2.074590e+01
2.060500e+01 2.123000e+01 2.085566e+01 2.074590e+01 2.061000e+01 2.123500e+01 2.085479e+01 2.074791e+01
2.100500e+01 2.123000e+01 2.084787e+01 2.075004e+01 2.100000e+01 2.123500e+01 2.084879e+01 2.075203e+01
2.100500e+01 2.123000e+01 2.084787e+01 2.075004e+01 2.101500e+01 2.123000e+01 2.084925e+01 2.075315e+01
2.102000e+01 2.122500e+01 2.084844e+01 2.075133e+01 2.101500e+01 2.123000e+01 2.084925e+01 2.075315e+01
2.061000e+01 2.123500e+01 2.085479e+01 2.074791e+01 2.061500e+01 2.124000e+01 2.085401e+01 2.074999e+01
2.061500e+01 2.124000e+01 2.085401e+01 2.074999e+01 2.062500e+01 2.124000e+01 2.085500e+01 2.074734e+01
2.062500e+01 2.124000e+01 2.085500e+01 2.074734e+01 2.063000e+01 2.124500e+01 2.085414e+01 2.074960e+01
2.098500e+01 2.124000e+01 2.084852e+01 2.075122e+01 2.098000e+01 2.124500e+01 2.084943e+01 2.075346e+01
2.098500e+01 2.124000e+01 2.084852e+01 2.075122e+01 2.099500e+01 2.124000e+01 2.084963e+01 2.075409e+01
2.100000e+01 2.123500e+01 2.084879e+01 2.075203e+01 2.099500e+01 2.124000e+01 2.084963e+01 2.075409e+01
2.063000e+01 2.124500e+01 2.085414e+01 2.074960e+01 2.063500e+01 2.125000e+01 2.085336e+01 2.075193e+01
2.063500e+01 2.125000e+01 2.085336e+01 2.075193e+01 2.064500e+01 2.125000e+01 2.085413e+01 2.074955e+01
2.064500e+01 2.125000e+01 2.085413e+01 2.074955e+01 2.065000e+01 2.125500e+01 2.085330e+01 2.075207e+01
2.096500e+01 2.125000e+01 2.084937e+01 2.075315e+01 2.096000e+01 2.125500e+01 2.085025e+01 2.075563e+01
2.096500e+01 2.125000e+01 2.084937e+01 2.075315e+01 2.097500e+01 2.125000e+01 2.085026e+01 2.075575e+01
2.098000e+01 2.124500e+01 2.084943e+01 2.075346e+01 2.097500e+01 2.125000e+01 2.085026e+01 2.075575e+01
2.065000e+01 2.125500e+01 2.085330e+01 2.075207e+01 2.065500e+01 2.126000e+01 2.085258e+01 2.075465e+01
2.065500e+01 2.126000e+01 2.085258e+01 2.075465e+01 2.066500e+01 2.126000e+01 2.085316e+01 2.075257e+01
2.066500e+01 2.126000e+01 2.085316e+01 2.075257e+01 2.067000e+01 2.126500e+01 2.085241e+01 2.075535e+01
2.094500e+01 2.126000e+01 2.085034e+01 2.075585e+01 2.094000e+01 2.126500e+01 2.085116e+01 2.075857e+01
2.094500e+01 2.126000e+01 2.085034e+01 2.075585e+01 2.095500e+01 2.126000e+01 2.085104e+01 2.075816e+01
2.096000e+01 2.125500e+01 2.085025e+01 2.075563e+01 2.095500e+01 2.126000e+01 2.085104e+01 2.075816e+01
2.067000e+01 2.126500e+01 2.085241e+01 2.075535e+01 2.067500e+01 2.127000e+01 2.085176e+01 2.075816e+01
2.067500e+01 2.127000e+01 2.085176e+01 2.075816e+01 2.068500e+01 2.127000e+01 2.085221e+01 2.075640e+01
2.068500e+01 2.127000e+01 2.085221e+01 2.075640e+01 2.069500e+01 2.127000e+01 2.085255e+01 2.075476e+01
2.069500e+01 2.127000e+01 2.085255e+01 2.075476e+01 2.070500e+01 2.127000e+01 2.085279e+01 2.075325e+01
2.070500e+01 2.127000e+01 2.085279e+01 2.075325e+01 2.071000e+01 2.127500e+01 2.085217e+01 2.075647e+01
2.091500e+01 2.127000e+01 2.085087e+01 2.075744e+01 2.091000e+01 2.127500e+01 2.085158e+01 2.076048e+01
2.091500e+01 2.127000e+01 2.085087e+01 2.075744e+01 2.092500e+01 2.127000e+01 2.085131e+01 2.075932e+01
2.092500e+01 2.127000e+01 2.085131e+01 2.075932e+01 2.093500e+01 2.127000e+01 2.085187e+01 2.076132e+01
2.094000e+01 2.126500e+01 2.085116e+01 2.075857e+01 2.093500e+01 2.127000e+01 2.085187e+01 2.076132e+01
2.071000e+01 2.127500e+01 2.085217e+01 2.075647e+01 2.071500e+01 2.128000e+01 2.085166e+01 2.075971e+01
2.071500e+01 2.128000e+01 2.085166e+01 2.075971e+01 2.072500e+01 2.128000e+01 2.085185e+01 2.075854e+01
2.072500e+01 2.128000e+01 2.085185e+01 2.075854e+01 2.073500e+01 2.128000e+01 2.085197e+01 2.075751e+01
2.073500e+01 2.128000e+01 2.085197e+01 2.075751e+01 2.074500e+01 2.128000e+01 2.085203e+01 2.075662e+01
2.074500e+01 2.128000e+01 2.085203e+01 2.075662e+01 2.075500e+01 2.128000e+01 2.085203e+01 2.075588e+01
2.075500e+01 2.128000e+01 2.085203e+01 2.075588e+01 2.076000e+01 2.128500e+01 2.085172e+01 2.075961e+01
2.085500e+01 2.128000e+01 2.085118e+01 2.075715e+01 2.085000e+01 2.128500e+01 2.085160e+01 2.076077e+01
2.085500e+01 2.128000e+01 2.085118e+01 2.075715e+01 2.086500e+01 2.128000e+01 2.085124e+01 2.075814e+01
2.086500e+01 2.128000e+01 2.085124e+01 2.075814e+01 2.087500e+01 2.128000e+01 2.085136e+01 2.075928e+01
2.087500e+01 2.128000e+01 2.085136e+01 2.075928e+01 2.088500e+01 2.128000e+01 2.085155e+01 2.076056e+01
2.088500e+01 2.128000e+01 2.085155e+01 2.076056e+01 2.089500e+01 2.128000e+01 2.085183e+01 2.076199e+01
2.089500e+01 2.128000e+01 2.085183e+01 2.076199e+01 2.090500e+01 2.128000e+01 2.085219e+01 2.076354e+01
2.091000e+01 2.127500e+01 2.085158e+01 2.076048e+01 2.090500e+01 2.128000e+01 2.085219e+01 2.076354e+01
2.076000e+01 2.128500e+01 2.085172e+01 2.075961e+01 2.076500e+01 2.129000e+01 2.085149e+01 2.076334e+01
2.076500e+01 2.129000e+01 2.085149e+01 2.076334e+01 2.077500e+01 2.129000e+01 2.085156e+01 2.076293e+01
2.077500e+01 2.129000e+01 2.085156e+01 2.076293e+01 2.078500e+01 2.129000e+01 2.085161e+01 2.076268e+01
2.078500e+01 2.129000e+01 2.085161e+01 2.076268e+01 2.079500e+01 2.129000e+01 2.085164e+01 2.076258e+01
2.079500e+01 2.129000e+01 2.085164e+01 2.076258e+01 2.080500e+01 2.129000e+01 2.085167e+01 2.076264e+01
2.080500e+01 2.129000e+01 2.085167e+01 2.076264e+01 2.081500e+01 2.129000e+01 2.085170e+01 2.076285e+01
2.081500e+01 2.129000e+01 2.085170e+01 2.076285e+01 2.082500e+01 2.129000e+01 2.085175e+01 2.076321e+01
2.082500e+01 2.129000e+01 2.085175e+01 2.076321e+01 2.083500e+01 2.129000e+01 2.085182e+01 2.076372e+01
2.083500e+01 2.129000e+01 2.085182e+01 2.076372e+01 2.084500e+01 2.129000e+01 2.085193e+01 2.076438e+01
2.085000e+01 2.128500e+01 2.085160e+01 2.076077e+01 2.084500e+01 2.129000e+01 2.085193e+01 2.076438e+01
2.081214e+01 2.075681e+01 1.985003e+01 2.069988e+01 2.081214e+01 2.075681e+01 1.985247e+01 2.063771e+01
2.081214e+01 2.075681e+01 1.985247e+01 2.063771e+01 2.081214e+01 2.075681e+01 1.985910e+01 2.057599e+01
2.081214e+01 2.075681e+01 1.985910e+01 2.057599e+01 2.081214e+01 2.075681e+01 1.986988e+01 2.051491e+01
2.081214e+01 2.075681e+01 1.986988e+01 2.051491e+01 2.081214e+01 2.075681e+01 1.988478e+01 2.045465e+01
2.081214e+01 2.075681e+01 1.988478e+01 2.045465e+01 2.081214e+01 2.075681e+01 1.990377e+01 2.039542e+01
2.081214e+01 2.075681e+01 1.990377e+01 2.039542e+01 2.081214e+01 2.075681e+01 1.992682e+01 2.033739e+01
2.081214e+01 2.075681e+01 1.992682e+01 2.033739e+01 2.081214e+01 2.075681e+01 1.995389e+01 2.028078e+01
2.081214e+01 2.075681e+01 1.995389e+01 2.028078e+01 2.081214e+01 2.075681e+01 1.998495e+01 2.022579e+01
2.081214e+01 2.075681e+01 1.998495e+01 2.022579e+01 2.081214e+01 2.075681e+01 2.001997e+01 2.017263e+01
2.081214e+01 2.075681e+01 2.001997e+01 2.017263e+01 2.081214e+01 2.075681e+01 2.005889e+01 2.012154e+01
2.081214e+01 2.075681e+01 2.005889e+01 2.012154e+01 2.081214e+01 2.075681e+01 2.010168e+01 2.007274e+01
2.081214e+01 2.075681e+01 2.010168e+01 2.007274e+01 2.081214e+01 2.075681e+01 2.014826e+01 2.002649e+01
2.081214e+01 2.075681e+01 2.014826e+01 2.002649e+01 2.081214e+01 2.075681e+01 2.019854e+01 1.998304e+01
2.081214e+01 2.075681e+01 2.019854e+01 1.998304e+01 2.081214e+01 2.075681e+01 2.025242e+01 1.994267e+01
2.081214e+01 2.075681e+01 2.025242e+01 1.994267e+01 2.081214e+01 2.075681e+01 2.030977e+01 1.990566e+01
2.081214e+01 2.075681e+01 2.030977e+01 1.990566e+01 2.081214e+01 2.075681e+01 2.037041e+01 1.987231e+01
2.081214e+01 2.075681e+01 2.037041e+01 1.987231e+01 2.081214e+01 2.075681e+01 2.043414e+01 1.984289e+01
2.081214e+01 2.075681e+01 2.043414e+01 1.984289e+01 2.081214e+01 2.075681e+01 2.050069e+01 1.981771e+01
2.081214e+01 2.075681e+01 2.050069e+01 1.981771e+01 2.081214e+01 2.075681e+01 2.056977e+01 1.979704e+01
2.081214e+01 2.075681e+01 2.056977e+01 1.979704e+01 2.081214e+01 2.075681e+01 2.064100e+01 1.978115e+01
2.081214e+01 2.075681e+01 2.064100e+01 1.978115e+01 2.081214e+01 2.075681e+01 2.071398e+01 1.977025e+01
2.081214e+01 2.075681e+01 2.071398e+01 1.977025e+01 2.081214e+01 2.075681e+01 2.078823e+01 1.976455e+01
2.081214e+01 2.075681e+01 2.078823e+01 1.976455e+01 2.081214e+01 2.075681e+01 2.086325e+01 1.976417e+01
2.081214e+01 2.075681e+01 2.086325e+01 1.976417e+01 2.081214e+01 2.075681e+01 2.093847e+01 1.976919e+01
2.081214e+01 2.075681e+01 2.093847e+01 1.976919e+01 2.081214e+01 2.075681e+01 2.101333e+01 1.977963e+01
2.081214e+01 2.075681e+01 2.101333e+01 1.977963e+01 2.081214e+01 2.075681e+01 2.108725e+01 1.979541e+01
2.081214e+01 2.075681e+01 2.108725e+01 1.979541e+01 2.081214e+01 2.075681e+01 2.115967e+01 1.981639e+01
2.081214e+01 2.075681e+01 2.115967e+01 1.981639e+01 2.081214e+01 2.075681e+01 2.123006e+01 1.984239e+01
2.081214e+01 2.075681e+01 2.123006e+01 1.984239e+01 2.081214e+01 2.075681e+01 2.129792e+01 1.987314e+01
2.081214e+01 2.075681e+01 2.129792e+01 1.987314e+01 2.081214e+01 2.075681e+01 2.136281e+01 1.990834e+01
2.081214e+01 2.075681e+01 2.136281e+01 1.990834e+01 2.081214e+01 2.075681e+01 2.142435e+01 1.994765e+01
2.081214e+01 2.075681e+01 2.142435e+01 1.994765e+01 2.081214e+01 2.075681e+01 2.148223e+01 1.999071e+01
2.081214e+01 2.075681e+01 2.148223e+01 1.999071e+01 2.081214e+01 2.075681e+01 2.153620e+01 2.003715e+01
2.081214e+01 2.075681e+01 2.153620e+01 2.003715e+01 2.081214e+01 2.075681e+01 2.158606e+01 2.008661e+01
2.081214e+01 2.075681e+01 2.158606e+01 2.008661e+01 2.081214e+01 2.075681e+01 2.163167e+01 2.013873e+01
2.081214e+01 2.075681e+01 2.163167e+01 2.013873e+01 2.081214e+01 2.075681e+01 2.167293e+01 2.019315e+01
2.081214e+01 2.075681e+01 2.167293e+01 2.019315e+01 2.081214e+01 2.075681e+01 2.170977e+01 2.024954e+01
2.081214e+01 2.075681e+01 2.170977e+01 2.024954e+01 2.081214e+01 2.075681e+01 2.174218e+01 2.030760e+01
2.081214e+01 2.075681e+01 2.174218e+01 2.030760e+01 2.081214e+01 2.075681e+01 2.177013e+01 2.036702e+01
2.081214e+01 2.075681e+01 2.177013e+01 2.036702e+01 2.081214e+01 2.075681e+01 2.179365e+01 2.042754e+01
2.081214e+01 2.075681e+01 2.179365e+01 2.042754e+01 2.081214e+01 2.075681e+01 2.181275e+01 2.048890e+01
2.081214e+01 2.075681e+01 2.181275e+01 2.048890e+01 2.081214e+01 2.075681e+01 2.182746e+01 2.055085e+01
2.081214e+01 2.075681e+01 2.182746e+01 2.055085e+01 2.081214e+01 2.075681e+01 2.183783e+01 2.061317e+01
2.081214e+01 2.075681e+01 2.183783e+01 2.061317e+01 2.081214e+01 2.075681e+01 2.184389e+01 2.067564e+01
2.081214e+01 2.075681e+01 2.184389e+01 2.067564e+01 2.081214e+01 2.075681e+01 2.184568e+01 2.073806e+01
2.081214e+01 2.075681e+01 2.184568e+01 2.073806e+01 2.081214e+01 2.075681e+01 2.184325e+01 2.080022e+01
2.081214e+01 2.075681e+01 2.184325e+01 2.080022e+01 2.081214e+01 2.075681e+01 2.183662e+01 2.086194e+01
2.081214e+01 2.075681e+01 2.183662e+01 2.086194e+01 2.081214e+01 2.075681e+01 2.182584e+01 2.092302e+01
2.081214e+01 2.075681e+01 2.182584e+01 2.092302e+01 2.081214e+01 2.075681e+01 2.181094e+01 2.098328e+01
2.081214e+01 2.075681e+01 2.181094e+01 2.098328e+01 2.081214e+01 2.075681e+01 2.179195e+01 2.104252e+01
2.081214e+01 2.075681e+01 2.179195e+01 2.104252e+01 2.081214e+01 2.075681e+01 2.176890e+01 2.110054e+01
2.081214e+01 2.075681e+01 2.176890e+01 2.110054e+01 2.081214e+01 2.075681e+01 2.174183e+01 2.115715e+01
2.081214e+01 2.075681e+01 2.174183e+01 2.115715e+01 2.081214e+01 2.075681e+01 2.171076e+01 2.121214e+01
2.081214e+01 2.075681e+01 2.171076e+01 2.121214e+01 2.081214e+01 2.075681e+01 2.167575e+01 2.126530e+01
2.081214e+01 2.075681e+01 2.167575e+01 2.126530e+01 2.081214e+01 2.075681e+01 2.163682e+01 2.131639e+01
2.081214e+01 2.075681e+01 2.163682e+01 2.131639e+01 2.081214e+01 2.075681e+01 2.159403e+01 2.136519e+01
2.081214e+01 2.075681e+01 2.159403e+01 2.136519e+01 2.081214e+01 2.075681e+01 2.154746e+01 2.141145e+01
2.081214e+01 2.075681e+01 2.154746e+01 2.141145e+01 2.081214e+01 2.075681e+01 2.149718e+01 2.145489e+01
2.081214e+01 2.075681e+01 2.149718e+01 2.145489e+01 2.081214e+01 2.075681e+01 2.144329e+01 2.149526e+01
2.081214e+01 2.075681e+01 2.144329e+01 2.149526e+01 2.081214e+01 2.075681e+01 2.138595e+01 2.153227e+01
2.081214e+01 2.075681e+01 2.138595e+01 2.153227e+01 2.081214e+01 2.075681e+01 2.132530e+01 2.156563e+01
2.081214e+01 2.075681e+01 2.132530e+01 2.156563e+01 2.081214e+01 2.075681e+01 2.126158e+01 2.159504e+01
2.081214e+01 2.075681e+01 2.126158e+01 2.159504e+01 2.081214e+01 2.075681e+01 2.119502e+01 2.162022e+01
2.081214e+01 2.075681e+01 2.119502e+01 2.162022e+01 2.081214e+01 2.075681e+01 2.112595e+01 2.164089e+01
2.081214e+01 2.075681e+01 2.112595e+01 2.164089e+01 2.081214e+01 2.075681e+01 2.105471e+01 2.165679e+01
2.081214e+01 2.075681e+01 2.105471e+01 2.165679e+01 2.081214e+01 2.075681e+01 2.098173e+01 2.166768e+01
2.081214e+01 2.075681e+01 2.098173e+01 2.166768e+01 2.081214e+01 2.075681e+01 2.090748e+01 2.167338e+01
2.081214e+01 2.075681e+01 2.090748e+01 2.167338e+01 2.081214e+01 2.075681e+01 2.083247e+01 2.167376e+01
2.081214e+01 2.075681e+01 2.083247e+01 2.167376e+01 2.081214e+01 2.075681e+01 2.075725e+01 2.166874e+01
2.081214e+01 2.075681e+01 2.075725e+01 2.166874e+01 2.081214e+01 2.075681e+01 2.068239e+01 2.165830e+01
2.081214e+01 2.075681e+01 2.068239e+01 2.165830e+01 2.081214e+01 2.075681e+01 2.060846e+01 2.164253e+01
2.081214e+01 2.075681e+01 2.060846e+01 2.164253e+01 2.081214e+01 2.075681e+01 2.053604e+01 2.162154e+01
2.081214e+01 2.075681e+01 2.053604e+01 2.162154e+01 2.081214e+01 2.075681e+01 2.046565e+01 2.159554e+01
2.081214e+01 2.075681e+01 2.046565e+01 2.159554e+01 2.081214e+01 2.075681e+01 2.039780e+01 2.156479e+01
2.081214e+01 2.075681e+01 2.039780e+01 2.156479e+01 2.081214e+01 2.075681e+01 2.033291e+01 2.152959e+01
2.081214e+01 2.075681e+01 2.033291e+01 2.152959e+01 2.081214e+01 2.075681e+01 2.027136e+01 2.149029e+01
2.081214e+01 2.075681e+01 2.027136e+01 2.149029e+01 2.081214e+01 2.075681e+01 2.021348e+01 2.144722e+01
2.081214e+01 2.075681e+01 2.021348e+01 2.144722e+01 2.081214e+01 2.075681e+01 2.015951e+01 2.140078e+01
2.081214e+01 2.075681e+01 2.015951e+01 2.140078e+01 2.081214e+01 2.075681e+01 2.010965e+01 2.135132e+01
2.081214e+01 2.075681e+01 2.010965e+01 2.135132e+01 2.081214e+01 2.075681e+01 2.006404e+01 2.129920e+01
2.081214e+01 2.075681e+01 2.006404e+01 2.129920e+01 2.081214e+01 2.075681e+01 2.002279e+01 2.124478e+01
2.081214e+01 2.075681e+01 2.002279e+01 2.124478e+01 2.081214e+01 2.075681e+01 1.998594e+01 2.118839e+01
2.081214e+01 2.075681e+01 1.998594e+01 2.118839e+01 2.081214e+01 2.075681e+01 1.995354e+01 2.113033e+01
2.081214e+01 2.075681e+01 1.995354e+01 2.113033e+01 2.081214e+01 2.075681e+01 1.992558e+01 2.107091e+01
2.081214e+01 2.075681e+01 1.992558e+01 2.107091e+01 2.081214e+01 2.075681e+01 1.990207e+01 2.101039e+01
2.081214e+01 2.075681e+01 1.990207e+01 2.101039e+01 2.081214e+01 2.075681e+01 1.988297e+01 2.094903e+01
2.081214e+01 2.075681e+01 1.988297e+01 2.094903e+01 2.081214e+01 2.075681e+01 1.986825e+01 2.088708e+01
2.081214e+01 2.075681e+01 1.986825e+01 2.088708e+01 2.081214e+01 2.075681e+01 1.985788e+01 2.082476e+01
2.081214e+01 2.075681e+01 1.985788e+01 2.082476e+01 2.081214e+01 2.075681e+01 1.985182e+01 2.076229e+01
2.081214e+01 2.075681e+01 1.985182e+01 2.076229e+01 2.081214e+01 2.075681e+01 1.985003e+01 2.069988e+01
