2.073500e+01 2.024000e+01 2.082395e+01 2.068758e+01 2.073000e+01 2.024500e+01 2.082461e+01 2.069166e+01
2.073500e+01 2.024000e+01 2.082395e+01 2.068758e+01 2.074500e+01 2.024000e+01 2.082424e+01 2.068913e+01
2.074500e+01 2.024000e+01 2.082424e+01 2.068913e+01 2.075500e+01 2.024000e+01 2.082445e+01 2.069051e+01
2.075500e+01 2.024000e+01 2.082445e+01 2.069051e+01 2.076500e+01 2.024000e+01 2.082459e+01 2.069171e+01
2.076500e+01 2.024000e+01 2.082459e+01 2.069171e+01 2.077500e+01 2.024000e+01 2.082466e+01 2.069271e+01
2.077500e+01 2.024000e+01 2.082466e+01 2.069271e+01 2.078500e+01 2.024000e+01 2.082468e+01 2.069353e+01
2.078500e+01 2.024000e+01 2.082468e+01 2.069353e+01 2.079500e+01 2.024000e+01 2.082465e+01 2.069416e+01
2.079500e+01 2.024000e+01 2.082465e+01 2.069416e+01 2.080500e+01 2.024000e+01 2.082460e+01 2.069459e+01
2.080500e+01 2.024000e+01 2.082460e+01 2.069459e+01 2.081500e+01 2.024000e+01 2.082452e+01 2.069483e+01
2.081500e+01 2.024000e+01 2.082452e+01 2.069483e+01 2.082500e+01 2.024000e+01 2.082445e+01 2.069487e+01
2.082500e+01 2.024000e+01 2.082445e+01 2.069487e+01 2.083500e+01 2.024000e+01 2.082438e+01 2.069471e+01
2.083500e+01 2.024000e+01 2.082438e+01 2.069471e+01 2.084500e+01 2.024000e+01 2.082433e+01 2.069436e+01
2.084500e+01 2.024000e+01 2.082433e+01 2.069436e+01 2.085500e+01 2.024000e+01 2.082431e+01 2.069381e+01
2.085500e+01 2.024000e+01 2.082431e+01 2.069381e+01 2.086500e+01 2.024000e+01 2.082434e+01 2.069308e+01
2.086500e+01 2.024000e+01 2.082434e+01 2.069308e+01 2.087500e+01 2.024000e+01 2.082442e+01 2.069215e+01
2.087500e+01 2.024000e+01 2.082442e+01 2.069215e+01 2.088500e+01 2.024000e+01 2.082458e+01 2.069105e+01
2.088500e+01 2.024000e+01 2.082458e+01 2.069105e+01 2.089500e+01 2.024000e+01 2.082481e+01 2.068976e+01
2.089500e+01 2.024000e+01 2.082481e+01 2.068976e+01 2.090000e+01 2.024500e+01 2.082424e+01 2.069395e+01
2.069500e+01 2.025000e+01 2.082402e+01 2.068933e+01 2.069000e+01 2.025500e+01 2.082488e+01 2.069291e+01
2.069500e+01 2.025000e+01 2.082402e+01 2.068933e+01 2.070500e+01 2.025000e+01 2.082461e+01 2.069162e+01
2.070500e+01 2.025000e+01 2.082461e+01 2.069162e+01 2.071500e+01 2.025000e+01 2.082506e+01 2.069375e+01
2.071500e+01 2.025000e+01 2.082506e+01 2.069375e+01 2.072500e+01 2.025000e+01 2.082540e+01 2.069572e+01
2.073000e+01 2.024500e+01 2.082461e+01 2.069166e+01 2.072500e+01 2.025000e+01 2.082540e+01 2.069572e+01
2.090000e+01 2.024500e+01 2.082424e+01 2.069395e+01 2.090500e+01 2.025000e+01 2.082355e+01 2.069811e+01
2.090500e+01 2.025000e+01 2.082355e+01 2.069811e+01 2.091500e+01 2.025000e+01 2.082380e+01 2.069640e+01
2.091500e+01 2.025000e+01 2.082380e+01 2.069640e+01 2.092500e+01 2.025000e+01 2.082417e+01 2.069453e+01
2.092500e+01 2.025000e+01 2.082417e+01 2.069453e+01 2.093500e+01 2.025000e+01 2.082466e+01 2.069250e+01
2.093500e+01 2.025000e+01 2.082466e+01 2.069250e+01 2.094000e+01 2.025500e+01 2.082388e+01 2.069616e+01
2.066500e+01 2.026000e+01 2.082425e+01 2.069095e+01 2.066000e+01 2.026500e+01 2.082520e+01 2.069413e+01
2.066500e+01 2.026000e+01 2.082425e+01 2.069095e+01 2.067500e+01 2.026000e+01 2.082513e+01 2.069377e+01
2.067500e+01 2.026000e+01 2.082513e+01 2.069377e+01 2.068500e+01 2.026000e+01 2.082586e+01 2.069645e+01
2.069000e+01 2.025500e+01 2.082488e+01 2.069291e+01 2.068500e+01 2.026000e+01 2.082586e+01 2.069645e+01
2.094000e+01 2.025500e+01 2.082388e+01 2.069616e+01 2.094500e+01 2.026000e+01 2.082298e+01 2.069978e+01
2.094500e+01 2.026000e+01 2.082298e+01 2.069978e+01 2.095500e+01 2.026000e+01 2.082360e+01 2.069735e+01
2.095500e+01 2.026000e+01 2.082360e+01 2.069735e+01 2.096000e+01 2.026500e+01 2.082270e+01 2.070072e+01
2.064500e+01 2.027000e+01 2.082516e+01 2.069406e+01 2.064000e+01 2.027500e+01 2.082616e+01 2.069695e+01
2.064500e+01 2.027000e+01 2.082516e+01 2.069406e+01 2.065500e+01 2.027000e+01 2.082626e+01 2.069725e+01
2.066000e+01 2.026500e+01 2.082520e+01 2.069413e+01 2.065500e+01 2.027000e+01 2.082626e+01 2.069725e+01
2.096000e+01 2.026500e+01 2.082270e+01 2.070072e+01 2.096500e+01 2.027000e+01 2.082169e+01 2.070402e+01
2.096500e+01 2.027000e+01 2.082169e+01 2.070402e+01 2.097500e+01 2.027000e+01 2.082250e+01 2.070120e+01
2.097500e+01 2.027000e+01 2.082250e+01 2.070120e+01 2.098500e+01 2.027000e+01 2.082349e+01 2.069827e+01
2.098500e+01 2.027000e+01 2.082349e+01 2.069827e+01 2.099000e+01 2.027500e+01 2.082255e+01 2.070121e+01
2.062500e+01 2.028000e+01 2.082590e+01 2.069624e+01 2.062000e+01 2.028500e+01 2.082692e+01 2.069884e+01
2.062500e+01 2.028000e+01 2.082590e+01 2.069624e+01 2.063500e+01 2.028000e+01 2.082728e+01 2.069977e+01
2.064000e+01 2.027500e+01 2.082616e+01 2.069695e+01 2.063500e+01 2.028000e+01 2.082728e+01 2.069977e+01
2.099000e+01 2.027500e+01 2.082255e+01 2.070121e+01 2.099500e+01 2.028000e+01 2.082150e+01 2.070407e+01
2.099500e+01 2.028000e+01 2.082150e+01 2.070407e+01 2.100500e+01 2.028000e+01 2.082276e+01 2.070078e+01
2.100500e+01 2.028000e+01 2.082276e+01 2.070078e+01 2.101000e+01 2.028500e+01 2.082180e+01 2.070342e+01
2.060500e+01 2.029000e+01 2.082636e+01 2.069751e+01 2.060000e+01 2.029500e+01 2.082736e+01 2.069981e+01
2.060500e+01 2.029000e+01 2.082636e+01 2.069751e+01 2.061500e+01 2.029000e+01 2.082805e+01 2.070134e+01
2.062000e+01 2.028500e+01 2.082692e+01 2.069884e+01 2.061500e+01 2.029000e+01 2.082805e+01 2.070134e+01
2.101000e+01 2.028500e+01 2.082180e+01 2.070342e+01 2.101500e+01 2.029000e+01 2.082073e+01 2.070596e+01
2.101500e+01 2.029000e+01 2.082073e+01 2.070596e+01 2.102000e+01 2.029500e+01 2.081973e+01 2.070839e+01
2.058500e+01 2.030000e+01 2.082640e+01 2.069791e+01 2.058000e+01 2.030500e+01 2.082734e+01 2.069992e+01
2.058500e+01 2.030000e+01 2.082640e+01 2.069791e+01 2.059500e+01 2.030000e+01 2.082846e+01 2.070201e+01
2.060000e+01 2.029500e+01 2.082736e+01 2.069981e+01 2.059500e+01 2.030000e+01 2.082846e+01 2.070201e+01
2.102000e+01 2.029500e+01 2.081973e+01 2.070839e+01 2.102500e+01 2.030000e+01 2.081861e+01 2.071071e+01
2.102500e+01 2.030000e+01 2.081861e+01 2.071071e+01 2.103500e+01 2.030000e+01 2.082034e+01 2.070691e+01
2.103500e+01 2.030000e+01 2.082034e+01 2.070691e+01 2.104000e+01 2.030500e+01 2.081938e+01 2.070904e+01
2.057500e+01 2.031000e+01 2.082837e+01 2.070182e+01 2.057000e+01 2.031500e+01 2.082931e+01 2.070364e+01
2.058000e+01 2.030500e+01 2.082734e+01 2.069992e+01 2.057500e+01 2.031000e+01 2.082837e+01 2.070182e+01
2.104000e+01 2.030500e+01 2.081938e+01 2.070904e+01 2.104500e+01 2.031000e+01 2.081832e+01 2.071105e+01
2.104500e+01 2.031000e+01 2.081832e+01 2.071105e+01 2.105000e+01 2.031500e+01 2.081736e+01 2.071297e+01
2.056500e+01 2.032000e+01 2.083034e+01 2.070535e+01 2.056000e+01 2.032500e+01 2.083126e+01 2.070697e+01
2.057000e+01 2.031500e+01 2.082931e+01 2.070364e+01 2.056500e+01 2.032000e+01 2.083034e+01 2.070535e+01
2.105000e+01 2.031500e+01 2.081736e+01 2.071297e+01 2.105500e+01 2.032000e+01 2.081630e+01 2.071477e+01
2.105500e+01 2.032000e+01 2.081630e+01 2.071477e+01 2.106500e+01 2.032000e+01 2.081862e+01 2.071054e+01
2.106500e+01 2.032000e+01 2.081862e+01 2.071054e+01 2.107000e+01 2.032500e+01 2.081777e+01 2.071217e+01
2.054500e+01 2.033000e+01 2.082940e+01 2.070383e+01 2.054000e+01 2.033500e+01 2.083018e+01 2.070519e+01
2.054500e+01 2.033000e+01 2.082940e+01 2.070383e+01 2.055500e+01 2.033000e+01 2.083226e+01 2.070848e+01
2.056000e+01 2.032500e+01 2.083126e+01 2.070697e+01 2.055500e+01 2.033000e+01 2.083226e+01 2.070848e+01
2.107000e+01 2.032500e+01 2.081777e+01 2.071217e+01 2.107500e+01 2.033000e+01 2.081684e+01 2.071367e+01
2.107500e+01 2.033000e+01 2.081684e+01 2.071367e+01 2.108000e+01 2.033500e+01 2.081603e+01 2.071510e+01
2.053500e+01 2.034000e+01 2.083102e+01 2.070643e+01 2.053000e+01 2.034500e+01 2.083175e+01 2.070761e+01
2.054000e+01 2.033500e+01 2.083018e+01 2.070519e+01 2.053500e+01 2.034000e+01 2.083102e+01 2.070643e+01
2.108000e+01 2.033500e+01 2.081603e+01 2.071510e+01 2.108500e+01 2.034000e+01 2.081514e+01 2.071640e+01
2.108500e+01 2.034000e+01 2.081514e+01 2.071640e+01 2.109000e+01 2.034500e+01 2.081438e+01 2.071764e+01
2.052500e+01 2.035000e+01 2.083253e+01 2.070866e+01 2.052000e+01 2.035500e+01 2.083318e+01 2.070966e+01
2.053000e+01 2.034500e+01 2.083175e+01 2.070761e+01 2.052500e+01 2.035000e+01 2.083253e+01 2.070866e+01
2.109000e+01 2.034500e+01 2.081438e+01 2.071764e+01 2.109500e+01 2.035000e+01 2.081356e+01 2.071874e+01
2.109500e+01 2.035000e+01 2.081356e+01 2.071874e+01 2.110000e+01 2.035500e+01 2.081287e+01 2.071978e+01
2.051500e+01 2.036000e+01 2.083389e+01 2.071052e+01 2.051000e+01 2.036500e+01 2.083446e+01 2.071135e+01
2.052000e+01 2.035500e+01 2.083318e+01 2.070966e+01 2.051500e+01 2.036000e+01 2.083389e+01 2.071052e+01
2.110000e+01 2.035500e+01 2.081287e+01 2.071978e+01 2.110500e+01 2.036000e+01 2.081212e+01 2.072068e+01
2.110500e+01 2.036000e+01 2.081212e+01 2.072068e+01 2.111000e+01 2.036500e+01 2.081152e+01 2.072154e+01
2.050500e+01 2.037000e+01 2.083507e+01 2.071203e+01 2.050000e+01 2.037500e+01 2.083554e+01 2.071269e+01
2.051000e+01 2.036500e+01 2.083446e+01 2.071135e+01 2.050500e+01 2.037000e+01 2.083507e+01 2.071203e+01
2.111000e+01 2.036500e+01 2.081152e+01 2.072154e+01 2.111500e+01 2.037000e+01 2.081087e+01 2.072225e+01
2.111500e+01 2.037000e+01 2.081087e+01 2.072225e+01 2.112000e+01 2.037500e+01 2.081037e+01 2.072293e+01
2.049500e+01 2.038000e+01 2.083603e+01 2.071320e+01 2.049000e+01 2.038500e+01 2.083639e+01 2.071370e+01
2.050000e+01 2.037500e+01 2.083554e+01 2.071269e+01 2.049500e+01 2.038000e+01 2.083603e+01 2.071320e+01
2.112000e+01 2.037500e+01 2.081037e+01 2.072293e+01 2.112500e+01 2.038000e+01 2.080984e+01 2.072347e+01
2.112500e+01 2.038000e+01 2.080984e+01 2.072347e+01 2.113000e+01 2.038500e+01 2.080946e+01 2.072398e+01
2.048500e+01 2.039000e+01 2.083677e+01 2.071405e+01 2.048000e+01 2.039500e+01 2.083699e+01 2.071439e+01
2.049000e+01 2.038500e+01 2.083639e+01 2.071370e+01 2.048500e+01 2.039000e+01 2.083677e+01 2.071405e+01
2.113000e+01 2.038500e+01 2.080946e+01 2.072398e+01 2.113500e+01 2.039000e+01 2.080906e+01 2.072434e+01
2.113500e+01 2.039000e+01 2.080906e+01 2.072434e+01 2.114000e+01 2.039500e+01 2.080881e+01 2.072469e+01
2.047500e+01 2.040000e+01 2.083723e+01 2.071460e+01 2.047000e+01 2.040500e+01 2.083732e+01 2.071480e+01
2.048000e+01 2.039500e+01 2.083699e+01 2.071439e+01 2.047500e+01 2.040000e+01 2.083723e+01 2.071460e+01
2.114000e+01 2.039500e+01 2.080881e+01 2.072469e+01 2.114500e+01 2.040000e+01 2.080855e+01 2.072489e+01
2.114500e+01 2.040000e+01 2.080855e+01 2.072489e+01 2.115000e+01 2.040500e+01 2.080845e+01 2.072510e+01
2.046500e+01 2.041000e+01 2.083741e+01 2.071487e+01 2.046000e+01 2.041500e+01 2.083734e+01 2.071494e+01
2.047000e+01 2.040500e+01 2.083732e+01 2.071480e+01 2.046500e+01 2.041000e+01 2.083741e+01 2.071487e+01
2.115000e+01 2.040500e+01 2.080845e+01 2.072510e+01 2.115500e+01 2.041000e+01 2.080836e+01 2.072516e+01
2.115500e+01 2.041000e+01 2.080836e+01 2.072516e+01 2.116000e+01 2.041500e+01 2.080842e+01 2.072523e+01
2.046000e+01 2.041500e+01 2.083734e+01 2.071494e+01 2.046000e+01 2.042500e+01 2.084256e+01 2.072003e+01
2.116000e+01 2.041500e+01 2.080842e+01 2.072523e+01 2.116000e+01 2.042500e+01 2.080342e+01 2.073008e+01
2.045500e+01 2.043000e+01 2.084247e+01 2.071983e+01 2.045000e+01 2.043500e+01 2.084222e+01 2.071965e+01
2.046000e+01 2.042500e+01 2.084256e+01 2.072003e+01 2.045500e+01 2.043000e+01 2.084247e+01 2.071983e+01
2.116000e+01 2.042500e+01 2.080342e+01 2.073008e+01 2.116500e+01 2.043000e+01 2.080352e+01 2.072987e+01
2.116500e+01 2.043000e+01 2.080352e+01 2.072987e+01 2.117000e+01 2.043500e+01 2.080378e+01 2.072968e+01
2.044500e+01 2.044000e+01 2.084194e+01 2.071935e+01 2.044000e+01 2.044500e+01 2.084152e+01 2.071907e+01
2.045000e+01 2.043500e+01 2.084222e+01 2.071965e+01 2.044500e+01 2.044000e+01 2.084194e+01 2.071935e+01
2.117000e+01 2.043500e+01 2.080378e+01 2.072968e+01 2.117500e+01 2.044000e+01 2.080407e+01 2.072936e+01
2.117500e+01 2.044000e+01 2.080407e+01 2.072936e+01 2.118000e+01 2.044500e+01 2.080452e+01 2.072907e+01
2.044000e+01 2.044500e+01 2.084152e+01 2.071907e+01 2.044000e+01 2.045500e+01 2.084667e+01 2.072342e+01
2.118000e+01 2.044500e+01 2.080452e+01 2.072907e+01 2.118000e+01 2.045500e+01 2.079959e+01 2.073316e+01
2.043500e+01 2.046000e+01 2.084616e+01 2.072289e+01 2.043000e+01 2.046500e+01 2.084550e+01 2.072241e+01
2.044000e+01 2.045500e+01 2.084667e+01 2.072342e+01 2.043500e+01 2.046000e+01 2.084616e+01 2.072289e+01
2.118000e+01 2.045500e+01 2.079959e+01 2.073316e+01 2.118500e+01 2.046000e+01 2.080013e+01 2.073261e+01
2.118500e+01 2.046000e+01 2.080013e+01 2.073261e+01 2.119000e+01 2.046500e+01 2.080084e+01 2.073211e+01
2.042500e+01 2.047000e+01 2.084478e+01 2.072181e+01 2.042000e+01 2.047500e+01 2.084392e+01 2.072127e+01
2.043000e+01 2.046500e+01 2.084550e+01 2.072241e+01 2.042500e+01 2.047000e+01 2.084478e+01 2.072181e+01
2.119000e+01 2.046500e+01 2.080084e+01 2.073211e+01 2.119500e+01 2.047000e+01 2.080161e+01 2.073149e+01
2.119500e+01 2.047000e+01 2.080161e+01 2.073149e+01 2.120000e+01 2.047500e+01 2.080253e+01 2.073094e+01
2.042000e+01 2.047500e+01 2.084392e+01 2.072127e+01 2.042000e+01 2.048500e+01 2.084888e+01 2.072491e+01
2.120000e+01 2.047500e+01 2.080253e+01 2.073094e+01 2.120000e+01 2.048500e+01 2.079782e+01 2.073431e+01
2.041500e+01 2.049000e+01 2.084788e+01 2.072414e+01 2.041000e+01 2.049500e+01 2.084674e+01 2.072344e+01
2.042000e+01 2.048500e+01 2.084888e+01 2.072491e+01 2.041500e+01 2.049000e+01 2.084788e+01 2.072414e+01
2.120000e+01 2.048500e+01 2.079782e+01 2.073431e+01 2.120500e+01 2.049000e+01 2.079889e+01 2.073352e+01
2.120500e+01 2.049000e+01 2.079889e+01 2.073352e+01 2.121000e+01 2.049500e+01 2.080011e+01 2.073281e+01
2.041000e+01 2.049500e+01 2.084674e+01 2.072344e+01 2.041000e+01 2.050500e+01 2.085155e+01 2.072665e+01
2.121000e+01 2.049500e+01 2.080011e+01 2.073281e+01 2.121000e+01 2.050500e+01 2.079557e+01 2.073573e+01
2.040500e+01 2.051000e+01 2.085024e+01 2.072574e+01 2.040000e+01 2.051500e+01 2.084880e+01 2.072492e+01
2.041000e+01 2.050500e+01 2.085155e+01 2.072665e+01 2.040500e+01 2.051000e+01 2.085024e+01 2.072574e+01
2.121000e+01 2.050500e+01 2.079557e+01 2.073573e+01 2.121500e+01 2.051000e+01 2.079697e+01 2.073482e+01
2.121500e+01 2.051000e+01 2.079697e+01 2.073482e+01 2.122000e+01 2.051500e+01 2.079851e+01 2.073400e+01
2.040000e+01 2.051500e+01 2.084880e+01 2.072492e+01 2.040000e+01 2.052500e+01 2.085341e+01 2.072771e+01
2.122000e+01 2.051500e+01 2.079851e+01 2.073400e+01 2.122000e+01 2.052500e+01 2.079420e+01 2.073650e+01
2.039500e+01 2.053000e+01 2.085177e+01 2.072671e+01 2.039000e+01 2.053500e+01 2.085001e+01 2.072581e+01
2.040000e+01 2.052500e+01 2.085341e+01 2.072771e+01 2.039500e+01 2.053000e+01 2.085177e+01 2.072671e+01
2.122000e+01 2.052500e+01 2.079420e+01 2.073650e+01 2.122000e+01 2.053500e+01 2.078993e+01 2.073878e+01
2.039000e+01 2.053500e+01 2.085001e+01 2.072581e+01 2.039000e+01 2.054500e+01 2.085436e+01 2.072821e+01
2.122000e+01 2.053500e+01 2.078993e+01 2.073878e+01 2.122500e+01 2.054000e+01 2.079180e+01 2.073770e+01
2.122500e+01 2.054000e+01 2.079180e+01 2.073770e+01 2.123000e+01 2.054500e+01 2.079379e+01 2.073674e+01
2.039000e+01 2.054500e+01 2.085436e+01 2.072821e+01 2.039000e+01 2.055500e+01 2.085864e+01 2.073039e+01
2.123000e+01 2.054500e+01 2.079379e+01 2.073674e+01 2.123000e+01 2.055500e+01 2.078983e+01 2.073864e+01
2.038500e+01 2.056000e+01 2.085655e+01 2.072927e+01 2.038000e+01 2.056500e+01 2.085434e+01 2.072827e+01
2.039000e+01 2.055500e+01 2.085864e+01 2.073039e+01 2.038500e+01 2.056000e+01 2.085655e+01 2.072927e+01
2.123000e+01 2.055500e+01 2.078983e+01 2.073864e+01 2.123500e+01 2.056000e+01 2.079207e+01 2.073754e+01
2.123500e+01 2.056000e+01 2.079207e+01 2.073754e+01 2.124000e+01 2.056500e+01 2.079442e+01 2.073658e+01
2.038000e+01 2.056500e+01 2.085434e+01 2.072827e+01 2.038000e+01 2.057500e+01 2.085830e+01 2.073011e+01
2.124000e+01 2.056500e+01 2.079442e+01 2.073658e+01 2.124000e+01 2.057500e+01 2.079081e+01 2.073815e+01
2.038000e+01 2.057500e+01 2.085830e+01 2.073011e+01 2.038000e+01 2.058500e+01 2.086216e+01 2.073175e+01
2.124000e+01 2.057500e+01 2.079081e+01 2.073815e+01 2.124000e+01 2.058500e+01 2.078731e+01 2.073952e+01
2.037500e+01 2.059000e+01 2.085958e+01 2.073059e+01 2.037000e+01 2.059500e+01 2.085690e+01 2.072957e+01
2.038000e+01 2.058500e+01 2.086216e+01 2.073175e+01 2.037500e+01 2.059000e+01 2.085958e+01 2.073059e+01
2.124000e+01 2.058500e+01 2.078731e+01 2.073952e+01 2.124500e+01 2.059000e+01 2.079006e+01 2.073842e+01
2.124500e+01 2.059000e+01 2.079006e+01 2.073842e+01 2.125000e+01 2.059500e+01 2.079291e+01 2.073746e+01
2.037000e+01 2.059500e+01 2.085690e+01 2.072957e+01 2.037000e+01 2.060500e+01 2.086038e+01 2.073094e+01
2.125000e+01 2.059500e+01 2.079291e+01 2.073746e+01 2.125000e+01 2.060500e+01 2.078981e+01 2.073858e+01
2.037000e+01 2.060500e+01 2.086038e+01 2.073094e+01 2.037000e+01 2.061500e+01 2.086372e+01 2.073212e+01
2.125000e+01 2.060500e+01 2.078981e+01 2.073858e+01 2.125000e+01 2.061500e+01 2.078685e+01 2.073953e+01
2.037000e+01 2.061500e+01 2.086372e+01 2.073212e+01 2.037000e+01 2.062500e+01 2.086692e+01 2.073312e+01
2.125000e+01 2.061500e+01 2.078685e+01 2.073953e+01 2.125000e+01 2.062500e+01 2.078406e+01 2.074031e+01
2.036500e+01 2.063000e+01 2.086370e+01 2.073202e+01 2.036000e+01 2.063500e+01 2.086041e+01 2.073105e+01
2.037000e+01 2.062500e+01 2.086692e+01 2.073312e+01 2.036500e+01 2.063000e+01 2.086370e+01 2.073202e+01
2.125000e+01 2.062500e+01 2.078406e+01 2.074031e+01 2.125500e+01 2.063000e+01 2.078748e+01 2.073930e+01
2.125500e+01 2.063000e+01 2.078748e+01 2.073930e+01 2.126000e+01 2.063500e+01 2.079096e+01 2.073843e+01
2.036000e+01 2.063500e+01 2.086041e+01 2.073105e+01 2.036000e+01 2.064500e+01 2.086317e+01 2.073188e+01
2.126000e+01 2.063500e+01 2.079096e+01 2.073843e+01 2.126000e+01 2.064500e+01 2.078862e+01 2.073907e+01
2.036000e+01 2.064500e+01 2.086317e+01 2.073188e+01 2.036000e+01 2.065500e+01 2.086576e+01 2.073257e+01
2.126000e+01 2.064500e+01 2.078862e+01 2.073907e+01 2.126000e+01 2.065500e+01 2.078646e+01 2.073957e+01
2.036000e+01 2.065500e+01 2.086576e+01 2.073257e+01 2.036000e+01 2.066500e+01 2.086816e+01 2.073311e+01
2.126000e+01 2.065500e+01 2.078646e+01 2.073957e+01 2.126000e+01 2.066500e+01 2.078449e+01 2.073994e+01
2.036000e+01 2.066500e+01 2.086816e+01 2.073311e+01 2.036000e+01 2.067500e+01 2.087038e+01 2.073352e+01
2.126000e+01 2.066500e+01 2.078449e+01 2.073994e+01 2.126000e+01 2.067500e+01 2.078271e+01 2.074019e+01
2.035500e+01 2.068000e+01 2.086639e+01 2.073266e+01 2.035000e+01 2.068500e+01 2.086238e+01 2.073194e+01
2.036000e+01 2.067500e+01 2.087038e+01 2.073352e+01 2.035500e+01 2.068000e+01 2.086639e+01 2.073266e+01
2.126000e+01 2.067500e+01 2.078271e+01 2.074019e+01 2.126000e+01 2.068500e+01 2.078114e+01 2.074034e+01
2.035000e+01 2.068500e+01 2.086238e+01 2.073194e+01 2.035000e+01 2.069500e+01 2.086412e+01 2.073233e+01
2.126000e+01 2.068500e+01 2.078114e+01 2.074034e+01 2.126500e+01 2.069000e+01 2.078550e+01 2.073969e+01
2.126500e+01 2.069000e+01 2.078550e+01 2.073969e+01 2.127000e+01 2.069500e+01 2.078988e+01 2.073918e+01
2.035000e+01 2.069500e+01 2.086412e+01 2.073233e+01 2.035000e+01 2.070500e+01 2.086566e+01 2.073262e+01
2.127000e+01 2.069500e+01 2.078988e+01 2.073918e+01 2.127000e+01 2.070500e+01 2.078879e+01 2.073937e+01
2.035000e+01 2.070500e+01 2.086566e+01 2.073262e+01 2.035000e+01 2.071500e+01 2.086699e+01 2.073284e+01
2.127000e+01 2.070500e+01 2.078879e+01 2.073937e+01 2.127000e+01 2.071500e+01 2.078793e+01 2.073950e+01
2.035000e+01 2.071500e+01 2.086699e+01 2.073284e+01 2.035000e+01 2.072500e+01 2.086811e+01 2.073298e+01
2.127000e+01 2.071500e+01 2.078793e+01 2.073950e+01 2.127000e+01 2.072500e+01 2.078727e+01 2.073957e+01
2.035000e+01 2.072500e+01 2.086811e+01 2.073298e+01 2.035000e+01 2.073500e+01 2.086901e+01 2.073308e+01
2.127000e+01 2.072500e+01 2.078727e+01 2.073957e+01 2.127000e+01 2.073500e+01 2.078684e+01 2.073961e+01
2.035000e+01 2.073500e+01 2.086901e+01 2.073308e+01 2.035000e+01 2.074500e+01 2.086970e+01 2.073313e+01
2.127000e+01 2.073500e+01 2.078684e+01 2.073961e+01 2.127000e+01 2.074500e+01 2.078663e+01 2.073962e+01
2.035000e+01 2.074500e+01 2.086970e+01 2.073313e+01 2.035000e+01 2.075500e+01 2.087016e+01 2.073315e+01
2.127000e+01 2.074500e+01 2.078663e+01 2.073962e+01 2.127000e+01 2.075500e+01 2.078664e+01 2.073963e+01
2.035000e+01 2.075500e+01 2.087016e+01 2.073315e+01 2.035000e+01 2.076500e+01 2.087039e+01 2.073315e+01
2.127000e+01 2.075500e+01 2.078664e+01 2.073963e+01 2.127000e+01 2.076500e+01 2.078688e+01 2.073963e+01
2.035000e+01 2.076500e+01 2.087039e+01 2.073315e+01 2.035000e+01 2.077500e+01 2.087040e+01 2.073316e+01
2.127000e+01 2.076500e+01 2.078688e+01 2.073963e+01 2.127000e+01 2.077500e+01 2.078734e+01 2.073965e+01
2.035000e+01 2.077500e+01 2.087040e+01 2.073316e+01 2.035000e+01 2.078500e+01 2.087019e+01 2.073317e+01
2.127000e+01 2.077500e+01 2.078734e+01 2.073965e+01 2.127000e+01 2.078500e+01 2.078802e+01 2.073970e+01
2.035000e+01 2.078500e+01 2.087019e+01 2.073317e+01 2.035000e+01 2.079500e+01 2.086976e+01 2.073321e+01
2.127000e+01 2.078500e+01 2.078802e+01 2.073970e+01 2.127000e+01 2.079500e+01 2.078892e+01 2.073980e+01
2.035000e+01 2.079500e+01 2.086976e+01 2.073321e+01 2.035000e+01 2.080500e+01 2.086911e+01 2.073328e+01
2.127000e+01 2.079500e+01 2.078892e+01 2.073980e+01 2.127000e+01 2.080500e+01 2.079004e+01 2.073994e+01
2.035000e+01 2.080500e+01 2.086911e+01 2.073328e+01 2.035000e+01 2.081500e+01 2.086824e+01 2.073341e+01
2.127000e+01 2.080500e+01 2.079004e+01 2.073994e+01 2.127000e+01 2.081500e+01 2.079137e+01 2.074016e+01
2.035000e+01 2.081500e+01 2.086824e+01 2.073341e+01 2.035000e+01 2.082500e+01 2.086716e+01 2.073360e+01
2.127000e+01 2.081500e+01 2.079137e+01 2.074016e+01 2.127000e+01 2.082500e+01 2.079291e+01 2.074045e+01
2.035000e+01 2.082500e+01 2.086716e+01 2.073360e+01 2.035500e+01 2.083000e+01 2.087154e+01 2.073309e+01
2.035500e+01 2.083000e+01 2.087154e+01 2.073309e+01 2.036000e+01 2.083500e+01 2.087590e+01 2.073244e+01
2.127000e+01 2.082500e+01 2.079291e+01 2.074045e+01 2.127000e+01 2.083500e+01 2.079466e+01 2.074084e+01
2.036000e+01 2.083500e+01 2.087590e+01 2.073244e+01 2.036000e+01 2.084500e+01 2.087432e+01 2.073259e+01
2.126500e+01 2.084000e+01 2.079064e+01 2.074012e+01 2.126000e+01 2.084500e+01 2.078665e+01 2.073926e+01
2.127000e+01 2.083500e+01 2.079466e+01 2.074084e+01 2.126500e+01 2.084000e+01 2.079064e+01 2.074012e+01
2.036000e+01 2.084500e+01 2.087432e+01 2.073259e+01 2.036000e+01 2.085500e+01 2.087255e+01 2.073284e+01
2.126000e+01 2.084500e+01 2.078665e+01 2.073926e+01 2.126000e+01 2.085500e+01 2.078887e+01 2.073967e+01
2.036000e+01 2.085500e+01 2.087255e+01 2.073284e+01 2.036000e+01 2.086500e+01 2.087057e+01 2.073321e+01
2.126000e+01 2.085500e+01 2.078887e+01 2.073967e+01 2.126000e+01 2.086500e+01 2.079128e+01 2.074021e+01
2.036000e+01 2.086500e+01 2.087057e+01 2.073321e+01 2.036000e+01 2.087500e+01 2.086841e+01 2.073371e+01
2.126000e+01 2.086500e+01 2.079128e+01 2.074021e+01 2.126000e+01 2.087500e+01 2.079386e+01 2.074090e+01
2.036000e+01 2.087500e+01 2.086841e+01 2.073371e+01 2.036000e+01 2.088500e+01 2.086607e+01 2.073435e+01
2.126000e+01 2.087500e+01 2.079386e+01 2.074090e+01 2.126000e+01 2.088500e+01 2.079662e+01 2.074173e+01
2.036000e+01 2.088500e+01 2.086607e+01 2.073435e+01 2.036500e+01 2.089000e+01 2.086956e+01 2.073349e+01
2.036500e+01 2.089000e+01 2.086956e+01 2.073349e+01 2.037000e+01 2.089500e+01 2.087298e+01 2.073248e+01
2.125500e+01 2.089000e+01 2.079334e+01 2.074076e+01 2.125000e+01 2.089500e+01 2.079012e+01 2.073966e+01
2.126000e+01 2.088500e+01 2.079662e+01 2.074173e+01 2.125500e+01 2.089000e+01 2.079334e+01 2.074076e+01
2.037000e+01 2.089500e+01 2.087298e+01 2.073248e+01 2.037000e+01 2.090500e+01 2.087018e+01 2.073325e+01
2.125000e+01 2.089500e+01 2.079012e+01 2.073966e+01 2.125000e+01 2.090500e+01 2.079331e+01 2.074066e+01
2.037000e+01 2.090500e+01 2.087018e+01 2.073325e+01 2.037000e+01 2.091500e+01 2.086722e+01 2.073420e+01
2.125000e+01 2.090500e+01 2.079331e+01 2.074066e+01 2.125000e+01 2.091500e+01 2.079665e+01 2.074184e+01
2.037000e+01 2.091500e+01 2.086722e+01 2.073420e+01 2.037000e+01 2.092500e+01 2.086413e+01 2.073532e+01
2.125000e+01 2.091500e+01 2.079665e+01 2.074184e+01 2.125000e+01 2.092500e+01 2.080013e+01 2.074321e+01
2.037000e+01 2.092500e+01 2.086413e+01 2.073532e+01 2.037500e+01 2.093000e+01 2.086697e+01 2.073436e+01
2.037500e+01 2.093000e+01 2.086697e+01 2.073436e+01 2.038000e+01 2.093500e+01 2.086973e+01 2.073326e+01
2.124500e+01 2.093000e+01 2.079746e+01 2.074219e+01 2.124000e+01 2.093500e+01 2.079488e+01 2.074103e+01
2.125000e+01 2.092500e+01 2.080013e+01 2.074321e+01 2.124500e+01 2.093000e+01 2.079746e+01 2.074219e+01
2.038000e+01 2.093500e+01 2.086973e+01 2.073326e+01 2.038000e+01 2.094500e+01 2.086623e+01 2.073463e+01
2.124000e+01 2.093500e+01 2.079488e+01 2.074103e+01 2.124000e+01 2.094500e+01 2.079873e+01 2.074267e+01
2.038000e+01 2.094500e+01 2.086623e+01 2.073463e+01 2.038000e+01 2.095500e+01 2.086261e+01 2.073620e+01
2.124000e+01 2.094500e+01 2.079873e+01 2.074267e+01 2.124000e+01 2.095500e+01 2.080269e+01 2.074451e+01
2.038000e+01 2.095500e+01 2.086261e+01 2.073620e+01 2.038500e+01 2.096000e+01 2.086497e+01 2.073524e+01
2.038500e+01 2.096000e+01 2.086497e+01 2.073524e+01 2.039000e+01 2.096500e+01 2.086720e+01 2.073414e+01
2.123500e+01 2.096000e+01 2.080049e+01 2.074351e+01 2.123000e+01 2.096500e+01 2.079839e+01 2.074239e+01
2.124000e+01 2.095500e+01 2.080269e+01 2.074451e+01 2.123500e+01 2.096000e+01 2.080049e+01 2.074351e+01
2.039000e+01 2.096500e+01 2.086720e+01 2.073414e+01 2.039000e+01 2.097500e+01 2.086324e+01 2.073604e+01
2.123000e+01 2.096500e+01 2.079839e+01 2.074239e+01 2.123000e+01 2.097500e+01 2.080267e+01 2.074457e+01
2.039000e+01 2.097500e+01 2.086324e+01 2.073604e+01 2.039500e+01 2.098000e+01 2.086524e+01 2.073508e+01
2.039500e+01 2.098000e+01 2.086524e+01 2.073508e+01 2.040000e+01 2.098500e+01 2.086710e+01 2.073400e+01
2.123000e+01 2.097500e+01 2.080267e+01 2.074457e+01 2.123000e+01 2.098500e+01 2.080703e+01 2.074697e+01
2.040000e+01 2.098500e+01 2.086710e+01 2.073400e+01 2.040000e+01 2.099500e+01 2.086284e+01 2.073628e+01
2.122500e+01 2.099000e+01 2.080526e+01 2.074607e+01 2.122000e+01 2.099500e+01 2.080363e+01 2.074507e+01
2.123000e+01 2.098500e+01 2.080703e+01 2.074697e+01 2.122500e+01 2.099000e+01 2.080526e+01 2.074607e+01
2.040000e+01 2.099500e+01 2.086284e+01 2.073628e+01 2.040000e+01 2.100500e+01 2.085852e+01 2.073878e+01
2.122000e+01 2.099500e+01 2.080363e+01 2.074507e+01 2.122000e+01 2.100500e+01 2.080823e+01 2.074786e+01
2.040000e+01 2.100500e+01 2.085852e+01 2.073878e+01 2.040500e+01 2.101000e+01 2.086007e+01 2.073796e+01
2.040500e+01 2.101000e+01 2.086007e+01 2.073796e+01 2.041000e+01 2.101500e+01 2.086147e+01 2.073705e+01
2.121500e+01 2.101000e+01 2.080679e+01 2.074704e+01 2.121000e+01 2.101500e+01 2.080548e+01 2.074613e+01
2.122000e+01 2.100500e+01 2.080823e+01 2.074786e+01 2.121500e+01 2.101000e+01 2.080679e+01 2.074704e+01
2.041000e+01 2.101500e+01 2.086147e+01 2.073705e+01 2.041000e+01 2.102500e+01 2.085692e+01 2.073997e+01
2.121000e+01 2.101500e+01 2.080548e+01 2.074613e+01 2.121000e+01 2.102500e+01 2.081029e+01 2.074934e+01
2.041000e+01 2.102500e+01 2.085692e+01 2.073997e+01 2.041500e+01 2.103000e+01 2.085814e+01 2.073926e+01
2.041500e+01 2.103000e+01 2.085814e+01 2.073926e+01 2.042000e+01 2.103500e+01 2.085921e+01 2.073847e+01
2.120500e+01 2.103000e+01 2.080915e+01 2.074864e+01 2.120000e+01 2.103500e+01 2.080815e+01 2.074787e+01
2.121000e+01 2.102500e+01 2.081029e+01 2.074934e+01 2.120500e+01 2.103000e+01 2.080915e+01 2.074864e+01
2.042000e+01 2.103500e+01 2.085921e+01 2.073847e+01 2.042000e+01 2.104500e+01 2.085450e+01 2.074184e+01
2.120000e+01 2.103500e+01 2.080815e+01 2.074787e+01 2.120000e+01 2.104500e+01 2.081312e+01 2.075152e+01
2.042000e+01 2.104500e+01 2.085450e+01 2.074184e+01 2.042500e+01 2.105000e+01 2.085542e+01 2.074129e+01
2.042500e+01 2.105000e+01 2.085542e+01 2.074129e+01 2.043000e+01 2.105500e+01 2.085619e+01 2.074067e+01
2.119500e+01 2.105000e+01 2.081225e+01 2.075097e+01 2.119000e+01 2.105500e+01 2.081153e+01 2.075037e+01
2.120000e+01 2.104500e+01 2.081312e+01 2.075152e+01 2.119500e+01 2.105000e+01 2.081225e+01 2.075097e+01
2.043000e+01 2.105500e+01 2.085619e+01 2.074067e+01 2.043500e+01 2.106000e+01 2.085690e+01 2.074017e+01
2.043500e+01 2.106000e+01 2.085690e+01 2.074017e+01 2.044000e+01 2.106500e+01 2.085744e+01 2.073962e+01
2.118500e+01 2.106000e+01 2.081087e+01 2.074989e+01 2.118000e+01 2.106500e+01 2.081036e+01 2.074936e+01
2.119000e+01 2.105500e+01 2.081153e+01 2.075037e+01 2.118500e+01 2.106000e+01 2.081087e+01 2.074989e+01
2.044000e+01 2.106500e+01 2.085744e+01 2.073962e+01 2.044000e+01 2.107500e+01 2.085251e+01 2.074371e+01
2.118000e+01 2.106500e+01 2.081036e+01 2.074936e+01 2.118000e+01 2.107500e+01 2.081552e+01 2.075371e+01
2.044000e+01 2.107500e+01 2.085251e+01 2.074371e+01 2.044500e+01 2.108000e+01 2.085297e+01 2.074342e+01
2.044500e+01 2.108000e+01 2.085297e+01 2.074342e+01 2.045000e+01 2.108500e+01 2.085326e+01 2.074310e+01
2.117500e+01 2.108000e+01 2.081509e+01 2.075344e+01 2.117000e+01 2.108500e+01 2.081481e+01 2.075313e+01
2.118000e+01 2.107500e+01 2.081552e+01 2.075371e+01 2.117500e+01 2.108000e+01 2.081509e+01 2.075344e+01
2.045000e+01 2.108500e+01 2.085326e+01 2.074310e+01 2.045500e+01 2.109000e+01 2.085352e+01 2.074291e+01
2.045500e+01 2.109000e+01 2.085352e+01 2.074291e+01 2.046000e+01 2.109500e+01 2.085361e+01 2.074270e+01
2.116500e+01 2.109000e+01 2.081457e+01 2.075295e+01 2.116000e+01 2.109500e+01 2.081448e+01 2.075275e+01
2.117000e+01 2.108500e+01 2.081481e+01 2.075313e+01 2.116500e+01 2.109000e+01 2.081457e+01 2.075295e+01
2.046000e+01 2.109500e+01 2.085361e+01 2.074270e+01 2.046000e+01 2.110500e+01 2.084861e+01 2.074756e+01
2.116000e+01 2.109500e+01 2.081448e+01 2.075275e+01 2.116000e+01 2.110500e+01 2.081969e+01 2.075784e+01
2.046000e+01 2.110500e+01 2.084861e+01 2.074756e+01 2.046500e+01 2.111000e+01 2.084868e+01 2.074762e+01
2.046500e+01 2.111000e+01 2.084868e+01 2.074762e+01 2.047000e+01 2.111500e+01 2.084858e+01 2.074768e+01
2.115500e+01 2.111000e+01 2.081963e+01 2.075792e+01 2.115000e+01 2.111500e+01 2.081971e+01 2.075798e+01
2.116000e+01 2.110500e+01 2.081969e+01 2.075784e+01 2.115500e+01 2.111000e+01 2.081963e+01 2.075792e+01
2.047000e+01 2.111500e+01 2.084858e+01 2.074768e+01 2.047500e+01 2.112000e+01 2.084848e+01 2.074789e+01
2.047500e+01 2.112000e+01 2.084848e+01 2.074789e+01 2.048000e+01 2.112500e+01 2.084822e+01 2.074809e+01
2.114500e+01 2.112000e+01 2.081980e+01 2.075818e+01 2.114000e+01 2.112500e+01 2.082004e+01 2.075839e+01
2.115000e+01 2.111500e+01 2.081971e+01 2.075798e+01 2.114500e+01 2.112000e+01 2.081980e+01 2.075818e+01
2.048000e+01 2.112500e+01 2.084822e+01 2.074809e+01 2.048500e+01 2.113000e+01 2.084798e+01 2.074844e+01
2.048500e+01 2.113000e+01 2.084798e+01 2.074844e+01 2.049000e+01 2.113500e+01 2.084758e+01 2.074881e+01
2.113500e+01 2.113000e+01 2.082027e+01 2.075873e+01 2.113000e+01 2.113500e+01 2.082064e+01 2.075908e+01
2.114000e+01 2.112500e+01 2.082004e+01 2.075839e+01 2.113500e+01 2.113000e+01 2.082027e+01 2.075873e+01
2.049000e+01 2.113500e+01 2.084758e+01 2.074881e+01 2.049500e+01 2.114000e+01 2.084719e+01 2.074931e+01
2.049500e+01 2.114000e+01 2.084719e+01 2.074931e+01 2.050000e+01 2.114500e+01 2.084666e+01 2.074985e+01
2.112500e+01 2.114000e+01 2.082100e+01 2.075958e+01 2.112000e+01 2.114500e+01 2.082150e+01 2.076009e+01
2.113000e+01 2.113500e+01 2.082064e+01 2.075908e+01 2.112500e+01 2.114000e+01 2.082100e+01 2.075958e+01
2.050000e+01 2.114500e+01 2.084666e+01 2.074985e+01 2.050500e+01 2.115000e+01 2.084616e+01 2.075053e+01
2.050500e+01 2.115000e+01 2.084616e+01 2.075053e+01 2.051000e+01 2.115500e+01 2.084551e+01 2.075124e+01
2.111500e+01 2.115000e+01 2.082197e+01 2.076075e+01 2.111000e+01 2.115500e+01 2.082258e+01 2.076143e+01
2.112000e+01 2.114500e+01 2.082150e+01 2.076009e+01 2.111500e+01 2.115000e+01 2.082197e+01 2.076075e+01
2.051000e+01 2.115500e+01 2.084551e+01 2.075124e+01 2.051500e+01 2.116000e+01 2.084491e+01 2.075210e+01
2.051500e+01 2.116000e+01 2.084491e+01 2.075210e+01 2.052000e+01 2.116500e+01 2.084417e+01 2.075300e+01
2.110500e+01 2.116000e+01 2.082315e+01 2.076226e+01 2.110000e+01 2.116500e+01 2.082385e+01 2.076312e+01
2.111000e+01 2.115500e+01 2.082258e+01 2.076143e+01 2.110500e+01 2.116000e+01 2.082315e+01 2.076226e+01
2.052000e+01 2.116500e+01 2.084417e+01 2.075300e+01 2.052500e+01 2.117000e+01 2.084348e+01 2.075404e+01
2.052500e+01 2.117000e+01 2.084348e+01 2.075404e+01 2.053000e+01 2.117500e+01 2.084265e+01 2.075514e+01
2.109500e+01 2.117000e+01 2.082450e+01 2.076412e+01 2.109000e+01 2.117500e+01 2.082529e+01 2.076517e+01
2.110000e+01 2.116500e+01 2.082385e+01 2.076312e+01 2.109500e+01 2.117000e+01 2.082450e+01 2.076412e+01
2.053000e+01 2.117500e+01 2.084265e+01 2.075514e+01 2.053500e+01 2.118000e+01 2.084189e+01 2.075638e+01
2.053500e+01 2.118000e+01 2.084189e+01 2.075638e+01 2.054000e+01 2.118500e+01 2.084101e+01 2.075768e+01
2.108500e+01 2.118000e+01 2.082601e+01 2.076635e+01 2.108000e+01 2.118500e+01 2.082685e+01 2.076759e+01
2.109000e+01 2.117500e+01 2.082529e+01 2.076517e+01 2.108500e+01 2.118000e+01 2.082601e+01 2.076635e+01
2.054000e+01 2.118500e+01 2.084101e+01 2.075768e+01 2.054500e+01 2.119000e+01 2.084019e+01 2.075911e+01
2.054500e+01 2.119000e+01 2.084019e+01 2.075911e+01 2.055000e+01 2.119500e+01 2.083926e+01 2.076061e+01
2.106500e+01 2.119000e+01 2.082477e+01 2.076430e+01 2.106000e+01 2.119500e+01 2.082577e+01 2.076581e+01
2.106500e+01 2.119000e+01 2.082477e+01 2.076430e+01 2.107500e+01 2.119000e+01 2.082763e+01 2.076895e+01
2.108000e+01 2.118500e+01 2.082685e+01 2.076759e+01 2.107500e+01 2.119000e+01 2.082763e+01 2.076895e+01
2.055000e+01 2.119500e+01 2.083926e+01 2.076061e+01 2.055500e+01 2.120000e+01 2.083841e+01 2.076224e+01
2.055500e+01 2.120000e+01 2.083841e+01 2.076224e+01 2.056500e+01 2.120000e+01 2.084073e+01 2.075801e+01
2.056500e+01 2.120000e+01 2.084073e+01 2.075801e+01 2.057000e+01 2.120500e+01 2.083968e+01 2.075981e+01
2.105500e+01 2.120000e+01 2.082670e+01 2.076743e+01 2.105000e+01 2.120500e+01 2.082772e+01 2.076914e+01
2.106000e+01 2.119500e+01 2.082577e+01 2.076581e+01 2.105500e+01 2.120000e+01 2.082670e+01 2.076743e+01
2.057000e+01 2.120500e+01 2.083968e+01 2.075981e+01 2.057500e+01 2.121000e+01 2.083871e+01 2.076173e+01
2.057500e+01 2.121000e+01 2.083871e+01 2.076173e+01 2.058000e+01 2.121500e+01 2.083765e+01 2.076375e+01
2.104500e+01 2.121000e+01 2.082866e+01 2.077096e+01 2.104000e+01 2.121500e+01 2.082969e+01 2.077286e+01
2.105000e+01 2.120500e+01 2.082772e+01 2.076914e+01 2.104500e+01 2.121000e+01 2.082866e+01 2.077096e+01
2.058000e+01 2.121500e+01 2.083765e+01 2.076375e+01 2.058500e+01 2.122000e+01 2.083669e+01 2.076587e+01
2.058500e+01 2.122000e+01 2.083669e+01 2.076587e+01 2.059500e+01 2.122000e+01 2.083842e+01 2.076207e+01
2.059500e+01 2.122000e+01 2.083842e+01 2.076207e+01 2.060000e+01 2.122500e+01 2.083731e+01 2.076439e+01
2.102500e+01 2.122000e+01 2.082858e+01 2.077077e+01 2.102000e+01 2.122500e+01 2.082968e+01 2.077297e+01
2.102500e+01 2.122000e+01 2.082858e+01 2.077077e+01 2.103500e+01 2.122000e+01 2.083063e+01 2.077487e+01
2.104000e+01 2.121500e+01 2.082969e+01 2.077286e+01 2.103500e+01 2.122000e+01 2.083063e+01 2.077487e+01
2.060000e+01 2.122500e+01 2.083731e+01 2.076439e+01 2.060500e+01 2.123000e+01 2.083630e+01 2.076683e+01
2.060500e+01 2.123000e+01 2.083630e+01 2.076683e+01 2.061000e+01 2.123500e+01 2.083523e+01 2.076936e+01
2.100500e+01 2.123000e+01 2.082898e+01 2.077144e+01 2.100000e+01 2.123500e+01 2.083011e+01 2.077395e+01
2.100500e+01 2.123000e+01 2.082898e+01 2.077144e+01 2.101500e+01 2.123000e+01 2.083068e+01 2.077527e+01
2.102000e+01 2.122500e+01 2.082968e+01 2.077297e+01 2.101500e+01 2.123000e+01 2.083068e+01 2.077527e+01
2.061000e+01 2.123500e+01 2.083523e+01 2.076936e+01 2.061500e+01 2.124000e+01 2.083427e+01 2.077200e+01
2.061500e+01 2.124000e+01 2.083427e+01 2.077200e+01 2.062500e+01 2.124000e+01 2.083553e+01 2.076871e+01
2.062500e+01 2.124000e+01 2.083553e+01 2.076871e+01 2.063000e+01 2.124500e+01 2.083448e+01 2.077157e+01
2.098500e+01 2.124000e+01 2.082976e+01 2.077302e+01 2.098000e+01 2.124500e+01 2.083087e+01 2.077583e+01
2.098500e+01 2.124000e+01 2.082976e+01 2.077302e+01 2.099500e+01 2.124000e+01 2.083113e+01 2.077654e+01
2.100000e+01 2.123500e+01 2.083011e+01 2.077395e+01 2.099500e+01 2.124000e+01 2.083113e+01 2.077654e+01
2.063000e+01 2.124500e+01 2.083448e+01 2.077157e+01 2.063500e+01 2.125000e+01 2.083354e+01 2.077451e+01
2.063500e+01 2.125000e+01 2.083354e+01 2.077451e+01 2.064500e+01 2.125000e+01 2.083453e+01 2.077158e+01
2.064500e+01 2.125000e+01 2.083453e+01 2.077158e+01 2.065500e+01 2.125000e+01 2.083535e+01 2.076876e+01
2.065500e+01 2.125000e+01 2.083535e+01 2.076876e+01 2.066000e+01 2.125500e+01 2.083433e+01 2.077206e+01
2.096500e+01 2.125000e+01 2.083077e+01 2.077553e+01 2.096000e+01 2.125500e+01 2.083184e+01 2.077865e+01
2.096500e+01 2.125000e+01 2.083077e+01 2.077553e+01 2.097500e+01 2.125000e+01 2.083188e+01 2.077872e+01
2.098000e+01 2.124500e+01 2.083087e+01 2.077583e+01 2.097500e+01 2.125000e+01 2.083188e+01 2.077872e+01
2.066000e+01 2.125500e+01 2.083433e+01 2.077206e+01 2.066500e+01 2.126000e+01 2.083343e+01 2.077543e+01
2.066500e+01 2.126000e+01 2.083343e+01 2.077543e+01 2.067500e+01 2.126000e+01 2.083406e+01 2.077300e+01
2.067500e+01 2.126000e+01 2.083406e+01 2.077300e+01 2.068000e+01 2.126500e+01 2.083315e+01 2.077662e+01
2.093500e+01 2.126000e+01 2.083117e+01 2.077633e+01 2.093000e+01 2.126500e+01 2.083215e+01 2.077987e+01
2.093500e+01 2.126000e+01 2.083117e+01 2.077633e+01 2.094500e+01 2.126000e+01 2.083190e+01 2.077901e+01
2.094500e+01 2.126000e+01 2.083190e+01 2.077901e+01 2.095500e+01 2.126000e+01 2.083279e+01 2.078183e+01
2.096000e+01 2.125500e+01 2.083184e+01 2.077865e+01 2.095500e+01 2.126000e+01 2.083279e+01 2.078183e+01
2.068000e+01 2.126500e+01 2.083315e+01 2.077662e+01 2.068500e+01 2.127000e+01 2.083238e+01 2.078028e+01
2.068500e+01 2.127000e+01 2.083238e+01 2.078028e+01 2.069500e+01 2.127000e+01 2.083287e+01 2.077825e+01
2.069500e+01 2.127000e+01 2.083287e+01 2.077825e+01 2.070500e+01 2.127000e+01 2.083323e+01 2.077638e+01
2.070500e+01 2.127000e+01 2.083323e+01 2.077638e+01 2.071500e+01 2.127000e+01 2.083349e+01 2.077467e+01
2.071500e+01 2.127000e+01 2.083349e+01 2.077467e+01 2.072000e+01 2.127500e+01 2.083279e+01 2.077883e+01
2.089500e+01 2.127000e+01 2.083163e+01 2.077706e+01 2.089000e+01 2.127500e+01 2.083242e+01 2.078112e+01
2.089500e+01 2.127000e+01 2.083163e+01 2.077706e+01 2.090500e+01 2.127000e+01 2.083197e+01 2.077903e+01
2.090500e+01 2.127000e+01 2.083197e+01 2.077903e+01 2.091500e+01 2.127000e+01 2.083242e+01 2.078116e+01
2.091500e+01 2.127000e+01 2.083242e+01 2.078116e+01 2.092500e+01 2.127000e+01 2.083301e+01 2.078345e+01
2.093000e+01 2.126500e+01 2.083215e+01 2.077987e+01 2.092500e+01 2.127000e+01 2.083301e+01 2.078345e+01
2.072000e+01 2.127500e+01 2.083279e+01 2.077883e+01 2.072500e+01 2.128000e+01 2.083223e+01 2.078302e+01
2.072500e+01 2.128000e+01 2.083223e+01 2.078302e+01 2.073500e+01 2.128000e+01 2.083246e+01 2.078173e+01
2.073500e+01 2.128000e+01 2.083246e+01 2.078173e+01 2.074500e+01 2.128000e+01 2.083261e+01 2.078063e+01
2.074500e+01 2.128000e+01 2.083261e+01 2.078063e+01 2.075500e+01 2.128000e+01 2.083269e+01 2.077970e+01
2.075500e+01 2.128000e+01 2.083269e+01 2.077970e+01 2.076500e+01 2.128000e+01 2.083272e+01 2.077897e+01
2.076500e+01 2.128000e+01 2.083272e+01 2.077897e+01 2.077500e+01 2.128000e+01 2.083270e+01 2.077842e+01
2.077500e+01 2.128000e+01 2.083270e+01 2.077842e+01 2.078500e+01 2.128000e+01 2.083265e+01 2.077807e+01
2.078500e+01 2.128000e+01 2.083265e+01 2.077807e+01 2.079500e+01 2.128000e+01 2.083259e+01 2.077791e+01
2.079500e+01 2.128000e+01 2.083259e+01 2.077791e+01 2.080500e+01 2.128000e+01 2.083251e+01 2.077795e+01
2.080500e+01 2.128000e+01 2.083251e+01 2.077795e+01 2.081500e+01 2.128000e+01 2.083244e+01 2.077819e+01
2.081500e+01 2.128000e+01 2.083244e+01 2.077819e+01 2.082500e+01 2.128000e+01 2.083238e+01 2.077862e+01
2.082500e+01 2.128000e+01 2.083238e+01 2.077862e+01 2.083500e+01 2.128000e+01 2.083236e+01 2.077925e+01
2.083500e+01 2.128000e+01 2.083236e+01 2.077925e+01 2.084500e+01 2.128000e+01 2.083237e+01 2.078007e+01
2.084500e+01 2.128000e+01 2.083237e+01 2.078007e+01 2.085500e+01 2.128000e+01 2.083244e+01 2.078107e+01
2.085500e+01 2.128000e+01 2.083244e+01 2.078107e+01 2.086500e+01 2.128000e+01 2.083258e+01 2.078227e+01
2.086500e+01 2.128000e+01 2.083258e+01 2.078227e+01 2.087500e+01 2.128000e+01 2.083279e+01 2.078365e+01
2.087500e+01 2.128000e+01 2.083279e+01 2.078365e+01 2.088500e+01 2.128000e+01 2.083309e+01 2.078520e+01
2.089000e+01 2.127500e+01 2.083242e+01 2.078112e+01 2.088500e+01 2.128000e+01 2.083309e+01 2.078520e+01
2.081000e+01 2.076000e+01 1.977129e+01 2.072076e+01 2.081000e+01 2.076000e+01 1.977384e+01 2.065309e+01
2.081000e+01 2.076000e+01 1.977384e+01 2.065309e+01 2.081000e+01 2.076000e+01 1.978100e+01 2.058588e+01
2.081000e+01 2.076000e+01 1.978100e+01 2.058588e+01 2.081000e+01 2.076000e+01 1.979274e+01 2.051936e+01
2.081000e+01 2.076000e+01 1.979274e+01 2.051936e+01 2.081000e+01 2.076000e+01 1.980902e+01 2.045376e+01
2.081000e+01 2.076000e+01 1.980902e+01 2.045376e+01 2.081000e+01 2.076000e+01 1.982978e+01 2.038932e+01
2.081000e+01 2.076000e+01 1.982978e+01 2.038932e+01 2.081000e+01 2.076000e+01 1.985499e+01 2.032626e+01
2.081000e+01 2.076000e+01 1.985499e+01 2.032626e+01 2.081000e+01 2.076000e+01 1.988459e+01 2.026484e+01
2.081000e+01 2.076000e+01 1.988459e+01 2.026484e+01 2.081000e+01 2.076000e+01 1.991850e+01 2.020529e+01
2.081000e+01 2.076000e+01 1.991850e+01 2.020529e+01 2.081000e+01 2.076000e+01 1.995668e+01 2.014787e+01
2.081000e+01 2.076000e+01 1.995668e+01 2.014787e+01 2.081000e+01 2.076000e+01 1.999902e+01 2.009281e+01
2.081000e+01 2.076000e+01 1.999902e+01 2.009281e+01 2.081000e+01 2.076000e+01 2.004543e+01 2.004040e+01
2.081000e+01 2.076000e+01 2.004543e+01 2.004040e+01 2.081000e+01 2.076000e+01 2.009581e+01 1.999090e+01
2.081000e+01 2.076000e+01 2.009581e+01 1.999090e+01 2.081000e+01 2.076000e+01 2.015001e+01 1.994458e+01
2.081000e+01 2.076000e+01 2.015001e+01 1.994458e+01 2.081000e+01 2.076000e+01 2.020787e+01 1.990173e+01
2.081000e+01 2.076000e+01 2.020787e+01 1.990173e+01 2.081000e+01 2.076000e+01 2.026920e+01 1.986262e+01
2.081000e+01 2.076000e+01 2.026920e+01 1.986262e+01 2.081000e+01 2.076000e+01 2.033379e+01 1.982754e+01
2.081000e+01 2.076000e+01 2.033379e+01 1.982754e+01 2.081000e+01 2.076000e+01 2.040137e+01 1.979676e+01
2.081000e+01 2.076000e+01 2.040137e+01 1.979676e+01 2.081000e+01 2.076000e+01 2.047164e+01 1.977055e+01
2.081000e+01 2.076000e+01 2.047164e+01 1.977055e+01 2.081000e+01 2.076000e+01 2.054427e+01 1.974916e+01
2.081000e+01 2.076000e+01 2.054427e+01 1.974916e+01 2.081000e+01 2.076000e+01 2.061887e+01 1.973280e+01
2.081000e+01 2.076000e+01 2.061887e+01 1.973280e+01 2.081000e+01 2.076000e+01 2.069502e+01 1.972168e+01
2.081000e+01 2.076000e+01 2.069502e+01 1.972168e+01 2.081000e+01 2.076000e+01 2.077226e+01 1.971594e+01
2.081000e+01 2.076000e+01 2.077226e+01 1.971594e+01 2.081000e+01 2.076000e+01 2.085010e+01 1.971569e+01
2.081000e+01 2.076000e+01 2.085010e+01 1.971569e+01 2.081000e+01 2.076000e+01 2.092803e+01 1.972099e+01
2.081000e+01 2.076000e+01 2.092803e+01 1.972099e+01 2.081000e+01 2.076000e+01 2.100552e+01 1.973182e+01
2.081000e+01 2.076000e+01 2.100552e+01 1.973182e+01 2.081000e+01 2.076000e+01 2.108206e+01 1.974812e+01
2.081000e+01 2.076000e+01 2.108206e+01 1.974812e+01 2.081000e+01 2.076000e+01 2.115711e+01 1.976979e+01
2.081000e+01 2.076000e+01 2.115711e+01 1.976979e+01 2.081000e+01 2.076000e+01 2.123020e+01 1.979663e+01
2.081000e+01 2.076000e+01 2.123020e+01 1.979663e+01 2.081000e+01 2.076000e+01 2.130084e+01 1.982843e+01
2.081000e+01 2.076000e+01 2.130084e+01 1.982843e+01 2.081000e+01 2.076000e+01 2.136863e+01 1.986492e+01
2.081000e+01 2.076000e+01 2.136863e+01 1.986492e+01 2.081000e+01 2.076000e+01 2.143317e+01 1.990581e+01
2.081000e+01 2.076000e+01 2.143317e+01 1.990581e+01 2.081000e+01 2.076000e+01 2.149413e+01 1.995076e+01
2.081000e+01 2.076000e+01 2.149413e+01 1.995076e+01 2.081000e+01 2.076000e+01 2.155124e+01 1.999944e+01
2.081000e+01 2.076000e+01 2.155124e+01 1.999944e+01 2.081000e+01 2.076000e+01 2.160425e+01 2.005149e+01
2.081000e+01 2.076000e+01 2.160425e+01 2.005149e+01 2.081000e+01 2.076000e+01 2.165297e+01 2.010657e+01
2.081000e+01 2.076000e+01 2.165297e+01 2.010657e+01 2.081000e+01 2.076000e+01 2.169725e+01 2.016433e+01
2.081000e+01 2.076000e+01 2.169725e+01 2.016433e+01 2.081000e+01 2.076000e+01 2.173699e+01 2.022442e+01
2.081000e+01 2.076000e+01 2.173699e+01 2.022442e+01 2.081000e+01 2.076000e+01 2.177209e+01 2.028651e+01
2.081000e+01 2.076000e+01 2.177209e+01 2.028651e+01 2.081000e+01 2.076000e+01 2.180250e+01 2.035028e+01
2.081000e+01 2.076000e+01 2.180250e+01 2.035028e+01 2.081000e+01 2.076000e+01 2.182819e+01 2.041543e+01
2.081000e+01 2.076000e+01 2.182819e+01 2.041543e+01 2.081000e+01 2.076000e+01 2.184914e+01 2.048167e+01
2.081000e+01 2.076000e+01 2.184914e+01 2.048167e+01 2.081000e+01 2.076000e+01 2.186536e+01 2.054871e+01
2.081000e+01 2.076000e+01 2.186536e+01 2.054871e+01 2.081000e+01 2.076000e+01 2.187686e+01 2.061629e+01
2.081000e+01 2.076000e+01 2.187686e+01 2.061629e+01 2.081000e+01 2.076000e+01 2.188364e+01 2.068414e+01
2.081000e+01 2.076000e+01 2.188364e+01 2.068414e+01 2.081000e+01 2.076000e+01 2.188574e+01 2.075203e+01
2.081000e+01 2.076000e+01 2.188574e+01 2.075203e+01 2.081000e+01 2.076000e+01 2.188320e+01 2.081969e+01
2.081000e+01 2.076000e+01 2.188320e+01 2.081969e+01 2.081000e+01 2.076000e+01 2.187603e+01 2.088690e+01
2.081000e+01 2.076000e+01 2.187603e+01 2.088690e+01 2.081000e+01 2.076000e+01 2.186429e+01 2.095342e+01
2.081000e+01 2.076000e+01 2.186429e+01 2.095342e+01 2.081000e+01 2.076000e+01 2.184802e+01 2.101902e+01
2.081000e+01 2.076000e+01 2.184802e+01 2.101902e+01 2.081000e+01 2.076000e+01 2.182725e+01 2.108346e+01
2.081000e+01 2.076000e+01 2.182725e+01 2.108346e+01 2.081000e+01 2.076000e+01 2.180204e+01 2.114652e+01
2.081000e+01 2.076000e+01 2.180204e+01 2.114652e+01 2.081000e+01 2.076000e+01 2.177245e+01 2.120794e+01
2.081000e+01 2.076000e+01 2.177245e+01 2.120794e+01 2.081000e+01 2.076000e+01 2.173853e+01 2.126749e+01
2.081000e+01 2.076000e+01 2.173853e+01 2.126749e+01 2.081000e+01 2.076000e+01 2.170036e+01 2.132492e+01
2.081000e+01 2.076000e+01 2.170036e+01 2.132492e+01 2.081000e+01 2.076000e+01 2.165802e+01 2.137997e+01
2.081000e+01 2.076000e+01 2.165802e+01 2.137997e+01 2.081000e+01 2.076000e+01 2.161160e+01 2.143238e+01
2.081000e+01 2.076000e+01 2.161160e+01 2.143238e+01 2.081000e+01 2.076000e+01 2.156123e+01 2.148188e+01
2.081000e+01 2.076000e+01 2.156123e+01 2.148188e+01 2.081000e+01 2.076000e+01 2.150703e+01 2.152820e+01
2.081000e+01 2.076000e+01 2.150703e+01 2.152820e+01 2.081000e+01 2.076000e+01 2.144916e+01 2.157105e+01
2.081000e+01 2.076000e+01 2.144916e+01 2.157105e+01 2.081000e+01 2.076000e+01 2.138783e+01 2.161016e+01
2.081000e+01 2.076000e+01 2.138783e+01 2.161016e+01 2.081000e+01 2.076000e+01 2.132324e+01 2.164524e+01
2.081000e+01 2.076000e+01 2.132324e+01 2.164524e+01 2.081000e+01 2.076000e+01 2.125566e+01 2.167602e+01
2.081000e+01 2.076000e+01 2.125566e+01 2.167602e+01 2.081000e+01 2.076000e+01 2.118539e+01 2.170223e+01
2.081000e+01 2.076000e+01 2.118539e+01 2.170223e+01 2.081000e+01 2.076000e+01 2.111276e+01 2.172362e+01
2.081000e+01 2.076000e+01 2.111276e+01 2.172362e+01 2.081000e+01 2.076000e+01 2.103816e+01 2.173998e+01
2.081000e+01 2.076000e+01 2.103816e+01 2.173998e+01 2.081000e+01 2.076000e+01 2.096202e+01 2.175110e+01
2.081000e+01 2.076000e+01 2.096202e+01 2.175110e+01 2.081000e+01 2.076000e+01 2.088478e+01 2.175684e+01
2.081000e+01 2.076000e+01 2.088478e+01 2.175684e+01 2.081000e+01 2.076000e+01 2.080694e+01 2.175709e+01
2.081000e+01 2.076000e+01 2.080694e+01 2.175709e+01 2.081000e+01 2.076000e+01 2.072901e+01 2.175179e+01
2.081000e+01 2.076000e+01 2.072901e+01 2.175179e+01 2.081000e+01 2.076000e+01 2.065151e+01 2.174096e+01
2.081000e+01 2.076000e+01 2.065151e+01 2.174096e+01 2.081000e+01 2.076000e+01 2.057498e+01 2.172466e+01
2.081000e+01 2.076000e+01 2.057498e+01 2.172466e+01 2.081000e+01 2.076000e+01 2.049992e+01 2.170299e+01
2.081000e+01 2.076000e+01 2.049992e+01 2.170299e+01 2.081000e+01 2.076000e+01 2.042683e+01 2.167615e+01
2.081000e+01 2.076000e+01 2.042683e+01 2.167615e+01 2.081000e+01 2.076000e+01 2.035619e+01 2.164435e+01
2.081000e+01 2.076000e+01 2.035619e+01 2.164435e+01 2.081000e+01 2.076000e+01 2.028840e+01 2.160786e+01
2.081000e+01 2.076000e+01 2.028840e+01 2.160786e+01 2.081000e+01 2.076000e+01 2.022386e+01 2.156697e+01
2.081000e+01 2.076000e+01 2.022386e+01 2.156697e+01 2.081000e+01 2.076000e+01 2.016290e+01 2.152202e+01
2.081000e+01 2.076000e+01 2.016290e+01 2.152202e+01 2.081000e+01 2.076000e+01 2.010579e+01 2.147334e+01
2.081000e+01 2.076000e+01 2.010579e+01 2.147334e+01 2.081000e+01 2.076000e+01 2.005279e+01 2.142129e+01
2.081000e+01 2.076000e+01 2.005279e+01 2.142129e+01 2.081000e+01 2.076000e+01 2.000406e+01 2.136621e+01
2.081000e+01 2.076000e+01 2.000406e+01 2.136621e+01 2.081000e+01 2.076000e+01 1.995978e+01 2.130845e+01
2.081000e+01 2.076000e+01 1.995978e+01 2.130845e+01 2.081000e+01 2.076000e+01 1.992005e+01 2.124836e+01
2.081000e+01 2.076000e+01 1.992005e+01 2.124836e+01 2.081000e+01 2.076000e+01 1.988495e+01 2.118627e+01
2.081000e+01 2.076000e+01 1.988495e+01 2.118627e+01 2.081000e+01 2.076000e+01 1.985454e+01 2.112250e+01
2.081000e+01 2.076000e+01 1.985454e+01 2.112250e+01 2.081000e+01 2.076000e+01 1.982884e+01 2.105735e+01
2.081000e+01 2.076000e+01 1.982884e+01 2.105735e+01 2.081000e+01 2.076000e+01 1.980789e+01 2.099111e+01
2.081000e+01 2.076000e+01 1.980789e+01 2.099111e+01 2.081000e+01 2.076000e+01 1.979167e+01 2.092407e+01
2.081000e+01 2.076000e+01 1.979167e+01 2.092407e+01 2.081000e+01 2.076000e+01 1.978018e+01 2.085649e+01
2.081000e+01 2.076000e+01 1.978018e+01 2.085649e+01 2.081000e+01 2.076000e+01 1.977339e+01 2.078864e+01
2.081000e+01 2.076000e+01 1.977339e+01 2.078864e+01 2.081000e+01 2.076000e+01 1.977129e+01 2.072076e+01
