2.073500e+01 2.024000e+01 2.080402e+01 2.071330e+01 2.073000e+01 2.024500e+01 2.080469e+01 2.071730e+01
2.073500e+01 2.024000e+01 2.080402e+01 2.071330e+01 2.074500e+01 2.024000e+01 2.080434e+01 2.071487e+01
2.074500e+01 2.024000e+01 2.080434e+01 2.071487e+01 2.075500e+01 2.024000e+01 2.080457e+01 2.071627e+01
2.075500e+01 2.024000e+01 2.080457e+01 2.071627e+01 2.076500e+01 2.024000e+01 2.080473e+01 2.071749e+01
2.076500e+01 2.024000e+01 2.080473e+01 2.071749e+01 2.077500e+01 2.024000e+01 2.080481e+01 2.071852e+01
2.077500e+01 2.024000e+01 2.080481e+01 2.071852e+01 2.078500e+01 2.024000e+01 2.080484e+01 2.071937e+01
2.078500e+01 2.024000e+01 2.080484e+01 2.071937e+01 2.079500e+01 2.024000e+01 2.080483e+01 2.072002e+01
2.079500e+01 2.024000e+01 2.080483e+01 2.072002e+01 2.080500e+01 2.024000e+01 2.080479e+01 2.072049e+01
2.080500e+01 2.024000e+01 2.080479e+01 2.072049e+01 2.081500e+01 2.024000e+01 2.080473e+01 2.072076e+01
2.081500e+01 2.024000e+01 2.080473e+01 2.072076e+01 2.082500e+01 2.024000e+01 2.080466e+01 2.072083e+01
2.082500e+01 2.024000e+01 2.080466e+01 2.072083e+01 2.083500e+01 2.024000e+01 2.080460e+01 2.072072e+01
2.083500e+01 2.024000e+01 2.080460e+01 2.072072e+01 2.084500e+01 2.024000e+01 2.080455e+01 2.072041e+01
2.084500e+01 2.024000e+01 2.080455e+01 2.072041e+01 2.085500e+01 2.024000e+01 2.080453e+01 2.071990e+01
2.085500e+01 2.024000e+01 2.080453e+01 2.071990e+01 2.086500e+01 2.024000e+01 2.080456e+01 2.071921e+01
2.086500e+01 2.024000e+01 2.080456e+01 2.071921e+01 2.087500e+01 2.024000e+01 2.080464e+01 2.071834e+01
2.087500e+01 2.024000e+01 2.080464e+01 2.071834e+01 2.088500e+01 2.024000e+01 2.080478e+01 2.071728e+01
2.088500e+01 2.024000e+01 2.080478e+01 2.071728e+01 2.089500e+01 2.024000e+01 2.080500e+01 2.071604e+01
2.089500e+01 2.024000e+01 2.080500e+01 2.071604e+01 2.090000e+01 2.024500e+01 2.080445e+01 2.072019e+01
2.069500e+01 2.025000e+01 2.080401e+01 2.071486e+01 2.069000e+01 2.025500e+01 2.080486e+01 2.071838e+01
2.069500e+01 2.025000e+01 2.080401e+01 2.071486e+01 2.070500e+01 2.025000e+01 2.080463e+01 2.071716e+01
2.070500e+01 2.025000e+01 2.080463e+01 2.071716e+01 2.071500e+01 2.025000e+01 2.080511e+01 2.071930e+01
2.071500e+01 2.025000e+01 2.080511e+01 2.071930e+01 2.072500e+01 2.025000e+01 2.080546e+01 2.072128e+01
2.073000e+01 2.024500e+01 2.080469e+01 2.071730e+01 2.072500e+01 2.025000e+01 2.080546e+01 2.072128e+01
2.090000e+01 2.024500e+01 2.080445e+01 2.072019e+01 2.090500e+01 2.025000e+01 2.080378e+01 2.072429e+01
2.090500e+01 2.025000e+01 2.080378e+01 2.072429e+01 2.091500e+01 2.025000e+01 2.080402e+01 2.072264e+01
2.091500e+01 2.025000e+01 2.080402e+01 2.072264e+01 2.092500e+01 2.025000e+01 2.080436e+01 2.072083e+01
2.092500e+01 2.025000e+01 2.080436e+01 2.072083e+01 2.093500e+01 2.025000e+01 2.080483e+01 2.071885e+01
2.093500e+01 2.025000e+01 2.080483e+01 2.071885e+01 2.094000e+01 2.025500e+01 2.080407e+01 2.072248e+01
2.066500e+01 2.026000e+01 2.080416e+01 2.071634e+01 2.066000e+01 2.026500e+01 2.080509e+01 2.071946e+01
2.066500e+01 2.026000e+01 2.080416e+01 2.071634e+01 2.067500e+01 2.026000e+01 2.080507e+01 2.071916e+01
2.067500e+01 2.026000e+01 2.080507e+01 2.071916e+01 2.068500e+01 2.026000e+01 2.080583e+01 2.072184e+01
2.069000e+01 2.025500e+01 2.080486e+01 2.071838e+01 2.068500e+01 2.026000e+01 2.080583e+01 2.072184e+01
2.094000e+01 2.025500e+01 2.080407e+01 2.072248e+01 2.094500e+01 2.026000e+01 2.080319e+01 2.072604e+01
2.094500e+01 2.026000e+01 2.080319e+01 2.072604e+01 2.095500e+01 2.026000e+01 2.080378e+01 2.072367e+01
2.095500e+01 2.026000e+01 2.080378e+01 2.072367e+01 2.096000e+01 2.026500e+01 2.080290e+01 2.072699e+01
2.064500e+01 2.027000e+01 2.080500e+01 2.071934e+01 2.064000e+01 2.027500e+01 2.080599e+01 2.072216e+01
2.064500e+01 2.027000e+01 2.080500e+01 2.071934e+01 2.065500e+01 2.027000e+01 2.080614e+01 2.072251e+01
2.066000e+01 2.026500e+01 2.080509e+01 2.071946e+01 2.065500e+01 2.027000e+01 2.080614e+01 2.072251e+01
2.096000e+01 2.026500e+01 2.080290e+01 2.072699e+01 2.096500e+01 2.027000e+01 2.080190e+01 2.073024e+01
2.096500e+01 2.027000e+01 2.080190e+01 2.073024e+01 2.097500e+01 2.027000e+01 2.080268e+01 2.072750e+01
2.097500e+01 2.027000e+01 2.080268e+01 2.072750e+01 2.098500e+01 2.027000e+01 2.080364e+01 2.072463e+01
2.098500e+01 2.027000e+01 2.080364e+01 2.072463e+01 2.099000e+01 2.027500e+01 2.080271e+01 2.072753e+01
2.062500e+01 2.028000e+01 2.080568e+01 2.072141e+01 2.062000e+01 2.028500e+01 2.080668e+01 2.072395e+01
2.062500e+01 2.028000e+01 2.080568e+01 2.072141e+01 2.063500e+01 2.028000e+01 2.080708e+01 2.072491e+01
2.064000e+01 2.027500e+01 2.080599e+01 2.072216e+01 2.063500e+01 2.028000e+01 2.080708e+01 2.072491e+01
2.099000e+01 2.027500e+01 2.080271e+01 2.072753e+01 2.099500e+01 2.028000e+01 2.080167e+01 2.073034e+01
2.099500e+01 2.028000e+01 2.080167e+01 2.073034e+01 2.100500e+01 2.028000e+01 2.080289e+01 2.072713e+01
2.100500e+01 2.028000e+01 2.080289e+01 2.072713e+01 2.101000e+01 2.028500e+01 2.080194e+01 2.072972e+01
2.060500e+01 2.029000e+01 2.080606e+01 2.072259e+01 2.060000e+01 2.029500e+01 2.080703e+01 2.072484e+01
2.060500e+01 2.029000e+01 2.080606e+01 2.072259e+01 2.061500e+01 2.029000e+01 2.080778e+01 2.072639e+01
2.062000e+01 2.028500e+01 2.080668e+01 2.072395e+01 2.061500e+01 2.029000e+01 2.080778e+01 2.072639e+01
2.101000e+01 2.028500e+01 2.080194e+01 2.072972e+01 2.101500e+01 2.029000e+01 2.080088e+01 2.073221e+01
2.101500e+01 2.029000e+01 2.080088e+01 2.073221e+01 2.102500e+01 2.029000e+01 2.080241e+01 2.072869e+01
2.102500e+01 2.029000e+01 2.080241e+01 2.072869e+01 2.103000e+01 2.029500e+01 2.080149e+01 2.073098e+01
2.059500e+01 2.030000e+01 2.080810e+01 2.072698e+01 2.059000e+01 2.030500e+01 2.080910e+01 2.072904e+01
2.060000e+01 2.029500e+01 2.080703e+01 2.072484e+01 2.059500e+01 2.030000e+01 2.080810e+01 2.072698e+01
2.103000e+01 2.029500e+01 2.080149e+01 2.073098e+01 2.103500e+01 2.030000e+01 2.080046e+01 2.073316e+01
2.103500e+01 2.030000e+01 2.080046e+01 2.073316e+01 2.104000e+01 2.030500e+01 2.079951e+01 2.073524e+01
2.057500e+01 2.031000e+01 2.080794e+01 2.072674e+01 2.057000e+01 2.031500e+01 2.080885e+01 2.072852e+01
2.057500e+01 2.031000e+01 2.080794e+01 2.072674e+01 2.058500e+01 2.031000e+01 2.081018e+01 2.073098e+01
2.059000e+01 2.030500e+01 2.080910e+01 2.072904e+01 2.058500e+01 2.031000e+01 2.081018e+01 2.073098e+01
2.104000e+01 2.030500e+01 2.079951e+01 2.073524e+01 2.104500e+01 2.031000e+01 2.079847e+01 2.073721e+01
2.104500e+01 2.031000e+01 2.079847e+01 2.073721e+01 2.105500e+01 2.031000e+01 2.080053e+01 2.073324e+01
2.105500e+01 2.031000e+01 2.080053e+01 2.073324e+01 2.106000e+01 2.031500e+01 2.079967e+01 2.073503e+01
2.056500e+01 2.032000e+01 2.080984e+01 2.073018e+01 2.056000e+01 2.032500e+01 2.081074e+01 2.073176e+01
2.057000e+01 2.031500e+01 2.080885e+01 2.072852e+01 2.056500e+01 2.032000e+01 2.080984e+01 2.073018e+01
2.106000e+01 2.031500e+01 2.079967e+01 2.073503e+01 2.106500e+01 2.032000e+01 2.079872e+01 2.073670e+01
2.106500e+01 2.032000e+01 2.079872e+01 2.073670e+01 2.107000e+01 2.032500e+01 2.079788e+01 2.073830e+01
2.054500e+01 2.033000e+01 2.080883e+01 2.072864e+01 2.054000e+01 2.033500e+01 2.080958e+01 2.072997e+01
2.054500e+01 2.033000e+01 2.080883e+01 2.072864e+01 2.055500e+01 2.033000e+01 2.081170e+01 2.073323e+01
2.056000e+01 2.032500e+01 2.081074e+01 2.073176e+01 2.055500e+01 2.033000e+01 2.081170e+01 2.073323e+01
2.107000e+01 2.032500e+01 2.079788e+01 2.073830e+01 2.107500e+01 2.033000e+01 2.079696e+01 2.073976e+01
2.107500e+01 2.033000e+01 2.079696e+01 2.073976e+01 2.108000e+01 2.033500e+01 2.079615e+01 2.074115e+01
2.053500e+01 2.034000e+01 2.081040e+01 2.073117e+01 2.053000e+01 2.034500e+01 2.081109e+01 2.073232e+01
2.054000e+01 2.033500e+01 2.080958e+01 2.072997e+01 2.053500e+01 2.034000e+01 2.081040e+01 2.073117e+01
2.108000e+01 2.033500e+01 2.079615e+01 2.074115e+01 2.108500e+01 2.034000e+01 2.079528e+01 2.074242e+01
2.108500e+01 2.034000e+01 2.079528e+01 2.074242e+01 2.109000e+01 2.034500e+01 2.079452e+01 2.074362e+01
2.052500e+01 2.035000e+01 2.081184e+01 2.073334e+01 2.052000e+01 2.035500e+01 2.081246e+01 2.073431e+01
2.053000e+01 2.034500e+01 2.081109e+01 2.073232e+01 2.052500e+01 2.035000e+01 2.081184e+01 2.073334e+01
2.109000e+01 2.034500e+01 2.079452e+01 2.074362e+01 2.109500e+01 2.035000e+01 2.079371e+01 2.074468e+01
2.109500e+01 2.035000e+01 2.079371e+01 2.074468e+01 2.110000e+01 2.035500e+01 2.079303e+01 2.074569e+01
2.051500e+01 2.036000e+01 2.081313e+01 2.073516e+01 2.051000e+01 2.036500e+01 2.081367e+01 2.073596e+01
2.052000e+01 2.035500e+01 2.081246e+01 2.073431e+01 2.051500e+01 2.036000e+01 2.081313e+01 2.073516e+01
2.110000e+01 2.035500e+01 2.079303e+01 2.074569e+01 2.110500e+01 2.036000e+01 2.079229e+01 2.074656e+01
2.110500e+01 2.036000e+01 2.079229e+01 2.074656e+01 2.111000e+01 2.036500e+01 2.079169e+01 2.074738e+01
2.050500e+01 2.037000e+01 2.081425e+01 2.073663e+01 2.050000e+01 2.037500e+01 2.081469e+01 2.073726e+01
2.051000e+01 2.036500e+01 2.081367e+01 2.073596e+01 2.050500e+01 2.037000e+01 2.081425e+01 2.073663e+01
2.111000e+01 2.036500e+01 2.079169e+01 2.074738e+01 2.111500e+01 2.037000e+01 2.079106e+01 2.074806e+01
2.111500e+01 2.037000e+01 2.079106e+01 2.074806e+01 2.112000e+01 2.037500e+01 2.079056e+01 2.074871e+01
2.049500e+01 2.038000e+01 2.081516e+01 2.073776e+01 2.049000e+01 2.038500e+01 2.081549e+01 2.073824e+01
2.050000e+01 2.037500e+01 2.081469e+01 2.073726e+01 2.049500e+01 2.038000e+01 2.081516e+01 2.073776e+01
2.112000e+01 2.037500e+01 2.079056e+01 2.074871e+01 2.112500e+01 2.038000e+01 2.079003e+01 2.074922e+01
2.112500e+01 2.038000e+01 2.079003e+01 2.074922e+01 2.113000e+01 2.038500e+01 2.078966e+01 2.074970e+01
2.048500e+01 2.039000e+01 2.081584e+01 2.073859e+01 2.048000e+01 2.039500e+01 2.081604e+01 2.073892e+01
2.049000e+01 2.038500e+01 2.081549e+01 2.073824e+01 2.048500e+01 2.039000e+01 2.081584e+01 2.073859e+01
2.113000e+01 2.038500e+01 2.078966e+01 2.074970e+01 2.113500e+01 2.039000e+01 2.078926e+01 2.075004e+01
2.113500e+01 2.039000e+01 2.078926e+01 2.075004e+01 2.114000e+01 2.039500e+01 2.078901e+01 2.075036e+01
2.047500e+01 2.040000e+01 2.081625e+01 2.073912e+01 2.047000e+01 2.040500e+01 2.081632e+01 2.073932e+01
2.048000e+01 2.039500e+01 2.081604e+01 2.073892e+01 2.047500e+01 2.040000e+01 2.081625e+01 2.073912e+01
2.114000e+01 2.039500e+01 2.078901e+01 2.075036e+01 2.114500e+01 2.040000e+01 2.078876e+01 2.075055e+01
2.114500e+01 2.040000e+01 2.078876e+01 2.075055e+01 2.115000e+01 2.040500e+01 2.078866e+01 2.075073e+01
2.047000e+01 2.040500e+01 2.081632e+01 2.073932e+01 2.047000e+01 2.041500e+01 2.082145e+01 2.074458e+01
2.115000e+01 2.040500e+01 2.078866e+01 2.075073e+01 2.115500e+01 2.041000e+01 2.078856e+01 2.075077e+01
2.115500e+01 2.041000e+01 2.078856e+01 2.075077e+01 2.116000e+01 2.041500e+01 2.078862e+01 2.075082e+01
2.046500e+01 2.042000e+01 2.082151e+01 2.074451e+01 2.046000e+01 2.042500e+01 2.082142e+01 2.074445e+01
2.047000e+01 2.041500e+01 2.082145e+01 2.074458e+01 2.046500e+01 2.042000e+01 2.082151e+01 2.074451e+01
2.116000e+01 2.041500e+01 2.078862e+01 2.075082e+01 2.116000e+01 2.042500e+01 2.078375e+01 2.075552e+01
2.045500e+01 2.043000e+01 2.082131e+01 2.074426e+01 2.045000e+01 2.043500e+01 2.082105e+01 2.074409e+01
2.046000e+01 2.042500e+01 2.082142e+01 2.074445e+01 2.045500e+01 2.043000e+01 2.082131e+01 2.074426e+01
2.116000e+01 2.042500e+01 2.078375e+01 2.075552e+01 2.116500e+01 2.043000e+01 2.078385e+01 2.075529e+01
2.116500e+01 2.043000e+01 2.078385e+01 2.075529e+01 2.117000e+01 2.043500e+01 2.078410e+01 2.075509e+01
2.044500e+01 2.044000e+01 2.082076e+01 2.074380e+01 2.044000e+01 2.044500e+01 2.082032e+01 2.074353e+01
2.045000e+01 2.043500e+01 2.082105e+01 2.074409e+01 2.044500e+01 2.044000e+01 2.082076e+01 2.074380e+01
2.117000e+01 2.043500e+01 2.078410e+01 2.075509e+01 2.117500e+01 2.044000e+01 2.078439e+01 2.075476e+01
2.117500e+01 2.044000e+01 2.078439e+01 2.075476e+01 2.118000e+01 2.044500e+01 2.078483e+01 2.075446e+01
2.044000e+01 2.044500e+01 2.082032e+01 2.074353e+01 2.044000e+01 2.045500e+01 2.082538e+01 2.074781e+01
2.118000e+01 2.044500e+01 2.078483e+01 2.075446e+01 2.118000e+01 2.045500e+01 2.078004e+01 2.075840e+01
2.043500e+01 2.046000e+01 2.082486e+01 2.074730e+01 2.043000e+01 2.046500e+01 2.082419e+01 2.074683e+01
2.044000e+01 2.045500e+01 2.082538e+01 2.074781e+01 2.043500e+01 2.046000e+01 2.082486e+01 2.074730e+01
2.118000e+01 2.045500e+01 2.078004e+01 2.075840e+01 2.118500e+01 2.046000e+01 2.078057e+01 2.075785e+01
2.118500e+01 2.046000e+01 2.078057e+01 2.075785e+01 2.119000e+01 2.046500e+01 2.078127e+01 2.075735e+01
2.043000e+01 2.046500e+01 2.082419e+01 2.074683e+01 2.043000e+01 2.047500e+01 2.082917e+01 2.075065e+01
2.119000e+01 2.046500e+01 2.078127e+01 2.075735e+01 2.119500e+01 2.047000e+01 2.078202e+01 2.075673e+01
2.119500e+01 2.047000e+01 2.078202e+01 2.075673e+01 2.120000e+01 2.047500e+01 2.078294e+01 2.075617e+01
2.042500e+01 2.048000e+01 2.082840e+01 2.074995e+01 2.042000e+01 2.048500e+01 2.082747e+01 2.074932e+01
2.043000e+01 2.047500e+01 2.082917e+01 2.075065e+01 2.042500e+01 2.048000e+01 2.082840e+01 2.074995e+01
2.120000e+01 2.047500e+01 2.078294e+01 2.075617e+01 2.120000e+01 2.048500e+01 2.077836e+01 2.075941e+01
2.041500e+01 2.049000e+01 2.082648e+01 2.074857e+01 2.041000e+01 2.049500e+01 2.082535e+01 2.074790e+01
2.042000e+01 2.048500e+01 2.082747e+01 2.074932e+01 2.041500e+01 2.049000e+01 2.082648e+01 2.074857e+01
2.120000e+01 2.048500e+01 2.077836e+01 2.075941e+01 2.120500e+01 2.049000e+01 2.077941e+01 2.075863e+01
2.120500e+01 2.049000e+01 2.077941e+01 2.075863e+01 2.121000e+01 2.049500e+01 2.078061e+01 2.075793e+01
2.041000e+01 2.049500e+01 2.082535e+01 2.074790e+01 2.041000e+01 2.050500e+01 2.083006e+01 2.075105e+01
2.121000e+01 2.049500e+01 2.078061e+01 2.075793e+01 2.121000e+01 2.050500e+01 2.077621e+01 2.076073e+01
2.040500e+01 2.051000e+01 2.082877e+01 2.075018e+01 2.040000e+01 2.051500e+01 2.082734e+01 2.074939e+01
2.041000e+01 2.050500e+01 2.083006e+01 2.075105e+01 2.040500e+01 2.051000e+01 2.082877e+01 2.075018e+01
2.121000e+01 2.050500e+01 2.077621e+01 2.076073e+01 2.121500e+01 2.051000e+01 2.077758e+01 2.075983e+01
2.121500e+01 2.051000e+01 2.077758e+01 2.075983e+01 2.122000e+01 2.051500e+01 2.077910e+01 2.075902e+01
2.040000e+01 2.051500e+01 2.082734e+01 2.074939e+01 2.040000e+01 2.052500e+01 2.083185e+01 2.075214e+01
2.122000e+01 2.051500e+01 2.077910e+01 2.075902e+01 2.122000e+01 2.052500e+01 2.077493e+01 2.076141e+01
2.040000e+01 2.052500e+01 2.083185e+01 2.075214e+01 2.040000e+01 2.053500e+01 2.083631e+01 2.075467e+01
2.122000e+01 2.052500e+01 2.077493e+01 2.076141e+01 2.122500e+01 2.053000e+01 2.077664e+01 2.076044e+01
2.122500e+01 2.053000e+01 2.077664e+01 2.076044e+01 2.123000e+01 2.053500e+01 2.077850e+01 2.075957e+01
2.039500e+01 2.054000e+01 2.083460e+01 2.075362e+01 2.039000e+01 2.054500e+01 2.083277e+01 2.075268e+01
2.040000e+01 2.053500e+01 2.083631e+01 2.075467e+01 2.039500e+01 2.054000e+01 2.083460e+01 2.075362e+01
2.123000e+01 2.053500e+01 2.077850e+01 2.075957e+01 2.123000e+01 2.054500e+01 2.077459e+01 2.076159e+01
2.039000e+01 2.054500e+01 2.083277e+01 2.075268e+01 2.039000e+01 2.055500e+01 2.083696e+01 2.075484e+01
2.123000e+01 2.054500e+01 2.077459e+01 2.076159e+01 2.123000e+01 2.055500e+01 2.077077e+01 2.076340e+01
2.038500e+01 2.056000e+01 2.083491e+01 2.075376e+01 2.038000e+01 2.056500e+01 2.083275e+01 2.075279e+01
2.039000e+01 2.055500e+01 2.083696e+01 2.075484e+01 2.038500e+01 2.056000e+01 2.083491e+01 2.075376e+01
2.123000e+01 2.055500e+01 2.077077e+01 2.076340e+01 2.123500e+01 2.056000e+01 2.077296e+01 2.076233e+01
2.123500e+01 2.056000e+01 2.077296e+01 2.076233e+01 2.124000e+01 2.056500e+01 2.077528e+01 2.076139e+01
2.038000e+01 2.056500e+01 2.083275e+01 2.075279e+01 2.038000e+01 2.057500e+01 2.083663e+01 2.075462e+01
2.124000e+01 2.056500e+01 2.077528e+01 2.076139e+01 2.124000e+01 2.057500e+01 2.077180e+01 2.076288e+01
2.038000e+01 2.057500e+01 2.083663e+01 2.075462e+01 2.038000e+01 2.058500e+01 2.084040e+01 2.075625e+01
2.124000e+01 2.057500e+01 2.077180e+01 2.076288e+01 2.124000e+01 2.058500e+01 2.076843e+01 2.076418e+01
2.037500e+01 2.059000e+01 2.083789e+01 2.075514e+01 2.037000e+01 2.059500e+01 2.083528e+01 2.075415e+01
2.038000e+01 2.058500e+01 2.084040e+01 2.075625e+01 2.037500e+01 2.059000e+01 2.083789e+01 2.075514e+01
2.124000e+01 2.058500e+01 2.076843e+01 2.076418e+01 2.124500e+01 2.059000e+01 2.077112e+01 2.076312e+01
2.124500e+01 2.059000e+01 2.077112e+01 2.076312e+01 2.125000e+01 2.059500e+01 2.077392e+01 2.076218e+01
2.037000e+01 2.059500e+01 2.083528e+01 2.075415e+01 2.037000e+01 2.060500e+01 2.083868e+01 2.075552e+01
2.125000e+01 2.059500e+01 2.077392e+01 2.076218e+01 2.125000e+01 2.060500e+01 2.077094e+01 2.076325e+01
2.037000e+01 2.060500e+01 2.083868e+01 2.075552e+01 2.037000e+01 2.061500e+01 2.084196e+01 2.075670e+01
2.125000e+01 2.060500e+01 2.077094e+01 2.076325e+01 2.125000e+01 2.061500e+01 2.076811e+01 2.076414e+01
2.037000e+01 2.061500e+01 2.084196e+01 2.075670e+01 2.037000e+01 2.062500e+01 2.084508e+01 2.075771e+01
2.125000e+01 2.061500e+01 2.076811e+01 2.076414e+01 2.125000e+01 2.062500e+01 2.076544e+01 2.076487e+01
2.036500e+01 2.063000e+01 2.084196e+01 2.075665e+01 2.036000e+01 2.063500e+01 2.083877e+01 2.075571e+01
2.037000e+01 2.062500e+01 2.084508e+01 2.075771e+01 2.036500e+01 2.063000e+01 2.084196e+01 2.075665e+01
2.125000e+01 2.062500e+01 2.076544e+01 2.076487e+01 2.125500e+01 2.063000e+01 2.076878e+01 2.076390e+01
2.125500e+01 2.063000e+01 2.076878e+01 2.076390e+01 2.126000e+01 2.063500e+01 2.077220e+01 2.076307e+01
2.036000e+01 2.063500e+01 2.083877e+01 2.075571e+01 2.036000e+01 2.064500e+01 2.084147e+01 2.075656e+01
2.126000e+01 2.063500e+01 2.077220e+01 2.076307e+01 2.126000e+01 2.064500e+01 2.076996e+01 2.076367e+01
2.036000e+01 2.064500e+01 2.084147e+01 2.075656e+01 2.036000e+01 2.065500e+01 2.084402e+01 2.075726e+01
2.126000e+01 2.064500e+01 2.076996e+01 2.076367e+01 2.126000e+01 2.065500e+01 2.076791e+01 2.076414e+01
2.036000e+01 2.065500e+01 2.084402e+01 2.075726e+01 2.036000e+01 2.066500e+01 2.084638e+01 2.075782e+01
2.126000e+01 2.065500e+01 2.076791e+01 2.076414e+01 2.126000e+01 2.066500e+01 2.076603e+01 2.076449e+01
2.036000e+01 2.066500e+01 2.084638e+01 2.075782e+01 2.036000e+01 2.067500e+01 2.084856e+01 2.075826e+01
2.126000e+01 2.066500e+01 2.076603e+01 2.076449e+01 2.126000e+01 2.067500e+01 2.076435e+01 2.076473e+01
2.036000e+01 2.067500e+01 2.084856e+01 2.075826e+01 2.036000e+01 2.068500e+01 2.085055e+01 2.075857e+01
2.126000e+01 2.067500e+01 2.076435e+01 2.076473e+01 2.126000e+01 2.068500e+01 2.076287e+01 2.076487e+01
2.035500e+01 2.069000e+01 2.084656e+01 2.075778e+01 2.035000e+01 2.069500e+01 2.084253e+01 2.075712e+01
2.036000e+01 2.068500e+01 2.085055e+01 2.075857e+01 2.035500e+01 2.069000e+01 2.084656e+01 2.075778e+01
2.126000e+01 2.068500e+01 2.076287e+01 2.076487e+01 2.126500e+01 2.069000e+01 2.076712e+01 2.076426e+01
2.126500e+01 2.069000e+01 2.076712e+01 2.076426e+01 2.127000e+01 2.069500e+01 2.077141e+01 2.076378e+01
2.035000e+01 2.069500e+01 2.084253e+01 2.075712e+01 2.035000e+01 2.070500e+01 2.084406e+01 2.075744e+01
2.127000e+01 2.069500e+01 2.077141e+01 2.076378e+01 2.127000e+01 2.070500e+01 2.077040e+01 2.076397e+01
2.035000e+01 2.070500e+01 2.084406e+01 2.075744e+01 2.035000e+01 2.071500e+01 2.084539e+01 2.075767e+01
2.127000e+01 2.070500e+01 2.077040e+01 2.076397e+01 2.127000e+01 2.071500e+01 2.076960e+01 2.076410e+01
2.035000e+01 2.071500e+01 2.084539e+01 2.075767e+01 2.035000e+01 2.072500e+01 2.084652e+01 2.075784e+01
2.127000e+01 2.071500e+01 2.076960e+01 2.076410e+01 2.127000e+01 2.072500e+01 2.076901e+01 2.076418e+01
2.035000e+01 2.072500e+01 2.084652e+01 2.075784e+01 2.035000e+01 2.073500e+01 2.084743e+01 2.075796e+01
2.127000e+01 2.072500e+01 2.076901e+01 2.076418e+01 2.127000e+01 2.073500e+01 2.076863e+01 2.076422e+01
2.035000e+01 2.073500e+01 2.084743e+01 2.075796e+01 2.035000e+01 2.074500e+01 2.084813e+01 2.075803e+01
2.127000e+01 2.073500e+01 2.076863e+01 2.076422e+01 2.127000e+01 2.074500e+01 2.076846e+01 2.076425e+01
2.035000e+01 2.074500e+01 2.084813e+01 2.075803e+01 2.035000e+01 2.075500e+01 2.084862e+01 2.075806e+01
2.127000e+01 2.074500e+01 2.076846e+01 2.076425e+01 2.127000e+01 2.075500e+01 2.076852e+01 2.076426e+01
2.035000e+01 2.075500e+01 2.084862e+01 2.075806e+01 2.035000e+01 2.076500e+01 2.084889e+01 2.075809e+01
2.127000e+01 2.075500e+01 2.076852e+01 2.076426e+01 2.127000e+01 2.076500e+01 2.076879e+01 2.076428e+01
2.035000e+01 2.076500e+01 2.084889e+01 2.075809e+01 2.035000e+01 2.077500e+01 2.084894e+01 2.075810e+01
2.127000e+01 2.076500e+01 2.076879e+01 2.076428e+01 2.127000e+01 2.077500e+01 2.076927e+01 2.076432e+01
2.035000e+01 2.077500e+01 2.084894e+01 2.075810e+01 2.035000e+01 2.078500e+01 2.084878e+01 2.075813e+01
2.127000e+01 2.077500e+01 2.076927e+01 2.076432e+01 2.127000e+01 2.078500e+01 2.076998e+01 2.076439e+01
2.035000e+01 2.078500e+01 2.084878e+01 2.075813e+01 2.035000e+01 2.079500e+01 2.084840e+01 2.075817e+01
2.127000e+01 2.078500e+01 2.076998e+01 2.076439e+01 2.127000e+01 2.079500e+01 2.077089e+01 2.076450e+01
2.035000e+01 2.079500e+01 2.084840e+01 2.075817e+01 2.035000e+01 2.080500e+01 2.084781e+01 2.075825e+01
2.127000e+01 2.079500e+01 2.077089e+01 2.076450e+01 2.127000e+01 2.080500e+01 2.077201e+01 2.076467e+01
2.035000e+01 2.080500e+01 2.084781e+01 2.075825e+01 2.035000e+01 2.081500e+01 2.084701e+01 2.075838e+01
2.127000e+01 2.080500e+01 2.077201e+01 2.076467e+01 2.127000e+01 2.081500e+01 2.077334e+01 2.076491e+01
2.035000e+01 2.081500e+01 2.084701e+01 2.075838e+01 2.035000e+01 2.082500e+01 2.084600e+01 2.075856e+01
2.127000e+01 2.081500e+01 2.077334e+01 2.076491e+01 2.127000e+01 2.082500e+01 2.077488e+01 2.076523e+01
2.035000e+01 2.082500e+01 2.084600e+01 2.075856e+01 2.035500e+01 2.083000e+01 2.085029e+01 2.075809e+01
2.035500e+01 2.083000e+01 2.085029e+01 2.075809e+01 2.036000e+01 2.083500e+01 2.085453e+01 2.075748e+01
2.126500e+01 2.083000e+01 2.077085e+01 2.076457e+01 2.126000e+01 2.083500e+01 2.076685e+01 2.076377e+01
2.127000e+01 2.082500e+01 2.077488e+01 2.076523e+01 2.126500e+01 2.083000e+01 2.077085e+01 2.076457e+01
2.036000e+01 2.083500e+01 2.085453e+01 2.075748e+01 2.036000e+01 2.084500e+01 2.085305e+01 2.075762e+01
2.126000e+01 2.083500e+01 2.076685e+01 2.076377e+01 2.126000e+01 2.084500e+01 2.076884e+01 2.076409e+01
2.036000e+01 2.084500e+01 2.085305e+01 2.075762e+01 2.036000e+01 2.085500e+01 2.085137e+01 2.075785e+01
2.126000e+01 2.084500e+01 2.076884e+01 2.076409e+01 2.126000e+01 2.085500e+01 2.077103e+01 2.076453e+01
2.036000e+01 2.085500e+01 2.085137e+01 2.075785e+01 2.036000e+01 2.086500e+01 2.084950e+01 2.075820e+01
2.126000e+01 2.085500e+01 2.077103e+01 2.076453e+01 2.126000e+01 2.086500e+01 2.077339e+01 2.076509e+01
2.036000e+01 2.086500e+01 2.084950e+01 2.075820e+01 2.036000e+01 2.087500e+01 2.084744e+01 2.075867e+01
2.126000e+01 2.086500e+01 2.077339e+01 2.076509e+01 2.126000e+01 2.087500e+01 2.077593e+01 2.076579e+01
2.036000e+01 2.087500e+01 2.084744e+01 2.075867e+01 2.036000e+01 2.088500e+01 2.084521e+01 2.075928e+01
2.126000e+01 2.087500e+01 2.077593e+01 2.076579e+01 2.126000e+01 2.088500e+01 2.077864e+01 2.076663e+01
2.036000e+01 2.088500e+01 2.084521e+01 2.075928e+01 2.036500e+01 2.089000e+01 2.084863e+01 2.075845e+01
2.036500e+01 2.089000e+01 2.084863e+01 2.075845e+01 2.037000e+01 2.089500e+01 2.085197e+01 2.075748e+01
2.125500e+01 2.089000e+01 2.077544e+01 2.076570e+01 2.125000e+01 2.089500e+01 2.077232e+01 2.076463e+01
2.126000e+01 2.088500e+01 2.077864e+01 2.076663e+01 2.125500e+01 2.089000e+01 2.077544e+01 2.076570e+01
2.037000e+01 2.089500e+01 2.085197e+01 2.075748e+01 2.037000e+01 2.090500e+01 2.084929e+01 2.075821e+01
2.125000e+01 2.089500e+01 2.077232e+01 2.076463e+01 2.125000e+01 2.090500e+01 2.077545e+01 2.076564e+01
2.037000e+01 2.090500e+01 2.084929e+01 2.075821e+01 2.037000e+01 2.091500e+01 2.084646e+01 2.075910e+01
2.125000e+01 2.090500e+01 2.077545e+01 2.076564e+01 2.125000e+01 2.091500e+01 2.077872e+01 2.076683e+01
2.037000e+01 2.091500e+01 2.084646e+01 2.075910e+01 2.037000e+01 2.092500e+01 2.084349e+01 2.076016e+01
2.125000e+01 2.091500e+01 2.077872e+01 2.076683e+01 2.125000e+01 2.092500e+01 2.078213e+01 2.076820e+01
2.037000e+01 2.092500e+01 2.084349e+01 2.076016e+01 2.037500e+01 2.093000e+01 2.084628e+01 2.075923e+01
2.037500e+01 2.093000e+01 2.084628e+01 2.075923e+01 2.038000e+01 2.093500e+01 2.084897e+01 2.075816e+01
2.124500e+01 2.093000e+01 2.077952e+01 2.076721e+01 2.124000e+01 2.093500e+01 2.077701e+01 2.076610e+01
2.125000e+01 2.092500e+01 2.078213e+01 2.076820e+01 2.124500e+01 2.093000e+01 2.077952e+01 2.076721e+01
2.038000e+01 2.093500e+01 2.084897e+01 2.075816e+01 2.038000e+01 2.094500e+01 2.084561e+01 2.075947e+01
2.124000e+01 2.093500e+01 2.077701e+01 2.076610e+01 2.124000e+01 2.094500e+01 2.078078e+01 2.076773e+01
2.038000e+01 2.094500e+01 2.084561e+01 2.075947e+01 2.038000e+01 2.095500e+01 2.084213e+01 2.076096e+01
2.124000e+01 2.094500e+01 2.078078e+01 2.076773e+01 2.124000e+01 2.095500e+01 2.078465e+01 2.076956e+01
2.038000e+01 2.095500e+01 2.084213e+01 2.076096e+01 2.038500e+01 2.096000e+01 2.084444e+01 2.076002e+01
2.038500e+01 2.096000e+01 2.084444e+01 2.076002e+01 2.039000e+01 2.096500e+01 2.084663e+01 2.075895e+01
2.123500e+01 2.096000e+01 2.078249e+01 2.076859e+01 2.123000e+01 2.096500e+01 2.078045e+01 2.076751e+01
2.124000e+01 2.095500e+01 2.078465e+01 2.076956e+01 2.123500e+01 2.096000e+01 2.078249e+01 2.076859e+01
2.039000e+01 2.096500e+01 2.084663e+01 2.075895e+01 2.039000e+01 2.097500e+01 2.084281e+01 2.076076e+01
2.123000e+01 2.096500e+01 2.078045e+01 2.076751e+01 2.123000e+01 2.097500e+01 2.078463e+01 2.076967e+01
2.039000e+01 2.097500e+01 2.084281e+01 2.076076e+01 2.039000e+01 2.098500e+01 2.083891e+01 2.076278e+01
2.122500e+01 2.098000e+01 2.078280e+01 2.076873e+01 2.122000e+01 2.098500e+01 2.078110e+01 2.076768e+01
2.123000e+01 2.097500e+01 2.078463e+01 2.076967e+01 2.122500e+01 2.098000e+01 2.078280e+01 2.076873e+01
2.039000e+01 2.098500e+01 2.083891e+01 2.076278e+01 2.039500e+01 2.099000e+01 2.084076e+01 2.076191e+01
2.039500e+01 2.099000e+01 2.084076e+01 2.076191e+01 2.040000e+01 2.099500e+01 2.084248e+01 2.076093e+01
2.122000e+01 2.098500e+01 2.078110e+01 2.076768e+01 2.122000e+01 2.099500e+01 2.078556e+01 2.077021e+01
2.040000e+01 2.099500e+01 2.084248e+01 2.076093e+01 2.040000e+01 2.100500e+01 2.083830e+01 2.076333e+01
2.122000e+01 2.099500e+01 2.078556e+01 2.077021e+01 2.122000e+01 2.100500e+01 2.079006e+01 2.077296e+01
2.040000e+01 2.100500e+01 2.083830e+01 2.076333e+01 2.040500e+01 2.101000e+01 2.083982e+01 2.076252e+01
2.040500e+01 2.101000e+01 2.083982e+01 2.076252e+01 2.041000e+01 2.101500e+01 2.084119e+01 2.076162e+01
2.121500e+01 2.101000e+01 2.078864e+01 2.077217e+01 2.121000e+01 2.101500e+01 2.078735e+01 2.077129e+01
2.122000e+01 2.100500e+01 2.079006e+01 2.077296e+01 2.121500e+01 2.101000e+01 2.078864e+01 2.077217e+01
2.041000e+01 2.101500e+01 2.084119e+01 2.076162e+01 2.041000e+01 2.102500e+01 2.083679e+01 2.076442e+01
2.121000e+01 2.101500e+01 2.078735e+01 2.077129e+01 2.121000e+01 2.102500e+01 2.079206e+01 2.077445e+01
2.041000e+01 2.102500e+01 2.083679e+01 2.076442e+01 2.041500e+01 2.103000e+01 2.083800e+01 2.076372e+01
2.041500e+01 2.103000e+01 2.083800e+01 2.076372e+01 2.042000e+01 2.103500e+01 2.083905e+01 2.076294e+01
2.120500e+01 2.103000e+01 2.079092e+01 2.077378e+01 2.120000e+01 2.103500e+01 2.078993e+01 2.077303e+01
2.121000e+01 2.102500e+01 2.079206e+01 2.077445e+01 2.120500e+01 2.103000e+01 2.079092e+01 2.077378e+01
2.042000e+01 2.103500e+01 2.083905e+01 2.076294e+01 2.042000e+01 2.104500e+01 2.083447e+01 2.076618e+01
2.119500e+01 2.104000e+01 2.078901e+01 2.077240e+01 2.119000e+01 2.104500e+01 2.078823e+01 2.077170e+01
2.120000e+01 2.103500e+01 2.078993e+01 2.077303e+01 2.119500e+01 2.104000e+01 2.078901e+01 2.077240e+01
2.042000e+01 2.104500e+01 2.083447e+01 2.076618e+01 2.042500e+01 2.105000e+01 2.083538e+01 2.076562e+01
2.042500e+01 2.105000e+01 2.083538e+01 2.076562e+01 2.043000e+01 2.105500e+01 2.083613e+01 2.076500e+01
2.119000e+01 2.104500e+01 2.078823e+01 2.077170e+01 2.119000e+01 2.105500e+01 2.079321e+01 2.077551e+01
2.043000e+01 2.105500e+01 2.083613e+01 2.076500e+01 2.043500e+01 2.106000e+01 2.083683e+01 2.076450e+01
2.043500e+01 2.106000e+01 2.083683e+01 2.076450e+01 2.044000e+01 2.106500e+01 2.083736e+01 2.076395e+01
2.118500e+01 2.106000e+01 2.079255e+01 2.077505e+01 2.118000e+01 2.106500e+01 2.079203e+01 2.077454e+01
2.119000e+01 2.105500e+01 2.079321e+01 2.077551e+01 2.118500e+01 2.106000e+01 2.079255e+01 2.077505e+01
2.044000e+01 2.106500e+01 2.083736e+01 2.076395e+01 2.044000e+01 2.107500e+01 2.083257e+01 2.076789e+01
2.118000e+01 2.106500e+01 2.079203e+01 2.077454e+01 2.118000e+01 2.107500e+01 2.079708e+01 2.077882e+01
2.044000e+01 2.107500e+01 2.083257e+01 2.076789e+01 2.044500e+01 2.108000e+01 2.083302e+01 2.076759e+01
2.044500e+01 2.108000e+01 2.083302e+01 2.076759e+01 2.045000e+01 2.108500e+01 2.083330e+01 2.076726e+01
2.117500e+01 2.108000e+01 2.079665e+01 2.077855e+01 2.117000e+01 2.108500e+01 2.079636e+01 2.077825e+01
2.118000e+01 2.107500e+01 2.079708e+01 2.077882e+01 2.117500e+01 2.108000e+01 2.079665e+01 2.077855e+01
2.045000e+01 2.108500e+01 2.083330e+01 2.076726e+01 2.045500e+01 2.109000e+01 2.083356e+01 2.076706e+01
2.045500e+01 2.109000e+01 2.083356e+01 2.076706e+01 2.046000e+01 2.109500e+01 2.083365e+01 2.076683e+01
2.116500e+01 2.109000e+01 2.079610e+01 2.077809e+01 2.116000e+01 2.109500e+01 2.079599e+01 2.077789e+01
2.117000e+01 2.108500e+01 2.079636e+01 2.077825e+01 2.116500e+01 2.109000e+01 2.079610e+01 2.077809e+01
2.046000e+01 2.109500e+01 2.083365e+01 2.076683e+01 2.046000e+01 2.110500e+01 2.082878e+01 2.077153e+01
2.115500e+01 2.110000e+01 2.079589e+01 2.077784e+01 2.115000e+01 2.110500e+01 2.079595e+01 2.077777e+01
2.116000e+01 2.109500e+01 2.079599e+01 2.077789e+01 2.115500e+01 2.110000e+01 2.079589e+01 2.077784e+01
2.046000e+01 2.110500e+01 2.082878e+01 2.077153e+01 2.046500e+01 2.111000e+01 2.082884e+01 2.077158e+01
2.046500e+01 2.111000e+01 2.082884e+01 2.077158e+01 2.047000e+01 2.111500e+01 2.082875e+01 2.077162e+01
2.115000e+01 2.110500e+01 2.079595e+01 2.077777e+01 2.115000e+01 2.111500e+01 2.080109e+01 2.078303e+01
2.047000e+01 2.111500e+01 2.082875e+01 2.077162e+01 2.047500e+01 2.112000e+01 2.082865e+01 2.077180e+01
2.047500e+01 2.112000e+01 2.082865e+01 2.077180e+01 2.048000e+01 2.112500e+01 2.082839e+01 2.077198e+01
2.114500e+01 2.112000e+01 2.080115e+01 2.078322e+01 2.114000e+01 2.112500e+01 2.080136e+01 2.078342e+01
2.115000e+01 2.111500e+01 2.080109e+01 2.078303e+01 2.114500e+01 2.112000e+01 2.080115e+01 2.078322e+01
2.048000e+01 2.112500e+01 2.082839e+01 2.077198e+01 2.048500e+01 2.113000e+01 2.082815e+01 2.077231e+01
2.048500e+01 2.113000e+01 2.082815e+01 2.077231e+01 2.049000e+01 2.113500e+01 2.082775e+01 2.077265e+01
2.113500e+01 2.113000e+01 2.080157e+01 2.078376e+01 2.113000e+01 2.113500e+01 2.080192e+01 2.078410e+01
2.114000e+01 2.112500e+01 2.080136e+01 2.078342e+01 2.113500e+01 2.113000e+01 2.080157e+01 2.078376e+01
2.049000e+01 2.113500e+01 2.082775e+01 2.077265e+01 2.049500e+01 2.114000e+01 2.082737e+01 2.077313e+01
2.049500e+01 2.114000e+01 2.082737e+01 2.077313e+01 2.050000e+01 2.114500e+01 2.082685e+01 2.077364e+01
2.112500e+01 2.114000e+01 2.080224e+01 2.078458e+01 2.112000e+01 2.114500e+01 2.080271e+01 2.078509e+01
2.113000e+01 2.113500e+01 2.080192e+01 2.078410e+01 2.112500e+01 2.114000e+01 2.080224e+01 2.078458e+01
2.050000e+01 2.114500e+01 2.082685e+01 2.077364e+01 2.050500e+01 2.115000e+01 2.082635e+01 2.077428e+01
2.050500e+01 2.115000e+01 2.082635e+01 2.077428e+01 2.051000e+01 2.115500e+01 2.082571e+01 2.077497e+01
2.111500e+01 2.115000e+01 2.080315e+01 2.078572e+01 2.111000e+01 2.115500e+01 2.080373e+01 2.078639e+01
2.112000e+01 2.114500e+01 2.080271e+01 2.078509e+01 2.111500e+01 2.115000e+01 2.080315e+01 2.078572e+01
2.051000e+01 2.115500e+01 2.082571e+01 2.077497e+01 2.051500e+01 2.116000e+01 2.082511e+01 2.077579e+01
2.051500e+01 2.116000e+01 2.082511e+01 2.077579e+01 2.052000e+01 2.116500e+01 2.082438e+01 2.077666e+01
2.110500e+01 2.116000e+01 2.080427e+01 2.078719e+01 2.110000e+01 2.116500e+01 2.080494e+01 2.078803e+01
2.111000e+01 2.115500e+01 2.080373e+01 2.078639e+01 2.110500e+01 2.116000e+01 2.080427e+01 2.078719e+01
2.052000e+01 2.116500e+01 2.082438e+01 2.077666e+01 2.052500e+01 2.117000e+01 2.082369e+01 2.077767e+01
2.052500e+01 2.117000e+01 2.082369e+01 2.077767e+01 2.053000e+01 2.117500e+01 2.082288e+01 2.077873e+01
2.109500e+01 2.117000e+01 2.080557e+01 2.078901e+01 2.109000e+01 2.117500e+01 2.080631e+01 2.079003e+01
2.110000e+01 2.116500e+01 2.080494e+01 2.078803e+01 2.109500e+01 2.117000e+01 2.080557e+01 2.078901e+01
2.053000e+01 2.117500e+01 2.082288e+01 2.077873e+01 2.053500e+01 2.118000e+01 2.082213e+01 2.077993e+01
2.053500e+01 2.118000e+01 2.082213e+01 2.077993e+01 2.054000e+01 2.118500e+01 2.082125e+01 2.078119e+01
2.108500e+01 2.118000e+01 2.080701e+01 2.079118e+01 2.108000e+01 2.118500e+01 2.080782e+01 2.079238e+01
2.109000e+01 2.117500e+01 2.080631e+01 2.079003e+01 2.108500e+01 2.118000e+01 2.080701e+01 2.079118e+01
2.054000e+01 2.118500e+01 2.082125e+01 2.078119e+01 2.054500e+01 2.119000e+01 2.082045e+01 2.078259e+01
2.054500e+01 2.119000e+01 2.082045e+01 2.078259e+01 2.055000e+01 2.119500e+01 2.081953e+01 2.078405e+01
2.106500e+01 2.119000e+01 2.080570e+01 2.078912e+01 2.106000e+01 2.119500e+01 2.080667e+01 2.079059e+01
2.106500e+01 2.119000e+01 2.080570e+01 2.078912e+01 2.107500e+01 2.119000e+01 2.080857e+01 2.079371e+01
2.108000e+01 2.118500e+01 2.080782e+01 2.079238e+01 2.107500e+01 2.119000e+01 2.080857e+01 2.079371e+01
2.055000e+01 2.119500e+01 2.081953e+01 2.078405e+01 2.055500e+01 2.120000e+01 2.081868e+01 2.078565e+01
2.055500e+01 2.120000e+01 2.081868e+01 2.078565e+01 2.056000e+01 2.120500e+01 2.081774e+01 2.078732e+01
2.105500e+01 2.120000e+01 2.080756e+01 2.079217e+01 2.105000e+01 2.120500e+01 2.080855e+01 2.079383e+01
2.106000e+01 2.119500e+01 2.080667e+01 2.079059e+01 2.105500e+01 2.120000e+01 2.080756e+01 2.079217e+01
2.056000e+01 2.120500e+01 2.081774e+01 2.078732e+01 2.056500e+01 2.121000e+01 2.081688e+01 2.078911e+01
2.056500e+01 2.121000e+01 2.081688e+01 2.078911e+01 2.057500e+01 2.121000e+01 2.081894e+01 2.078514e+01
2.057500e+01 2.121000e+01 2.081894e+01 2.078514e+01 2.058000e+01 2.121500e+01 2.081789e+01 2.078711e+01
2.103500e+01 2.121000e+01 2.080722e+01 2.079136e+01 2.103000e+01 2.121500e+01 2.080831e+01 2.079331e+01
2.103500e+01 2.121000e+01 2.080722e+01 2.079136e+01 2.104500e+01 2.121000e+01 2.080946e+01 2.079561e+01
2.105000e+01 2.120500e+01 2.080855e+01 2.079383e+01 2.104500e+01 2.121000e+01 2.080946e+01 2.079561e+01
2.058000e+01 2.121500e+01 2.081789e+01 2.078711e+01 2.058500e+01 2.122000e+01 2.081694e+01 2.078919e+01
2.058500e+01 2.122000e+01 2.081694e+01 2.078919e+01 2.059000e+01 2.122500e+01 2.081592e+01 2.079137e+01
2.102500e+01 2.122000e+01 2.080930e+01 2.079536e+01 2.102000e+01 2.122500e+01 2.081037e+01 2.079751e+01
2.103000e+01 2.121500e+01 2.080831e+01 2.079331e+01 2.102500e+01 2.122000e+01 2.080930e+01 2.079536e+01
2.059000e+01 2.122500e+01 2.081592e+01 2.079137e+01 2.059500e+01 2.123000e+01 2.081499e+01 2.079366e+01
2.059500e+01 2.123000e+01 2.081499e+01 2.079366e+01 2.060500e+01 2.123000e+01 2.081652e+01 2.079014e+01
2.060500e+01 2.123000e+01 2.081652e+01 2.079014e+01 2.061000e+01 2.123500e+01 2.081547e+01 2.079263e+01
2.100500e+01 2.123000e+01 2.080963e+01 2.079596e+01 2.100000e+01 2.123500e+01 2.081073e+01 2.079840e+01
2.100500e+01 2.123000e+01 2.080963e+01 2.079596e+01 2.101500e+01 2.123000e+01 2.081135e+01 2.079976e+01
2.102000e+01 2.122500e+01 2.081037e+01 2.079751e+01 2.101500e+01 2.123000e+01 2.081135e+01 2.079976e+01
2.061000e+01 2.123500e+01 2.081547e+01 2.079263e+01 2.061500e+01 2.124000e+01 2.081452e+01 2.079522e+01
2.061500e+01 2.124000e+01 2.081452e+01 2.079522e+01 2.062500e+01 2.124000e+01 2.081574e+01 2.079201e+01
2.062500e+01 2.124000e+01 2.081574e+01 2.079201e+01 2.063000e+01 2.124500e+01 2.081470e+01 2.079482e+01
2.098500e+01 2.124000e+01 2.081033e+01 2.079744e+01 2.098000e+01 2.124500e+01 2.081142e+01 2.080019e+01
2.098500e+01 2.124000e+01 2.081033e+01 2.079744e+01 2.099500e+01 2.124000e+01 2.081173e+01 2.080094e+01
2.100000e+01 2.123500e+01 2.081073e+01 2.079840e+01 2.099500e+01 2.124000e+01 2.081173e+01 2.080094e+01
2.063000e+01 2.124500e+01 2.081470e+01 2.079482e+01 2.063500e+01 2.125000e+01 2.081377e+01 2.079772e+01
2.063500e+01 2.125000e+01 2.081377e+01 2.079772e+01 2.064500e+01 2.125000e+01 2.081472e+01 2.079485e+01
2.064500e+01 2.125000e+01 2.081472e+01 2.079485e+01 2.065500e+01 2.125000e+01 2.081550e+01 2.079210e+01
2.065500e+01 2.125000e+01 2.081550e+01 2.079210e+01 2.066000e+01 2.125500e+01 2.081450e+01 2.079535e+01
2.096500e+01 2.125000e+01 2.081127e+01 2.079984e+01 2.096000e+01 2.125500e+01 2.081231e+01 2.080289e+01
2.096500e+01 2.125000e+01 2.081127e+01 2.079984e+01 2.097500e+01 2.125000e+01 2.081240e+01 2.080301e+01
2.098000e+01 2.124500e+01 2.081142e+01 2.080019e+01 2.097500e+01 2.125000e+01 2.081240e+01 2.080301e+01
2.066000e+01 2.125500e+01 2.081450e+01 2.079535e+01 2.066500e+01 2.126000e+01 2.081363e+01 2.079868e+01
2.066500e+01 2.126000e+01 2.081363e+01 2.079868e+01 2.067500e+01 2.126000e+01 2.081422e+01 2.079631e+01
2.067500e+01 2.126000e+01 2.081422e+01 2.079631e+01 2.068000e+01 2.126500e+01 2.081334e+01 2.079987e+01
2.093500e+01 2.126000e+01 2.081158e+01 2.080051e+01 2.093000e+01 2.126500e+01 2.081254e+01 2.080397e+01
2.093500e+01 2.126000e+01 2.081158e+01 2.080051e+01 2.094500e+01 2.126000e+01 2.081233e+01 2.080319e+01
2.094500e+01 2.126000e+01 2.081233e+01 2.080319e+01 2.095500e+01 2.126000e+01 2.081325e+01 2.080601e+01
2.096000e+01 2.125500e+01 2.081231e+01 2.080289e+01 2.095500e+01 2.126000e+01 2.081325e+01 2.080601e+01
2.068000e+01 2.126500e+01 2.081334e+01 2.079987e+01 2.068500e+01 2.127000e+01 2.081257e+01 2.080350e+01
2.068500e+01 2.127000e+01 2.081257e+01 2.080350e+01 2.069500e+01 2.127000e+01 2.081304e+01 2.080152e+01
2.069500e+01 2.127000e+01 2.081304e+01 2.080152e+01 2.070500e+01 2.127000e+01 2.081339e+01 2.079971e+01
2.070500e+01 2.127000e+01 2.081339e+01 2.079971e+01 2.071500e+01 2.127000e+01 2.081363e+01 2.079806e+01
2.071500e+01 2.127000e+01 2.081363e+01 2.079806e+01 2.072000e+01 2.127500e+01 2.081296e+01 2.080216e+01
2.089500e+01 2.127000e+01 2.081194e+01 2.080107e+01 2.089000e+01 2.127500e+01 2.081272e+01 2.080505e+01
2.089500e+01 2.127000e+01 2.081194e+01 2.080107e+01 2.090500e+01 2.127000e+01 2.081230e+01 2.080305e+01
2.090500e+01 2.127000e+01 2.081230e+01 2.080305e+01 2.091500e+01 2.127000e+01 2.081278e+01 2.080519e+01
2.091500e+01 2.127000e+01 2.081278e+01 2.080519e+01 2.092500e+01 2.127000e+01 2.081339e+01 2.080748e+01
2.093000e+01 2.126500e+01 2.081254e+01 2.080397e+01 2.092500e+01 2.127000e+01 2.081339e+01 2.080748e+01
2.072000e+01 2.127500e+01 2.081296e+01 2.080216e+01 2.072500e+01 2.128000e+01 2.081240e+01 2.080631e+01
2.072500e+01 2.128000e+01 2.081240e+01 2.080631e+01 2.073500e+01 2.128000e+01 2.081262e+01 2.080507e+01
2.073500e+01 2.128000e+01 2.081262e+01 2.080507e+01 2.074500e+01 2.128000e+01 2.081277e+01 2.080401e+01
2.074500e+01 2.128000e+01 2.081277e+01 2.080401e+01 2.075500e+01 2.128000e+01 2.081285e+01 2.080313e+01
2.075500e+01 2.128000e+01 2.081285e+01 2.080313e+01 2.076500e+01 2.128000e+01 2.081287e+01 2.080244e+01
2.076500e+01 2.128000e+01 2.081287e+01 2.080244e+01 2.077500e+01 2.128000e+01 2.081286e+01 2.080194e+01
2.077500e+01 2.128000e+01 2.081286e+01 2.080194e+01 2.078500e+01 2.128000e+01 2.081281e+01 2.080163e+01
2.078500e+01 2.128000e+01 2.081281e+01 2.080163e+01 2.079500e+01 2.128000e+01 2.081275e+01 2.080152e+01
2.079500e+01 2.128000e+01 2.081275e+01 2.080152e+01 2.080500e+01 2.128000e+01 2.081268e+01 2.080159e+01
2.080500e+01 2.128000e+01 2.081268e+01 2.080159e+01 2.081500e+01 2.128000e+01 2.081261e+01 2.080186e+01
2.081500e+01 2.128000e+01 2.081261e+01 2.080186e+01 2.082500e+01 2.128000e+01 2.081257e+01 2.080233e+01
2.082500e+01 2.128000e+01 2.081257e+01 2.080233e+01 2.083500e+01 2.128000e+01 2.081256e+01 2.080298e+01
2.083500e+01 2.128000e+01 2.081256e+01 2.080298e+01 2.084500e+01 2.128000e+01 2.081259e+01 2.080383e+01
2.084500e+01 2.128000e+01 2.081259e+01 2.080383e+01 2.085500e+01 2.128000e+01 2.081268e+01 2.080486e+01
2.085500e+01 2.128000e+01 2.081268e+01 2.080486e+01 2.086500e+01 2.128000e+01 2.081283e+01 2.080608e+01
2.086500e+01 2.128000e+01 2.081283e+01 2.080608e+01 2.087500e+01 2.128000e+01 2.081306e+01 2.080748e+01
2.087500e+01 2.128000e+01 2.081306e+01 2.080748e+01 2.088500e+01 2.128000e+01 2.081338e+01 2.080905e+01
2.089000e+01 2.127500e+01 2.081272e+01 2.080505e+01 2.088500e+01 2.128000e+01 2.081338e+01 2.080905e+01
2.081000e+01 2.076000e+01 2.031309e+01 2.075198e+01 2.081000e+01 2.076000e+01 2.031420e+01 2.072040e+01
2.081000e+01 2.076000e+01 2.031420e+01 2.072040e+01 2.081000e+01 2.076000e+01 2.031750e+01 2.068905e+01
2.081000e+01 2.076000e+01 2.031750e+01 2.068905e+01 2.081000e+01 2.076000e+01 2.032298e+01 2.065804e+01
2.081000e+01 2.076000e+01 2.032298e+01 2.065804e+01 2.081000e+01 2.076000e+01 2.033060e+01 2.062750e+01
2.081000e+01 2.076000e+01 2.033060e+01 2.062750e+01 2.081000e+01 2.076000e+01 2.034035e+01 2.059752e+01
2.081000e+01 2.076000e+01 2.034035e+01 2.059752e+01 2.081000e+01 2.076000e+01 2.035220e+01 2.056821e+01
2.081000e+01 2.076000e+01 2.035220e+01 2.056821e+01 2.081000e+01 2.076000e+01 2.036611e+01 2.053971e+01
2.081000e+01 2.076000e+01 2.036611e+01 2.053971e+01 2.081000e+01 2.076000e+01 2.038205e+01 2.051210e+01
2.081000e+01 2.076000e+01 2.038205e+01 2.051210e+01 2.081000e+01 2.076000e+01 2.039999e+01 2.048552e+01
2.081000e+01 2.076000e+01 2.039999e+01 2.048552e+01 2.081000e+01 2.076000e+01 2.041987e+01 2.046008e+01
2.081000e+01 2.076000e+01 2.041987e+01 2.046008e+01 2.081000e+01 2.076000e+01 2.044164e+01 2.043590e+01
2.081000e+01 2.076000e+01 2.044164e+01 2.043590e+01 2.081000e+01 2.076000e+01 2.046526e+01 2.041310e+01
2.081000e+01 2.076000e+01 2.046526e+01 2.041310e+01 2.081000e+01 2.076000e+01 2.049064e+01 2.039180e+01
2.081000e+01 2.076000e+01 2.049064e+01 2.039180e+01 2.081000e+01 2.076000e+01 2.051770e+01 2.037213e+01
2.081000e+01 2.076000e+01 2.051770e+01 2.037213e+01 2.081000e+01 2.076000e+01 2.054637e+01 2.035422e+01
2.081000e+01 2.076000e+01 2.054637e+01 2.035422e+01 2.081000e+01 2.076000e+01 2.057652e+01 2.033819e+01
2.081000e+01 2.076000e+01 2.057652e+01 2.033819e+01 2.081000e+01 2.076000e+01 2.060803e+01 2.032415e+01
2.081000e+01 2.076000e+01 2.060803e+01 2.032415e+01 2.081000e+01 2.076000e+01 2.064077e+01 2.031223e+01
2.081000e+01 2.076000e+01 2.064077e+01 2.031223e+01 2.081000e+01 2.076000e+01 2.067459e+01 2.030252e+01
2.081000e+01 2.076000e+01 2.067459e+01 2.030252e+01 2.081000e+01 2.076000e+01 2.070930e+01 2.029514e+01
2.081000e+01 2.076000e+01 2.070930e+01 2.029514e+01 2.081000e+01 2.076000e+01 2.074472e+01 2.029015e+01
2.081000e+01 2.076000e+01 2.074472e+01 2.029015e+01 2.081000e+01 2.076000e+01 2.078065e+01 2.028763e+01
2.081000e+01 2.076000e+01 2.078065e+01 2.028763e+01 2.081000e+01 2.076000e+01 2.081686e+01 2.028762e+01
2.081000e+01 2.076000e+01 2.081686e+01 2.028762e+01 2.081000e+01 2.076000e+01 2.085312e+01 2.029015e+01
2.081000e+01 2.076000e+01 2.085312e+01 2.029015e+01 2.081000e+01 2.076000e+01 2.088921e+01 2.029521e+01
2.081000e+01 2.076000e+01 2.088921e+01 2.029521e+01 2.081000e+01 2.076000e+01 2.092489e+01 2.030279e+01
2.081000e+01 2.076000e+01 2.092489e+01 2.030279e+01 2.081000e+01 2.076000e+01 2.095993e+01 2.031283e+01
2.081000e+01 2.076000e+01 2.095993e+01 2.031283e+01 2.081000e+01 2.076000e+01 2.099409e+01 2.032525e+01
2.081000e+01 2.076000e+01 2.099409e+01 2.032525e+01 2.081000e+01 2.076000e+01 2.102716e+01 2.033997e+01
2.081000e+01 2.076000e+01 2.102716e+01 2.033997e+01 2.081000e+01 2.076000e+01 2.105896e+01 2.035687e+01
2.081000e+01 2.076000e+01 2.105896e+01 2.035687e+01 2.081000e+01 2.076000e+01 2.108929e+01 2.037582e+01
2.081000e+01 2.076000e+01 2.108929e+01 2.037582e+01 2.081000e+01 2.076000e+01 2.111799e+01 2.039667e+01
2.081000e+01 2.076000e+01 2.111799e+01 2.039667e+01 2.081000e+01 2.076000e+01 2.114493e+01 2.041927e+01
2.081000e+01 2.076000e+01 2.114493e+01 2.041927e+01 2.081000e+01 2.076000e+01 2.116999e+01 2.044346e+01
2.081000e+01 2.076000e+01 2.116999e+01 2.044346e+01 2.081000e+01 2.076000e+01 2.119307e+01 2.046909e+01
2.081000e+01 2.076000e+01 2.119307e+01 2.046909e+01 2.081000e+01 2.076000e+01 2.121408e+01 2.049599e+01
2.081000e+01 2.076000e+01 2.121408e+01 2.049599e+01 2.081000e+01 2.076000e+01 2.123297e+01 2.052400e+01
2.081000e+01 2.076000e+01 2.123297e+01 2.052400e+01 2.081000e+01 2.076000e+01 2.124969e+01 2.055296e+01
2.081000e+01 2.076000e+01 2.124969e+01 2.055296e+01 2.081000e+01 2.076000e+01 2.126421e+01 2.058273e+01
2.081000e+01 2.076000e+01 2.126421e+01 2.058273e+01 2.081000e+01 2.076000e+01 2.127649e+01 2.061315e+01
2.081000e+01 2.076000e+01 2.127649e+01 2.061315e+01 2.081000e+01 2.076000e+01 2.128654e+01 2.064409e+01
2.081000e+01 2.076000e+01 2.128654e+01 2.064409e+01 2.081000e+01 2.076000e+01 2.129434e+01 2.067541e+01
2.081000e+01 2.076000e+01 2.129434e+01 2.067541e+01 2.081000e+01 2.076000e+01 2.129990e+01 2.070698e+01
2.081000e+01 2.076000e+01 2.129990e+01 2.070698e+01 2.081000e+01 2.076000e+01 2.130322e+01 2.073867e+01
2.081000e+01 2.076000e+01 2.130322e+01 2.073867e+01 2.081000e+01 2.076000e+01 2.130432e+01 2.077037e+01
2.081000e+01 2.076000e+01 2.130432e+01 2.077037e+01 2.081000e+01 2.076000e+01 2.130321e+01 2.080195e+01
2.081000e+01 2.076000e+01 2.130321e+01 2.080195e+01 2.081000e+01 2.076000e+01 2.129990e+01 2.083330e+01
2.081000e+01 2.076000e+01 2.129990e+01 2.083330e+01 2.081000e+01 2.076000e+01 2.129443e+01 2.086430e+01
2.081000e+01 2.076000e+01 2.129443e+01 2.086430e+01 2.081000e+01 2.076000e+01 2.128680e+01 2.089485e+01
2.081000e+01 2.076000e+01 2.128680e+01 2.089485e+01 2.081000e+01 2.076000e+01 2.127705e+01 2.092483e+01
2.081000e+01 2.076000e+01 2.127705e+01 2.092483e+01 2.081000e+01 2.076000e+01 2.126521e+01 2.095413e+01
2.081000e+01 2.076000e+01 2.126521e+01 2.095413e+01 2.081000e+01 2.076000e+01 2.125130e+01 2.098264e+01
2.081000e+01 2.076000e+01 2.125130e+01 2.098264e+01 2.081000e+01 2.076000e+01 2.123535e+01 2.101025e+01
2.081000e+01 2.076000e+01 2.123535e+01 2.101025e+01 2.081000e+01 2.076000e+01 2.121742e+01 2.103683e+01
2.081000e+01 2.076000e+01 2.121742e+01 2.103683e+01 2.081000e+01 2.076000e+01 2.119754e+01 2.106227e+01
2.081000e+01 2.076000e+01 2.119754e+01 2.106227e+01 2.081000e+01 2.076000e+01 2.117576e+01 2.108645e+01
2.081000e+01 2.076000e+01 2.117576e+01 2.108645e+01 2.081000e+01 2.076000e+01 2.115215e+01 2.110925e+01
2.081000e+01 2.076000e+01 2.115215e+01 2.110925e+01 2.081000e+01 2.076000e+01 2.112677e+01 2.113055e+01
2.081000e+01 2.076000e+01 2.112677e+01 2.113055e+01 2.081000e+01 2.076000e+01 2.109970e+01 2.115022e+01
2.081000e+01 2.076000e+01 2.109970e+01 2.115022e+01 2.081000e+01 2.076000e+01 2.107104e+01 2.116813e+01
2.081000e+01 2.076000e+01 2.107104e+01 2.116813e+01 2.081000e+01 2.076000e+01 2.104089e+01 2.118416e+01
2.081000e+01 2.076000e+01 2.104089e+01 2.118416e+01 2.081000e+01 2.076000e+01 2.100937e+01 2.119820e+01
2.081000e+01 2.076000e+01 2.100937e+01 2.119820e+01 2.081000e+01 2.076000e+01 2.097663e+01 2.121012e+01
2.081000e+01 2.076000e+01 2.097663e+01 2.121012e+01 2.081000e+01 2.076000e+01 2.094282e+01 2.121982e+01
2.081000e+01 2.076000e+01 2.094282e+01 2.121982e+01 2.081000e+01 2.076000e+01 2.090811e+01 2.122721e+01
2.081000e+01 2.076000e+01 2.090811e+01 2.122721e+01 2.081000e+01 2.076000e+01 2.087268e+01 2.123220e+01
2.081000e+01 2.076000e+01 2.087268e+01 2.123220e+01 2.081000e+01 2.076000e+01 2.083676e+01 2.123472e+01
2.081000e+01 2.076000e+01 2.083676e+01 2.123472e+01 2.081000e+01 2.076000e+01 2.080055e+01 2.123472e+01
2.081000e+01 2.076000e+01 2.080055e+01 2.123472e+01 2.081000e+01 2.076000e+01 2.076428e+01 2.123220e+01
2.081000e+01 2.076000e+01 2.076428e+01 2.123220e+01 2.081000e+01 2.076000e+01 2.072819e+01 2.122713e+01
2.081000e+01 2.076000e+01 2.072819e+01 2.122713e+01 2.081000e+01 2.076000e+01 2.069251e+01 2.121956e+01
2.081000e+01 2.076000e+01 2.069251e+01 2.121956e+01 2.081000e+01 2.076000e+01 2.065748e+01 2.120952e+01
2.081000e+01 2.076000e+01 2.065748e+01 2.120952e+01 2.081000e+01 2.076000e+01 2.062332e+01 2.119710e+01
2.081000e+01 2.076000e+01 2.062332e+01 2.119710e+01 2.081000e+01 2.076000e+01 2.059024e+01 2.118238e+01
2.081000e+01 2.076000e+01 2.059024e+01 2.118238e+01 2.081000e+01 2.076000e+01 2.055845e+01 2.116548e+01
2.081000e+01 2.076000e+01 2.055845e+01 2.116548e+01 2.081000e+01 2.076000e+01 2.052812e+01 2.114653e+01
2.081000e+01 2.076000e+01 2.052812e+01 2.114653e+01 2.081000e+01 2.076000e+01 2.049941e+01 2.112568e+01
2.081000e+01 2.076000e+01 2.049941e+01 2.112568e+01 2.081000e+01 2.076000e+01 2.047247e+01 2.110308e+01
2.081000e+01 2.076000e+01 2.047247e+01 2.110308e+01 2.081000e+01 2.076000e+01 2.044741e+01 2.107888e+01
2.081000e+01 2.076000e+01 2.044741e+01 2.107888e+01 2.081000e+01 2.076000e+01 2.042434e+01 2.105326e+01
2.081000e+01 2.076000e+01 2.042434e+01 2.105326e+01 2.081000e+01 2.076000e+01 2.040332e+01 2.102636e+01
2.081000e+01 2.076000e+01 2.040332e+01 2.102636e+01 2.081000e+01 2.076000e+01 2.038443e+01 2.099835e+01
2.081000e+01 2.076000e+01 2.038443e+01 2.099835e+01 2.081000e+01 2.076000e+01 2.036771e+01 2.096939e+01
2.081000e+01 2.076000e+01 2.036771e+01 2.096939e+01 2.081000e+01 2.076000e+01 2.035320e+01 2.093962e+01
2.081000e+01 2.076000e+01 2.035320e+01 2.093962e+01 2.081000e+01 2.076000e+01 2.034091e+01 2.090920e+01
2.081000e+01 2.076000e+01 2.034091e+01 2.090920e+01 2.081000e+01 2.076000e+01 2.033087e+01 2.087826e+01
2.081000e+01 2.076000e+01 2.033087e+01 2.087826e+01 2.081000e+01 2.076000e+01 2.032307e+01 2.084694e+01
2.081000e+01 2.076000e+01 2.032307e+01 2.084694e+01 2.081000e+01 2.076000e+01 2.031751e+01 2.081537e+01
2.081000e+01 2.076000e+01 2.031751e+01 2.081537e+01 2.081000e+01 2.076000e+01 2.031419e+01 2.078367e+01
2.081000e+01 2.076000e+01 2.031419e+01 2.078367e+01 2.081000e+01 2.076000e+01 2.031309e+01 2.075198e+01
