2.080500e+01 2.023000e+01 2.080901e+01 2.068385e+01 2.080000e+01 2.023500e+01 2.080926e+01 2.069081e+01
2.080500e+01 2.023000e+01 2.080901e+01 2.068385e+01 2.081500e+01 2.023000e+01 2.080914e+01 2.068425e+01
2.081500e+01 2.023000e+01 2.080914e+01 2.068425e+01 2.082500e+01 2.023000e+01 2.080927e+01 2.068436e+01
2.082500e+01 2.023000e+01 2.080927e+01 2.068436e+01 2.083500e+01 2.023000e+01 2.080939e+01 2.068421e+01
2.083500e+01 2.023000e+01 2.080939e+01 2.068421e+01 2.084000e+01 2.023500e+01 2.080926e+01 2.069126e+01
2.073500e+01 2.024000e+01 2.080873e+01 2.068794e+01 2.073000e+01 2.024500e+01 2.080972e+01 2.069380e+01
2.073500e+01 2.024000e+01 2.080873e+01 2.068794e+01 2.074500e+01 2.024000e+01 2.080916e+01 2.069025e+01
2.074500e+01 2.024000e+01 2.080916e+01 2.069025e+01 2.075500e+01 2.024000e+01 2.080946e+01 2.069230e+01
2.075500e+01 2.024000e+01 2.080946e+01 2.069230e+01 2.076500e+01 2.024000e+01 2.080964e+01 2.069409e+01
2.076500e+01 2.024000e+01 2.080964e+01 2.069409e+01 2.077500e+01 2.024000e+01 2.080972e+01 2.069561e+01
2.077500e+01 2.024000e+01 2.080972e+01 2.069561e+01 2.078500e+01 2.024000e+01 2.080972e+01 2.069686e+01
2.078500e+01 2.024000e+01 2.080972e+01 2.069686e+01 2.079500e+01 2.024000e+01 2.080966e+01 2.069782e+01
2.080000e+01 2.023500e+01 2.080926e+01 2.069081e+01 2.079500e+01 2.024000e+01 2.080966e+01 2.069782e+01
2.084000e+01 2.023500e+01 2.080926e+01 2.069126e+01 2.084500e+01 2.024000e+01 2.080896e+01 2.069836e+01
2.084500e+01 2.024000e+01 2.080896e+01 2.069836e+01 2.085500e+01 2.024000e+01 2.080888e+01 2.069761e+01
2.085500e+01 2.024000e+01 2.080888e+01 2.069761e+01 2.086500e+01 2.024000e+01 2.080886e+01 2.069658e+01
2.086500e+01 2.024000e+01 2.080886e+01 2.069658e+01 2.087500e+01 2.024000e+01 2.080892e+01 2.069528e+01
2.087500e+01 2.024000e+01 2.080892e+01 2.069528e+01 2.088500e+01 2.024000e+01 2.080907e+01 2.069371e+01
2.088500e+01 2.024000e+01 2.080907e+01 2.069371e+01 2.089500e+01 2.024000e+01 2.080934e+01 2.069188e+01
2.089500e+01 2.024000e+01 2.080934e+01 2.069188e+01 2.090500e+01 2.024000e+01 2.080974e+01 2.068980e+01
2.090500e+01 2.024000e+01 2.080974e+01 2.068980e+01 2.091000e+01 2.024500e+01 2.080885e+01 2.069568e+01
2.069500e+01 2.025000e+01 2.080883e+01 2.069022e+01 2.069000e+01 2.025500e+01 2.081008e+01 2.069536e+01
2.069500e+01 2.025000e+01 2.080883e+01 2.069022e+01 2.070500e+01 2.025000e+01 2.080970e+01 2.069359e+01
2.070500e+01 2.025000e+01 2.080970e+01 2.069359e+01 2.071500e+01 2.025000e+01 2.081038e+01 2.069674e+01
2.071500e+01 2.025000e+01 2.081038e+01 2.069674e+01 2.072500e+01 2.025000e+01 2.081088e+01 2.069965e+01
2.073000e+01 2.024500e+01 2.080972e+01 2.069380e+01 2.072500e+01 2.025000e+01 2.081088e+01 2.069965e+01
2.091000e+01 2.024500e+01 2.080885e+01 2.069568e+01 2.091500e+01 2.025000e+01 2.080777e+01 2.070154e+01
2.091500e+01 2.025000e+01 2.080777e+01 2.070154e+01 2.092500e+01 2.025000e+01 2.080824e+01 2.069885e+01
2.092500e+01 2.025000e+01 2.080824e+01 2.069885e+01 2.093500e+01 2.025000e+01 2.080888e+01 2.069592e+01
2.093500e+01 2.025000e+01 2.080888e+01 2.069592e+01 2.094000e+01 2.025500e+01 2.080773e+01 2.070122e+01
2.066500e+01 2.026000e+01 2.080909e+01 2.069237e+01 2.066000e+01 2.026500e+01 2.081047e+01 2.069694e+01
2.066500e+01 2.026000e+01 2.080909e+01 2.069237e+01 2.067500e+01 2.026000e+01 2.081042e+01 2.069651e+01
2.067500e+01 2.026000e+01 2.081042e+01 2.069651e+01 2.068500e+01 2.026000e+01 2.081152e+01 2.070046e+01
2.069000e+01 2.025500e+01 2.081008e+01 2.069536e+01 2.068500e+01 2.026000e+01 2.081152e+01 2.070046e+01
2.094000e+01 2.025500e+01 2.080773e+01 2.070122e+01 2.094500e+01 2.026000e+01 2.080639e+01 2.070648e+01
2.094500e+01 2.026000e+01 2.080639e+01 2.070648e+01 2.095500e+01 2.026000e+01 2.080724e+01 2.070296e+01
2.095500e+01 2.026000e+01 2.080724e+01 2.070296e+01 2.096500e+01 2.026000e+01 2.080831e+01 2.069924e+01
2.096500e+01 2.026000e+01 2.080831e+01 2.069924e+01 2.097000e+01 2.026500e+01 2.080701e+01 2.070394e+01
2.064500e+01 2.027000e+01 2.081035e+01 2.069677e+01 2.064000e+01 2.027500e+01 2.081180e+01 2.070092e+01
2.064500e+01 2.027000e+01 2.081035e+01 2.069677e+01 2.065500e+01 2.027000e+01 2.081201e+01 2.070143e+01
2.066000e+01 2.026500e+01 2.081047e+01 2.069694e+01 2.065500e+01 2.027000e+01 2.081201e+01 2.070143e+01
2.097000e+01 2.026500e+01 2.080701e+01 2.070394e+01 2.097500e+01 2.027000e+01 2.080553e+01 2.070855e+01
2.097500e+01 2.027000e+01 2.080553e+01 2.070855e+01 2.098500e+01 2.027000e+01 2.080692e+01 2.070429e+01
2.098500e+01 2.027000e+01 2.080692e+01 2.070429e+01 2.099000e+01 2.027500e+01 2.080554e+01 2.070854e+01
2.062500e+01 2.028000e+01 2.081135e+01 2.069982e+01 2.062000e+01 2.028500e+01 2.081282e+01 2.070354e+01
2.062500e+01 2.028000e+01 2.081135e+01 2.069982e+01 2.063500e+01 2.028000e+01 2.081342e+01 2.070498e+01
2.064000e+01 2.027500e+01 2.081180e+01 2.070092e+01 2.063500e+01 2.028000e+01 2.081342e+01 2.070498e+01
2.099000e+01 2.027500e+01 2.080554e+01 2.070854e+01 2.099500e+01 2.028000e+01 2.080397e+01 2.071269e+01
2.099500e+01 2.028000e+01 2.080397e+01 2.071269e+01 2.100500e+01 2.028000e+01 2.080576e+01 2.070792e+01
2.100500e+01 2.028000e+01 2.080576e+01 2.070792e+01 2.101000e+01 2.028500e+01 2.080435e+01 2.071172e+01
2.060500e+01 2.029000e+01 2.081191e+01 2.070156e+01 2.060000e+01 2.029500e+01 2.081334e+01 2.070486e+01
2.060500e+01 2.029000e+01 2.081191e+01 2.070156e+01 2.061500e+01 2.029000e+01 2.081445e+01 2.070716e+01
2.062000e+01 2.028500e+01 2.081282e+01 2.070354e+01 2.061500e+01 2.029000e+01 2.081445e+01 2.070716e+01
2.101000e+01 2.028500e+01 2.080435e+01 2.071172e+01 2.101500e+01 2.029000e+01 2.080277e+01 2.071541e+01
2.101500e+01 2.029000e+01 2.080277e+01 2.071541e+01 2.102500e+01 2.029000e+01 2.080504e+01 2.071018e+01
2.102500e+01 2.029000e+01 2.080504e+01 2.071018e+01 2.103000e+01 2.029500e+01 2.080367e+01 2.071354e+01
2.059500e+01 2.030000e+01 2.081492e+01 2.070804e+01 2.059000e+01 2.030500e+01 2.081638e+01 2.071107e+01
2.060000e+01 2.029500e+01 2.081334e+01 2.070486e+01 2.059500e+01 2.030000e+01 2.081492e+01 2.070804e+01
2.103000e+01 2.029500e+01 2.080367e+01 2.071354e+01 2.103500e+01 2.030000e+01 2.080214e+01 2.071676e+01
2.103500e+01 2.030000e+01 2.080214e+01 2.071676e+01 2.104000e+01 2.030500e+01 2.080073e+01 2.071984e+01
2.057500e+01 2.031000e+01 2.081466e+01 2.070770e+01 2.057000e+01 2.031500e+01 2.081599e+01 2.071032e+01
2.057500e+01 2.031000e+01 2.081466e+01 2.070770e+01 2.058500e+01 2.031000e+01 2.081799e+01 2.071397e+01
2.059000e+01 2.030500e+01 2.081638e+01 2.071107e+01 2.058500e+01 2.031000e+01 2.081799e+01 2.071397e+01
2.104000e+01 2.030500e+01 2.080073e+01 2.071984e+01 2.104500e+01 2.031000e+01 2.079918e+01 2.072276e+01
2.104500e+01 2.031000e+01 2.079918e+01 2.072276e+01 2.105500e+01 2.031000e+01 2.080225e+01 2.071685e+01
2.105500e+01 2.031000e+01 2.080225e+01 2.071685e+01 2.106000e+01 2.031500e+01 2.080098e+01 2.071949e+01
2.056500e+01 2.032000e+01 2.081746e+01 2.071279e+01 2.056000e+01 2.032500e+01 2.081877e+01 2.071513e+01
2.057000e+01 2.031500e+01 2.081599e+01 2.071032e+01 2.056500e+01 2.032000e+01 2.081746e+01 2.071279e+01
2.106000e+01 2.031500e+01 2.080098e+01 2.071949e+01 2.106500e+01 2.032000e+01 2.079958e+01 2.072197e+01
2.106500e+01 2.032000e+01 2.079958e+01 2.072197e+01 2.107000e+01 2.032500e+01 2.079834e+01 2.072432e+01
2.055500e+01 2.033000e+01 2.082020e+01 2.071732e+01 2.055000e+01 2.033500e+01 2.082146e+01 2.071939e+01
2.056000e+01 2.032500e+01 2.081877e+01 2.071513e+01 2.055500e+01 2.033000e+01 2.082020e+01 2.071732e+01
2.107000e+01 2.032500e+01 2.079834e+01 2.072432e+01 2.107500e+01 2.033000e+01 2.079699e+01 2.072650e+01
2.107500e+01 2.033000e+01 2.079699e+01 2.072650e+01 2.108000e+01 2.033500e+01 2.079580e+01 2.072857e+01
2.053500e+01 2.034000e+01 2.081822e+01 2.071429e+01 2.053000e+01 2.034500e+01 2.081924e+01 2.071599e+01
2.053500e+01 2.034000e+01 2.081822e+01 2.071429e+01 2.054500e+01 2.034000e+01 2.082283e+01 2.072129e+01
2.055000e+01 2.033500e+01 2.082146e+01 2.071939e+01 2.054500e+01 2.034000e+01 2.082283e+01 2.072129e+01
2.108000e+01 2.033500e+01 2.079580e+01 2.072857e+01 2.108500e+01 2.034000e+01 2.079451e+01 2.073046e+01
2.108500e+01 2.034000e+01 2.079451e+01 2.073046e+01 2.109000e+01 2.034500e+01 2.079341e+01 2.073224e+01
2.052500e+01 2.035000e+01 2.082034e+01 2.071752e+01 2.052000e+01 2.035500e+01 2.082125e+01 2.071896e+01
2.053000e+01 2.034500e+01 2.081924e+01 2.071599e+01 2.052500e+01 2.035000e+01 2.082034e+01 2.071752e+01
2.109000e+01 2.034500e+01 2.079341e+01 2.073224e+01 2.109500e+01 2.035000e+01 2.079221e+01 2.073383e+01
2.109500e+01 2.035000e+01 2.079221e+01 2.073383e+01 2.110000e+01 2.035500e+01 2.079122e+01 2.073534e+01
2.051500e+01 2.036000e+01 2.082224e+01 2.072022e+01 2.051000e+01 2.036500e+01 2.082303e+01 2.072142e+01
2.052000e+01 2.035500e+01 2.082125e+01 2.071896e+01 2.051500e+01 2.036000e+01 2.082224e+01 2.072022e+01
2.110000e+01 2.035500e+01 2.079122e+01 2.073534e+01 2.110500e+01 2.036000e+01 2.079014e+01 2.073665e+01
2.110500e+01 2.036000e+01 2.079014e+01 2.073665e+01 2.111000e+01 2.036500e+01 2.078928e+01 2.073788e+01
2.050500e+01 2.037000e+01 2.082388e+01 2.072242e+01 2.050000e+01 2.037500e+01 2.082452e+01 2.072337e+01
2.051000e+01 2.036500e+01 2.082303e+01 2.072142e+01 2.050500e+01 2.037000e+01 2.082388e+01 2.072242e+01
2.111000e+01 2.036500e+01 2.078928e+01 2.073788e+01 2.111500e+01 2.037000e+01 2.078835e+01 2.073892e+01
2.111500e+01 2.037000e+01 2.078835e+01 2.073892e+01 2.112000e+01 2.037500e+01 2.078764e+01 2.073990e+01
2.049500e+01 2.038000e+01 2.082521e+01 2.072413e+01 2.049000e+01 2.038500e+01 2.082569e+01 2.072485e+01
2.050000e+01 2.037500e+01 2.082452e+01 2.072337e+01 2.049500e+01 2.038000e+01 2.082521e+01 2.072413e+01
2.112000e+01 2.037500e+01 2.078764e+01 2.073990e+01 2.112500e+01 2.038000e+01 2.078688e+01 2.074067e+01
2.112500e+01 2.038000e+01 2.078688e+01 2.074067e+01 2.113000e+01 2.038500e+01 2.078635e+01 2.074140e+01
2.048500e+01 2.039000e+01 2.082620e+01 2.072537e+01 2.048000e+01 2.039500e+01 2.082649e+01 2.072587e+01
2.049000e+01 2.038500e+01 2.082569e+01 2.072485e+01 2.048500e+01 2.039000e+01 2.082620e+01 2.072537e+01
2.113000e+01 2.038500e+01 2.078635e+01 2.074140e+01 2.113500e+01 2.039000e+01 2.078579e+01 2.074192e+01
2.113500e+01 2.039000e+01 2.078579e+01 2.074192e+01 2.114000e+01 2.039500e+01 2.078546e+01 2.074242e+01
2.047500e+01 2.040000e+01 2.082680e+01 2.072618e+01 2.047000e+01 2.040500e+01 2.082688e+01 2.072648e+01
2.048000e+01 2.039500e+01 2.082649e+01 2.072587e+01 2.047500e+01 2.040000e+01 2.082680e+01 2.072618e+01
2.114000e+01 2.039500e+01 2.078546e+01 2.074242e+01 2.114500e+01 2.040000e+01 2.078512e+01 2.074272e+01
2.114500e+01 2.040000e+01 2.078512e+01 2.074272e+01 2.115000e+01 2.040500e+01 2.078501e+01 2.074301e+01
2.047000e+01 2.040500e+01 2.082688e+01 2.072648e+01 2.047000e+01 2.041500e+01 2.083455e+01 2.073435e+01
2.115000e+01 2.040500e+01 2.078501e+01 2.074301e+01 2.115000e+01 2.041500e+01 2.077765e+01 2.075053e+01
2.046500e+01 2.042000e+01 2.083463e+01 2.073424e+01 2.046000e+01 2.042500e+01 2.083448e+01 2.073416e+01
2.047000e+01 2.041500e+01 2.083455e+01 2.073435e+01 2.046500e+01 2.042000e+01 2.083463e+01 2.073424e+01
2.115000e+01 2.041500e+01 2.077765e+01 2.075053e+01 2.115500e+01 2.042000e+01 2.077756e+01 2.075040e+01
2.115500e+01 2.042000e+01 2.077756e+01 2.075040e+01 2.116000e+01 2.042500e+01 2.077772e+01 2.075029e+01
2.045500e+01 2.043000e+01 2.083430e+01 2.073388e+01 2.045000e+01 2.043500e+01 2.083390e+01 2.073363e+01
2.046000e+01 2.042500e+01 2.083448e+01 2.073416e+01 2.045500e+01 2.043000e+01 2.083430e+01 2.073388e+01
2.116000e+01 2.042500e+01 2.077772e+01 2.075029e+01 2.116500e+01 2.043000e+01 2.077791e+01 2.074998e+01
2.116500e+01 2.043000e+01 2.077791e+01 2.074998e+01 2.117000e+01 2.043500e+01 2.077834e+01 2.074970e+01
2.044500e+01 2.044000e+01 2.083346e+01 2.073319e+01 2.044000e+01 2.044500e+01 2.083280e+01 2.073280e+01
2.045000e+01 2.043500e+01 2.083390e+01 2.073363e+01 2.044500e+01 2.044000e+01 2.083346e+01 2.073319e+01
2.117000e+01 2.043500e+01 2.077834e+01 2.074970e+01 2.117500e+01 2.044000e+01 2.077882e+01 2.074923e+01
2.117500e+01 2.044000e+01 2.077882e+01 2.074923e+01 2.118000e+01 2.044500e+01 2.077954e+01 2.074881e+01
2.044000e+01 2.044500e+01 2.083280e+01 2.073280e+01 2.044000e+01 2.045500e+01 2.084037e+01 2.073921e+01
2.118000e+01 2.044500e+01 2.077954e+01 2.074881e+01 2.118000e+01 2.045500e+01 2.077230e+01 2.075481e+01
2.043500e+01 2.046000e+01 2.083958e+01 2.073844e+01 2.043000e+01 2.046500e+01 2.083858e+01 2.073775e+01
2.044000e+01 2.045500e+01 2.084037e+01 2.073921e+01 2.043500e+01 2.046000e+01 2.083958e+01 2.073844e+01
2.118000e+01 2.045500e+01 2.077230e+01 2.075481e+01 2.118500e+01 2.046000e+01 2.077317e+01 2.075400e+01
2.118500e+01 2.046000e+01 2.077317e+01 2.075400e+01 2.119000e+01 2.046500e+01 2.077426e+01 2.075328e+01
2.043000e+01 2.046500e+01 2.083858e+01 2.073775e+01 2.043000e+01 2.047500e+01 2.084607e+01 2.074349e+01
2.119000e+01 2.046500e+01 2.077426e+01 2.075328e+01 2.119000e+01 2.047500e+01 2.076714e+01 2.075859e+01
2.042500e+01 2.048000e+01 2.084488e+01 2.074243e+01 2.042000e+01 2.048500e+01 2.084349e+01 2.074147e+01
2.043000e+01 2.047500e+01 2.084607e+01 2.074349e+01 2.042500e+01 2.048000e+01 2.084488e+01 2.074243e+01
2.119000e+01 2.047500e+01 2.076714e+01 2.075859e+01 2.119500e+01 2.048000e+01 2.076843e+01 2.075750e+01
2.119500e+01 2.048000e+01 2.076843e+01 2.075750e+01 2.120000e+01 2.048500e+01 2.076996e+01 2.075652e+01
2.041500e+01 2.049000e+01 2.084198e+01 2.074034e+01 2.041000e+01 2.049500e+01 2.084027e+01 2.073933e+01
2.042000e+01 2.048500e+01 2.084349e+01 2.074147e+01 2.041500e+01 2.049000e+01 2.084198e+01 2.074034e+01
2.120000e+01 2.048500e+01 2.076996e+01 2.075652e+01 2.120000e+01 2.049500e+01 2.076303e+01 2.076114e+01
2.041000e+01 2.049500e+01 2.084027e+01 2.073933e+01 2.041000e+01 2.050500e+01 2.084736e+01 2.074408e+01
2.120000e+01 2.049500e+01 2.076303e+01 2.076114e+01 2.120500e+01 2.050000e+01 2.076481e+01 2.075982e+01
2.120500e+01 2.050000e+01 2.076481e+01 2.075982e+01 2.121000e+01 2.050500e+01 2.076680e+01 2.075864e+01
2.040500e+01 2.051000e+01 2.084540e+01 2.074275e+01 2.040000e+01 2.051500e+01 2.084325e+01 2.074157e+01
2.041000e+01 2.050500e+01 2.084736e+01 2.074408e+01 2.040500e+01 2.051000e+01 2.084540e+01 2.074275e+01
2.121000e+01 2.050500e+01 2.076680e+01 2.075864e+01 2.121000e+01 2.051500e+01 2.076016e+01 2.076261e+01
2.040000e+01 2.051500e+01 2.084325e+01 2.074157e+01 2.040000e+01 2.052500e+01 2.085005e+01 2.074570e+01
2.121000e+01 2.051500e+01 2.076016e+01 2.076261e+01 2.121500e+01 2.052000e+01 2.076245e+01 2.076113e+01
2.121500e+01 2.052000e+01 2.076245e+01 2.076113e+01 2.122000e+01 2.052500e+01 2.076494e+01 2.075981e+01
2.040000e+01 2.052500e+01 2.085005e+01 2.074570e+01 2.040000e+01 2.053500e+01 2.085680e+01 2.074951e+01
2.122000e+01 2.052500e+01 2.076494e+01 2.075981e+01 2.122000e+01 2.053500e+01 2.075868e+01 2.076318e+01
2.039500e+01 2.054000e+01 2.085419e+01 2.074792e+01 2.039000e+01 2.054500e+01 2.085142e+01 2.074649e+01
2.040000e+01 2.053500e+01 2.085680e+01 2.074951e+01 2.039500e+01 2.054000e+01 2.085419e+01 2.074792e+01
2.122000e+01 2.053500e+01 2.075868e+01 2.076318e+01 2.122500e+01 2.054000e+01 2.076151e+01 2.076160e+01
2.122500e+01 2.054000e+01 2.076151e+01 2.076160e+01 2.123000e+01 2.054500e+01 2.076452e+01 2.076020e+01
2.039000e+01 2.054500e+01 2.085142e+01 2.074649e+01 2.039000e+01 2.055500e+01 2.085775e+01 2.074974e+01
2.123000e+01 2.054500e+01 2.076452e+01 2.076020e+01 2.123000e+01 2.055500e+01 2.075871e+01 2.076302e+01
2.038500e+01 2.056000e+01 2.085463e+01 2.074809e+01 2.038000e+01 2.056500e+01 2.085136e+01 2.074663e+01
2.039000e+01 2.055500e+01 2.085775e+01 2.074974e+01 2.038500e+01 2.056000e+01 2.085463e+01 2.074809e+01
2.123000e+01 2.055500e+01 2.075871e+01 2.076302e+01 2.123000e+01 2.056500e+01 2.075301e+01 2.076552e+01
2.038000e+01 2.056500e+01 2.085136e+01 2.074663e+01 2.038000e+01 2.057500e+01 2.085723e+01 2.074938e+01
2.123000e+01 2.056500e+01 2.075301e+01 2.076552e+01 2.123500e+01 2.057000e+01 2.075660e+01 2.076383e+01
2.123500e+01 2.057000e+01 2.075660e+01 2.076383e+01 2.124000e+01 2.057500e+01 2.076034e+01 2.076235e+01
2.038000e+01 2.057500e+01 2.085723e+01 2.074938e+01 2.038000e+01 2.058500e+01 2.086295e+01 2.075184e+01
2.124000e+01 2.057500e+01 2.076034e+01 2.076235e+01 2.124000e+01 2.058500e+01 2.075520e+01 2.076440e+01
2.037500e+01 2.059000e+01 2.085910e+01 2.075013e+01 2.037000e+01 2.059500e+01 2.085515e+01 2.074863e+01
2.038000e+01 2.058500e+01 2.086295e+01 2.075184e+01 2.037500e+01 2.059000e+01 2.085910e+01 2.075013e+01
2.124000e+01 2.058500e+01 2.075520e+01 2.076440e+01 2.124000e+01 2.059500e+01 2.075023e+01 2.076615e+01
2.037000e+01 2.059500e+01 2.085515e+01 2.074863e+01 2.037000e+01 2.060500e+01 2.086030e+01 2.075068e+01
2.124000e+01 2.059500e+01 2.075023e+01 2.076615e+01 2.124500e+01 2.060000e+01 2.075461e+01 2.076450e+01
2.124500e+01 2.060000e+01 2.075461e+01 2.076450e+01 2.125000e+01 2.060500e+01 2.075909e+01 2.076307e+01
2.037000e+01 2.060500e+01 2.086030e+01 2.075068e+01 2.037000e+01 2.061500e+01 2.086527e+01 2.075246e+01
2.125000e+01 2.060500e+01 2.075909e+01 2.076307e+01 2.125000e+01 2.061500e+01 2.075476e+01 2.076449e+01
2.037000e+01 2.061500e+01 2.086527e+01 2.075246e+01 2.037000e+01 2.062500e+01 2.087003e+01 2.075398e+01
2.125000e+01 2.061500e+01 2.075476e+01 2.076449e+01 2.125000e+01 2.062500e+01 2.075065e+01 2.076565e+01
2.036500e+01 2.063000e+01 2.086524e+01 2.075235e+01 2.036000e+01 2.063500e+01 2.086038e+01 2.075093e+01
2.037000e+01 2.062500e+01 2.087003e+01 2.075398e+01 2.036500e+01 2.063000e+01 2.086524e+01 2.075235e+01
2.125000e+01 2.062500e+01 2.075065e+01 2.076565e+01 2.125000e+01 2.063500e+01 2.074678e+01 2.076658e+01
2.036000e+01 2.063500e+01 2.086038e+01 2.075093e+01 2.036000e+01 2.064500e+01 2.086448e+01 2.075219e+01
2.125000e+01 2.063500e+01 2.074678e+01 2.076658e+01 2.125500e+01 2.064000e+01 2.075217e+01 2.076512e+01
2.125500e+01 2.064000e+01 2.075217e+01 2.076512e+01 2.126000e+01 2.064500e+01 2.075761e+01 2.076389e+01
2.036000e+01 2.064500e+01 2.086448e+01 2.075219e+01 2.036000e+01 2.065500e+01 2.086834e+01 2.075323e+01
2.126000e+01 2.064500e+01 2.075761e+01 2.076389e+01 2.126000e+01 2.065500e+01 2.075445e+01 2.076465e+01
2.036000e+01 2.065500e+01 2.086834e+01 2.075323e+01 2.036000e+01 2.066500e+01 2.087194e+01 2.075407e+01
2.126000e+01 2.065500e+01 2.075445e+01 2.076465e+01 2.126000e+01 2.066500e+01 2.075157e+01 2.076522e+01
2.036000e+01 2.066500e+01 2.087194e+01 2.075407e+01 2.036000e+01 2.067500e+01 2.087526e+01 2.075472e+01
2.126000e+01 2.066500e+01 2.075157e+01 2.076522e+01 2.126000e+01 2.067500e+01 2.074898e+01 2.076562e+01
2.035500e+01 2.068000e+01 2.086932e+01 2.075343e+01 2.035000e+01 2.068500e+01 2.086338e+01 2.075236e+01
2.036000e+01 2.067500e+01 2.087526e+01 2.075472e+01 2.035500e+01 2.068000e+01 2.086932e+01 2.075343e+01
2.126000e+01 2.067500e+01 2.074898e+01 2.076562e+01 2.126000e+01 2.068500e+01 2.074669e+01 2.076587e+01
2.035000e+01 2.068500e+01 2.086338e+01 2.075236e+01 2.035000e+01 2.069500e+01 2.086599e+01 2.075296e+01
2.126000e+01 2.068500e+01 2.074669e+01 2.076587e+01 2.126500e+01 2.069000e+01 2.075324e+01 2.076493e+01
2.126500e+01 2.069000e+01 2.075324e+01 2.076493e+01 2.127000e+01 2.069500e+01 2.075978e+01 2.076421e+01
2.035000e+01 2.069500e+01 2.086599e+01 2.075296e+01 2.035000e+01 2.070500e+01 2.086831e+01 2.075343e+01
2.127000e+01 2.069500e+01 2.075978e+01 2.076421e+01 2.127000e+01 2.070500e+01 2.075823e+01 2.076451e+01
2.035000e+01 2.070500e+01 2.086831e+01 2.075343e+01 2.035000e+01 2.071500e+01 2.087032e+01 2.075378e+01
2.127000e+01 2.070500e+01 2.075823e+01 2.076451e+01 2.127000e+01 2.071500e+01 2.075698e+01 2.076472e+01
2.035000e+01 2.071500e+01 2.087032e+01 2.075378e+01 2.035000e+01 2.072500e+01 2.087201e+01 2.075402e+01
2.127000e+01 2.071500e+01 2.075698e+01 2.076472e+01 2.127000e+01 2.072500e+01 2.075606e+01 2.076486e+01
2.035000e+01 2.072500e+01 2.087201e+01 2.075402e+01 2.035000e+01 2.073500e+01 2.087339e+01 2.075419e+01
2.127000e+01 2.072500e+01 2.075606e+01 2.076486e+01 2.127000e+01 2.073500e+01 2.075546e+01 2.076494e+01
2.035000e+01 2.073500e+01 2.087339e+01 2.075419e+01 2.035000e+01 2.074500e+01 2.087445e+01 2.075429e+01
2.127000e+01 2.073500e+01 2.075546e+01 2.076494e+01 2.127000e+01 2.074500e+01 2.075519e+01 2.076498e+01
2.035000e+01 2.074500e+01 2.087445e+01 2.075429e+01 2.035000e+01 2.075500e+01 2.087517e+01 2.075435e+01
2.127000e+01 2.074500e+01 2.075519e+01 2.076498e+01 2.127000e+01 2.075500e+01 2.075525e+01 2.076501e+01
2.035000e+01 2.075500e+01 2.087517e+01 2.075435e+01 2.035000e+01 2.076500e+01 2.087556e+01 2.075438e+01
2.127000e+01 2.075500e+01 2.075525e+01 2.076501e+01 2.127000e+01 2.076500e+01 2.075565e+01 2.076504e+01
2.035000e+01 2.076500e+01 2.087556e+01 2.075438e+01 2.035000e+01 2.077500e+01 2.087562e+01 2.075441e+01
2.127000e+01 2.076500e+01 2.075565e+01 2.076504e+01 2.127000e+01 2.077500e+01 2.075637e+01 2.076510e+01
2.035000e+01 2.077500e+01 2.087562e+01 2.075441e+01 2.035000e+01 2.078500e+01 2.087535e+01 2.075445e+01
2.127000e+01 2.077500e+01 2.075637e+01 2.076510e+01 2.127000e+01 2.078500e+01 2.075742e+01 2.076520e+01
2.035000e+01 2.078500e+01 2.087535e+01 2.075445e+01 2.035000e+01 2.079500e+01 2.087476e+01 2.075453e+01
2.127000e+01 2.078500e+01 2.075742e+01 2.076520e+01 2.127000e+01 2.079500e+01 2.075880e+01 2.076536e+01
2.035000e+01 2.079500e+01 2.087476e+01 2.075453e+01 2.035000e+01 2.080500e+01 2.087383e+01 2.075467e+01
2.127000e+01 2.079500e+01 2.075880e+01 2.076536e+01 2.127000e+01 2.080500e+01 2.076050e+01 2.076561e+01
2.035000e+01 2.080500e+01 2.087383e+01 2.075467e+01 2.035000e+01 2.081500e+01 2.087259e+01 2.075488e+01
2.127000e+01 2.080500e+01 2.076050e+01 2.076561e+01 2.127000e+01 2.081500e+01 2.076251e+01 2.076596e+01
2.035000e+01 2.081500e+01 2.087259e+01 2.075488e+01 2.035000e+01 2.082500e+01 2.087103e+01 2.075518e+01
2.127000e+01 2.081500e+01 2.076251e+01 2.076596e+01 2.127000e+01 2.082500e+01 2.076482e+01 2.076642e+01
2.035000e+01 2.082500e+01 2.087103e+01 2.075518e+01 2.035500e+01 2.083000e+01 2.087757e+01 2.075446e+01
2.035500e+01 2.083000e+01 2.087757e+01 2.075446e+01 2.036000e+01 2.083500e+01 2.088413e+01 2.075352e+01
2.127000e+01 2.082500e+01 2.076482e+01 2.076642e+01 2.127000e+01 2.083500e+01 2.076744e+01 2.076703e+01
2.036000e+01 2.083500e+01 2.088413e+01 2.075352e+01 2.036000e+01 2.084500e+01 2.088184e+01 2.075376e+01
2.126500e+01 2.084000e+01 2.076150e+01 2.076596e+01 2.126000e+01 2.084500e+01 2.075555e+01 2.076467e+01
2.127000e+01 2.083500e+01 2.076744e+01 2.076703e+01 2.126500e+01 2.084000e+01 2.076150e+01 2.076596e+01
2.036000e+01 2.084500e+01 2.088184e+01 2.075376e+01 2.036000e+01 2.085500e+01 2.087924e+01 2.075416e+01
2.126000e+01 2.084500e+01 2.075555e+01 2.076467e+01 2.126000e+01 2.085500e+01 2.075888e+01 2.076532e+01
2.036000e+01 2.085500e+01 2.087924e+01 2.075416e+01 2.036000e+01 2.086500e+01 2.087636e+01 2.075474e+01
2.126000e+01 2.085500e+01 2.075888e+01 2.076532e+01 2.126000e+01 2.086500e+01 2.076247e+01 2.076615e+01
2.036000e+01 2.086500e+01 2.087636e+01 2.075474e+01 2.036000e+01 2.087500e+01 2.087321e+01 2.075549e+01
2.126000e+01 2.086500e+01 2.076247e+01 2.076615e+01 2.126000e+01 2.087500e+01 2.076633e+01 2.076720e+01
2.036000e+01 2.087500e+01 2.087321e+01 2.075549e+01 2.036500e+01 2.088000e+01 2.087864e+01 2.075426e+01
2.036500e+01 2.088000e+01 2.087864e+01 2.075426e+01 2.037000e+01 2.088500e+01 2.088403e+01 2.075281e+01
2.126000e+01 2.087500e+01 2.076633e+01 2.076720e+01 2.126000e+01 2.088500e+01 2.077044e+01 2.076846e+01
2.037000e+01 2.088500e+01 2.088403e+01 2.075281e+01 2.037000e+01 2.089500e+01 2.088016e+01 2.075373e+01
2.125500e+01 2.089000e+01 2.076558e+01 2.076704e+01 2.125000e+01 2.089500e+01 2.076078e+01 2.076540e+01
2.126000e+01 2.088500e+01 2.077044e+01 2.076846e+01 2.125500e+01 2.089000e+01 2.076558e+01 2.076704e+01
2.037000e+01 2.089500e+01 2.088016e+01 2.075373e+01 2.037000e+01 2.090500e+01 2.087605e+01 2.075490e+01
2.125000e+01 2.089500e+01 2.076078e+01 2.076540e+01 2.125000e+01 2.090500e+01 2.076554e+01 2.076692e+01
2.037000e+01 2.090500e+01 2.087605e+01 2.075490e+01 2.037000e+01 2.091500e+01 2.087172e+01 2.075632e+01
2.125000e+01 2.090500e+01 2.076554e+01 2.076692e+01 2.125000e+01 2.091500e+01 2.077051e+01 2.076870e+01
2.037000e+01 2.091500e+01 2.087172e+01 2.075632e+01 2.037500e+01 2.092000e+01 2.087621e+01 2.075489e+01
2.037500e+01 2.092000e+01 2.087621e+01 2.075489e+01 2.038000e+01 2.092500e+01 2.088059e+01 2.075323e+01
2.125000e+01 2.091500e+01 2.077051e+01 2.076870e+01 2.125000e+01 2.092500e+01 2.077567e+01 2.077075e+01
2.038000e+01 2.092500e+01 2.088059e+01 2.075323e+01 2.038000e+01 2.093500e+01 2.087562e+01 2.075499e+01
2.124500e+01 2.093000e+01 2.077171e+01 2.076925e+01 2.124000e+01 2.093500e+01 2.076787e+01 2.076755e+01
2.125000e+01 2.092500e+01 2.077567e+01 2.077075e+01 2.124500e+01 2.093000e+01 2.077171e+01 2.076925e+01
2.038000e+01 2.093500e+01 2.087562e+01 2.075499e+01 2.038000e+01 2.094500e+01 2.087048e+01 2.075703e+01
2.124000e+01 2.093500e+01 2.076787e+01 2.076755e+01 2.124000e+01 2.094500e+01 2.077359e+01 2.077001e+01
2.038000e+01 2.094500e+01 2.087048e+01 2.075703e+01 2.038500e+01 2.095000e+01 2.087421e+01 2.075555e+01
2.038500e+01 2.095000e+01 2.087421e+01 2.075555e+01 2.039000e+01 2.095500e+01 2.087781e+01 2.075387e+01
2.124000e+01 2.094500e+01 2.077359e+01 2.077001e+01 2.124000e+01 2.095500e+01 2.077945e+01 2.077276e+01
2.039000e+01 2.095500e+01 2.087781e+01 2.075387e+01 2.039000e+01 2.096500e+01 2.087211e+01 2.075637e+01
2.123500e+01 2.096000e+01 2.077619e+01 2.077129e+01 2.123000e+01 2.096500e+01 2.077306e+01 2.076965e+01
2.124000e+01 2.095500e+01 2.077945e+01 2.077276e+01 2.123500e+01 2.096000e+01 2.077619e+01 2.077129e+01
2.039000e+01 2.096500e+01 2.087211e+01 2.075637e+01 2.039000e+01 2.097500e+01 2.086629e+01 2.075918e+01
2.123000e+01 2.096500e+01 2.077306e+01 2.076965e+01 2.123000e+01 2.097500e+01 2.077940e+01 2.077290e+01
2.039000e+01 2.097500e+01 2.086629e+01 2.075918e+01 2.039500e+01 2.098000e+01 2.086930e+01 2.075779e+01
2.039500e+01 2.098000e+01 2.086930e+01 2.075779e+01 2.040000e+01 2.098500e+01 2.087214e+01 2.075621e+01
2.122500e+01 2.098000e+01 2.077663e+01 2.077147e+01 2.122000e+01 2.098500e+01 2.077402e+01 2.076987e+01
2.123000e+01 2.097500e+01 2.077940e+01 2.077290e+01 2.122500e+01 2.098000e+01 2.077663e+01 2.077147e+01
2.040000e+01 2.098500e+01 2.087214e+01 2.075621e+01 2.040000e+01 2.099500e+01 2.086587e+01 2.075958e+01
2.122000e+01 2.098500e+01 2.077402e+01 2.076987e+01 2.122000e+01 2.099500e+01 2.078077e+01 2.077369e+01
2.040000e+01 2.099500e+01 2.086587e+01 2.075958e+01 2.040500e+01 2.100000e+01 2.086836e+01 2.075826e+01
2.040500e+01 2.100000e+01 2.086836e+01 2.075826e+01 2.041000e+01 2.100500e+01 2.087066e+01 2.075677e+01
2.122000e+01 2.099500e+01 2.078077e+01 2.077369e+01 2.122000e+01 2.100500e+01 2.078756e+01 2.077782e+01
2.041000e+01 2.100500e+01 2.087066e+01 2.075677e+01 2.041000e+01 2.101500e+01 2.086402e+01 2.076074e+01
2.121500e+01 2.101000e+01 2.078542e+01 2.077663e+01 2.121000e+01 2.101500e+01 2.078346e+01 2.077531e+01
2.122000e+01 2.100500e+01 2.078756e+01 2.077782e+01 2.121500e+01 2.101000e+01 2.078542e+01 2.077663e+01
2.041000e+01 2.101500e+01 2.086402e+01 2.076074e+01 2.041500e+01 2.102000e+01 2.086601e+01 2.075956e+01
2.041500e+01 2.102000e+01 2.086601e+01 2.075956e+01 2.042000e+01 2.102500e+01 2.086779e+01 2.075824e+01
2.121000e+01 2.101500e+01 2.078346e+01 2.077531e+01 2.121000e+01 2.102500e+01 2.079054e+01 2.078005e+01
2.042000e+01 2.102500e+01 2.086779e+01 2.075824e+01 2.042000e+01 2.103500e+01 2.086086e+01 2.076287e+01
2.120500e+01 2.103000e+01 2.078884e+01 2.077904e+01 2.120000e+01 2.103500e+01 2.078733e+01 2.077792e+01
2.121000e+01 2.102500e+01 2.079054e+01 2.078005e+01 2.120500e+01 2.103000e+01 2.078884e+01 2.077904e+01
2.042000e+01 2.103500e+01 2.086086e+01 2.076287e+01 2.042500e+01 2.104000e+01 2.086238e+01 2.076189e+01
2.042500e+01 2.104000e+01 2.086238e+01 2.076189e+01 2.043000e+01 2.104500e+01 2.086368e+01 2.076080e+01
2.119500e+01 2.104000e+01 2.078593e+01 2.077696e+01 2.119000e+01 2.104500e+01 2.078474e+01 2.077590e+01
2.120000e+01 2.103500e+01 2.078733e+01 2.077792e+01 2.119500e+01 2.104000e+01 2.078593e+01 2.077696e+01
2.043000e+01 2.104500e+01 2.086368e+01 2.076080e+01 2.043000e+01 2.105500e+01 2.085655e+01 2.076611e+01
2.119000e+01 2.104500e+01 2.078474e+01 2.077590e+01 2.119000e+01 2.105500e+01 2.079224e+01 2.078164e+01
2.043000e+01 2.105500e+01 2.085655e+01 2.076611e+01 2.043500e+01 2.106000e+01 2.085765e+01 2.076538e+01
2.043500e+01 2.106000e+01 2.085765e+01 2.076538e+01 2.044000e+01 2.106500e+01 2.085851e+01 2.076457e+01
2.118500e+01 2.106000e+01 2.079123e+01 2.078095e+01 2.118000e+01 2.106500e+01 2.079044e+01 2.078018e+01
2.119000e+01 2.105500e+01 2.079224e+01 2.078164e+01 2.118500e+01 2.106000e+01 2.079123e+01 2.078095e+01
2.044000e+01 2.106500e+01 2.085851e+01 2.076457e+01 2.044000e+01 2.107500e+01 2.085128e+01 2.077058e+01
2.118000e+01 2.106500e+01 2.079044e+01 2.078018e+01 2.118000e+01 2.107500e+01 2.079802e+01 2.078659e+01
2.044000e+01 2.107500e+01 2.085128e+01 2.077058e+01 2.044500e+01 2.108000e+01 2.085200e+01 2.077016e+01
2.044500e+01 2.108000e+01 2.085200e+01 2.077016e+01 2.045000e+01 2.108500e+01 2.085248e+01 2.076968e+01
2.117500e+01 2.108000e+01 2.079736e+01 2.078620e+01 2.117000e+01 2.108500e+01 2.079691e+01 2.078576e+01
2.118000e+01 2.107500e+01 2.079802e+01 2.078659e+01 2.117500e+01 2.108000e+01 2.079736e+01 2.078620e+01
2.045000e+01 2.108500e+01 2.085248e+01 2.076968e+01 2.045500e+01 2.109000e+01 2.085291e+01 2.076941e+01
2.045500e+01 2.109000e+01 2.085291e+01 2.076941e+01 2.046000e+01 2.109500e+01 2.085309e+01 2.076909e+01
2.116500e+01 2.109000e+01 2.079651e+01 2.078551e+01 2.116000e+01 2.109500e+01 2.079634e+01 2.078523e+01
2.117000e+01 2.108500e+01 2.079691e+01 2.078576e+01 2.116500e+01 2.109000e+01 2.079651e+01 2.078551e+01
2.046000e+01 2.109500e+01 2.085309e+01 2.076909e+01 2.046500e+01 2.110000e+01 2.085325e+01 2.076899e+01
2.046500e+01 2.110000e+01 2.085325e+01 2.076899e+01 2.047000e+01 2.110500e+01 2.085316e+01 2.076885e+01
2.115500e+01 2.110000e+01 2.079619e+01 2.078514e+01 2.115000e+01 2.110500e+01 2.079626e+01 2.078504e+01
2.116000e+01 2.109500e+01 2.079634e+01 2.078523e+01 2.115500e+01 2.110000e+01 2.079619e+01 2.078514e+01
2.047000e+01 2.110500e+01 2.085316e+01 2.076885e+01 2.047000e+01 2.111500e+01 2.084580e+01 2.077638e+01
2.115000e+01 2.110500e+01 2.079626e+01 2.078504e+01 2.115000e+01 2.111500e+01 2.080393e+01 2.079291e+01
2.047000e+01 2.111500e+01 2.084580e+01 2.077638e+01 2.047500e+01 2.112000e+01 2.084569e+01 2.077667e+01
2.047500e+01 2.112000e+01 2.084569e+01 2.077667e+01 2.048000e+01 2.112500e+01 2.084535e+01 2.077696e+01
2.114500e+01 2.112000e+01 2.080402e+01 2.079321e+01 2.114000e+01 2.112500e+01 2.080433e+01 2.079351e+01
2.115000e+01 2.111500e+01 2.080393e+01 2.079291e+01 2.114500e+01 2.112000e+01 2.080402e+01 2.079321e+01
2.048000e+01 2.112500e+01 2.084535e+01 2.077696e+01 2.048500e+01 2.113000e+01 2.084502e+01 2.077747e+01
2.048500e+01 2.113000e+01 2.084502e+01 2.077747e+01 2.049000e+01 2.113500e+01 2.084447e+01 2.077799e+01
2.113500e+01 2.113000e+01 2.080462e+01 2.079402e+01 2.113000e+01 2.113500e+01 2.080513e+01 2.079454e+01
2.114000e+01 2.112500e+01 2.080433e+01 2.079351e+01 2.113500e+01 2.113000e+01 2.080462e+01 2.079402e+01
2.049000e+01 2.113500e+01 2.084447e+01 2.077799e+01 2.049500e+01 2.114000e+01 2.084393e+01 2.077872e+01
2.049500e+01 2.114000e+01 2.084393e+01 2.077872e+01 2.050000e+01 2.114500e+01 2.084318e+01 2.077949e+01
2.112500e+01 2.114000e+01 2.080560e+01 2.079526e+01 2.112000e+01 2.114500e+01 2.080629e+01 2.079602e+01
2.113000e+01 2.113500e+01 2.080513e+01 2.079454e+01 2.112500e+01 2.114000e+01 2.080560e+01 2.079526e+01
2.050000e+01 2.114500e+01 2.084318e+01 2.077949e+01 2.050500e+01 2.115000e+01 2.084247e+01 2.078047e+01
2.050500e+01 2.115000e+01 2.084247e+01 2.078047e+01 2.051000e+01 2.115500e+01 2.084154e+01 2.078150e+01
2.111500e+01 2.115000e+01 2.080694e+01 2.079697e+01 2.111000e+01 2.115500e+01 2.080778e+01 2.079797e+01
2.112000e+01 2.114500e+01 2.080629e+01 2.079602e+01 2.111500e+01 2.115000e+01 2.080694e+01 2.079697e+01
2.051000e+01 2.115500e+01 2.084154e+01 2.078150e+01 2.051500e+01 2.116000e+01 2.084067e+01 2.078274e+01
2.051500e+01 2.116000e+01 2.084067e+01 2.078274e+01 2.052000e+01 2.116500e+01 2.083960e+01 2.078405e+01
2.110500e+01 2.116000e+01 2.080857e+01 2.079917e+01 2.110000e+01 2.116500e+01 2.080956e+01 2.080043e+01
2.111000e+01 2.115500e+01 2.080778e+01 2.079797e+01 2.110500e+01 2.116000e+01 2.080857e+01 2.079917e+01
2.052000e+01 2.116500e+01 2.083960e+01 2.078405e+01 2.052500e+01 2.117000e+01 2.083860e+01 2.078555e+01
2.052500e+01 2.117000e+01 2.083860e+01 2.078555e+01 2.053000e+01 2.117500e+01 2.083741e+01 2.078715e+01
2.109500e+01 2.117000e+01 2.081047e+01 2.080187e+01 2.109000e+01 2.117500e+01 2.081158e+01 2.080340e+01
2.110000e+01 2.116500e+01 2.080956e+01 2.080043e+01 2.109500e+01 2.117000e+01 2.081047e+01 2.080187e+01
2.053000e+01 2.117500e+01 2.083741e+01 2.078715e+01 2.053500e+01 2.118000e+01 2.083630e+01 2.078893e+01
2.053500e+01 2.118000e+01 2.083630e+01 2.078893e+01 2.054000e+01 2.118500e+01 2.083501e+01 2.079082e+01
2.107500e+01 2.118000e+01 2.080798e+01 2.079810e+01 2.107000e+01 2.118500e+01 2.080936e+01 2.080000e+01
2.107500e+01 2.118000e+01 2.080798e+01 2.079810e+01 2.108500e+01 2.118000e+01 2.081259e+01 2.080510e+01
2.109000e+01 2.117500e+01 2.081158e+01 2.080340e+01 2.108500e+01 2.118000e+01 2.081259e+01 2.080510e+01
2.054000e+01 2.118500e+01 2.083501e+01 2.079082e+01 2.054500e+01 2.119000e+01 2.083383e+01 2.079288e+01
2.054500e+01 2.119000e+01 2.083383e+01 2.079288e+01 2.055000e+01 2.119500e+01 2.083247e+01 2.079507e+01
2.106500e+01 2.119000e+01 2.081062e+01 2.080207e+01 2.106000e+01 2.119500e+01 2.081205e+01 2.080425e+01
2.107000e+01 2.118500e+01 2.080936e+01 2.080000e+01 2.106500e+01 2.119000e+01 2.081062e+01 2.080207e+01
2.055000e+01 2.119500e+01 2.083247e+01 2.079507e+01 2.055500e+01 2.120000e+01 2.083123e+01 2.079742e+01
2.055500e+01 2.120000e+01 2.083123e+01 2.079742e+01 2.056000e+01 2.120500e+01 2.082983e+01 2.079990e+01
2.105500e+01 2.120000e+01 2.081336e+01 2.080660e+01 2.105000e+01 2.120500e+01 2.081482e+01 2.080907e+01
2.106000e+01 2.119500e+01 2.081205e+01 2.080425e+01 2.105500e+01 2.120000e+01 2.081336e+01 2.080660e+01
2.056000e+01 2.120500e+01 2.082983e+01 2.079990e+01 2.056500e+01 2.121000e+01 2.082856e+01 2.080254e+01
2.056500e+01 2.121000e+01 2.082856e+01 2.080254e+01 2.057500e+01 2.121000e+01 2.083164e+01 2.079663e+01
2.057500e+01 2.121000e+01 2.083164e+01 2.079663e+01 2.058000e+01 2.121500e+01 2.083009e+01 2.079955e+01
2.103500e+01 2.121000e+01 2.081283e+01 2.080542e+01 2.103000e+01 2.121500e+01 2.081444e+01 2.080831e+01
2.103500e+01 2.121000e+01 2.081283e+01 2.080542e+01 2.104500e+01 2.121000e+01 2.081616e+01 2.081169e+01
2.105000e+01 2.120500e+01 2.081482e+01 2.080907e+01 2.104500e+01 2.121000e+01 2.081616e+01 2.081169e+01
2.058000e+01 2.121500e+01 2.083009e+01 2.079955e+01 2.058500e+01 2.122000e+01 2.082868e+01 2.080262e+01
2.058500e+01 2.122000e+01 2.082868e+01 2.080262e+01 2.059000e+01 2.122500e+01 2.082715e+01 2.080585e+01
2.102500e+01 2.122000e+01 2.081590e+01 2.081134e+01 2.102000e+01 2.122500e+01 2.081748e+01 2.081452e+01
2.103000e+01 2.121500e+01 2.081444e+01 2.080831e+01 2.102500e+01 2.122000e+01 2.081590e+01 2.081134e+01
2.059000e+01 2.122500e+01 2.082715e+01 2.080585e+01 2.059500e+01 2.123000e+01 2.082578e+01 2.080921e+01
2.059500e+01 2.123000e+01 2.082578e+01 2.080921e+01 2.060500e+01 2.123000e+01 2.082804e+01 2.080398e+01
2.060500e+01 2.123000e+01 2.082804e+01 2.080398e+01 2.061000e+01 2.123500e+01 2.082646e+01 2.080766e+01
2.100500e+01 2.123000e+01 2.081637e+01 2.081222e+01 2.100000e+01 2.123500e+01 2.081800e+01 2.081584e+01
2.100500e+01 2.123000e+01 2.081637e+01 2.081222e+01 2.101500e+01 2.123000e+01 2.081891e+01 2.081783e+01
2.102000e+01 2.122500e+01 2.081748e+01 2.081452e+01 2.101500e+01 2.123000e+01 2.081891e+01 2.081783e+01
2.061000e+01 2.123500e+01 2.082646e+01 2.080766e+01 2.061500e+01 2.124000e+01 2.082505e+01 2.081147e+01
2.061500e+01 2.124000e+01 2.082505e+01 2.081147e+01 2.062500e+01 2.124000e+01 2.082684e+01 2.080670e+01
2.062500e+01 2.124000e+01 2.082684e+01 2.080670e+01 2.063000e+01 2.124500e+01 2.082528e+01 2.081085e+01
2.098500e+01 2.124000e+01 2.081740e+01 2.081441e+01 2.098000e+01 2.124500e+01 2.081902e+01 2.081847e+01
2.098500e+01 2.124000e+01 2.081740e+01 2.081441e+01 2.099500e+01 2.124000e+01 2.081946e+01 2.081957e+01
2.100000e+01 2.123500e+01 2.081800e+01 2.081584e+01 2.099500e+01 2.124000e+01 2.081946e+01 2.081957e+01
2.063000e+01 2.124500e+01 2.082528e+01 2.081085e+01 2.063500e+01 2.125000e+01 2.082390e+01 2.081510e+01
2.063500e+01 2.125000e+01 2.082390e+01 2.081510e+01 2.064500e+01 2.125000e+01 2.082528e+01 2.081084e+01
2.064500e+01 2.125000e+01 2.082528e+01 2.081084e+01 2.065000e+01 2.125500e+01 2.082381e+01 2.081545e+01
2.096500e+01 2.125000e+01 2.081880e+01 2.081795e+01 2.096000e+01 2.125500e+01 2.082035e+01 2.082245e+01
2.096500e+01 2.125000e+01 2.081880e+01 2.081795e+01 2.097500e+01 2.125000e+01 2.082046e+01 2.082262e+01
2.098000e+01 2.124500e+01 2.081902e+01 2.081847e+01 2.097500e+01 2.125000e+01 2.082046e+01 2.082262e+01
2.065000e+01 2.125500e+01 2.082381e+01 2.081545e+01 2.065500e+01 2.126000e+01 2.082251e+01 2.082014e+01
2.065500e+01 2.126000e+01 2.082251e+01 2.082014e+01 2.066500e+01 2.126000e+01 2.082358e+01 2.081643e+01
2.066500e+01 2.126000e+01 2.082358e+01 2.081643e+01 2.067500e+01 2.126000e+01 2.082442e+01 2.081291e+01
2.067500e+01 2.126000e+01 2.082442e+01 2.081291e+01 2.068000e+01 2.126500e+01 2.082308e+01 2.081816e+01
2.093500e+01 2.126000e+01 2.081930e+01 2.081893e+01 2.093000e+01 2.126500e+01 2.082073e+01 2.082403e+01
2.093500e+01 2.126000e+01 2.081930e+01 2.081893e+01 2.094500e+01 2.126000e+01 2.082039e+01 2.082287e+01
2.094500e+01 2.126000e+01 2.082039e+01 2.082287e+01 2.095500e+01 2.126000e+01 2.082172e+01 2.082701e+01
2.096000e+01 2.125500e+01 2.082035e+01 2.082245e+01 2.095500e+01 2.126000e+01 2.082172e+01 2.082701e+01
2.068000e+01 2.126500e+01 2.082308e+01 2.081816e+01 2.068500e+01 2.127000e+01 2.082193e+01 2.082346e+01
2.068500e+01 2.127000e+01 2.082193e+01 2.082346e+01 2.069500e+01 2.127000e+01 2.082258e+01 2.082054e+01
2.069500e+01 2.127000e+01 2.082258e+01 2.082054e+01 2.070500e+01 2.127000e+01 2.082304e+01 2.081785e+01
2.070500e+01 2.127000e+01 2.082304e+01 2.081785e+01 2.071000e+01 2.127500e+01 2.082197e+01 2.082371e+01
2.089500e+01 2.127000e+01 2.081993e+01 2.081973e+01 2.089000e+01 2.127500e+01 2.082110e+01 2.082559e+01
2.089500e+01 2.127000e+01 2.081993e+01 2.081973e+01 2.090500e+01 2.127000e+01 2.082043e+01 2.082265e+01
2.090500e+01 2.127000e+01 2.082043e+01 2.082265e+01 2.091500e+01 2.127000e+01 2.082111e+01 2.082579e+01
2.091500e+01 2.127000e+01 2.082111e+01 2.082579e+01 2.092500e+01 2.127000e+01 2.082199e+01 2.082917e+01
2.093000e+01 2.126500e+01 2.082073e+01 2.082403e+01 2.092500e+01 2.127000e+01 2.082199e+01 2.082917e+01
2.071000e+01 2.127500e+01 2.082197e+01 2.082371e+01 2.071500e+01 2.128000e+01 2.082108e+01 2.082959e+01
2.071500e+01 2.128000e+01 2.082108e+01 2.082959e+01 2.072500e+01 2.128000e+01 2.082147e+01 2.082751e+01
2.072500e+01 2.128000e+01 2.082147e+01 2.082751e+01 2.073500e+01 2.128000e+01 2.082174e+01 2.082568e+01
2.073500e+01 2.128000e+01 2.082174e+01 2.082568e+01 2.074500e+01 2.128000e+01 2.082190e+01 2.082411e+01
2.074500e+01 2.128000e+01 2.082190e+01 2.082411e+01 2.075500e+01 2.128000e+01 2.082196e+01 2.082281e+01
2.075500e+01 2.128000e+01 2.082196e+01 2.082281e+01 2.076500e+01 2.128000e+01 2.082194e+01 2.082178e+01
2.076500e+01 2.128000e+01 2.082194e+01 2.082178e+01 2.077500e+01 2.128000e+01 2.082185e+01 2.082103e+01
2.077500e+01 2.128000e+01 2.082185e+01 2.082103e+01 2.078000e+01 2.128500e+01 2.082156e+01 2.082813e+01
2.082500e+01 2.128000e+01 2.082116e+01 2.082157e+01 2.082000e+01 2.128500e+01 2.082156e+01 2.082858e+01
2.082500e+01 2.128000e+01 2.082116e+01 2.082157e+01 2.083500e+01 2.128000e+01 2.082109e+01 2.082253e+01
2.083500e+01 2.128000e+01 2.082109e+01 2.082253e+01 2.084500e+01 2.128000e+01 2.082109e+01 2.082377e+01
2.084500e+01 2.128000e+01 2.082109e+01 2.082377e+01 2.085500e+01 2.128000e+01 2.082118e+01 2.082529e+01
2.085500e+01 2.128000e+01 2.082118e+01 2.082529e+01 2.086500e+01 2.128000e+01 2.082136e+01 2.082709e+01
2.086500e+01 2.128000e+01 2.082136e+01 2.082709e+01 2.087500e+01 2.128000e+01 2.082166e+01 2.082914e+01
2.087500e+01 2.128000e+01 2.082166e+01 2.082914e+01 2.088500e+01 2.128000e+01 2.082209e+01 2.083145e+01
2.089000e+01 2.127500e+01 2.082110e+01 2.082559e+01 2.088500e+01 2.128000e+01 2.082209e+01 2.083145e+01
2.078000e+01 2.128500e+01 2.082156e+01 2.082813e+01 2.078500e+01 2.129000e+01 2.082142e+01 2.083518e+01
2.078500e+01 2.129000e+01 2.082142e+01 2.083518e+01 2.079500e+01 2.129000e+01 2.082155e+01 2.083502e+01
2.079500e+01 2.129000e+01 2.082155e+01 2.083502e+01 2.080500e+01 2.129000e+01 2.082167e+01 2.083514e+01
2.080500e+01 2.129000e+01 2.082167e+01 2.083514e+01 2.081500e+01 2.129000e+01 2.082181e+01 2.083553e+01
2.082000e+01 2.128500e+01 2.082156e+01 2.082858e+01 2.081500e+01 2.129000e+01 2.082181e+01 2.083553e+01
2.081000e+01 2.076000e+01 1.592110e+01 2.067831e+01 2.081000e+01 2.076000e+01 1.593434e+01 2.036630e+01
2.081000e+01 2.076000e+01 1.593434e+01 2.036630e+01 2.081000e+01 2.076000e+01 1.596821e+01 2.005649e+01
2.081000e+01 2.076000e+01 1.596821e+01 2.005649e+01 2.081000e+01 2.076000e+01 1.602252e+01 1.974987e+01
2.081000e+01 2.076000e+01 1.602252e+01 1.974987e+01 2.081000e+01 2.076000e+01 1.609709e+01 1.944743e+01
2.081000e+01 2.076000e+01 1.609709e+01 1.944743e+01 2.081000e+01 2.076000e+01 1.619172e+01 1.915015e+01
2.081000e+01 2.076000e+01 1.619172e+01 1.915015e+01 2.081000e+01 2.076000e+01 1.630623e+01 1.885904e+01
2.081000e+01 2.076000e+01 1.630623e+01 1.885904e+01 2.081000e+01 2.076000e+01 1.644041e+01 1.857510e+01
2.081000e+01 2.076000e+01 1.644041e+01 1.857510e+01 2.081000e+01 2.076000e+01 1.659406e+01 1.829940e+01
2.081000e+01 2.076000e+01 1.659406e+01 1.829940e+01 2.081000e+01 2.076000e+01 1.676696e+01 1.803298e+01
2.081000e+01 2.076000e+01 1.676696e+01 1.803298e+01 2.081000e+01 2.076000e+01 1.695885e+01 1.777699e+01
2.081000e+01 2.076000e+01 1.695885e+01 1.777699e+01 2.081000e+01 2.076000e+01 1.716943e+01 1.753257e+01
2.081000e+01 2.076000e+01 1.716943e+01 1.753257e+01 2.081000e+01 2.076000e+01 1.739836e+01 1.730093e+01
2.081000e+01 2.076000e+01 1.739836e+01 1.730093e+01 2.081000e+01 2.076000e+01 1.764522e+01 1.708334e+01
2.081000e+01 2.076000e+01 1.764522e+01 1.708334e+01 2.081000e+01 2.076000e+01 1.790947e+01 1.688112e+01
2.081000e+01 2.076000e+01 1.790947e+01 1.688112e+01 2.081000e+01 2.076000e+01 1.819048e+01 1.669564e+01
2.081000e+01 2.076000e+01 1.819048e+01 1.669564e+01 2.081000e+01 2.076000e+01 1.848745e+01 1.652829e+01
2.081000e+01 2.076000e+01 1.848745e+01 1.652829e+01 2.081000e+01 2.076000e+01 1.879940e+01 1.638051e+01
2.081000e+01 2.076000e+01 1.879940e+01 1.638051e+01 2.081000e+01 2.076000e+01 1.912513e+01 1.625371e+01
2.081000e+01 2.076000e+01 1.912513e+01 1.625371e+01 2.081000e+01 2.076000e+01 1.946322e+01 1.614930e+01
2.081000e+01 2.076000e+01 1.946322e+01 1.614930e+01 2.081000e+01 2.076000e+01 1.981195e+01 1.606857e+01
2.081000e+01 2.076000e+01 1.981195e+01 1.606857e+01 2.081000e+01 2.076000e+01 2.016934e+01 1.601270e+01
2.081000e+01 2.076000e+01 2.016934e+01 1.601270e+01 2.081000e+01 2.076000e+01 2.053314e+01 1.598267e+01
2.081000e+01 2.076000e+01 2.053314e+01 1.598267e+01 2.081000e+01 2.076000e+01 2.090085e+01 1.597923e+01
2.081000e+01 2.076000e+01 2.090085e+01 1.597923e+01 2.081000e+01 2.076000e+01 2.126976e+01 1.600279e+01
2.081000e+01 2.076000e+01 2.126976e+01 1.600279e+01 2.081000e+01 2.076000e+01 2.163704e+01 1.605345e+01
2.081000e+01 2.076000e+01 2.163704e+01 1.605345e+01 2.081000e+01 2.076000e+01 2.199983e+01 1.613093e+01
2.081000e+01 2.076000e+01 2.199983e+01 1.613093e+01 2.081000e+01 2.076000e+01 2.235528e+01 1.623456e+01
2.081000e+01 2.076000e+01 2.235528e+01 1.623456e+01 2.081000e+01 2.076000e+01 2.270071e+01 1.636337e+01
2.081000e+01 2.076000e+01 2.270071e+01 1.636337e+01 2.081000e+01 2.076000e+01 2.303366e+01 1.651606e+01
2.081000e+01 2.076000e+01 2.303366e+01 1.651606e+01 2.081000e+01 2.076000e+01 2.335193e+01 1.669111e+01
2.081000e+01 2.076000e+01 2.335193e+01 1.669111e+01 2.081000e+01 2.076000e+01 2.365366e+01 1.688682e+01
2.081000e+01 2.076000e+01 2.365366e+01 1.688682e+01 2.081000e+01 2.076000e+01 2.393731e+01 1.710139e+01
2.081000e+01 2.076000e+01 2.393731e+01 1.710139e+01 2.081000e+01 2.076000e+01 2.420163e+01 1.733298e+01
2.081000e+01 2.076000e+01 2.420163e+01 1.733298e+01 2.081000e+01 2.076000e+01 2.444569e+01 1.757974e+01
2.081000e+01 2.076000e+01 2.444569e+01 1.757974e+01 2.081000e+01 2.076000e+01 2.466882e+01 1.783990e+01
2.081000e+01 2.076000e+01 2.466882e+01 1.783990e+01 2.081000e+01 2.076000e+01 2.487054e+01 1.811171e+01
2.081000e+01 2.076000e+01 2.487054e+01 1.811171e+01 2.081000e+01 2.076000e+01 2.505058e+01 1.839355e+01
2.081000e+01 2.076000e+01 2.505058e+01 1.839355e+01 2.081000e+01 2.076000e+01 2.520878e+01 1.868386e+01
2.081000e+01 2.076000e+01 2.520878e+01 1.868386e+01 2.081000e+01 2.076000e+01 2.534512e+01 1.898119e+01
2.081000e+01 2.076000e+01 2.534512e+01 1.898119e+01 2.081000e+01 2.076000e+01 2.545964e+01 1.928417e+01
2.081000e+01 2.076000e+01 2.545964e+01 1.928417e+01 2.081000e+01 2.076000e+01 2.555245e+01 1.959151e+01
2.081000e+01 2.076000e+01 2.555245e+01 1.959151e+01 2.081000e+01 2.076000e+01 2.562368e+01 1.990200e+01
2.081000e+01 2.076000e+01 2.562368e+01 1.990200e+01 2.081000e+01 2.076000e+01 2.567351e+01 2.021449e+01
2.081000e+01 2.076000e+01 2.567351e+01 2.021449e+01 2.081000e+01 2.076000e+01 2.570213e+01 2.052787e+01
2.081000e+01 2.076000e+01 2.570213e+01 2.052787e+01 2.081000e+01 2.076000e+01 2.570972e+01 2.084108e+01
2.081000e+01 2.076000e+01 2.570972e+01 2.084108e+01 2.081000e+01 2.076000e+01 2.569648e+01 2.115309e+01
2.081000e+01 2.076000e+01 2.569648e+01 2.115309e+01 2.081000e+01 2.076000e+01 2.566261e+01 2.146290e+01
2.081000e+01 2.076000e+01 2.566261e+01 2.146290e+01 2.081000e+01 2.076000e+01 2.560829e+01 2.176952e+01
2.081000e+01 2.076000e+01 2.560829e+01 2.176952e+01 2.081000e+01 2.076000e+01 2.553372e+01 2.207196e+01
2.081000e+01 2.076000e+01 2.553372e+01 2.207196e+01 2.081000e+01 2.076000e+01 2.543909e+01 2.236924e+01
2.081000e+01 2.076000e+01 2.543909e+01 2.236924e+01 2.081000e+01 2.076000e+01 2.532459e+01 2.266035e+01
2.081000e+01 2.076000e+01 2.532459e+01 2.266035e+01 2.081000e+01 2.076000e+01 2.519041e+01 2.294428e+01
2.081000e+01 2.076000e+01 2.519041e+01 2.294428e+01 2.081000e+01 2.076000e+01 2.503676e+01 2.321999e+01
2.081000e+01 2.076000e+01 2.503676e+01 2.321999e+01 2.081000e+01 2.076000e+01 2.486386e+01 2.348640e+01
2.081000e+01 2.076000e+01 2.486386e+01 2.348640e+01 2.081000e+01 2.076000e+01 2.467197e+01 2.374240e+01
2.081000e+01 2.076000e+01 2.467197e+01 2.374240e+01 2.081000e+01 2.076000e+01 2.446138e+01 2.398682e+01
2.081000e+01 2.076000e+01 2.446138e+01 2.398682e+01 2.081000e+01 2.076000e+01 2.423245e+01 2.421846e+01
2.081000e+01 2.076000e+01 2.423245e+01 2.421846e+01 2.081000e+01 2.076000e+01 2.398560e+01 2.443604e+01
2.081000e+01 2.076000e+01 2.398560e+01 2.443604e+01 2.081000e+01 2.076000e+01 2.372135e+01 2.463826e+01
2.081000e+01 2.076000e+01 2.372135e+01 2.463826e+01 2.081000e+01 2.076000e+01 2.344034e+01 2.482375e+01
2.081000e+01 2.076000e+01 2.344034e+01 2.482375e+01 2.081000e+01 2.076000e+01 2.314337e+01 2.499110e+01
2.081000e+01 2.076000e+01 2.314337e+01 2.499110e+01 2.081000e+01 2.076000e+01 2.283142e+01 2.513888e+01
2.081000e+01 2.076000e+01 2.283142e+01 2.513888e+01 2.081000e+01 2.076000e+01 2.250569e+01 2.526568e+01
2.081000e+01 2.076000e+01 2.250569e+01 2.526568e+01 2.081000e+01 2.076000e+01 2.216760e+01 2.537009e+01
2.081000e+01 2.076000e+01 2.216760e+01 2.537009e+01 2.081000e+01 2.076000e+01 2.181887e+01 2.545082e+01
2.081000e+01 2.076000e+01 2.181887e+01 2.545082e+01 2.081000e+01 2.076000e+01 2.146148e+01 2.550669e+01
2.081000e+01 2.076000e+01 2.146148e+01 2.550669e+01 2.081000e+01 2.076000e+01 2.109768e+01 2.553671e+01
2.081000e+01 2.076000e+01 2.109768e+01 2.553671e+01 2.081000e+01 2.076000e+01 2.072997e+01 2.554016e+01
2.081000e+01 2.076000e+01 2.072997e+01 2.554016e+01 2.081000e+01 2.076000e+01 2.036106e+01 2.551659e+01
2.081000e+01 2.076000e+01 2.036106e+01 2.551659e+01 2.081000e+01 2.076000e+01 1.999377e+01 2.546593e+01
2.081000e+01 2.076000e+01 1.999377e+01 2.546593e+01 2.081000e+01 2.076000e+01 1.963099e+01 2.538846e+01
2.081000e+01 2.076000e+01 1.963099e+01 2.538846e+01 2.081000e+01 2.076000e+01 1.927554e+01 2.528482e+01
2.081000e+01 2.076000e+01 1.927554e+01 2.528482e+01 2.081000e+01 2.076000e+01 1.893011e+01 2.515602e+01
2.081000e+01 2.076000e+01 1.893011e+01 2.515602e+01 2.081000e+01 2.076000e+01 1.859716e+01 2.500333e+01
2.081000e+01 2.076000e+01 1.859716e+01 2.500333e+01 2.081000e+01 2.076000e+01 1.827888e+01 2.482828e+01
2.081000e+01 2.076000e+01 1.827888e+01 2.482828e+01 2.081000e+01 2.076000e+01 1.797715e+01 2.463257e+01
2.081000e+01 2.076000e+01 1.797715e+01 2.463257e+01 2.081000e+01 2.076000e+01 1.769351e+01 2.441800e+01
2.081000e+01 2.076000e+01 1.769351e+01 2.441800e+01 2.081000e+01 2.076000e+01 1.742919e+01 2.418641e+01
2.081000e+01 2.076000e+01 1.742919e+01 2.418641e+01 2.081000e+01 2.076000e+01 1.718512e+01 2.393964e+01
2.081000e+01 2.076000e+01 1.718512e+01 2.393964e+01 2.081000e+01 2.076000e+01 1.696200e+01 2.367949e+01
2.081000e+01 2.076000e+01 1.696200e+01 2.367949e+01 2.081000e+01 2.076000e+01 1.676027e+01 2.340768e+01
2.081000e+01 2.076000e+01 1.676027e+01 2.340768e+01 2.081000e+01 2.076000e+01 1.658024e+01 2.312584e+01
2.081000e+01 2.076000e+01 1.658024e+01 2.312584e+01 2.081000e+01 2.076000e+01 1.642203e+01 2.283553e+01
2.081000e+01 2.076000e+01 1.642203e+01 2.283553e+01 2.081000e+01 2.076000e+01 1.628569e+01 2.253820e+01
2.081000e+01 2.076000e+01 1.628569e+01 2.253820e+01 2.081000e+01 2.076000e+01 1.617117e+01 2.223522e+01
2.081000e+01 2.076000e+01 1.617117e+01 2.223522e+01 2.081000e+01 2.076000e+01 1.607837e+01 2.192787e+01
2.081000e+01 2.076000e+01 1.607837e+01 2.192787e+01 2.081000e+01 2.076000e+01 1.600714e+01 2.161738e+01
2.081000e+01 2.076000e+01 1.600714e+01 2.161738e+01 2.081000e+01 2.076000e+01 1.595730e+01 2.130490e+01
2.081000e+01 2.076000e+01 1.595730e+01 2.130490e+01 2.081000e+01 2.076000e+01 1.592869e+01 2.099152e+01
2.081000e+01 2.076000e+01 1.592869e+01 2.099152e+01 2.081000e+01 2.076000e+01 1.592110e+01 2.067831e+01
