2.066000e+01 2.024000e+01 2.080216e+01 2.069874e+01 2.064000e+01 2.026000e+01 2.080505e+01 2.071123e+01
2.066000e+01 2.024000e+01 2.080216e+01 2.069874e+01 2.070000e+01 2.024000e+01 2.080526e+01 2.070798e+01
2.070000e+01 2.024000e+01 2.080526e+01 2.070798e+01 2.074000e+01 2.024000e+01 2.080646e+01 2.071469e+01
2.074000e+01 2.024000e+01 2.080646e+01 2.071469e+01 2.078000e+01 2.024000e+01 2.080641e+01 2.071852e+01
2.078000e+01 2.024000e+01 2.080641e+01 2.071852e+01 2.082000e+01 2.024000e+01 2.080585e+01 2.071928e+01
2.082000e+01 2.024000e+01 2.080585e+01 2.071928e+01 2.086000e+01 2.024000e+01 2.080557e+01 2.071692e+01
2.086000e+01 2.024000e+01 2.080557e+01 2.071692e+01 2.090000e+01 2.024000e+01 2.080633e+01 2.071159e+01
2.090000e+01 2.024000e+01 2.080633e+01 2.071159e+01 2.094000e+01 2.024000e+01 2.080882e+01 2.070360e+01
2.094000e+01 2.024000e+01 2.080882e+01 2.070360e+01 2.096000e+01 2.026000e+01 2.080610e+01 2.071699e+01
2.058000e+01 2.028000e+01 2.080292e+01 2.070791e+01 2.056000e+01 2.030000e+01 2.080565e+01 2.071604e+01
2.058000e+01 2.028000e+01 2.080292e+01 2.070791e+01 2.062000e+01 2.028000e+01 2.080969e+01 2.072247e+01
2.064000e+01 2.026000e+01 2.080505e+01 2.071123e+01 2.062000e+01 2.028000e+01 2.080969e+01 2.072247e+01
2.096000e+01 2.026000e+01 2.080610e+01 2.071699e+01 2.098000e+01 2.028000e+01 2.080157e+01 2.072925e+01
2.098000e+01 2.028000e+01 2.080157e+01 2.072925e+01 2.102000e+01 2.028000e+01 2.080734e+01 2.071563e+01
2.102000e+01 2.028000e+01 2.080734e+01 2.071563e+01 2.104000e+01 2.030000e+01 2.080444e+01 2.072459e+01
2.054000e+01 2.032000e+01 2.080964e+01 2.072237e+01 2.052000e+01 2.034000e+01 2.081194e+01 2.072764e+01
2.056000e+01 2.030000e+01 2.080565e+01 2.071604e+01 2.054000e+01 2.032000e+01 2.080964e+01 2.072237e+01
2.104000e+01 2.030000e+01 2.080444e+01 2.072459e+01 2.106000e+01 2.032000e+01 2.080016e+01 2.073182e+01
2.106000e+01 2.032000e+01 2.080016e+01 2.073182e+01 2.108000e+01 2.034000e+01 2.079750e+01 2.073784e+01
2.050000e+01 2.036000e+01 2.081504e+01 2.073085e+01 2.048000e+01 2.038000e+01 2.081601e+01 2.073352e+01
2.052000e+01 2.034000e+01 2.081194e+01 2.072764e+01 2.050000e+01 2.036000e+01 2.081504e+01 2.073085e+01
2.108000e+01 2.034000e+01 2.079750e+01 2.073784e+01 2.110000e+01 2.036000e+01 2.079385e+01 2.074179e+01
2.110000e+01 2.036000e+01 2.079385e+01 2.074179e+01 2.112000e+01 2.038000e+01 2.079232e+01 2.074503e+01
2.046000e+01 2.040000e+01 2.081720e+01 2.073405e+01 2.044000e+01 2.042000e+01 2.081604e+01 2.073466e+01
2.048000e+01 2.038000e+01 2.081601e+01 2.073352e+01 2.046000e+01 2.040000e+01 2.081720e+01 2.073405e+01
2.112000e+01 2.038000e+01 2.079232e+01 2.074503e+01 2.114000e+01 2.040000e+01 2.079039e+01 2.074606e+01
2.114000e+01 2.040000e+01 2.079039e+01 2.074606e+01 2.116000e+01 2.042000e+01 2.079087e+01 2.074700e+01
2.044000e+01 2.042000e+01 2.081604e+01 2.073466e+01 2.044000e+01 2.046000e+01 2.083584e+01 2.075171e+01
2.116000e+01 2.042000e+01 2.079087e+01 2.074700e+01 2.118000e+01 2.044000e+01 2.079159e+01 2.074583e+01
2.118000e+01 2.044000e+01 2.079159e+01 2.074583e+01 2.120000e+01 2.046000e+01 2.079474e+01 2.074521e+01
2.042000e+01 2.048000e+01 2.083349e+01 2.074835e+01 2.040000e+01 2.050000e+01 2.082869e+01 2.074606e+01
2.044000e+01 2.046000e+01 2.083584e+01 2.075171e+01 2.042000e+01 2.048000e+01 2.083349e+01 2.074835e+01
2.120000e+01 2.046000e+01 2.079474e+01 2.074521e+01 2.120000e+01 2.050000e+01 2.077605e+01 2.075907e+01
2.040000e+01 2.050000e+01 2.082869e+01 2.074606e+01 2.040000e+01 2.054000e+01 2.084623e+01 2.075602e+01
2.120000e+01 2.050000e+01 2.077605e+01 2.075907e+01 2.122000e+01 2.052000e+01 2.078129e+01 2.075502e+01
2.122000e+01 2.052000e+01 2.078129e+01 2.075502e+01 2.124000e+01 2.054000e+01 2.078873e+01 2.075243e+01
2.038000e+01 2.056000e+01 2.083838e+01 2.075107e+01 2.036000e+01 2.058000e+01 2.082863e+01 2.074797e+01
2.040000e+01 2.054000e+01 2.084623e+01 2.075602e+01 2.038000e+01 2.056000e+01 2.083838e+01 2.075107e+01
2.124000e+01 2.054000e+01 2.078873e+01 2.075243e+01 2.124000e+01 2.058000e+01 2.077376e+01 2.076008e+01
2.036000e+01 2.058000e+01 2.082863e+01 2.074797e+01 2.036000e+01 2.062000e+01 2.084098e+01 2.075307e+01
2.124000e+01 2.058000e+01 2.077376e+01 2.076008e+01 2.124000e+01 2.062000e+01 2.076063e+01 2.076458e+01
2.036000e+01 2.062000e+01 2.084098e+01 2.075307e+01 2.036000e+01 2.066000e+01 2.085087e+01 2.075571e+01
2.124000e+01 2.062000e+01 2.076063e+01 2.076458e+01 2.124000e+01 2.066000e+01 2.075002e+01 2.076622e+01
2.036000e+01 2.066000e+01 2.085087e+01 2.075571e+01 2.036000e+01 2.070000e+01 2.085778e+01 2.075641e+01
2.124000e+01 2.066000e+01 2.075002e+01 2.076622e+01 2.126000e+01 2.068000e+01 2.076558e+01 2.076221e+01
2.126000e+01 2.068000e+01 2.076558e+01 2.076221e+01 2.128000e+01 2.070000e+01 2.078188e+01 2.076036e+01
2.036000e+01 2.070000e+01 2.085778e+01 2.075641e+01 2.036000e+01 2.074000e+01 2.086128e+01 2.075590e+01
2.128000e+01 2.070000e+01 2.078188e+01 2.076036e+01 2.128000e+01 2.074000e+01 2.077868e+01 2.076173e+01
2.036000e+01 2.074000e+01 2.086128e+01 2.075590e+01 2.036000e+01 2.078000e+01 2.086118e+01 2.075505e+01
2.128000e+01 2.074000e+01 2.077868e+01 2.076173e+01 2.128000e+01 2.078000e+01 2.077878e+01 2.076268e+01
2.036000e+01 2.078000e+01 2.086118e+01 2.075505e+01 2.036000e+01 2.082000e+01 2.085748e+01 2.075473e+01
2.128000e+01 2.078000e+01 2.077878e+01 2.076268e+01 2.128000e+01 2.082000e+01 2.078217e+01 2.076397e+01
2.036000e+01 2.082000e+01 2.085748e+01 2.075473e+01 2.036000e+01 2.086000e+01 2.085044e+01 2.075578e+01
2.128000e+01 2.082000e+01 2.078217e+01 2.076397e+01 2.128000e+01 2.086000e+01 2.078867e+01 2.076636e+01
2.036000e+01 2.086000e+01 2.085044e+01 2.075578e+01 2.036000e+01 2.090000e+01 2.084048e+01 2.075890e+01
2.126000e+01 2.088000e+01 2.077452e+01 2.076383e+01 2.124000e+01 2.090000e+01 2.076151e+01 2.075914e+01
2.128000e+01 2.086000e+01 2.078867e+01 2.076636e+01 2.126000e+01 2.088000e+01 2.077452e+01 2.076383e+01
2.036000e+01 2.090000e+01 2.084048e+01 2.075890e+01 2.038000e+01 2.092000e+01 2.085210e+01 2.075562e+01
2.038000e+01 2.092000e+01 2.085210e+01 2.075562e+01 2.040000e+01 2.094000e+01 2.086207e+01 2.075026e+01
2.124000e+01 2.090000e+01 2.076151e+01 2.075914e+01 2.124000e+01 2.094000e+01 2.077494e+01 2.076336e+01
2.040000e+01 2.094000e+01 2.086207e+01 2.075026e+01 2.040000e+01 2.098000e+01 2.084588e+01 2.075735e+01
2.124000e+01 2.094000e+01 2.077494e+01 2.076336e+01 2.124000e+01 2.098000e+01 2.079022e+01 2.077072e+01
2.040000e+01 2.098000e+01 2.084588e+01 2.075735e+01 2.040000e+01 2.102000e+01 2.082860e+01 2.076803e+01
2.122000e+01 2.100000e+01 2.078308e+01 2.076782e+01 2.120000e+01 2.102000e+01 2.077819e+01 2.076342e+01
2.124000e+01 2.098000e+01 2.079022e+01 2.077072e+01 2.122000e+01 2.100000e+01 2.078308e+01 2.076782e+01
2.040000e+01 2.102000e+01 2.082860e+01 2.076803e+01 2.042000e+01 2.104000e+01 2.083362e+01 2.076624e+01
2.042000e+01 2.104000e+01 2.083362e+01 2.076624e+01 2.044000e+01 2.106000e+01 2.083626e+01 2.076344e+01
2.120000e+01 2.102000e+01 2.077819e+01 2.076342e+01 2.120000e+01 2.106000e+01 2.079725e+01 2.077699e+01
2.044000e+01 2.106000e+01 2.083626e+01 2.076344e+01 2.046000e+01 2.108000e+01 2.083816e+01 2.076263e+01
2.046000e+01 2.108000e+01 2.083816e+01 2.076263e+01 2.048000e+01 2.110000e+01 2.083748e+01 2.076141e+01
2.118000e+01 2.108000e+01 2.079448e+01 2.077606e+01 2.116000e+01 2.110000e+01 2.079419e+01 2.077457e+01
2.120000e+01 2.106000e+01 2.079725e+01 2.077699e+01 2.118000e+01 2.108000e+01 2.079448e+01 2.077606e+01
2.048000e+01 2.110000e+01 2.083748e+01 2.076141e+01 2.050000e+01 2.112000e+01 2.083674e+01 2.076248e+01
2.050000e+01 2.112000e+01 2.083674e+01 2.076248e+01 2.052000e+01 2.114000e+01 2.083352e+01 2.076385e+01
2.114000e+01 2.112000e+01 2.079413e+01 2.077523e+01 2.112000e+01 2.114000e+01 2.079652e+01 2.077598e+01
2.116000e+01 2.110000e+01 2.079419e+01 2.077457e+01 2.114000e+01 2.112000e+01 2.079413e+01 2.077523e+01
2.052000e+01 2.114000e+01 2.083352e+01 2.076385e+01 2.054000e+01 2.116000e+01 2.083094e+01 2.076754e+01
2.054000e+01 2.116000e+01 2.083094e+01 2.076754e+01 2.056000e+01 2.118000e+01 2.082627e+01 2.077217e+01
2.110000e+01 2.116000e+01 2.079848e+01 2.077899e+01 2.108000e+01 2.118000e+01 2.080257e+01 2.078274e+01
2.112000e+01 2.114000e+01 2.079652e+01 2.077598e+01 2.110000e+01 2.116000e+01 2.079848e+01 2.077899e+01
2.056000e+01 2.118000e+01 2.082627e+01 2.077217e+01 2.058000e+01 2.120000e+01 2.082282e+01 2.077888e+01
2.058000e+01 2.120000e+01 2.082282e+01 2.077888e+01 2.060000e+01 2.122000e+01 2.081789e+01 2.078700e+01
2.106000e+01 2.120000e+01 2.080563e+01 2.078858e+01 2.104000e+01 2.122000e+01 2.081029e+01 2.079568e+01
2.108000e+01 2.118000e+01 2.080257e+01 2.078274e+01 2.106000e+01 2.120000e+01 2.080563e+01 2.078858e+01
2.060000e+01 2.122000e+01 2.081789e+01 2.078700e+01 2.062000e+01 2.124000e+01 2.081453e+01 2.079680e+01
2.062000e+01 2.124000e+01 2.081453e+01 2.079680e+01 2.066000e+01 2.124000e+01 2.081874e+01 2.078417e+01
2.066000e+01 2.124000e+01 2.081874e+01 2.078417e+01 2.068000e+01 2.126000e+01 2.081419e+01 2.079752e+01
2.098000e+01 2.124000e+01 2.080821e+01 2.079079e+01 2.096000e+01 2.126000e+01 2.081296e+01 2.080303e+01
2.098000e+01 2.124000e+01 2.080821e+01 2.079079e+01 2.102000e+01 2.124000e+01 2.081351e+01 2.080454e+01
2.104000e+01 2.122000e+01 2.081029e+01 2.079568e+01 2.102000e+01 2.124000e+01 2.081351e+01 2.080454e+01
2.068000e+01 2.126000e+01 2.081419e+01 2.079752e+01 2.070000e+01 2.128000e+01 2.081152e+01 2.081185e+01
2.070000e+01 2.128000e+01 2.081152e+01 2.081185e+01 2.074000e+01 2.128000e+01 2.081319e+01 2.080525e+01
2.074000e+01 2.128000e+01 2.081319e+01 2.080525e+01 2.078000e+01 2.128000e+01 2.081350e+01 2.080147e+01
2.078000e+01 2.128000e+01 2.081350e+01 2.080147e+01 2.082000e+01 2.128000e+01 2.081315e+01 2.080072e+01
2.082000e+01 2.128000e+01 2.081315e+01 2.080072e+01 2.086000e+01 2.128000e+01 2.081293e+01 2.080307e+01
2.086000e+01 2.128000e+01 2.081293e+01 2.080307e+01 2.090000e+01 2.128000e+01 2.081361e+01 2.080839e+01
2.090000e+01 2.128000e+01 2.081361e+01 2.080839e+01 2.094000e+01 2.128000e+01 2.081588e+01 2.081639e+01
2.096000e+01 2.126000e+01 2.081296e+01 2.080303e+01 2.094000e+01 2.128000e+01 2.081588e+01 2.081639e+01
2.080963e+01 2.075884e+01 2.032794e+01 2.076218e+01 2.080963e+01 2.075884e+01 2.032901e+01 2.073155e+01
2.080963e+01 2.075884e+01 2.032901e+01 2.073155e+01 2.080963e+01 2.075884e+01 2.033222e+01 2.070098e+01
2.080963e+01 2.075884e+01 2.033222e+01 2.070098e+01 2.080963e+01 2.075884e+01 2.033758e+01 2.067061e+01
2.080963e+01 2.075884e+01 2.033758e+01 2.067061e+01 2.080963e+01 2.075884e+01 2.034508e+01 2.064053e+01
2.080963e+01 2.075884e+01 2.034508e+01 2.064053e+01 2.080963e+01 2.075884e+01 2.035472e+01 2.061087e+01
2.080963e+01 2.075884e+01 2.035472e+01 2.061087e+01 2.080963e+01 2.075884e+01 2.036648e+01 2.058176e+01
2.080963e+01 2.075884e+01 2.036648e+01 2.058176e+01 2.080963e+01 2.075884e+01 2.038035e+01 2.055332e+01
2.080963e+01 2.075884e+01 2.038035e+01 2.055332e+01 2.080963e+01 2.075884e+01 2.039631e+01 2.052568e+01
2.080963e+01 2.075884e+01 2.039631e+01 2.052568e+01 2.080963e+01 2.075884e+01 2.041433e+01 2.049898e+01
2.080963e+01 2.075884e+01 2.041433e+01 2.049898e+01 2.080963e+01 2.075884e+01 2.043435e+01 2.047335e+01
2.080963e+01 2.075884e+01 2.043435e+01 2.047335e+01 2.080963e+01 2.075884e+01 2.045633e+01 2.044894e+01
2.080963e+01 2.075884e+01 2.045633e+01 2.044894e+01 2.080963e+01 2.075884e+01 2.048020e+01 2.042590e+01
2.080963e+01 2.075884e+01 2.048020e+01 2.042590e+01 2.080963e+01 2.075884e+01 2.050587e+01 2.040436e+01
2.080963e+01 2.075884e+01 2.050587e+01 2.040436e+01 2.080963e+01 2.075884e+01 2.053325e+01 2.038447e+01
2.080963e+01 2.075884e+01 2.053325e+01 2.038447e+01 2.080963e+01 2.075884e+01 2.056221e+01 2.036637e+01
2.080963e+01 2.075884e+01 2.056221e+01 2.036637e+01 2.080963e+01 2.075884e+01 2.059262e+01 2.035021e+01
2.080963e+01 2.075884e+01 2.059262e+01 2.035021e+01 2.080963e+01 2.075884e+01 2.062433e+01 2.033609e+01
2.080963e+01 2.075884e+01 2.062433e+01 2.033609e+01 2.080963e+01 2.075884e+01 2.065715e+01 2.032415e+01
2.080963e+01 2.075884e+01 2.065715e+01 2.032415e+01 2.080963e+01 2.075884e+01 2.069090e+01 2.031447e+01
2.080963e+01 2.075884e+01 2.069090e+01 2.031447e+01 2.080963e+01 2.075884e+01 2.072537e+01 2.030714e+01
2.080963e+01 2.075884e+01 2.072537e+01 2.030714e+01 2.080963e+01 2.075884e+01 2.076035e+01 2.030223e+01
2.080963e+01 2.075884e+01 2.076035e+01 2.030223e+01 2.080963e+01 2.075884e+01 2.079560e+01 2.029976e+01
2.080963e+01 2.075884e+01 2.079560e+01 2.029976e+01 2.080963e+01 2.075884e+01 2.083091e+01 2.029976e+01
2.080963e+01 2.075884e+01 2.083091e+01 2.029976e+01 2.080963e+01 2.075884e+01 2.086604e+01 2.030222e+01
2.080963e+01 2.075884e+01 2.086604e+01 2.030222e+01 2.080963e+01 2.075884e+01 2.090077e+01 2.030710e+01
2.080963e+01 2.075884e+01 2.090077e+01 2.030710e+01 2.080963e+01 2.075884e+01 2.093489e+01 2.031435e+01
2.080963e+01 2.075884e+01 2.093489e+01 2.031435e+01 2.080963e+01 2.075884e+01 2.096820e+01 2.032390e+01
2.080963e+01 2.075884e+01 2.096820e+01 2.032390e+01 2.080963e+01 2.075884e+01 2.100051e+01 2.033566e+01
2.080963e+01 2.075884e+01 2.100051e+01 2.033566e+01 2.080963e+01 2.075884e+01 2.103164e+01 2.034952e+01
2.080963e+01 2.075884e+01 2.103164e+01 2.034952e+01 2.080963e+01 2.075884e+01 2.106146e+01 2.036537e+01
2.080963e+01 2.075884e+01 2.106146e+01 2.036537e+01 2.080963e+01 2.075884e+01 2.108982e+01 2.038309e+01
2.080963e+01 2.075884e+01 2.108982e+01 2.038309e+01 2.080963e+01 2.075884e+01 2.111661e+01 2.040255e+01
2.080963e+01 2.075884e+01 2.111661e+01 2.040255e+01 2.080963e+01 2.075884e+01 2.114171e+01 2.042361e+01
2.080963e+01 2.075884e+01 2.114171e+01 2.042361e+01 2.080963e+01 2.075884e+01 2.116506e+01 2.044616e+01
2.080963e+01 2.075884e+01 2.116506e+01 2.044616e+01 2.080963e+01 2.075884e+01 2.118657e+01 2.047004e+01
2.080963e+01 2.075884e+01 2.118657e+01 2.047004e+01 2.080963e+01 2.075884e+01 2.120618e+01 2.049514e+01
2.080963e+01 2.075884e+01 2.120618e+01 2.049514e+01 2.080963e+01 2.075884e+01 2.122385e+01 2.052133e+01
2.080963e+01 2.075884e+01 2.122385e+01 2.052133e+01 2.080963e+01 2.075884e+01 2.123952e+01 2.054848e+01
2.080963e+01 2.075884e+01 2.123952e+01 2.054848e+01 2.080963e+01 2.075884e+01 2.125318e+01 2.057647e+01
2.080963e+01 2.075884e+01 2.125318e+01 2.057647e+01 2.080963e+01 2.075884e+01 2.126477e+01 2.060517e+01
2.080963e+01 2.075884e+01 2.126477e+01 2.060517e+01 2.080963e+01 2.075884e+01 2.127430e+01 2.063448e+01
2.080963e+01 2.075884e+01 2.127430e+01 2.063448e+01 2.080963e+01 2.075884e+01 2.128173e+01 2.066428e+01
2.080963e+01 2.075884e+01 2.128173e+01 2.066428e+01 2.080963e+01 2.075884e+01 2.128705e+01 2.069446e+01
2.080963e+01 2.075884e+01 2.128705e+01 2.069446e+01 2.080963e+01 2.075884e+01 2.129025e+01 2.072490e+01
2.080963e+01 2.075884e+01 2.129025e+01 2.072490e+01 2.080963e+01 2.075884e+01 2.129132e+01 2.075549e+01
2.080963e+01 2.075884e+01 2.129132e+01 2.075549e+01 2.080963e+01 2.075884e+01 2.129025e+01 2.078613e+01
2.080963e+01 2.075884e+01 2.129025e+01 2.078613e+01 2.080963e+01 2.075884e+01 2.128704e+01 2.081669e+01
2.080963e+01 2.075884e+01 2.128704e+01 2.081669e+01 2.080963e+01 2.075884e+01 2.128168e+01 2.084707e+01
2.080963e+01 2.075884e+01 2.128168e+01 2.084707e+01 2.080963e+01 2.075884e+01 2.127418e+01 2.087714e+01
2.080963e+01 2.075884e+01 2.127418e+01 2.087714e+01 2.080963e+01 2.075884e+01 2.126454e+01 2.090680e+01
2.080963e+01 2.075884e+01 2.126454e+01 2.090680e+01 2.080963e+01 2.075884e+01 2.125278e+01 2.093591e+01
2.080963e+01 2.075884e+01 2.125278e+01 2.093591e+01 2.080963e+01 2.075884e+01 2.123890e+01 2.096435e+01
2.080963e+01 2.075884e+01 2.123890e+01 2.096435e+01 2.080963e+01 2.075884e+01 2.122295e+01 2.099199e+01
2.080963e+01 2.075884e+01 2.122295e+01 2.099199e+01 2.080963e+01 2.075884e+01 2.120493e+01 2.101869e+01
2.080963e+01 2.075884e+01 2.120493e+01 2.101869e+01 2.080963e+01 2.075884e+01 2.118491e+01 2.104432e+01
2.080963e+01 2.075884e+01 2.118491e+01 2.104432e+01 2.080963e+01 2.075884e+01 2.116293e+01 2.106873e+01
2.080963e+01 2.075884e+01 2.116293e+01 2.106873e+01 2.080963e+01 2.075884e+01 2.113906e+01 2.109178e+01
2.080963e+01 2.075884e+01 2.113906e+01 2.109178e+01 2.080963e+01 2.075884e+01 2.111339e+01 2.111332e+01
2.080963e+01 2.075884e+01 2.111339e+01 2.111332e+01 2.080963e+01 2.075884e+01 2.108601e+01 2.113320e+01
2.080963e+01 2.075884e+01 2.108601e+01 2.113320e+01 2.080963e+01 2.075884e+01 2.105705e+01 2.115130e+01
2.080963e+01 2.075884e+01 2.105705e+01 2.115130e+01 2.080963e+01 2.075884e+01 2.102663e+01 2.116747e+01
2.080963e+01 2.075884e+01 2.102663e+01 2.116747e+01 2.080963e+01 2.075884e+01 2.099493e+01 2.118158e+01
2.080963e+01 2.075884e+01 2.099493e+01 2.118158e+01 2.080963e+01 2.075884e+01 2.096211e+01 2.119353e+01
2.080963e+01 2.075884e+01 2.096211e+01 2.119353e+01 2.080963e+01 2.075884e+01 2.092836e+01 2.120320e+01
2.080963e+01 2.075884e+01 2.092836e+01 2.120320e+01 2.080963e+01 2.075884e+01 2.089389e+01 2.121053e+01
2.080963e+01 2.075884e+01 2.089389e+01 2.121053e+01 2.080963e+01 2.075884e+01 2.085891e+01 2.121545e+01
2.080963e+01 2.075884e+01 2.085891e+01 2.121545e+01 2.080963e+01 2.075884e+01 2.082366e+01 2.121791e+01
2.080963e+01 2.075884e+01 2.082366e+01 2.121791e+01 2.080963e+01 2.075884e+01 2.078835e+01 2.121791e+01
2.080963e+01 2.075884e+01 2.078835e+01 2.121791e+01 2.080963e+01 2.075884e+01 2.075322e+01 2.121546e+01
2.080963e+01 2.075884e+01 2.075322e+01 2.121546e+01 2.080963e+01 2.075884e+01 2.071849e+01 2.121057e+01
2.080963e+01 2.075884e+01 2.071849e+01 2.121057e+01 2.080963e+01 2.075884e+01 2.068437e+01 2.120332e+01
2.080963e+01 2.075884e+01 2.068437e+01 2.120332e+01 2.080963e+01 2.075884e+01 2.065106e+01 2.119377e+01
2.080963e+01 2.075884e+01 2.065106e+01 2.119377e+01 2.080963e+01 2.075884e+01 2.061875e+01 2.118202e+01
2.080963e+01 2.075884e+01 2.061875e+01 2.118202e+01 2.080963e+01 2.075884e+01 2.058761e+01 2.116815e+01
2.080963e+01 2.075884e+01 2.058761e+01 2.116815e+01 2.080963e+01 2.075884e+01 2.055780e+01 2.115230e+01
2.080963e+01 2.075884e+01 2.055780e+01 2.115230e+01 2.080963e+01 2.075884e+01 2.052944e+01 2.113458e+01
2.080963e+01 2.075884e+01 2.052944e+01 2.113458e+01 2.080963e+01 2.075884e+01 2.050265e+01 2.111513e+01
2.080963e+01 2.075884e+01 2.050265e+01 2.111513e+01 2.080963e+01 2.075884e+01 2.047754e+01 2.109406e+01
2.080963e+01 2.075884e+01 2.047754e+01 2.109406e+01 2.080963e+01 2.075884e+01 2.045420e+01 2.107152e+01
2.080963e+01 2.075884e+01 2.045420e+01 2.107152e+01 2.080963e+01 2.075884e+01 2.043269e+01 2.104763e+01
2.080963e+01 2.075884e+01 2.043269e+01 2.104763e+01 2.080963e+01 2.075884e+01 2.041308e+01 2.102253e+01
2.080963e+01 2.075884e+01 2.041308e+01 2.102253e+01 2.080963e+01 2.075884e+01 2.039541e+01 2.099634e+01
2.080963e+01 2.075884e+01 2.039541e+01 2.099634e+01 2.080963e+01 2.075884e+01 2.037974e+01 2.096920e+01
2.080963e+01 2.075884e+01 2.037974e+01 2.096920e+01 2.080963e+01 2.075884e+01 2.036608e+01 2.094121e+01
2.080963e+01 2.075884e+01 2.036608e+01 2.094121e+01 2.080963e+01 2.075884e+01 2.035448e+01 2.091250e+01
2.080963e+01 2.075884e+01 2.035448e+01 2.091250e+01 2.080963e+01 2.075884e+01 2.034496e+01 2.088319e+01
2.080963e+01 2.075884e+01 2.034496e+01 2.088319e+01 2.080963e+01 2.075884e+01 2.033753e+01 2.085339e+01
2.080963e+01 2.075884e+01 2.033753e+01 2.085339e+01 2.080963e+01 2.075884e+01 2.033221e+01 2.082322e+01
2.080963e+01 2.075884e+01 2.033221e+01 2.082322e+01 2.080963e+01 2.075884e+01 2.032901e+01 2.079278e+01
2.080963e+01 2.075884e+01 2.032901e+01 2.079278e+01 2.080963e+01 2.075884e+01 2.032794e+01 2.076218e+01
