3.000000e-02 9.546861e+00
3.077000e-02 9.212837e+00
3.154000e-02 8.905527e+00
3.231000e-02 8.621985e+00
3.308000e-02 8.358857e+00
3.385000e-02 8.113727e+00
3.462000e-02 7.887086e+00
3.539000e-02 7.671726e+00
3.616000e-02 7.469325e+00
3.693000e-02 7.278611e+00
3.770000e-02 7.098491e+00
3.847000e-02 6.928014e+00
3.924000e-02 6.766352e+00
4.001000e-02 6.612775e+00
4.078000e-02 6.466638e+00
4.155000e-02 6.327369e+00
4.232000e-02 6.194456e+00
4.309000e-02 6.067442e+00
4.386000e-02 5.945913e+00
4.463000e-02 5.829498e+00
4.540000e-02 5.717859e+00
4.617000e-02 5.610689e+00
4.694000e-02 5.507710e+00
4.771000e-02 5.408665e+00
4.848000e-02 5.313321e+00
4.925000e-02 5.221464e+00
5.002000e-02 5.132895e+00
5.079000e-02 5.047432e+00
5.156000e-02 4.964906e+00
5.233000e-02 4.885162e+00
5.310000e-02 4.808056e+00
5.387000e-02 4.733452e+00
5.464000e-02 4.661226e+00
5.541000e-02 4.591260e+00
5.618000e-02 4.523448e+00
5.695000e-02 4.457686e+00
5.772000e-02 4.393880e+00
5.849000e-02 4.331940e+00
5.926000e-02 4.271784e+00
6.003000e-02 4.213332e+00
6.080000e-02 4.156510e+00
6.157000e-02 4.101251e+00
6.234000e-02 4.047486e+00
6.311000e-02 3.995156e+00
6.388000e-02 3.944202e+00
6.465000e-02 3.894568e+00
6.542000e-02 3.846202e+00
6.619000e-02 3.799056e+00
6.696000e-02 3.753082e+00
6.773000e-02 3.708237e+00
6.850000e-02 3.664477e+00
6.927000e-02 3.621763e+00
7.004000e-02 3.580058e+00
7.081000e-02 3.539325e+00
7.158000e-02 3.499529e+00
7.235000e-02 3.460638e+00
7.312000e-02 3.422621e+00
7.389000e-02 3.385448e+00
7.466000e-02 3.349090e+00
7.543000e-02 3.313521e+00
7.620000e-02 3.278714e+00
7.697000e-02 3.244646e+00
7.774000e-02 3.211292e+00
7.851000e-02 3.178629e+00
7.928000e-02 3.146636e+00
8.005000e-02 3.115292e+00
8.082000e-02 3.084577e+00
8.159000e-02 3.054473e+00
8.236000e-02 3.024960e+00
8.313000e-02 2.996022e+00
8.390000e-02 2.967641e+00
8.467000e-02 2.939801e+00
8.544000e-02 2.912487e+00
8.621000e-02 2.885683e+00
8.698000e-02 2.859376e+00
8.775000e-02 2.833551e+00
8.852000e-02 2.808195e+00
8.929000e-02 2.783295e+00
9.006000e-02 2.758839e+00
9.083000e-02 2.734815e+00
9.160000e-02 2.711212e+00
9.237000e-02 2.688017e+00
9.314000e-02 2.665221e+00
9.391000e-02 2.642814e+00
9.468000e-02 2.620785e+00
9.545000e-02 2.599125e+00
9.622000e-02 2.577824e+00
9.699000e-02 2.556873e+00
9.776000e-02 2.536264e+00
9.853000e-02 2.515989e+00
9.930000e-02 2.496039e+00
1.000700e-01 2.476406e+00
1.008400e-01 2.457084e+00
1.016100e-01 2.438063e+00
1.023800e-01 2.419338e+00
1.031500e-01 2.400901e+00
1.039200e-01 2.382747e+00
1.046900e-01 2.364867e+00
1.054600e-01 2.347256e+00
1.062300e-01 2.329909e+00
1.070000e-01 2.312818e+00
1.077700e-01 2.295979e+00
1.085400e-01 2.279385e+00
1.093100e-01 2.263032e+00
1.100800e-01 2.246914e+00
1.108500e-01 2.231026e+00
1.116200e-01 2.215363e+00
1.123900e-01 2.199920e+00
1.131600e-01 2.184693e+00
1.139300e-01 2.169677e+00
1.147000e-01 2.154868e+00
1.154700e-01 2.140261e+00
1.162400e-01 2.125853e+00
1.170100e-01 2.111639e+00
1.177800e-01 2.097615e+00
1.185500e-01 2.083777e+00
1.193200e-01 2.070123e+00
1.200900e-01 2.056647e+00
1.208600e-01 2.043348e+00
1.216300e-01 2.030220e+00
1.224000e-01 2.017261e+00
1.231700e-01 2.004468e+00
1.239400e-01 1.991837e+00
1.247100e-01 1.979366e+00
1.254800e-01 1.967050e+00
1.262500e-01 1.954889e+00
1.270200e-01 1.942877e+00
1.277900e-01 1.931014e+00
1.285600e-01 1.919295e+00
1.293300e-01 1.907718e+00
1.301000e-01 1.896282e+00
1.308700e-01 1.884982e+00
1.316400e-01 1.873817e+00
1.324100e-01 1.862785e+00
1.331800e-01 1.851882e+00
1.339500e-01 1.841107e+00
1.347200e-01 1.830458e+00
1.354900e-01 1.819932e+00
1.362600e-01 1.809526e+00
1.370300e-01 1.799240e+00
1.378000e-01 1.789071e+00
1.385700e-01 1.779017e+00
1.393400e-01 1.769075e+00
1.401100e-01 1.759245e+00
1.408800e-01 1.749524e+00
1.416500e-01 1.739911e+00
1.424200e-01 1.730403e+00
1.431900e-01 1.720999e+00
1.439600e-01 1.711697e+00
1.447300e-01 1.702496e+00
1.455000e-01 1.693394e+00
1.462700e-01 1.684389e+00
1.470400e-01 1.675479e+00
1.478100e-01 1.666664e+00
1.485800e-01 1.657942e+00
1.493500e-01 1.649311e+00
1.501200e-01 1.640770e+00
1.508900e-01 1.632317e+00
1.516600e-01 1.623951e+00
1.524300e-01 1.615671e+00
1.532000e-01 1.607475e+00
1.539700e-01 1.599363e+00
1.547400e-01 1.591332e+00
1.555100e-01 1.583382e+00
1.562800e-01 1.575511e+00
1.570500e-01 1.567719e+00
1.578200e-01 1.560003e+00
1.585900e-01 1.552364e+00
1.593600e-01 1.544799e+00
1.601300e-01 1.537308e+00
1.609000e-01 1.529889e+00
1.616700e-01 1.522542e+00
1.624400e-01 1.515266e+00
1.632100e-01 1.508059e+00
1.639800e-01 1.500921e+00
1.647500e-01 1.493850e+00
1.655200e-01 1.486845e+00
1.662900e-01 1.479907e+00
1.670600e-01 1.473033e+00
1.678300e-01 1.466223e+00
1.686000e-01 1.459475e+00
1.693700e-01 1.452790e+00
1.701400e-01 1.446166e+00
1.709100e-01 1.439602e+00
1.716800e-01 1.433098e+00
1.724500e-01 1.426653e+00
1.732200e-01 1.420265e+00
1.739900e-01 1.413935e+00
1.747600e-01 1.407661e+00
1.755300e-01 1.401443e+00
1.763000e-01 1.395279e+00
1.770700e-01 1.389170e+00
1.778400e-01 1.383114e+00
1.786100e-01 1.377111e+00
1.793800e-01 1.371160e+00
1.801500e-01 1.365260e+00
1.809200e-01 1.359412e+00
1.816900e-01 1.353613e+00
1.824600e-01 1.347863e+00
1.832300e-01 1.342163e+00
1.840000e-01 1.336510e+00
1.847700e-01 1.330905e+00
1.855400e-01 1.325347e+00
1.863100e-01 1.319836e+00
1.870800e-01 1.314370e+00
1.878500e-01 1.308949e+00
1.886200e-01 1.303573e+00
1.893900e-01 1.298242e+00
1.901600e-01 1.292953e+00
1.909300e-01 1.287708e+00
1.917000e-01 1.282506e+00
1.924700e-01 1.277345e+00
1.932400e-01 1.272226e+00
1.940100e-01 1.267147e+00
1.947800e-01 1.262110e+00
1.955500e-01 1.257112e+00
1.963200e-01 1.252154e+00
1.970900e-01 1.247235e+00
1.978600e-01 1.242354e+00
1.986300e-01 1.237512e+00
1.994000e-01 1.232707e+00
2.001700e-01 1.227940e+00
2.009400e-01 1.223209e+00
2.017100e-01 1.218515e+00
2.024800e-01 1.213857e+00
2.032500e-01 1.209234e+00
2.040200e-01 1.204647e+00
2.047900e-01 1.200094e+00
2.055600e-01 1.195576e+00
2.063300e-01 1.191092e+00
2.071000e-01 1.186641e+00
2.078700e-01 1.182223e+00
2.086400e-01 1.177839e+00
2.094100e-01 1.173487e+00
2.101800e-01 1.169166e+00
2.109500e-01 1.164878e+00
2.117200e-01 1.160621e+00
2.124900e-01 1.156396e+00
2.132600e-01 1.152200e+00
2.140300e-01 1.148036e+00
2.148000e-01 1.143901e+00
2.155700e-01 1.139796e+00
2.163400e-01 1.135721e+00
2.171100e-01 1.131675e+00
2.178800e-01 1.127657e+00
2.186500e-01 1.123668e+00
2.194200e-01 1.119707e+00
2.201900e-01 1.115774e+00
2.209600e-01 1.111869e+00
2.217300e-01 1.107991e+00
2.225000e-01 1.104140e+00
2.232700e-01 1.100315e+00
2.240400e-01 1.096518e+00
2.248100e-01 1.092746e+00
2.255800e-01 1.089000e+00
2.263500e-01 1.085280e+00
2.271200e-01 1.081585e+00
2.278900e-01 1.077916e+00
2.286600e-01 1.074271e+00
2.294300e-01 1.070651e+00
2.302000e-01 1.067055e+00
2.309700e-01 1.063483e+00
2.317400e-01 1.059936e+00
2.325100e-01 1.056412e+00
2.332800e-01 1.052911e+00
2.340500e-01 1.049433e+00
2.348200e-01 1.045979e+00
2.355900e-01 1.042547e+00
2.363600e-01 1.039137e+00
2.371300e-01 1.035750e+00
2.379000e-01 1.032385e+00
2.386700e-01 1.029042e+00
2.394400e-01 1.025720e+00
2.402100e-01 1.022420e+00
2.409800e-01 1.019141e+00
2.417500e-01 1.015883e+00
2.425200e-01 1.012646e+00
2.432900e-01 1.009429e+00
2.440600e-01 1.006233e+00
2.448300e-01 1.003057e+00
2.456000e-01 9.999011e-01
2.463700e-01 9.967650e-01
2.471400e-01 9.936485e-01
2.479100e-01 9.905515e-01
2.486800e-01 9.874738e-01
2.494500e-01 9.844151e-01
2.502200e-01 9.813754e-01
2.509900e-01 9.783544e-01
2.517600e-01 9.753520e-01
2.525300e-01 9.723681e-01
2.533000e-01 9.694023e-01
2.540700e-01 9.664546e-01
2.548400e-01 9.635248e-01
2.556100e-01 9.606127e-01
2.563800e-01 9.577183e-01
2.571500e-01 9.548412e-01
2.579200e-01 9.519814e-01
2.586900e-01 9.491387e-01
2.594600e-01 9.463130e-01
2.602300e-01 9.435040e-01
2.610000e-01 9.407118e-01
2.617700e-01 9.379360e-01
2.625400e-01 9.351766e-01
2.633100e-01 9.324334e-01
2.640800e-01 9.297062e-01
2.648500e-01 9.269950e-01
2.656200e-01 9.242996e-01
2.663900e-01 9.216198e-01
2.671600e-01 9.189556e-01
2.679300e-01 9.163067e-01
2.687000e-01 9.136731e-01
2.694700e-01 9.110546e-01
2.702400e-01 9.084511e-01
2.710100e-01 9.058625e-01
2.717800e-01 9.032886e-01
2.725500e-01 9.007293e-01
2.733200e-01 8.981844e-01
2.740900e-01 8.956540e-01
2.748600e-01 8.931377e-01
2.756300e-01 8.906356e-01
2.764000e-01 8.881475e-01
2.771700e-01 8.856733e-01
2.779400e-01 8.832128e-01
2.787100e-01 8.807660e-01
2.794800e-01 8.783327e-01
2.802500e-01 8.759129e-01
2.810200e-01 8.735064e-01
2.817900e-01 8.711130e-01
2.825600e-01 8.687328e-01
2.833300e-01 8.663656e-01
2.841000e-01 8.640112e-01
2.848700e-01 8.616696e-01
2.856400e-01 8.593407e-01
2.864100e-01 8.570244e-01
2.871800e-01 8.547205e-01
2.879500e-01 8.524290e-01
2.887200e-01 8.501498e-01
2.894900e-01 8.478828e-01
2.902600e-01 8.456278e-01
2.910300e-01 8.433848e-01
2.918000e-01 8.411537e-01
2.925700e-01 8.389343e-01
2.933400e-01 8.367267e-01
2.941100e-01 8.345307e-01
2.948800e-01 8.323462e-01
2.956500e-01 8.301731e-01
2.964200e-01 8.280113e-01
2.971900e-01 8.258608e-01
2.979600e-01 8.237214e-01
2.987300e-01 8.215931e-01
2.995000e-01 8.194758e-01
3.002700e-01 8.173694e-01
3.010400e-01 8.152737e-01
3.018100e-01 8.131889e-01
3.025800e-01 8.111146e-01
3.033500e-01 8.090510e-01
3.041200e-01 8.069978e-01
3.048900e-01 8.049550e-01
3.056600e-01 8.029226e-01
3.064300e-01 8.009004e-01
3.072000e-01 7.988884e-01
3.079700e-01 7.968865e-01
3.087400e-01 7.948946e-01
3.095100e-01 7.929126e-01
3.102800e-01 7.909405e-01
3.110500e-01 7.889782e-01
3.118200e-01 7.870256e-01
3.125900e-01 7.850827e-01
3.133600e-01 7.831494e-01
3.141300e-01 7.812255e-01
3.149000e-01 7.793111e-01
3.156700e-01 7.774061e-01
3.164400e-01 7.755104e-01
3.172100e-01 7.736239e-01
3.179800e-01 7.717466e-01
3.187500e-01 7.698784e-01
3.195200e-01 7.680192e-01
3.202900e-01 7.661689e-01
3.210600e-01 7.643276e-01
3.218300e-01 7.624951e-01
3.226000e-01 7.606714e-01
3.233700e-01 7.588564e-01
3.241400e-01 7.570501e-01
3.249100e-01 7.552523e-01
3.256800e-01 7.534631e-01
3.264500e-01 7.516823e-01
3.272200e-01 7.499100e-01
3.279900e-01 7.481459e-01
3.287600e-01 7.463902e-01
3.295300e-01 7.446427e-01
3.303000e-01 7.429034e-01
3.310700e-01 7.411722e-01
3.318400e-01 7.394490e-01
3.326100e-01 7.377339e-01
3.333800e-01 7.360267e-01
3.341500e-01 7.343274e-01
3.349200e-01 7.326359e-01
3.356900e-01 7.309522e-01
3.364600e-01 7.292762e-01
3.372300e-01 7.276079e-01
3.380000e-01 7.259472e-01
3.387700e-01 7.242941e-01
3.395400e-01 7.226486e-01
3.403100e-01 7.210104e-01
3.410800e-01 7.193797e-01
3.418500e-01 7.177564e-01
3.426200e-01 7.161404e-01
3.433900e-01 7.145316e-01
3.441600e-01 7.129301e-01
3.449300e-01 7.113357e-01
3.457000e-01 7.097485e-01
3.464700e-01 7.081683e-01
3.472400e-01 7.065952e-01
3.480100e-01 7.050290e-01
3.487800e-01 7.034698e-01
3.495500e-01 7.019175e-01
3.503200e-01 7.003720e-01
3.510900e-01 6.988333e-01
3.518600e-01 6.973013e-01
3.526300e-01 6.957761e-01
3.534000e-01 6.942575e-01
3.541700e-01 6.927456e-01
3.549400e-01 6.912402e-01
3.557100e-01 6.897413e-01
3.564800e-01 6.882490e-01
3.572500e-01 6.867631e-01
3.580200e-01 6.852836e-01
3.587900e-01 6.838104e-01
3.595600e-01 6.823436e-01
3.603300e-01 6.808831e-01
3.611000e-01 6.794288e-01
3.618700e-01 6.779808e-01
3.626400e-01 6.765389e-01
3.634100e-01 6.751031e-01
3.641800e-01 6.736734e-01
3.649500e-01 6.722497e-01
3.657200e-01 6.708321e-01
3.664900e-01 6.694204e-01
3.672600e-01 6.680147e-01
3.680300e-01 6.666148e-01
3.688000e-01 6.652208e-01
3.695700e-01 6.638327e-01
3.703400e-01 6.624503e-01
3.711100e-01 6.610737e-01
3.718800e-01 6.597028e-01
3.726500e-01 6.583376e-01
3.734200e-01 6.569780e-01
3.741900e-01 6.556240e-01
3.749600e-01 6.542756e-01
3.757300e-01 6.529327e-01
3.765000e-01 6.515954e-01
3.772700e-01 6.502635e-01
3.780400e-01 6.489370e-01
3.788100e-01 6.476160e-01
3.795800e-01 6.463003e-01
3.803500e-01 6.449900e-01
3.811200e-01 6.436849e-01
3.818900e-01 6.423852e-01
3.826600e-01 6.410907e-01
3.834300e-01 6.398014e-01
3.842000e-01 6.385172e-01
3.849700e-01 6.372383e-01
3.857400e-01 6.359644e-01
3.865100e-01 6.346956e-01
3.872800e-01 6.334319e-01
3.880500e-01 6.321732e-01
3.888200e-01 6.309195e-01
3.895900e-01 6.296708e-01
3.903600e-01 6.284270e-01
3.911300e-01 6.271881e-01
3.919000e-01 6.259541e-01
3.926700e-01 6.247250e-01
3.934400e-01 6.235006e-01
3.942100e-01 6.222811e-01
3.949800e-01 6.210663e-01
3.957500e-01 6.198563e-01
3.965200e-01 6.186509e-01
3.972900e-01 6.174503e-01
3.980600e-01 6.162543e-01
3.988300e-01 6.150629e-01
3.996000e-01 6.138761e-01
4.003700e-01 6.126940e-01
4.011400e-01 6.115163e-01
4.019100e-01 6.103432e-01
4.026800e-01 6.091746e-01
4.034500e-01 6.080104e-01
4.042200e-01 6.068507e-01
4.049900e-01 6.056954e-01
4.057600e-01 6.045445e-01
4.065300e-01 6.033979e-01
4.073000e-01 6.022557e-01
4.080700e-01 6.011179e-01
4.088400e-01 5.999843e-01
4.096100e-01 5.988550e-01
4.103800e-01 5.977299e-01
4.111500e-01 5.966091e-01
4.119200e-01 5.954924e-01
4.126900e-01 5.943800e-01
4.134600e-01 5.932717e-01
4.142300e-01 5.921675e-01
4.150000e-01 5.910674e-01
4.157700e-01 5.899714e-01
4.165400e-01 5.888794e-01
4.173100e-01 5.877915e-01
4.180800e-01 5.867076e-01
4.188500e-01 5.856277e-01
4.196200e-01 5.845518e-01
4.203900e-01 5.834798e-01
4.211600e-01 5.824118e-01
4.219300e-01 5.813476e-01
4.227000e-01 5.802874e-01
4.234700e-01 5.792310e-01
4.242400e-01 5.781784e-01
4.250100e-01 5.771297e-01
4.257800e-01 5.760848e-01
4.265500e-01 5.750436e-01
4.273200e-01 5.740062e-01
4.280900e-01 5.729725e-01
4.288600e-01 5.719426e-01
4.296300e-01 5.709163e-01
4.304000e-01 5.698938e-01
4.311700e-01 5.688749e-01
4.319400e-01 5.678596e-01
4.327100e-01 5.668480e-01
4.334800e-01 5.658399e-01
4.342500e-01 5.648354e-01
4.350200e-01 5.638345e-01
4.357900e-01 5.628372e-01
4.365600e-01 5.618433e-01
4.373300e-01 5.608530e-01
4.381000e-01 5.598661e-01
4.388700e-01 5.588828e-01
4.396400e-01 5.579028e-01
4.404100e-01 5.569263e-01
4.411800e-01 5.559533e-01
4.419500e-01 5.549836e-01
4.427200e-01 5.540173e-01
4.434900e-01 5.530543e-01
4.442600e-01 5.520947e-01
4.450300e-01 5.511385e-01
4.458000e-01 5.501855e-01
4.465700e-01 5.492358e-01
4.473400e-01 5.482894e-01
4.481100e-01 5.473463e-01
4.488800e-01 5.464064e-01
4.496500e-01 5.454697e-01
4.504200e-01 5.445362e-01
4.511900e-01 5.436059e-01
4.519600e-01 5.426788e-01
4.527300e-01 5.417549e-01
4.535000e-01 5.408341e-01
4.542700e-01 5.399164e-01
4.550400e-01 5.390018e-01
4.558100e-01 5.380904e-01
4.565800e-01 5.371820e-01
4.573500e-01 5.362766e-01
4.581200e-01 5.353744e-01
4.588900e-01 5.344751e-01
4.596600e-01 5.335789e-01
4.604300e-01 5.326857e-01
4.612000e-01 5.317954e-01
4.619700e-01 5.309081e-01
4.627400e-01 5.300238e-01
4.635100e-01 5.291425e-01
4.642800e-01 5.282640e-01
4.650500e-01 5.273885e-01
4.658200e-01 5.265159e-01
4.665900e-01 5.256461e-01
4.673600e-01 5.247792e-01
4.681300e-01 5.239152e-01
4.689000e-01 5.230540e-01
4.696700e-01 5.221957e-01
4.704400e-01 5.213401e-01
4.712100e-01 5.204874e-01
4.719800e-01 5.196375e-01
4.727500e-01 5.187903e-01
4.735200e-01 5.179459e-01
4.742900e-01 5.171042e-01
4.750600e-01 5.162653e-01
4.758300e-01 5.154290e-01
4.766000e-01 5.145955e-01
4.773700e-01 5.137647e-01
4.781400e-01 5.129366e-01
4.789100e-01 5.121111e-01
4.796800e-01 5.112883e-01
4.804500e-01 5.104681e-01
4.812200e-01 5.096505e-01
4.819900e-01 5.088356e-01
4.827600e-01 5.080232e-01
4.835300e-01 5.072135e-01
4.843000e-01 5.064063e-01
4.850700e-01 5.056017e-01
4.858400e-01 5.047997e-01
4.866100e-01 5.040002e-01
4.873800e-01 5.032032e-01
4.881500e-01 5.024088e-01
4.889200e-01 5.016168e-01
4.896900e-01 5.008274e-01
4.904600e-01 5.000404e-01
4.912300e-01 4.992559e-01
4.920000e-01 4.984738e-01
4.927700e-01 4.976942e-01
4.935400e-01 4.969171e-01
4.943100e-01 4.961423e-01
4.950800e-01 4.953700e-01
4.958500e-01 4.946001e-01
4.966200e-01 4.938326e-01
4.973900e-01 4.930674e-01
4.981600e-01 4.923046e-01
4.989300e-01 4.915442e-01
4.997000e-01 4.907861e-01
5.004700e-01 4.900304e-01
5.012400e-01 4.892770e-01
5.020100e-01 4.885258e-01
5.027800e-01 4.877770e-01
5.035500e-01 4.870305e-01
5.043200e-01 4.862863e-01
5.050900e-01 4.855444e-01
5.058600e-01 4.848047e-01
5.066300e-01 4.840672e-01
5.074000e-01 4.833320e-01
5.081700e-01 4.825991e-01
5.089400e-01 4.818683e-01
5.097100e-01 4.811398e-01
5.104800e-01 4.804134e-01
5.112500e-01 4.796893e-01
5.120200e-01 4.789673e-01
5.127900e-01 4.782475e-01
5.135600e-01 4.775299e-01
5.143300e-01 4.768144e-01
5.151000e-01 4.761011e-01
5.158700e-01 4.753898e-01
5.166400e-01 4.746808e-01
5.174100e-01 4.739738e-01
5.181800e-01 4.732689e-01
5.189500e-01 4.725661e-01
5.197200e-01 4.718654e-01
5.204900e-01 4.711668e-01
5.212600e-01 4.704703e-01
5.220300e-01 4.697758e-01
5.228000e-01 4.690833e-01
5.235700e-01 4.683929e-01
5.243400e-01 4.677046e-01
5.251100e-01 4.670182e-01
5.258800e-01 4.663339e-01
5.266500e-01 4.656515e-01
5.274200e-01 4.649712e-01
5.281900e-01 4.642928e-01
5.289600e-01 4.636164e-01
5.297300e-01 4.629420e-01
5.305000e-01 4.622696e-01
5.312700e-01 4.615991e-01
5.320400e-01 4.609305e-01
5.328100e-01 4.602639e-01
5.335800e-01 4.595992e-01
5.343500e-01 4.589364e-01
5.351200e-01 4.582756e-01
5.358900e-01 4.576166e-01
5.366600e-01 4.569595e-01
5.374300e-01 4.563043e-01
5.382000e-01 4.556510e-01
5.389700e-01 4.549996e-01
5.397400e-01 4.543500e-01
5.405100e-01 4.537023e-01
5.412800e-01 4.530564e-01
5.420500e-01 4.524123e-01
5.428200e-01 4.517701e-01
5.435900e-01 4.511297e-01
5.443600e-01 4.504911e-01
5.451300e-01 4.498543e-01
5.459000e-01 4.492194e-01
5.466700e-01 4.485862e-01
5.474400e-01 4.479548e-01
5.482100e-01 4.473251e-01
5.489800e-01 4.466973e-01
5.497500e-01 4.460712e-01
5.505200e-01 4.454468e-01
5.512900e-01 4.448242e-01
5.520600e-01 4.442033e-01
5.528300e-01 4.435842e-01
5.536000e-01 4.429668e-01
5.543700e-01 4.423511e-01
5.551400e-01 4.417371e-01
5.559100e-01 4.411248e-01
5.566800e-01 4.405143e-01
5.574500e-01 4.399054e-01
5.582200e-01 4.392982e-01
5.589900e-01 4.386926e-01
5.597600e-01 4.380887e-01
5.605300e-01 4.374865e-01
5.613000e-01 4.368860e-01
5.620700e-01 4.362871e-01
5.628400e-01 4.356898e-01
5.636100e-01 4.350942e-01
5.643800e-01 4.345001e-01
5.651500e-01 4.339078e-01
5.659200e-01 4.333170e-01
5.666900e-01 4.327278e-01
5.674600e-01 4.321402e-01
5.682300e-01 4.315543e-01
5.690000e-01 4.309699e-01
5.697700e-01 4.303871e-01
5.705400e-01 4.298059e-01
5.713100e-01 4.292262e-01
5.720800e-01 4.286481e-01
5.728500e-01 4.280715e-01
5.736200e-01 4.274965e-01
5.743900e-01 4.269231e-01
5.751600e-01 4.263512e-01
5.759300e-01 4.257808e-01
5.767000e-01 4.252119e-01
5.774700e-01 4.246446e-01
5.782400e-01 4.240788e-01
5.790100e-01 4.235144e-01
5.797800e-01 4.229516e-01
5.805500e-01 4.223903e-01
5.813200e-01 4.218305e-01
5.820900e-01 4.212721e-01
5.828600e-01 4.207152e-01
5.836300e-01 4.201598e-01
5.844000e-01 4.196059e-01
5.851700e-01 4.190534e-01
5.859400e-01 4.185023e-01
5.867100e-01 4.179528e-01
5.874800e-01 4.174046e-01
5.882500e-01 4.168579e-01
5.890200e-01 4.163126e-01
5.897900e-01 4.157688e-01
5.905600e-01 4.152264e-01
5.913300e-01 4.146853e-01
5.921000e-01 4.141457e-01
5.928700e-01 4.136075e-01
5.936400e-01 4.130707e-01
5.944100e-01 4.125353e-01
5.951800e-01 4.120013e-01
5.959500e-01 4.114686e-01
5.967200e-01 4.109374e-01
5.974900e-01 4.104075e-01
5.982600e-01 4.098789e-01
5.990300e-01 4.093517e-01
5.998000e-01 4.088259e-01
6.005700e-01 4.083014e-01
6.013400e-01 4.077783e-01
6.021100e-01 4.072565e-01
6.028800e-01 4.067361e-01
6.036500e-01 4.062170e-01
6.044200e-01 4.056991e-01
6.051900e-01 4.051827e-01
6.059600e-01 4.046675e-01
6.067300e-01 4.041536e-01
6.075000e-01 4.036411e-01
6.082700e-01 4.031298e-01
6.090400e-01 4.026199e-01
6.098100e-01 4.021112e-01
6.105800e-01 4.016038e-01
6.113500e-01 4.010977e-01
6.121200e-01 4.005928e-01
6.128900e-01 4.000893e-01
6.136600e-01 3.995870e-01
6.144300e-01 3.990859e-01
6.152000e-01 3.985861e-01
6.159700e-01 3.980876e-01
6.167400e-01 3.975903e-01
6.175100e-01 3.970943e-01
6.182800e-01 3.965994e-01
6.190500e-01 3.961059e-01
6.198200e-01 3.956135e-01
6.205900e-01 3.951224e-01
6.213600e-01 3.946325e-01
6.221300e-01 3.941438e-01
6.229000e-01 3.936563e-01
6.236700e-01 3.931700e-01
6.244400e-01 3.926849e-01
6.252100e-01 3.922010e-01
6.259800e-01 3.917183e-01
6.267500e-01 3.912368e-01
6.275200e-01 3.907565e-01
6.282900e-01 3.902773e-01
6.290600e-01 3.897994e-01
6.298300e-01 3.893226e-01
6.306000e-01 3.888469e-01
6.313700e-01 3.883724e-01
6.321400e-01 3.878991e-01
6.329100e-01 3.874269e-01
6.336800e-01 3.869559e-01
6.344500e-01 3.864860e-01
6.352200e-01 3.860173e-01
6.359900e-01 3.855497e-01
6.367600e-01 3.850832e-01
6.375300e-01 3.846179e-01
6.383000e-01 3.841537e-01
6.390700e-01 3.836906e-01
6.398400e-01 3.832286e-01
6.406100e-01 3.827677e-01
6.413800e-01 3.823079e-01
6.421500e-01 3.818493e-01
6.429200e-01 3.813917e-01
6.436900e-01 3.809353e-01
6.444600e-01 3.804799e-01
6.452300e-01 3.800256e-01
6.460000e-01 3.795724e-01
6.467700e-01 3.791203e-01
6.475400e-01 3.786692e-01
6.483100e-01 3.782192e-01
6.490800e-01 3.777703e-01
6.498500e-01 3.773225e-01
6.506200e-01 3.768757e-01
6.513900e-01 3.764300e-01
6.521600e-01 3.759853e-01
6.529300e-01 3.755417e-01
6.537000e-01 3.750991e-01
6.544700e-01 3.746576e-01
6.552400e-01 3.742171e-01
6.560100e-01 3.737776e-01
6.567800e-01 3.733392e-01
6.575500e-01 3.729018e-01
6.583200e-01 3.724654e-01
6.590900e-01 3.720301e-01
6.598600e-01 3.715957e-01
6.606300e-01 3.711624e-01
6.614000e-01 3.707301e-01
6.621700e-01 3.702988e-01
6.629400e-01 3.698685e-01
6.637100e-01 3.694392e-01
6.644800e-01 3.690109e-01
6.652500e-01 3.685835e-01
6.660200e-01 3.681572e-01
6.667900e-01 3.677319e-01
6.675600e-01 3.673075e-01
6.683300e-01 3.668841e-01
6.691000e-01 3.664617e-01
6.698700e-01 3.660403e-01
6.706400e-01 3.656198e-01
6.714100e-01 3.652003e-01
6.721800e-01 3.647817e-01
6.729500e-01 3.643641e-01
6.737200e-01 3.639475e-01
6.744900e-01 3.635318e-01
6.752600e-01 3.631171e-01
6.760300e-01 3.627033e-01
6.768000e-01 3.622905e-01
6.775700e-01 3.618786e-01
6.783400e-01 3.614676e-01
6.791100e-01 3.610576e-01
6.798800e-01 3.606485e-01
6.806500e-01 3.602403e-01
6.814200e-01 3.598330e-01
6.821900e-01 3.594267e-01
6.829600e-01 3.590213e-01
6.837300e-01 3.586168e-01
6.845000e-01 3.582132e-01
6.852700e-01 3.578105e-01
6.860400e-01 3.574087e-01
6.868100e-01 3.570078e-01
6.875800e-01 3.566078e-01
6.883500e-01 3.562088e-01
6.891200e-01 3.558106e-01
6.898900e-01 3.554133e-01
6.906600e-01 3.550168e-01
6.914300e-01 3.546213e-01
6.922000e-01 3.542266e-01
6.929700e-01 3.538329e-01
6.937400e-01 3.534400e-01
6.945100e-01 3.530479e-01
6.952800e-01 3.526568e-01
6.960500e-01 3.522665e-01
6.968200e-01 3.518770e-01
6.975900e-01 3.514885e-01
6.983600e-01 3.511008e-01
6.991300e-01 3.507139e-01
6.999000e-01 3.503279e-01
7.006700e-01 3.499427e-01
7.014400e-01 3.495584e-01
7.022100e-01 3.491750e-01
7.029800e-01 3.487923e-01
7.037500e-01 3.484105e-01
7.045200e-01 3.480296e-01
7.052900e-01 3.476494e-01
7.060600e-01 3.472702e-01
7.068300e-01 3.468917e-01
7.076000e-01 3.465140e-01
7.083700e-01 3.461372e-01
7.091400e-01 3.457612e-01
7.099100e-01 3.453860e-01
7.106800e-01 3.450117e-01
7.114500e-01 3.446381e-01
7.122200e-01 3.442653e-01
7.129900e-01 3.438934e-01
7.137600e-01 3.435222e-01
7.145300e-01 3.431519e-01
7.153000e-01 3.427824e-01
7.160700e-01 3.424136e-01
7.168400e-01 3.420456e-01
7.176100e-01 3.416785e-01
7.183800e-01 3.413121e-01
7.191500e-01 3.409465e-01
7.199200e-01 3.405817e-01
7.206900e-01 3.402177e-01
7.214600e-01 3.398544e-01
7.222300e-01 3.394919e-01
7.230000e-01 3.391302e-01
7.237700e-01 3.387693e-01
7.245400e-01 3.384091e-01
7.253100e-01 3.380497e-01
7.260800e-01 3.376910e-01
7.268500e-01 3.373332e-01
7.276200e-01 3.369760e-01
7.283900e-01 3.366197e-01
7.291600e-01 3.362641e-01
7.299300e-01 3.359092e-01
7.307000e-01 3.355551e-01
7.314700e-01 3.352017e-01
7.322400e-01 3.348491e-01
7.330100e-01 3.344972e-01
7.337800e-01 3.341460e-01
7.345500e-01 3.337956e-01
7.353200e-01 3.334460e-01
7.360900e-01 3.330970e-01
7.368600e-01 3.327488e-01
7.376300e-01 3.324013e-01
7.384000e-01 3.320545e-01
7.391700e-01 3.317085e-01
7.399400e-01 3.313632e-01
7.407100e-01 3.310186e-01
7.414800e-01 3.306747e-01
7.422500e-01 3.303315e-01
7.430200e-01 3.299891e-01
7.437900e-01 3.296473e-01
7.445600e-01 3.293063e-01
7.453300e-01 3.289659e-01
7.461000e-01 3.286263e-01
7.468700e-01 3.282874e-01
7.476400e-01 3.279491e-01
7.484100e-01 3.276116e-01
7.491800e-01 3.272748e-01
7.499500e-01 3.269386e-01
7.507200e-01 3.266031e-01
7.514900e-01 3.262684e-01
7.522600e-01 3.259343e-01
7.530300e-01 3.256009e-01
7.538000e-01 3.252682e-01
7.545700e-01 3.249361e-01
7.553400e-01 3.246047e-01
7.561100e-01 3.242741e-01
7.568800e-01 3.239440e-01
7.576500e-01 3.236147e-01
7.584200e-01 3.232860e-01
7.591900e-01 3.229580e-01
7.599600e-01 3.226307e-01
7.607300e-01 3.223040e-01
7.615000e-01 3.219780e-01
7.622700e-01 3.216526e-01
7.630400e-01 3.213279e-01
7.638100e-01 3.210038e-01
7.645800e-01 3.206804e-01
7.653500e-01 3.203577e-01
7.661200e-01 3.200356e-01
7.668900e-01 3.197141e-01
7.676600e-01 3.193933e-01
7.684300e-01 3.190732e-01
7.692000e-01 3.187537e-01
7.699700e-01 3.184348e-01
7.707400e-01 3.181165e-01
7.715100e-01 3.177989e-01
7.722800e-01 3.174820e-01
7.730500e-01 3.171656e-01
7.738200e-01 3.168499e-01
7.745900e-01 3.165348e-01
7.753600e-01 3.162204e-01
7.761300e-01 3.159065e-01
7.769000e-01 3.155933e-01
7.776700e-01 3.152807e-01
7.784400e-01 3.149687e-01
7.792100e-01 3.146574e-01
7.799800e-01 3.143467e-01
7.807500e-01 3.140365e-01
7.815200e-01 3.137270e-01
7.822900e-01 3.134181e-01
7.830600e-01 3.131098e-01
7.838300e-01 3.128021e-01
7.846000e-01 3.124950e-01
7.853700e-01 3.121885e-01
7.861400e-01 3.118827e-01
7.869100e-01 3.115774e-01
7.876800e-01 3.112727e-01
7.884500e-01 3.109686e-01
7.892200e-01 3.106651e-01
7.899900e-01 3.103622e-01
7.907600e-01 3.100599e-01
7.915300e-01 3.097581e-01
7.923000e-01 3.094570e-01
7.930700e-01 3.091564e-01
7.938400e-01 3.088565e-01
7.946100e-01 3.085571e-01
7.953800e-01 3.082583e-01
7.961500e-01 3.079600e-01
7.969200e-01 3.076624e-01
7.976900e-01 3.073653e-01
7.984600e-01 3.070688e-01
7.992300e-01 3.067728e-01
8.000000e-01 3.064775e-01
