3.000000e-02 9.624356e+00
3.153000e-02 8.970844e+00
3.306000e-02 8.415660e+00
3.459000e-02 7.935096e+00
3.612000e-02 7.515349e+00
3.765000e-02 7.140624e+00
3.918000e-02 6.805371e+00
4.071000e-02 6.503108e+00
4.224000e-02 6.228798e+00
4.377000e-02 5.978450e+00
4.530000e-02 5.748842e+00
4.683000e-02 5.537339e+00
4.836000e-02 5.341759e+00
4.989000e-02 5.160271e+00
5.142000e-02 4.991330e+00
5.295000e-02 4.833619e+00
5.448000e-02 4.686004e+00
5.601000e-02 4.547508e+00
5.754000e-02 4.417278e+00
5.907000e-02 4.294569e+00
6.060000e-02 4.178726e+00
6.213000e-02 4.069170e+00
6.366000e-02 3.965386e+00
6.519000e-02 3.866918e+00
6.672000e-02 3.773355e+00
6.825000e-02 3.684331e+00
6.978000e-02 3.599515e+00
7.131000e-02 3.518609e+00
7.284000e-02 3.441342e+00
7.437000e-02 3.367468e+00
7.590000e-02 3.296765e+00
7.743000e-02 3.229029e+00
7.896000e-02 3.164072e+00
8.049000e-02 3.101725e+00
8.202000e-02 3.041830e+00
8.355000e-02 2.984244e+00
8.508000e-02 2.928832e+00
8.661000e-02 2.875473e+00
8.814000e-02 2.824052e+00
8.967000e-02 2.774464e+00
9.120000e-02 2.726612e+00
9.273000e-02 2.680405e+00
9.426000e-02 2.635758e+00
9.579000e-02 2.592593e+00
9.732000e-02 2.550836e+00
9.885000e-02 2.510418e+00
1.003800e-01 2.471276e+00
1.019100e-01 2.433350e+00
1.034400e-01 2.396582e+00
1.049700e-01 2.360920e+00
1.065000e-01 2.326315e+00
1.080300e-01 2.292719e+00
1.095600e-01 2.260089e+00
1.110900e-01 2.228383e+00
1.126200e-01 2.197563e+00
1.141500e-01 2.167591e+00
1.156800e-01 2.138432e+00
1.172100e-01 2.110054e+00
1.187400e-01 2.082425e+00
1.202700e-01 2.055516e+00
1.218000e-01 2.029299e+00
1.233300e-01 2.003747e+00
1.248600e-01 1.978836e+00
1.263900e-01 1.954540e+00
1.279200e-01 1.930838e+00
1.294500e-01 1.907708e+00
1.309800e-01 1.885129e+00
1.325100e-01 1.863082e+00
1.340400e-01 1.841547e+00
1.355700e-01 1.820508e+00
1.371000e-01 1.799947e+00
1.386300e-01 1.779848e+00
1.401600e-01 1.760196e+00
1.416900e-01 1.740975e+00
1.432200e-01 1.722171e+00
1.447500e-01 1.703772e+00
1.462800e-01 1.685763e+00
1.478100e-01 1.668134e+00
1.493400e-01 1.650871e+00
1.508700e-01 1.633963e+00
1.524000e-01 1.617400e+00
1.539300e-01 1.601171e+00
1.554600e-01 1.585266e+00
1.569900e-01 1.569675e+00
1.585200e-01 1.554390e+00
1.600500e-01 1.539400e+00
1.615800e-01 1.524698e+00
1.631100e-01 1.510275e+00
1.646400e-01 1.496124e+00
1.661700e-01 1.482236e+00
1.677000e-01 1.468605e+00
1.692300e-01 1.455224e+00
1.707600e-01 1.442085e+00
1.722900e-01 1.429182e+00
1.738200e-01 1.416508e+00
1.753500e-01 1.404059e+00
1.768800e-01 1.391827e+00
1.784100e-01 1.379807e+00
1.799400e-01 1.367993e+00
1.814700e-01 1.356381e+00
1.830000e-01 1.344965e+00
1.845300e-01 1.333740e+00
1.860600e-01 1.322702e+00
1.875900e-01 1.311845e+00
1.891200e-01 1.301166e+00
1.906500e-01 1.290659e+00
1.921800e-01 1.280322e+00
1.937100e-01 1.270149e+00
1.952400e-01 1.260137e+00
1.967700e-01 1.250283e+00
1.983000e-01 1.240581e+00
1.998300e-01 1.231029e+00
2.013600e-01 1.221624e+00
2.028900e-01 1.212362e+00
2.044200e-01 1.203239e+00
2.059500e-01 1.194253e+00
2.074800e-01 1.185401e+00
2.090100e-01 1.176679e+00
2.105400e-01 1.168085e+00
2.120700e-01 1.159616e+00
2.136000e-01 1.151270e+00
2.151300e-01 1.143042e+00
2.166600e-01 1.134932e+00
2.181900e-01 1.126936e+00
2.197200e-01 1.119053e+00
2.212500e-01 1.111279e+00
2.227800e-01 1.103613e+00
2.243100e-01 1.096052e+00
2.258400e-01 1.088594e+00
2.273700e-01 1.081237e+00
2.289000e-01 1.073979e+00
2.304300e-01 1.066818e+00
2.319600e-01 1.059753e+00
2.334900e-01 1.052780e+00
2.350200e-01 1.045899e+00
2.365500e-01 1.039107e+00
2.380800e-01 1.032403e+00
2.396100e-01 1.025785e+00
2.411400e-01 1.019252e+00
2.426700e-01 1.012801e+00
2.442000e-01 1.006432e+00
2.457300e-01 1.000143e+00
2.472600e-01 9.939313e-01
2.487900e-01 9.877969e-01
2.503200e-01 9.817379e-01
2.518500e-01 9.757529e-01
2.533800e-01 9.698406e-01
2.549100e-01 9.639996e-01
2.564400e-01 9.582286e-01
2.579700e-01 9.525264e-01
2.595000e-01 9.468919e-01
2.610300e-01 9.413236e-01
2.625600e-01 9.358206e-01
2.640900e-01 9.303817e-01
2.656200e-01 9.250057e-01
2.671500e-01 9.196916e-01
2.686800e-01 9.144383e-01
2.702100e-01 9.092448e-01
2.717400e-01 9.041100e-01
2.732700e-01 8.990330e-01
2.748000e-01 8.940127e-01
2.763300e-01 8.890483e-01
2.778600e-01 8.841388e-01
2.793900e-01 8.792833e-01
2.809200e-01 8.744809e-01
2.824500e-01 8.697308e-01
2.839800e-01 8.650320e-01
2.855100e-01 8.603838e-01
2.870400e-01 8.557854e-01
2.885700e-01 8.512359e-01
2.901000e-01 8.467346e-01
2.916300e-01 8.422808e-01
2.931600e-01 8.378736e-01
2.946900e-01 8.335123e-01
2.962200e-01 8.291963e-01
2.977500e-01 8.249247e-01
2.992800e-01 8.206971e-01
3.008100e-01 8.165125e-01
3.023400e-01 8.123705e-01
3.038700e-01 8.082704e-01
3.054000e-01 8.042115e-01
3.069300e-01 8.001932e-01
3.084600e-01 7.962148e-01
3.099900e-01 7.922759e-01
3.115200e-01 7.883759e-01
3.130500e-01 7.845140e-01
3.145800e-01 7.806899e-01
3.161100e-01 7.769029e-01
3.176400e-01 7.731525e-01
3.191700e-01 7.694382e-01
3.207000e-01 7.657595e-01
3.222300e-01 7.621158e-01
3.237600e-01 7.585066e-01
3.252900e-01 7.549315e-01
3.268200e-01 7.513900e-01
3.283500e-01 7.478815e-01
3.298800e-01 7.444058e-01
3.314100e-01 7.409622e-01
3.329400e-01 7.375503e-01
3.344700e-01 7.341698e-01
3.360000e-01 7.308202e-01
3.375300e-01 7.275010e-01
3.390600e-01 7.242118e-01
3.405900e-01 7.209523e-01
3.421200e-01 7.177220e-01
3.436500e-01 7.145206e-01
3.451800e-01 7.113476e-01
3.467100e-01 7.082027e-01
3.482400e-01 7.050855e-01
3.497700e-01 7.019957e-01
3.513000e-01 6.989328e-01
3.528300e-01 6.958966e-01
3.543600e-01 6.928867e-01
3.558900e-01 6.899027e-01
3.574200e-01 6.869443e-01
3.589500e-01 6.840112e-01
3.604800e-01 6.811031e-01
3.620100e-01 6.782196e-01
3.635400e-01 6.753605e-01
3.650700e-01 6.725253e-01
3.666000e-01 6.697140e-01
3.681300e-01 6.669260e-01
3.696600e-01 6.641611e-01
3.711900e-01 6.614192e-01
3.727200e-01 6.586997e-01
3.742500e-01 6.560026e-01
3.757800e-01 6.533275e-01
3.773100e-01 6.506741e-01
3.788400e-01 6.480422e-01
3.803700e-01 6.454315e-01
3.819000e-01 6.428418e-01
3.834300e-01 6.402728e-01
3.849600e-01 6.377243e-01
3.864900e-01 6.351960e-01
3.880200e-01 6.326877e-01
3.895500e-01 6.301991e-01
3.910800e-01 6.277301e-01
3.926100e-01 6.252803e-01
3.941400e-01 6.228496e-01
3.956700e-01 6.204377e-01
3.972000e-01 6.180444e-01
3.987300e-01 6.156696e-01
4.002600e-01 6.133129e-01
4.017900e-01 6.109743e-01
4.033200e-01 6.086534e-01
4.048500e-01 6.063501e-01
4.063800e-01 6.040641e-01
4.079100e-01 6.017954e-01
4.094400e-01 5.995436e-01
4.109700e-01 5.973086e-01
4.125000e-01 5.950903e-01
4.140300e-01 5.928884e-01
4.155600e-01 5.907027e-01
4.170900e-01 5.885331e-01
4.186200e-01 5.863794e-01
4.201500e-01 5.842413e-01
4.216800e-01 5.821189e-01
4.232100e-01 5.800118e-01
4.247400e-01 5.779199e-01
4.262700e-01 5.758431e-01
4.278000e-01 5.737811e-01
4.293300e-01 5.717339e-01
4.308600e-01 5.697012e-01
4.323900e-01 5.676830e-01
4.339200e-01 5.656790e-01
4.354500e-01 5.636891e-01
4.369800e-01 5.617131e-01
4.385100e-01 5.597510e-01
4.400400e-01 5.578026e-01
4.415700e-01 5.558676e-01
4.431000e-01 5.539461e-01
4.446300e-01 5.520378e-01
4.461600e-01 5.501426e-01
4.476900e-01 5.482604e-01
4.492200e-01 5.463910e-01
4.507500e-01 5.445344e-01
4.522800e-01 5.426903e-01
4.538100e-01 5.408587e-01
4.553400e-01 5.390394e-01
4.568700e-01 5.372323e-01
4.584000e-01 5.354373e-01
4.599300e-01 5.336543e-01
4.614600e-01 5.318831e-01
4.629900e-01 5.301236e-01
4.645200e-01 5.283757e-01
4.660500e-01 5.266393e-01
4.675800e-01 5.249143e-01
4.691100e-01 5.232006e-01
4.706400e-01 5.214981e-01
4.721700e-01 5.198065e-01
4.737000e-01 5.181260e-01
4.752300e-01 5.164562e-01
4.767600e-01 5.147972e-01
4.782900e-01 5.131489e-01
4.798200e-01 5.115110e-01
4.813500e-01 5.098836e-01
4.828800e-01 5.082665e-01
4.844100e-01 5.066596e-01
4.859400e-01 5.050629e-01
4.874700e-01 5.034762e-01
4.890000e-01 5.018995e-01
4.905300e-01 5.003326e-01
4.920600e-01 4.987754e-01
4.935900e-01 4.972279e-01
4.951200e-01 4.956900e-01
4.966500e-01 4.941616e-01
4.981800e-01 4.926426e-01
4.997100e-01 4.911329e-01
5.012400e-01 4.896325e-01
5.027700e-01 4.881411e-01
5.043000e-01 4.866589e-01
5.058300e-01 4.851856e-01
5.073600e-01 4.837212e-01
5.088900e-01 4.822656e-01
5.104200e-01 4.808188e-01
5.119500e-01 4.793806e-01
5.134800e-01 4.779510e-01
5.150100e-01 4.765300e-01
5.165400e-01 4.751173e-01
5.180700e-01 4.737130e-01
5.196000e-01 4.723170e-01
5.211300e-01 4.709292e-01
5.226600e-01 4.695495e-01
5.241900e-01 4.681779e-01
5.257200e-01 4.668142e-01
5.272500e-01 4.654585e-01
5.287800e-01 4.641107e-01
5.303100e-01 4.627706e-01
5.318400e-01 4.614383e-01
5.333700e-01 4.601136e-01
5.349000e-01 4.587965e-01
5.364300e-01 4.574869e-01
5.379600e-01 4.561848e-01
5.394900e-01 4.548901e-01
5.410200e-01 4.536027e-01
5.425500e-01 4.523225e-01
5.440800e-01 4.510496e-01
5.456100e-01 4.497839e-01
5.471400e-01 4.485252e-01
5.486700e-01 4.472735e-01
5.502000e-01 4.460288e-01
5.517300e-01 4.447910e-01
5.532600e-01 4.435601e-01
5.547900e-01 4.423360e-01
5.563200e-01 4.411186e-01
5.578500e-01 4.399079e-01
5.593800e-01 4.387038e-01
5.609100e-01 4.375063e-01
5.624400e-01 4.363154e-01
5.639700e-01 4.351309e-01
5.655000e-01 4.339528e-01
5.670300e-01 4.327810e-01
5.685600e-01 4.316156e-01
5.700900e-01 4.304565e-01
5.716200e-01 4.293035e-01
5.731500e-01 4.281568e-01
5.746800e-01 4.270161e-01
5.762100e-01 4.258815e-01
5.777400e-01 4.247529e-01
5.792700e-01 4.236303e-01
5.808000e-01 4.225136e-01
5.823300e-01 4.214028e-01
5.838600e-01 4.202978e-01
5.853900e-01 4.191985e-01
5.869200e-01 4.181051e-01
5.884500e-01 4.170173e-01
5.899800e-01 4.159351e-01
5.915100e-01 4.148586e-01
5.930400e-01 4.137876e-01
5.945700e-01 4.127222e-01
5.961000e-01 4.116622e-01
5.976300e-01 4.106076e-01
5.991600e-01 4.095585e-01
6.006900e-01 4.085146e-01
6.022200e-01 4.074761e-01
6.037500e-01 4.064429e-01
6.052800e-01 4.054149e-01
6.068100e-01 4.043921e-01
6.083400e-01 4.033744e-01
6.098700e-01 4.023619e-01
6.114000e-01 4.013544e-01
6.129300e-01 4.003519e-01
6.144600e-01 3.993545e-01
6.159900e-01 3.983620e-01
6.175200e-01 3.973744e-01
6.190500e-01 3.963917e-01
6.205800e-01 3.954139e-01
6.221100e-01 3.944408e-01
6.236400e-01 3.934726e-01
6.251700e-01 3.925091e-01
6.267000e-01 3.915503e-01
6.282300e-01 3.905962e-01
6.297600e-01 3.896467e-01
6.312900e-01 3.887018e-01
6.328200e-01 3.877615e-01
6.343500e-01 3.868258e-01
6.358800e-01 3.858945e-01
6.374100e-01 3.849677e-01
6.389400e-01 3.840454e-01
6.404700e-01 3.831275e-01
6.420000e-01 3.822139e-01
6.435300e-01 3.813047e-01
6.450600e-01 3.803998e-01
6.465900e-01 3.794992e-01
6.481200e-01 3.786029e-01
6.496500e-01 3.777108e-01
6.511800e-01 3.768228e-01
6.527100e-01 3.759391e-01
6.542400e-01 3.750594e-01
6.557700e-01 3.741839e-01
6.573000e-01 3.733125e-01
6.588300e-01 3.724451e-01
6.603600e-01 3.715818e-01
6.618900e-01 3.707224e-01
6.634200e-01 3.698670e-01
6.649500e-01 3.690155e-01
6.664800e-01 3.681680e-01
6.680100e-01 3.673243e-01
6.695400e-01 3.664845e-01
6.710700e-01 3.656485e-01
6.726000e-01 3.648164e-01
6.741300e-01 3.639880e-01
6.756600e-01 3.631634e-01
6.771900e-01 3.623425e-01
6.787200e-01 3.615253e-01
6.802500e-01 3.607117e-01
6.817800e-01 3.599019e-01
6.833100e-01 3.590956e-01
6.848400e-01 3.582930e-01
6.863700e-01 3.574939e-01
6.879000e-01 3.566984e-01
6.894300e-01 3.559065e-01
6.909600e-01 3.551180e-01
6.924900e-01 3.543331e-01
6.940200e-01 3.535516e-01
6.955500e-01 3.527735e-01
6.970800e-01 3.519989e-01
6.986100e-01 3.512276e-01
7.001400e-01 3.504597e-01
7.016700e-01 3.496952e-01
7.032000e-01 3.489340e-01
7.047300e-01 3.481761e-01
7.062600e-01 3.474215e-01
7.077900e-01 3.466702e-01
7.093200e-01 3.459221e-01
7.108500e-01 3.451772e-01
7.123800e-01 3.444356e-01
7.139100e-01 3.436971e-01
7.154400e-01 3.429617e-01
7.169700e-01 3.422296e-01
7.185000e-01 3.415005e-01
7.200300e-01 3.407745e-01
7.215600e-01 3.400516e-01
7.230900e-01 3.393318e-01
7.246200e-01 3.386150e-01
7.261500e-01 3.379013e-01
7.276800e-01 3.371905e-01
7.292100e-01 3.364827e-01
7.307400e-01 3.357779e-01
7.322700e-01 3.350761e-01
7.338000e-01 3.343771e-01
7.353300e-01 3.336811e-01
7.368600e-01 3.329880e-01
7.383900e-01 3.322977e-01
7.399200e-01 3.316103e-01
7.414500e-01 3.309258e-01
7.429800e-01 3.302440e-01
7.445100e-01 3.295651e-01
7.460400e-01 3.288889e-01
7.475700e-01 3.282156e-01
7.491000e-01 3.275449e-01
7.506300e-01 3.268770e-01
7.521600e-01 3.262119e-01
7.536900e-01 3.255494e-01
7.552200e-01 3.248896e-01
7.567500e-01 3.242325e-01
7.582800e-01 3.235780e-01
7.598100e-01 3.229262e-01
7.613400e-01 3.222770e-01
7.628700e-01 3.216304e-01
7.644000e-01 3.209864e-01
7.659300e-01 3.203450e-01
7.674600e-01 3.197061e-01
7.689900e-01 3.190697e-01
7.705200e-01 3.184359e-01
7.720500e-01 3.178047e-01
7.735800e-01 3.171759e-01
7.751100e-01 3.165496e-01
7.766400e-01 3.159257e-01
7.781700e-01 3.153043e-01
7.797000e-01 3.146854e-01
7.812300e-01 3.140689e-01
7.827600e-01 3.134548e-01
7.842900e-01 3.128431e-01
7.858200e-01 3.122337e-01
7.873500e-01 3.116268e-01
7.888800e-01 3.110222e-01
7.904100e-01 3.104199e-01
7.919400e-01 3.098200e-01
7.934700e-01 3.092224e-01
7.950000e-01 3.086270e-01
7.965300e-01 3.080340e-01
7.980600e-01 3.074433e-01
7.995900e-01 3.068548e-01
8.011200e-01 3.062685e-01
8.026500e-01 3.056845e-01
8.041800e-01 3.051028e-01
8.057100e-01 3.045232e-01
8.072400e-01 3.039458e-01
8.087700e-01 3.033706e-01
8.103000e-01 3.027976e-01
8.118300e-01 3.022268e-01
8.133600e-01 3.016581e-01
8.148900e-01 3.010915e-01
8.164200e-01 3.005270e-01
8.179500e-01 2.999647e-01
8.194800e-01 2.994045e-01
8.210100e-01 2.988463e-01
8.225400e-01 2.982903e-01
8.240700e-01 2.977363e-01
8.256000e-01 2.971843e-01
8.271300e-01 2.966344e-01
8.286600e-01 2.960866e-01
8.301900e-01 2.955407e-01
8.317200e-01 2.949969e-01
8.332500e-01 2.944550e-01
8.347800e-01 2.939152e-01
8.363100e-01 2.933773e-01
8.378400e-01 2.928414e-01
8.393700e-01 2.923074e-01
8.409000e-01 2.917754e-01
8.424300e-01 2.912454e-01
8.439600e-01 2.907172e-01
8.454900e-01 2.901910e-01
8.470200e-01 2.896666e-01
8.485500e-01 2.891442e-01
8.500800e-01 2.886236e-01
8.516100e-01 2.881049e-01
8.531400e-01 2.875881e-01
8.546700e-01 2.870731e-01
8.562000e-01 2.865599e-01
8.577300e-01 2.860486e-01
8.592600e-01 2.855391e-01
8.607900e-01 2.850314e-01
8.623200e-01 2.845256e-01
8.638500e-01 2.840215e-01
8.653800e-01 2.835192e-01
8.669100e-01 2.830187e-01
8.684400e-01 2.825199e-01
8.699700e-01 2.820229e-01
8.715000e-01 2.815276e-01
8.730300e-01 2.810341e-01
8.745600e-01 2.805423e-01
8.760900e-01 2.800522e-01
8.776200e-01 2.795639e-01
8.791500e-01 2.790772e-01
8.806800e-01 2.785922e-01
8.822100e-01 2.781089e-01
8.837400e-01 2.776273e-01
8.852700e-01 2.771473e-01
8.868000e-01 2.766690e-01
8.883300e-01 2.761924e-01
8.898600e-01 2.757174e-01
8.913900e-01 2.752440e-01
8.929200e-01 2.747722e-01
8.944500e-01 2.743021e-01
8.959800e-01 2.738336e-01
8.975100e-01 2.733666e-01
8.990400e-01 2.729013e-01
9.005700e-01 2.724375e-01
9.021000e-01 2.719753e-01
9.036300e-01 2.715147e-01
9.051600e-01 2.710556e-01
9.066900e-01 2.705981e-01
9.082200e-01 2.701421e-01
9.097500e-01 2.696877e-01
9.112800e-01 2.692348e-01
9.128100e-01 2.687834e-01
9.143400e-01 2.683335e-01
9.158700e-01 2.678851e-01
9.174000e-01 2.674382e-01
9.189300e-01 2.669929e-01
9.204600e-01 2.665489e-01
9.219900e-01 2.661065e-01
9.235200e-01 2.656655e-01
9.250500e-01 2.652260e-01
9.265800e-01 2.647879e-01
9.281100e-01 2.643513e-01
9.296400e-01 2.639162e-01
9.311700e-01 2.634824e-01
9.327000e-01 2.630501e-01
9.342300e-01 2.626192e-01
9.357600e-01 2.621897e-01
9.372900e-01 2.617616e-01
9.388200e-01 2.613349e-01
9.403500e-01 2.609096e-01
9.418800e-01 2.604856e-01
9.434100e-01 2.600631e-01
9.449400e-01 2.596419e-01
9.464700e-01 2.592221e-01
9.480000e-01 2.588036e-01
9.495300e-01 2.583865e-01
9.510600e-01 2.579707e-01
9.525900e-01 2.575563e-01
9.541200e-01 2.571432e-01
9.556500e-01 2.567314e-01
9.571800e-01 2.563209e-01
9.587100e-01 2.559117e-01
9.602400e-01 2.555039e-01
9.617700e-01 2.550973e-01
9.633000e-01 2.546921e-01
9.648300e-01 2.542881e-01
9.663600e-01 2.538854e-01
9.678900e-01 2.534840e-01
9.694200e-01 2.530838e-01
9.709500e-01 2.526849e-01
9.724800e-01 2.522873e-01
9.740100e-01 2.518909e-01
9.755400e-01 2.514957e-01
9.770700e-01 2.511018e-01
9.786000e-01 2.507091e-01
9.801300e-01 2.503177e-01
9.816600e-01 2.499275e-01
9.831900e-01 2.495384e-01
9.847200e-01 2.491506e-01
9.862500e-01 2.487640e-01
9.877800e-01 2.483786e-01
9.893100e-01 2.479944e-01
9.908400e-01 2.476114e-01
9.923700e-01 2.472295e-01
9.939000e-01 2.468489e-01
9.954300e-01 2.464694e-01
9.969600e-01 2.460910e-01
9.984900e-01 2.457139e-01
1.000020e+00 2.453379e-01
1.001550e+00 2.449630e-01
1.003080e+00 2.445893e-01
1.004610e+00 2.442167e-01
1.006140e+00 2.438452e-01
1.007670e+00 2.434749e-01
1.009200e+00 2.431057e-01
1.010730e+00 2.427376e-01
1.012260e+00 2.423706e-01
1.013790e+00 2.420048e-01
1.015320e+00 2.416400e-01
1.016850e+00 2.412764e-01
1.018380e+00 2.409138e-01
1.019910e+00 2.405523e-01
1.021440e+00 2.401919e-01
1.022970e+00 2.398326e-01
1.024500e+00 2.394744e-01
1.026030e+00 2.391172e-01
1.027560e+00 2.387611e-01
1.029090e+00 2.384060e-01
1.030620e+00 2.380520e-01
1.032150e+00 2.376991e-01
1.033680e+00 2.373472e-01
1.035210e+00 2.369963e-01
1.036740e+00 2.366465e-01
1.038270e+00 2.362977e-01
1.039800e+00 2.359499e-01
1.041330e+00 2.356032e-01
1.042860e+00 2.352575e-01
1.044390e+00 2.349127e-01
1.045920e+00 2.345690e-01
1.047450e+00 2.342263e-01
1.048980e+00 2.338846e-01
1.050510e+00 2.335439e-01
1.052040e+00 2.332042e-01
1.053570e+00 2.328655e-01
1.055100e+00 2.325277e-01
1.056630e+00 2.321910e-01
1.058160e+00 2.318552e-01
1.059690e+00 2.315204e-01
1.061220e+00 2.311865e-01
1.062750e+00 2.308536e-01
1.064280e+00 2.305217e-01
1.065810e+00 2.301907e-01
1.067340e+00 2.298606e-01
1.068870e+00 2.295316e-01
1.070400e+00 2.292034e-01
1.071930e+00 2.288762e-01
1.073460e+00 2.285499e-01
1.074990e+00 2.282246e-01
1.076520e+00 2.279001e-01
1.078050e+00 2.275766e-01
1.079580e+00 2.272540e-01
1.081110e+00 2.269324e-01
1.082640e+00 2.266116e-01
1.084170e+00 2.262918e-01
1.085700e+00 2.259728e-01
1.087230e+00 2.256547e-01
1.088760e+00 2.253376e-01
1.090290e+00 2.250213e-01
1.091820e+00 2.247059e-01
1.093350e+00 2.243914e-01
1.094880e+00 2.240778e-01
1.096410e+00 2.237650e-01
1.097940e+00 2.234532e-01
1.099470e+00 2.231421e-01
1.101000e+00 2.228320e-01
1.102530e+00 2.225227e-01
1.104060e+00 2.222143e-01
1.105590e+00 2.219067e-01
1.107120e+00 2.216000e-01
1.108650e+00 2.212941e-01
1.110180e+00 2.209891e-01
1.111710e+00 2.206849e-01
1.113240e+00 2.203815e-01
1.114770e+00 2.200790e-01
1.116300e+00 2.197773e-01
1.117830e+00 2.194765e-01
1.119360e+00 2.191764e-01
1.120890e+00 2.188772e-01
1.122420e+00 2.185788e-01
1.123950e+00 2.182812e-01
1.125480e+00 2.179844e-01
1.127010e+00 2.176884e-01
1.128540e+00 2.173932e-01
1.130070e+00 2.170989e-01
1.131600e+00 2.168053e-01
1.133130e+00 2.165125e-01
1.134660e+00 2.162205e-01
1.136190e+00 2.159293e-01
1.137720e+00 2.156388e-01
1.139250e+00 2.153492e-01
1.140780e+00 2.150603e-01
1.142310e+00 2.147722e-01
1.143840e+00 2.144849e-01
1.145370e+00 2.141983e-01
1.146900e+00 2.139125e-01
1.148430e+00 2.136275e-01
1.149960e+00 2.133432e-01
1.151490e+00 2.130597e-01
1.153020e+00 2.127769e-01
1.154550e+00 2.124949e-01
1.156080e+00 2.122137e-01
1.157610e+00 2.119331e-01
1.159140e+00 2.116533e-01
1.160670e+00 2.113743e-01
1.162200e+00 2.110960e-01
1.163730e+00 2.108184e-01
1.165260e+00 2.105415e-01
1.166790e+00 2.102654e-01
1.168320e+00 2.099900e-01
1.169850e+00 2.097153e-01
1.171380e+00 2.094414e-01
1.172910e+00 2.091681e-01
1.174440e+00 2.088956e-01
1.175970e+00 2.086238e-01
1.177500e+00 2.083526e-01
1.179030e+00 2.080822e-01
1.180560e+00 2.078125e-01
1.182090e+00 2.075435e-01
1.183620e+00 2.072752e-01
1.185150e+00 2.070075e-01
1.186680e+00 2.067406e-01
1.188210e+00 2.064743e-01
1.189740e+00 2.062088e-01
1.191270e+00 2.059439e-01
1.192800e+00 2.056797e-01
1.194330e+00 2.054162e-01
1.195860e+00 2.051533e-01
1.197390e+00 2.048911e-01
1.198920e+00 2.046296e-01
1.200450e+00 2.043688e-01
1.201980e+00 2.041086e-01
1.203510e+00 2.038491e-01
1.205040e+00 2.035902e-01
1.206570e+00 2.033320e-01
1.208100e+00 2.030745e-01
1.209630e+00 2.028176e-01
1.211160e+00 2.025613e-01
1.212690e+00 2.023057e-01
1.214220e+00 2.020508e-01
1.215750e+00 2.017964e-01
1.217280e+00 2.015428e-01
1.218810e+00 2.012897e-01
1.220340e+00 2.010373e-01
1.221870e+00 2.007855e-01
1.223400e+00 2.005344e-01
1.224930e+00 2.002839e-01
1.226460e+00 2.000340e-01
1.227990e+00 1.997847e-01
1.229520e+00 1.995361e-01
1.231050e+00 1.992881e-01
1.232580e+00 1.990407e-01
1.234110e+00 1.987939e-01
1.235640e+00 1.985477e-01
1.237170e+00 1.983021e-01
1.238700e+00 1.980571e-01
1.240230e+00 1.978128e-01
1.241760e+00 1.975690e-01
1.243290e+00 1.973258e-01
1.244820e+00 1.970833e-01
1.246350e+00 1.968413e-01
1.247880e+00 1.965999e-01
1.249410e+00 1.963591e-01
1.250940e+00 1.961189e-01
1.252470e+00 1.958793e-01
1.254000e+00 1.956403e-01
1.255530e+00 1.954018e-01
1.257060e+00 1.951640e-01
1.258590e+00 1.949267e-01
1.260120e+00 1.946900e-01
1.261650e+00 1.944539e-01
1.263180e+00 1.942183e-01
1.264710e+00 1.939833e-01
1.266240e+00 1.937489e-01
1.267770e+00 1.935150e-01
1.269300e+00 1.932817e-01
1.270830e+00 1.930490e-01
1.272360e+00 1.928168e-01
1.273890e+00 1.925852e-01
1.275420e+00 1.923542e-01
1.276950e+00 1.921237e-01
1.278480e+00 1.918937e-01
1.280010e+00 1.916643e-01
1.281540e+00 1.914355e-01
1.283070e+00 1.912071e-01
1.284600e+00 1.909794e-01
1.286130e+00 1.907522e-01
1.287660e+00 1.905255e-01
1.289190e+00 1.902993e-01
1.290720e+00 1.900737e-01
1.292250e+00 1.898487e-01
1.293780e+00 1.896241e-01
1.295310e+00 1.894001e-01
1.296840e+00 1.891766e-01
1.298370e+00 1.889537e-01
1.299900e+00 1.887312e-01
1.301430e+00 1.885093e-01
1.302960e+00 1.882879e-01
1.304490e+00 1.880671e-01
1.306020e+00 1.878467e-01
1.307550e+00 1.876269e-01
1.309080e+00 1.874076e-01
1.310610e+00 1.871888e-01
1.312140e+00 1.869705e-01
1.313670e+00 1.867527e-01
1.315200e+00 1.865354e-01
1.316730e+00 1.863186e-01
1.318260e+00 1.861024e-01
1.319790e+00 1.858866e-01
1.321320e+00 1.856713e-01
1.322850e+00 1.854565e-01
1.324380e+00 1.852423e-01
1.325910e+00 1.850285e-01
1.327440e+00 1.848152e-01
1.328970e+00 1.846024e-01
1.330500e+00 1.843901e-01
1.332030e+00 1.841783e-01
1.333560e+00 1.839669e-01
1.335090e+00 1.837561e-01
1.336620e+00 1.835457e-01
1.338150e+00 1.833358e-01
1.339680e+00 1.831264e-01
1.341210e+00 1.829175e-01
1.342740e+00 1.827090e-01
1.344270e+00 1.825011e-01
1.345800e+00 1.822936e-01
1.347330e+00 1.820865e-01
1.348860e+00 1.818800e-01
1.350390e+00 1.816739e-01
1.351920e+00 1.814682e-01
1.353450e+00 1.812631e-01
1.354980e+00 1.810584e-01
1.356510e+00 1.808541e-01
1.358040e+00 1.806503e-01
1.359570e+00 1.804470e-01
1.361100e+00 1.802442e-01
1.362630e+00 1.800418e-01
1.364160e+00 1.798398e-01
1.365690e+00 1.796383e-01
1.367220e+00 1.794372e-01
1.368750e+00 1.792366e-01
1.370280e+00 1.790365e-01
1.371810e+00 1.788368e-01
1.373340e+00 1.786375e-01
1.374870e+00 1.784387e-01
1.376400e+00 1.782403e-01
1.377930e+00 1.780424e-01
1.379460e+00 1.778449e-01
1.380990e+00 1.776479e-01
1.382520e+00 1.774512e-01
1.384050e+00 1.772550e-01
1.385580e+00 1.770593e-01
1.387110e+00 1.768640e-01
1.388640e+00 1.766691e-01
1.390170e+00 1.764746e-01
1.391700e+00 1.762806e-01
1.393230e+00 1.760870e-01
1.394760e+00 1.758938e-01
1.396290e+00 1.757010e-01
1.397820e+00 1.755087e-01
1.399350e+00 1.753168e-01
1.400880e+00 1.751253e-01
1.402410e+00 1.749342e-01
1.403940e+00 1.747435e-01
1.405470e+00 1.745533e-01
1.407000e+00 1.743635e-01
1.408530e+00 1.741740e-01
1.410060e+00 1.739850e-01
1.411590e+00 1.737964e-01
1.413120e+00 1.736082e-01
1.414650e+00 1.734205e-01
1.416180e+00 1.732331e-01
1.417710e+00 1.730461e-01
1.419240e+00 1.728595e-01
1.420770e+00 1.726734e-01
1.422300e+00 1.724876e-01
1.423830e+00 1.723022e-01
1.425360e+00 1.721172e-01
1.426890e+00 1.719327e-01
1.428420e+00 1.717485e-01
1.429950e+00 1.715647e-01
1.431480e+00 1.713813e-01
1.433010e+00 1.711983e-01
1.434540e+00 1.710157e-01
1.436070e+00 1.708335e-01
1.437600e+00 1.706517e-01
1.439130e+00 1.704702e-01
1.440660e+00 1.702891e-01
1.442190e+00 1.701085e-01
1.443720e+00 1.699282e-01
1.445250e+00 1.697483e-01
1.446780e+00 1.695687e-01
1.448310e+00 1.693896e-01
1.449840e+00 1.692108e-01
1.451370e+00 1.690324e-01
1.452900e+00 1.688544e-01
1.454430e+00 1.686767e-01
1.455960e+00 1.684995e-01
1.457490e+00 1.683226e-01
1.459020e+00 1.681460e-01
1.460550e+00 1.679699e-01
1.462080e+00 1.677941e-01
1.463610e+00 1.676187e-01
1.465140e+00 1.674436e-01
1.466670e+00 1.672689e-01
1.468200e+00 1.670946e-01
1.469730e+00 1.669206e-01
1.471260e+00 1.667470e-01
1.472790e+00 1.665738e-01
1.474320e+00 1.664009e-01
1.475850e+00 1.662284e-01
1.477380e+00 1.660562e-01
1.478910e+00 1.658844e-01
1.480440e+00 1.657129e-01
1.481970e+00 1.655418e-01
1.483500e+00 1.653711e-01
1.485030e+00 1.652007e-01
1.486560e+00 1.650307e-01
1.488090e+00 1.648610e-01
1.489620e+00 1.646916e-01
1.491150e+00 1.645226e-01
1.492680e+00 1.643540e-01
1.494210e+00 1.641857e-01
1.495740e+00 1.640177e-01
1.497270e+00 1.638501e-01
1.498800e+00 1.636828e-01
1.500330e+00 1.635159e-01
1.501860e+00 1.633493e-01
1.503390e+00 1.631830e-01
1.504920e+00 1.630171e-01
1.506450e+00 1.628515e-01
1.507980e+00 1.626863e-01
1.509510e+00 1.625213e-01
1.511040e+00 1.623568e-01
1.512570e+00 1.621925e-01
1.514100e+00 1.620286e-01
1.515630e+00 1.618650e-01
1.517160e+00 1.617018e-01
1.518690e+00 1.615389e-01
1.520220e+00 1.613763e-01
1.521750e+00 1.612140e-01
1.523280e+00 1.610521e-01
1.524810e+00 1.608904e-01
1.526340e+00 1.607292e-01
1.527870e+00 1.605682e-01
1.529400e+00 1.604075e-01
1.530930e+00 1.602472e-01
1.532460e+00 1.600872e-01
1.533990e+00 1.599275e-01
1.535520e+00 1.597682e-01
1.537050e+00 1.596091e-01
1.538580e+00 1.594504e-01
1.540110e+00 1.592920e-01
1.541640e+00 1.591339e-01
1.543170e+00 1.589761e-01
1.544700e+00 1.588186e-01
1.546230e+00 1.586614e-01
1.547760e+00 1.585046e-01
1.549290e+00 1.583480e-01
1.550820e+00 1.581918e-01
1.552350e+00 1.580359e-01
1.553880e+00 1.578802e-01
1.555410e+00 1.577249e-01
1.556940e+00 1.575699e-01
1.558470e+00 1.574152e-01
1.560000e+00 1.572608e-01
