2.074000e+01 2.048000e+01 2.083646e+01 2.085735e+01 2.072000e+01 2.050000e+01 2.083955e+01 2.087026e+01
2.074000e+01 2.048000e+01 2.083646e+01 2.085735e+01 2.078000e+01 2.048000e+01 2.083828e+01 2.086508e+01
2.078000e+01 2.048000e+01 2.083828e+01 2.086508e+01 2.082000e+01 2.048000e+01 2.083831e+01 2.086906e+01
2.082000e+01 2.048000e+01 2.083831e+01 2.086906e+01 2.086000e+01 2.048000e+01 2.083776e+01 2.086892e+01
2.086000e+01 2.048000e+01 2.083776e+01 2.086892e+01 2.090000e+01 2.048000e+01 2.083792e+01 2.086470e+01
2.090000e+01 2.048000e+01 2.083792e+01 2.086470e+01 2.094000e+01 2.048000e+01 2.083997e+01 2.085677e+01
2.094000e+01 2.048000e+01 2.083997e+01 2.085677e+01 2.096000e+01 2.050000e+01 2.083696e+01 2.086956e+01
2.066000e+01 2.052000e+01 2.083917e+01 2.086604e+01 2.064000e+01 2.054000e+01 2.084230e+01 2.087286e+01
2.066000e+01 2.052000e+01 2.083917e+01 2.086604e+01 2.070000e+01 2.052000e+01 2.084515e+01 2.088151e+01
2.072000e+01 2.050000e+01 2.083955e+01 2.087026e+01 2.070000e+01 2.052000e+01 2.084515e+01 2.088151e+01
2.096000e+01 2.050000e+01 2.083696e+01 2.086956e+01 2.098000e+01 2.052000e+01 2.083148e+01 2.088067e+01
2.098000e+01 2.052000e+01 2.083148e+01 2.088067e+01 2.102000e+01 2.052000e+01 2.083788e+01 2.086514e+01
2.102000e+01 2.052000e+01 2.083788e+01 2.086514e+01 2.104000e+01 2.054000e+01 2.083496e+01 2.087192e+01
2.058000e+01 2.056000e+01 2.083223e+01 2.085754e+01 2.056000e+01 2.058000e+01 2.083194e+01 2.085979e+01
2.058000e+01 2.056000e+01 2.083223e+01 2.085754e+01 2.062000e+01 2.056000e+01 2.084707e+01 2.087693e+01
2.064000e+01 2.054000e+01 2.084230e+01 2.087286e+01 2.062000e+01 2.056000e+01 2.084707e+01 2.087693e+01
2.104000e+01 2.054000e+01 2.083496e+01 2.087192e+01 2.106000e+01 2.056000e+01 2.083046e+01 2.087597e+01
2.106000e+01 2.056000e+01 2.083046e+01 2.087597e+01 2.108000e+01 2.058000e+01 2.082849e+01 2.087884e+01
2.054000e+01 2.060000e+01 2.083175e+01 2.085934e+01 2.052000e+01 2.062000e+01 2.082878e+01 2.085924e+01
2.056000e+01 2.058000e+01 2.083194e+01 2.085979e+01 2.054000e+01 2.060000e+01 2.083175e+01 2.085934e+01
2.108000e+01 2.058000e+01 2.082849e+01 2.087884e+01 2.110000e+01 2.060000e+01 2.082587e+01 2.087860e+01
2.110000e+01 2.060000e+01 2.082587e+01 2.087860e+01 2.112000e+01 2.062000e+01 2.082635e+01 2.087826e+01
2.052000e+01 2.062000e+01 2.082878e+01 2.085924e+01 2.052000e+01 2.066000e+01 2.084763e+01 2.087314e+01
2.112000e+01 2.062000e+01 2.082635e+01 2.087826e+01 2.114000e+01 2.064000e+01 2.082732e+01 2.087500e+01
2.114000e+01 2.064000e+01 2.082732e+01 2.087500e+01 2.116000e+01 2.066000e+01 2.083137e+01 2.087275e+01
2.050000e+01 2.068000e+01 2.084237e+01 2.086846e+01 2.048000e+01 2.070000e+01 2.083451e+01 2.086559e+01
2.052000e+01 2.066000e+01 2.084763e+01 2.087314e+01 2.050000e+01 2.068000e+01 2.084237e+01 2.086846e+01
2.116000e+01 2.066000e+01 2.083137e+01 2.087275e+01 2.118000e+01 2.068000e+01 2.083688e+01 2.086830e+01
2.118000e+01 2.068000e+01 2.083688e+01 2.086830e+01 2.120000e+01 2.070000e+01 2.084493e+01 2.086564e+01
2.048000e+01 2.070000e+01 2.083451e+01 2.086559e+01 2.048000e+01 2.074000e+01 2.084877e+01 2.087154e+01
2.120000e+01 2.070000e+01 2.084493e+01 2.086564e+01 2.120000e+01 2.074000e+01 2.083088e+01 2.087184e+01
2.048000e+01 2.074000e+01 2.084877e+01 2.087154e+01 2.048000e+01 2.078000e+01 2.086039e+01 2.087368e+01
2.120000e+01 2.074000e+01 2.083088e+01 2.087184e+01 2.120000e+01 2.078000e+01 2.081943e+01 2.087429e+01
2.046000e+01 2.080000e+01 2.084521e+01 2.086928e+01 2.044000e+01 2.082000e+01 2.082909e+01 2.086746e+01
2.048000e+01 2.078000e+01 2.086039e+01 2.087368e+01 2.046000e+01 2.080000e+01 2.084521e+01 2.086928e+01
2.120000e+01 2.078000e+01 2.081943e+01 2.087429e+01 2.122000e+01 2.080000e+01 2.083469e+01 2.087012e+01
2.122000e+01 2.080000e+01 2.083469e+01 2.087012e+01 2.124000e+01 2.082000e+01 2.085087e+01 2.086848e+01
2.044000e+01 2.082000e+01 2.082909e+01 2.086746e+01 2.044000e+01 2.086000e+01 2.083198e+01 2.086890e+01
2.124000e+01 2.082000e+01 2.085087e+01 2.086848e+01 2.124000e+01 2.086000e+01 2.084802e+01 2.087019e+01
2.044000e+01 2.086000e+01 2.083198e+01 2.086890e+01 2.044000e+01 2.090000e+01 2.083099e+01 2.087008e+01
2.124000e+01 2.086000e+01 2.084802e+01 2.087019e+01 2.124000e+01 2.090000e+01 2.084900e+01 2.087160e+01
2.044000e+01 2.090000e+01 2.083099e+01 2.087008e+01 2.044000e+01 2.094000e+01 2.082620e+01 2.087213e+01
2.122000e+01 2.092000e+01 2.083170e+01 2.087038e+01 2.120000e+01 2.094000e+01 2.081507e+01 2.086665e+01
2.124000e+01 2.090000e+01 2.084900e+01 2.087160e+01 2.122000e+01 2.092000e+01 2.083170e+01 2.087038e+01
2.044000e+01 2.094000e+01 2.082620e+01 2.087213e+01 2.046000e+01 2.096000e+01 2.084116e+01 2.087007e+01
2.046000e+01 2.096000e+01 2.084116e+01 2.087007e+01 2.048000e+01 2.098000e+01 2.085492e+01 2.086548e+01
2.120000e+01 2.094000e+01 2.081507e+01 2.086665e+01 2.120000e+01 2.098000e+01 2.082489e+01 2.086739e+01
2.048000e+01 2.098000e+01 2.085492e+01 2.086548e+01 2.048000e+01 2.102000e+01 2.084187e+01 2.086961e+01
2.120000e+01 2.098000e+01 2.082489e+01 2.086739e+01 2.120000e+01 2.102000e+01 2.083783e+01 2.087157e+01
2.048000e+01 2.102000e+01 2.084187e+01 2.086961e+01 2.050000e+01 2.104000e+01 2.085071e+01 2.086616e+01
2.050000e+01 2.104000e+01 2.085071e+01 2.086616e+01 2.052000e+01 2.106000e+01 2.085701e+01 2.086062e+01
2.118000e+01 2.104000e+01 2.082890e+01 2.086816e+01 2.116000e+01 2.106000e+01 2.082247e+01 2.086265e+01
2.120000e+01 2.102000e+01 2.083783e+01 2.087157e+01 2.118000e+01 2.104000e+01 2.082890e+01 2.086816e+01
2.052000e+01 2.106000e+01 2.085701e+01 2.086062e+01 2.052000e+01 2.110000e+01 2.083831e+01 2.087231e+01
2.116000e+01 2.106000e+01 2.082247e+01 2.086265e+01 2.116000e+01 2.110000e+01 2.084109e+01 2.087422e+01
2.052000e+01 2.110000e+01 2.083831e+01 2.087231e+01 2.054000e+01 2.112000e+01 2.084170e+01 2.087116e+01
2.054000e+01 2.112000e+01 2.084170e+01 2.087116e+01 2.056000e+01 2.114000e+01 2.084214e+01 2.086938e+01
2.114000e+01 2.112000e+01 2.083762e+01 2.087302e+01 2.112000e+01 2.114000e+01 2.083708e+01 2.087116e+01
2.116000e+01 2.110000e+01 2.084109e+01 2.087422e+01 2.114000e+01 2.112000e+01 2.083762e+01 2.087302e+01
2.056000e+01 2.114000e+01 2.084214e+01 2.086938e+01 2.058000e+01 2.116000e+01 2.084242e+01 2.087044e+01
2.058000e+01 2.116000e+01 2.084242e+01 2.087044e+01 2.060000e+01 2.118000e+01 2.083990e+01 2.087189e+01
2.110000e+01 2.116000e+01 2.083673e+01 2.087211e+01 2.108000e+01 2.118000e+01 2.083918e+01 2.087342e+01
2.112000e+01 2.114000e+01 2.083708e+01 2.087116e+01 2.110000e+01 2.116000e+01 2.083673e+01 2.087211e+01
2.060000e+01 2.118000e+01 2.083990e+01 2.087189e+01 2.062000e+01 2.120000e+01 2.083824e+01 2.087620e+01
2.062000e+01 2.120000e+01 2.083824e+01 2.087620e+01 2.066000e+01 2.120000e+01 2.084843e+01 2.085823e+01
2.066000e+01 2.120000e+01 2.084843e+01 2.085823e+01 2.068000e+01 2.122000e+01 2.084274e+01 2.086582e+01
2.102000e+01 2.120000e+01 2.083044e+01 2.085950e+01 2.100000e+01 2.122000e+01 2.083614e+01 2.086689e+01
2.102000e+01 2.120000e+01 2.083044e+01 2.085950e+01 2.106000e+01 2.120000e+01 2.084080e+01 2.087760e+01
2.108000e+01 2.118000e+01 2.083918e+01 2.087342e+01 2.106000e+01 2.120000e+01 2.084080e+01 2.087760e+01
2.068000e+01 2.122000e+01 2.084274e+01 2.086582e+01 2.070000e+01 2.124000e+01 2.083926e+01 2.087570e+01
2.070000e+01 2.124000e+01 2.083926e+01 2.087570e+01 2.074000e+01 2.124000e+01 2.084254e+01 2.086390e+01
2.074000e+01 2.124000e+01 2.084254e+01 2.086390e+01 2.078000e+01 2.124000e+01 2.084267e+01 2.085540e+01
2.078000e+01 2.124000e+01 2.084267e+01 2.085540e+01 2.080000e+01 2.126000e+01 2.083951e+01 2.087291e+01
2.090000e+01 2.124000e+01 2.083603e+01 2.085583e+01 2.088000e+01 2.126000e+01 2.083932e+01 2.087317e+01
2.090000e+01 2.124000e+01 2.083603e+01 2.085583e+01 2.094000e+01 2.124000e+01 2.083625e+01 2.086459e+01
2.094000e+01 2.124000e+01 2.083625e+01 2.086459e+01 2.098000e+01 2.124000e+01 2.083965e+01 2.087661e+01
2.100000e+01 2.122000e+01 2.083614e+01 2.086689e+01 2.098000e+01 2.124000e+01 2.083965e+01 2.087661e+01
2.080000e+01 2.126000e+01 2.083951e+01 2.087291e+01 2.082000e+01 2.128000e+01 2.083873e+01 2.089090e+01
2.082000e+01 2.128000e+01 2.083873e+01 2.089090e+01 2.086000e+01 2.128000e+01 2.084019e+01 2.089102e+01
2.088000e+01 2.126000e+01 2.083932e+01 2.087317e+01 2.086000e+01 2.128000e+01 2.084019e+01 2.089102e+01
2.083873e+01 2.086985e+01 2.046664e+01 2.087052e+01 2.083873e+01 2.086985e+01 2.046753e+01 2.084492e+01
2.083873e+01 2.086985e+01 2.046753e+01 2.084492e+01 2.083873e+01 2.086985e+01 2.047021e+01 2.081942e+01
2.083873e+01 2.086985e+01 2.047021e+01 2.081942e+01 2.083873e+01 2.086985e+01 2.047466e+01 2.079416e+01
2.083873e+01 2.086985e+01 2.047466e+01 2.079416e+01 2.083873e+01 2.086985e+01 2.048088e+01 2.076924e+01
2.083873e+01 2.086985e+01 2.048088e+01 2.076924e+01 2.083873e+01 2.086985e+01 2.048882e+01 2.074480e+01
2.083873e+01 2.086985e+01 2.048882e+01 2.074480e+01 2.083873e+01 2.086985e+01 2.049846e+01 2.072094e+01
2.083873e+01 2.086985e+01 2.049846e+01 2.072094e+01 2.083873e+01 2.086985e+01 2.050976e+01 2.069777e+01
2.083873e+01 2.086985e+01 2.050976e+01 2.069777e+01 2.083873e+01 2.086985e+01 2.052266e+01 2.067542e+01
2.083873e+01 2.086985e+01 2.052266e+01 2.067542e+01 2.083873e+01 2.086985e+01 2.053711e+01 2.065400e+01
2.083873e+01 2.086985e+01 2.053711e+01 2.065400e+01 2.083873e+01 2.086985e+01 2.055305e+01 2.063360e+01
2.083873e+01 2.086985e+01 2.055305e+01 2.063360e+01 2.083873e+01 2.086985e+01 2.057039e+01 2.061434e+01
2.083873e+01 2.086985e+01 2.057039e+01 2.061434e+01 2.083873e+01 2.086985e+01 2.058907e+01 2.059631e+01
2.083873e+01 2.086985e+01 2.058907e+01 2.059631e+01 2.083873e+01 2.086985e+01 2.060898e+01 2.057959e+01
2.083873e+01 2.086985e+01 2.060898e+01 2.057959e+01 2.083873e+01 2.086985e+01 2.063004e+01 2.056429e+01
2.083873e+01 2.086985e+01 2.063004e+01 2.056429e+01 2.083873e+01 2.086985e+01 2.065215e+01 2.055048e+01
2.083873e+01 2.086985e+01 2.065215e+01 2.055048e+01 2.083873e+01 2.086985e+01 2.067519e+01 2.053823e+01
2.083873e+01 2.086985e+01 2.067519e+01 2.053823e+01 2.083873e+01 2.086985e+01 2.069904e+01 2.052761e+01
2.083873e+01 2.086985e+01 2.069904e+01 2.052761e+01 2.083873e+01 2.086985e+01 2.072360e+01 2.051867e+01
2.083873e+01 2.086985e+01 2.072360e+01 2.051867e+01 2.083873e+01 2.086985e+01 2.074874e+01 2.051146e+01
2.083873e+01 2.086985e+01 2.074874e+01 2.051146e+01 2.083873e+01 2.086985e+01 2.077433e+01 2.050602e+01
2.083873e+01 2.086985e+01 2.077433e+01 2.050602e+01 2.083873e+01 2.086985e+01 2.080024e+01 2.050238e+01
2.083873e+01 2.086985e+01 2.080024e+01 2.050238e+01 2.083873e+01 2.086985e+01 2.082634e+01 2.050056e+01
2.083873e+01 2.086985e+01 2.082634e+01 2.050056e+01 2.083873e+01 2.086985e+01 2.085249e+01 2.050056e+01
2.083873e+01 2.086985e+01 2.085249e+01 2.050056e+01 2.083873e+01 2.086985e+01 2.087857e+01 2.050238e+01
2.083873e+01 2.086985e+01 2.087857e+01 2.050238e+01 2.083873e+01 2.086985e+01 2.090444e+01 2.050602e+01
2.083873e+01 2.086985e+01 2.090444e+01 2.050602e+01 2.083873e+01 2.086985e+01 2.092997e+01 2.051144e+01
2.083873e+01 2.086985e+01 2.092997e+01 2.051144e+01 2.083873e+01 2.086985e+01 2.095503e+01 2.051863e+01
2.083873e+01 2.086985e+01 2.095503e+01 2.051863e+01 2.083873e+01 2.086985e+01 2.097950e+01 2.052754e+01
2.083873e+01 2.086985e+01 2.097950e+01 2.052754e+01 2.083873e+01 2.086985e+01 2.100326e+01 2.053812e+01
2.083873e+01 2.086985e+01 2.100326e+01 2.053812e+01 2.083873e+01 2.086985e+01 2.102620e+01 2.055031e+01
2.083873e+01 2.086985e+01 2.102620e+01 2.055031e+01 2.083873e+01 2.086985e+01 2.104819e+01 2.056405e+01
2.083873e+01 2.086985e+01 2.104819e+01 2.056405e+01 2.083873e+01 2.086985e+01 2.106914e+01 2.057927e+01
2.083873e+01 2.086985e+01 2.106914e+01 2.057927e+01 2.083873e+01 2.086985e+01 2.108895e+01 2.059589e+01
2.083873e+01 2.086985e+01 2.108895e+01 2.059589e+01 2.083873e+01 2.086985e+01 2.110752e+01 2.061383e+01
2.083873e+01 2.086985e+01 2.110752e+01 2.061383e+01 2.083873e+01 2.086985e+01 2.112477e+01 2.063299e+01
2.083873e+01 2.086985e+01 2.112477e+01 2.063299e+01 2.083873e+01 2.086985e+01 2.114062e+01 2.065328e+01
2.083873e+01 2.086985e+01 2.114062e+01 2.065328e+01 2.083873e+01 2.086985e+01 2.115500e+01 2.067459e+01
2.083873e+01 2.086985e+01 2.115500e+01 2.067459e+01 2.083873e+01 2.086985e+01 2.116785e+01 2.069684e+01
2.083873e+01 2.086985e+01 2.116785e+01 2.069684e+01 2.083873e+01 2.086985e+01 2.117909e+01 2.071990e+01
2.083873e+01 2.086985e+01 2.117909e+01 2.071990e+01 2.083873e+01 2.086985e+01 2.118870e+01 2.074367e+01
2.083873e+01 2.086985e+01 2.118870e+01 2.074367e+01 2.083873e+01 2.086985e+01 2.119662e+01 2.076804e+01
2.083873e+01 2.086985e+01 2.119662e+01 2.076804e+01 2.083873e+01 2.086985e+01 2.120281e+01 2.079290e+01
2.083873e+01 2.086985e+01 2.120281e+01 2.079290e+01 2.083873e+01 2.086985e+01 2.120726e+01 2.081811e+01
2.083873e+01 2.086985e+01 2.120726e+01 2.081811e+01 2.083873e+01 2.086985e+01 2.120994e+01 2.084358e+01
2.083873e+01 2.086985e+01 2.120994e+01 2.084358e+01 2.083873e+01 2.086985e+01 2.121083e+01 2.086917e+01
2.083873e+01 2.086985e+01 2.121083e+01 2.086917e+01 2.083873e+01 2.086985e+01 2.120994e+01 2.089478e+01
2.083873e+01 2.086985e+01 2.120994e+01 2.089478e+01 2.083873e+01 2.086985e+01 2.120726e+01 2.092027e+01
2.083873e+01 2.086985e+01 2.120726e+01 2.092027e+01 2.083873e+01 2.086985e+01 2.120280e+01 2.094553e+01
2.083873e+01 2.086985e+01 2.120280e+01 2.094553e+01 2.083873e+01 2.086985e+01 2.119659e+01 2.097045e+01
2.083873e+01 2.086985e+01 2.119659e+01 2.097045e+01 2.083873e+01 2.086985e+01 2.118865e+01 2.099489e+01
2.083873e+01 2.086985e+01 2.118865e+01 2.099489e+01 2.083873e+01 2.086985e+01 2.117901e+01 2.101875e+01
2.083873e+01 2.086985e+01 2.117901e+01 2.101875e+01 2.083873e+01 2.086985e+01 2.116771e+01 2.104192e+01
2.083873e+01 2.086985e+01 2.116771e+01 2.104192e+01 2.083873e+01 2.086985e+01 2.115480e+01 2.106427e+01
2.083873e+01 2.086985e+01 2.115480e+01 2.106427e+01 2.083873e+01 2.086985e+01 2.114035e+01 2.108569e+01
2.083873e+01 2.086985e+01 2.114035e+01 2.108569e+01 2.083873e+01 2.086985e+01 2.112442e+01 2.110609e+01
2.083873e+01 2.086985e+01 2.112442e+01 2.110609e+01 2.083873e+01 2.086985e+01 2.110707e+01 2.112535e+01
2.083873e+01 2.086985e+01 2.110707e+01 2.112535e+01 2.083873e+01 2.086985e+01 2.108840e+01 2.114339e+01
2.083873e+01 2.086985e+01 2.108840e+01 2.114339e+01 2.083873e+01 2.086985e+01 2.106848e+01 2.116010e+01
2.083873e+01 2.086985e+01 2.106848e+01 2.116010e+01 2.083873e+01 2.086985e+01 2.104742e+01 2.117540e+01
2.083873e+01 2.086985e+01 2.104742e+01 2.117540e+01 2.083873e+01 2.086985e+01 2.102532e+01 2.118921e+01
2.083873e+01 2.086985e+01 2.102532e+01 2.118921e+01 2.083873e+01 2.086985e+01 2.100228e+01 2.120146e+01
2.083873e+01 2.086985e+01 2.100228e+01 2.120146e+01 2.083873e+01 2.086985e+01 2.097842e+01 2.121208e+01
2.083873e+01 2.086985e+01 2.097842e+01 2.121208e+01 2.083873e+01 2.086985e+01 2.095386e+01 2.122102e+01
2.083873e+01 2.086985e+01 2.095386e+01 2.122102e+01 2.083873e+01 2.086985e+01 2.092872e+01 2.122823e+01
2.083873e+01 2.086985e+01 2.092872e+01 2.122823e+01 2.083873e+01 2.086985e+01 2.090314e+01 2.123367e+01
2.083873e+01 2.086985e+01 2.090314e+01 2.123367e+01 2.083873e+01 2.086985e+01 2.087723e+01 2.123731e+01
2.083873e+01 2.086985e+01 2.087723e+01 2.123731e+01 2.083873e+01 2.086985e+01 2.085113e+01 2.123913e+01
2.083873e+01 2.086985e+01 2.085113e+01 2.123913e+01 2.083873e+01 2.086985e+01 2.082498e+01 2.123913e+01
2.083873e+01 2.086985e+01 2.082498e+01 2.123913e+01 2.083873e+01 2.086985e+01 2.079890e+01 2.123731e+01
2.083873e+01 2.086985e+01 2.079890e+01 2.123731e+01 2.083873e+01 2.086985e+01 2.077303e+01 2.123367e+01
2.083873e+01 2.086985e+01 2.077303e+01 2.123367e+01 2.083873e+01 2.086985e+01 2.074750e+01 2.122825e+01
2.083873e+01 2.086985e+01 2.074750e+01 2.122825e+01 2.083873e+01 2.086985e+01 2.072244e+01 2.122106e+01
2.083873e+01 2.086985e+01 2.072244e+01 2.122106e+01 2.083873e+01 2.086985e+01 2.069796e+01 2.121215e+01
2.083873e+01 2.086985e+01 2.069796e+01 2.121215e+01 2.083873e+01 2.086985e+01 2.067420e+01 2.120157e+01
2.083873e+01 2.086985e+01 2.067420e+01 2.120157e+01 2.083873e+01 2.086985e+01 2.065127e+01 2.118938e+01
2.083873e+01 2.086985e+01 2.065127e+01 2.118938e+01 2.083873e+01 2.086985e+01 2.062928e+01 2.117564e+01
2.083873e+01 2.086985e+01 2.062928e+01 2.117564e+01 2.083873e+01 2.086985e+01 2.060833e+01 2.116042e+01
2.083873e+01 2.086985e+01 2.060833e+01 2.116042e+01 2.083873e+01 2.086985e+01 2.058852e+01 2.114380e+01
2.083873e+01 2.086985e+01 2.058852e+01 2.114380e+01 2.083873e+01 2.086985e+01 2.056995e+01 2.112586e+01
2.083873e+01 2.086985e+01 2.056995e+01 2.112586e+01 2.083873e+01 2.086985e+01 2.055269e+01 2.110670e+01
2.083873e+01 2.086985e+01 2.055269e+01 2.110670e+01 2.083873e+01 2.086985e+01 2.053684e+01 2.108641e+01
2.083873e+01 2.086985e+01 2.053684e+01 2.108641e+01 2.083873e+01 2.086985e+01 2.052246e+01 2.106510e+01
2.083873e+01 2.086985e+01 2.052246e+01 2.106510e+01 2.083873e+01 2.086985e+01 2.050962e+01 2.104285e+01
2.083873e+01 2.086985e+01 2.050962e+01 2.104285e+01 2.083873e+01 2.086985e+01 2.049837e+01 2.101979e+01
2.083873e+01 2.086985e+01 2.049837e+01 2.101979e+01 2.083873e+01 2.086985e+01 2.048877e+01 2.099602e+01
2.083873e+01 2.086985e+01 2.048877e+01 2.099602e+01 2.083873e+01 2.086985e+01 2.048085e+01 2.097165e+01
2.083873e+01 2.086985e+01 2.048085e+01 2.097165e+01 2.083873e+01 2.086985e+01 2.047465e+01 2.094679e+01
2.083873e+01 2.086985e+01 2.047465e+01 2.094679e+01 2.083873e+01 2.086985e+01 2.047021e+01 2.092158e+01
2.083873e+01 2.086985e+01 2.047021e+01 2.092158e+01 2.083873e+01 2.086985e+01 2.046753e+01 2.089611e+01
2.083873e+01 2.086985e+01 2.046753e+01 2.089611e+01 2.083873e+01 2.086985e+01 2.046664e+01 2.087052e+01
