3.000000e-02 1.406911e+01
3.077000e-02 1.371727e+01
3.154000e-02 1.358743e+01
3.231000e-02 1.392661e+01
3.308000e-02 1.323477e+01
3.385000e-02 1.283041e+01
3.462000e-02 1.259374e+01
3.539000e-02 1.247382e+01
3.616000e-02 1.256697e+01
3.693000e-02 1.237346e+01
3.770000e-02 1.188049e+01
3.847000e-02 1.159314e+01
3.924000e-02 1.138719e+01
4.001000e-02 1.124156e+01
4.078000e-02 1.116650e+01
4.155000e-02 1.124598e+01
4.232000e-02 1.115318e+01
4.309000e-02 1.069109e+01
4.386000e-02 1.042222e+01
4.463000e-02 1.021715e+01
4.540000e-02 1.005096e+01
4.617000e-02 9.915456e+00
4.694000e-02 9.809997e+00
4.771000e-02 9.741684e+00
4.848000e-02 9.739415e+00
4.925000e-02 1.008757e+01
5.002000e-02 9.526418e+00
5.079000e-02 9.246239e+00
5.156000e-02 9.047054e+00
5.233000e-02 8.884032e+00
5.310000e-02 8.744001e+00
5.387000e-02 8.620718e+00
5.464000e-02 8.512011e+00
5.541000e-02 8.416825e+00
5.618000e-02 8.335412e+00
5.695000e-02 8.270047e+00
5.772000e-02 8.226896e+00
5.849000e-02 8.224411e+00
5.926000e-02 8.373011e+00
6.003000e-02 8.151257e+00
6.080000e-02 7.903954e+00
6.157000e-02 7.738881e+00
6.234000e-02 7.604528e+00
6.311000e-02 7.487687e+00
6.388000e-02 7.382647e+00
6.465000e-02 7.286952e+00
6.542000e-02 7.198777e+00
6.619000e-02 7.117208e+00
6.696000e-02 7.041586e+00
6.773000e-02 6.971615e+00
6.850000e-02 6.907454e+00
6.927000e-02 6.848818e+00
7.004000e-02 6.796502e+00
7.081000e-02 6.751676e+00
7.158000e-02 6.716716e+00
7.235000e-02 6.696828e+00
7.312000e-02 6.707053e+00
7.389000e-02 6.841799e+00
7.466000e-02 6.656834e+00
7.543000e-02 6.480379e+00
7.620000e-02 6.361452e+00
7.697000e-02 6.264050e+00
7.774000e-02 6.178578e+00
7.851000e-02 6.101047e+00
7.928000e-02 6.029359e+00
8.005000e-02 5.962312e+00
8.082000e-02 5.899244e+00
8.159000e-02 5.839353e+00
8.236000e-02 5.782395e+00
8.313000e-02 5.728085e+00
8.390000e-02 5.676218e+00
8.467000e-02 5.626643e+00
8.544000e-02 5.579250e+00
8.621000e-02 5.533980e+00
8.698000e-02 5.490767e+00
8.775000e-02 5.449475e+00
8.852000e-02 5.410479e+00
8.929000e-02 5.373676e+00
9.006000e-02 5.339259e+00
9.083000e-02 5.307502e+00
9.160000e-02 5.278829e+00
9.237000e-02 5.254013e+00
9.314000e-02 5.234321e+00
9.391000e-02 5.222355e+00
9.468000e-02 5.224308e+00
9.545000e-02 5.263400e+00
9.622000e-02 5.333051e+00
9.699000e-02 5.140131e+00
9.776000e-02 5.047548e+00
9.853000e-02 4.976807e+00
9.930000e-02 4.916400e+00
1.000700e-01 4.862208e+00
1.008400e-01 4.812307e+00
1.016100e-01 4.765576e+00
1.023800e-01 4.721382e+00
1.031500e-01 4.679281e+00
1.039200e-01 4.638961e+00
1.046900e-01 4.600165e+00
1.054600e-01 4.562791e+00
1.062300e-01 4.526660e+00
1.070000e-01 4.491660e+00
1.077700e-01 4.457718e+00
1.085400e-01 4.424758e+00
1.093100e-01 4.392705e+00
1.100800e-01 4.361541e+00
1.108500e-01 4.331208e+00
1.116200e-01 4.301671e+00
1.123900e-01 4.272893e+00
1.131600e-01 4.244855e+00
1.139300e-01 4.217536e+00
1.147000e-01 4.190918e+00
1.154700e-01 4.164990e+00
1.162400e-01 4.139740e+00
1.170100e-01 4.115164e+00
1.177800e-01 4.091261e+00
1.185500e-01 4.068035e+00
1.193200e-01 4.045493e+00
1.200900e-01 4.023652e+00
1.208600e-01 4.002669e+00
1.216300e-01 3.982313e+00
1.224000e-01 3.962764e+00
1.231700e-01 3.944088e+00
1.239400e-01 3.926373e+00
1.247100e-01 3.909746e+00
1.254800e-01 3.894368e+00
1.262500e-01 3.880533e+00
1.270200e-01 3.868647e+00
1.277900e-01 3.859335e+00
1.285600e-01 3.854039e+00
1.293300e-01 3.855459e+00
1.301000e-01 3.872059e+00
1.308700e-01 3.976671e+00
1.316400e-01 3.846689e+00
1.324100e-01 3.778636e+00
1.331800e-01 3.731951e+00
1.339500e-01 3.693553e+00
1.347200e-01 3.659760e+00
1.354900e-01 3.628923e+00
1.362600e-01 3.600191e+00
1.370300e-01 3.573060e+00
1.378000e-01 3.547213e+00
1.385700e-01 3.522406e+00
1.393400e-01 3.498494e+00
1.401100e-01 3.475358e+00
1.408800e-01 3.452897e+00
1.416500e-01 3.431062e+00
1.424200e-01 3.409783e+00
1.431900e-01 3.388998e+00
1.439600e-01 3.368704e+00
1.447300e-01 3.348847e+00
1.455000e-01 3.329400e+00
1.462700e-01 3.310337e+00
1.470400e-01 3.291640e+00
1.478100e-01 3.273289e+00
1.485800e-01 3.255268e+00
1.493500e-01 3.237563e+00
1.501200e-01 3.220161e+00
1.508900e-01 3.203051e+00
1.516600e-01 3.186229e+00
1.524300e-01 3.169669e+00
1.532000e-01 3.153372e+00
1.539700e-01 3.137330e+00
1.547400e-01 3.121535e+00
1.555100e-01 3.105981e+00
1.562800e-01 3.090660e+00
1.570500e-01 3.075642e+00
1.578200e-01 3.060769e+00
1.585900e-01 3.046115e+00
1.593600e-01 3.031675e+00
1.601300e-01 3.017444e+00
1.609000e-01 3.003418e+00
1.616700e-01 2.989595e+00
1.624400e-01 2.975970e+00
1.632100e-01 2.962536e+00
1.639800e-01 2.949300e+00
1.647500e-01 2.936254e+00
1.655200e-01 2.923397e+00
1.662900e-01 2.910727e+00
1.670600e-01 2.898241e+00
1.678300e-01 2.885940e+00
1.686000e-01 2.873822e+00
1.693700e-01 2.861887e+00
1.701400e-01 2.850134e+00
1.709100e-01 2.838563e+00
1.716800e-01 2.827176e+00
1.724500e-01 2.815973e+00
1.732200e-01 2.804957e+00
1.739900e-01 2.794129e+00
1.747600e-01 2.783492e+00
1.755300e-01 2.773050e+00
1.763000e-01 2.762822e+00
1.770700e-01 2.752790e+00
1.778400e-01 2.742973e+00
1.786100e-01 2.733380e+00
1.793800e-01 2.724022e+00
1.801500e-01 2.714913e+00
1.809200e-01 2.706071e+00
1.816900e-01 2.697519e+00
1.824600e-01 2.689284e+00
1.832300e-01 2.681393e+00
1.840000e-01 2.673907e+00
1.847700e-01 2.666884e+00
1.855400e-01 2.660409e+00
1.863100e-01 2.654604e+00
1.870800e-01 2.649652e+00
1.878500e-01 2.645841e+00
1.886200e-01 2.643633e+00
1.893900e-01 2.643995e+00
1.901600e-01 2.649087e+00
1.909300e-01 2.666548e+00
1.917000e-01 2.716847e+00
1.924700e-01 2.635160e+00
1.932400e-01 2.603068e+00
1.940100e-01 2.579704e+00
1.947800e-01 2.560251e+00
1.955500e-01 2.542992e+00
1.963200e-01 2.527202e+00
1.970900e-01 2.512462e+00
1.978600e-01 2.498516e+00
1.986300e-01 2.485199e+00
1.994000e-01 2.472396e+00
2.001700e-01 2.460025e+00
2.009400e-01 2.448025e+00
2.017100e-01 2.436353e+00
2.024800e-01 2.424960e+00
2.032500e-01 2.413826e+00
2.040200e-01 2.402924e+00
2.047900e-01 2.392236e+00
2.055600e-01 2.381744e+00
2.063300e-01 2.371435e+00
2.071000e-01 2.361259e+00
2.078700e-01 2.351277e+00
2.086400e-01 2.341434e+00
2.094100e-01 2.331747e+00
2.101800e-01 2.322195e+00
2.109500e-01 2.312771e+00
2.117200e-01 2.303470e+00
2.124900e-01 2.294286e+00
2.132600e-01 2.285216e+00
2.140300e-01 2.276303e+00
2.148000e-01 2.267445e+00
2.155700e-01 2.258688e+00
2.163400e-01 2.250031e+00
2.171100e-01 2.241468e+00
2.178800e-01 2.232998e+00
2.186500e-01 2.224623e+00
2.194200e-01 2.216331e+00
2.201900e-01 2.208124e+00
2.209600e-01 2.200001e+00
2.217300e-01 2.191959e+00
2.225000e-01 2.184000e+00
2.232700e-01 2.176114e+00
2.240400e-01 2.168304e+00
2.248100e-01 2.160568e+00
2.255800e-01 2.152905e+00
2.263500e-01 2.145314e+00
2.271200e-01 2.137792e+00
2.278900e-01 2.130339e+00
2.286600e-01 2.122954e+00
2.294300e-01 2.115634e+00
2.302000e-01 2.108379e+00
2.309700e-01 2.101188e+00
2.317400e-01 2.094060e+00
2.325100e-01 2.086994e+00
2.332800e-01 2.079988e+00
2.340500e-01 2.073042e+00
2.348200e-01 2.066155e+00
2.355900e-01 2.059326e+00
2.363600e-01 2.052554e+00
2.371300e-01 2.045838e+00
2.379000e-01 2.039178e+00
2.386700e-01 2.032572e+00
2.394400e-01 2.026020e+00
2.402100e-01 2.019522e+00
2.409800e-01 2.013076e+00
2.417500e-01 2.006682e+00
2.425200e-01 2.000340e+00
2.432900e-01 1.994047e+00
2.440600e-01 1.987805e+00
2.448300e-01 1.981612e+00
2.456000e-01 1.975468e+00
2.463700e-01 1.969372e+00
2.471400e-01 1.963324e+00
2.479100e-01 1.957323e+00
2.486800e-01 1.951368e+00
2.494500e-01 1.945460e+00
2.502200e-01 1.939597e+00
2.509900e-01 1.933779e+00
2.517600e-01 1.928007e+00
2.525300e-01 1.922278e+00
2.533000e-01 1.916593e+00
2.540700e-01 1.910952e+00
2.548400e-01 1.905353e+00
2.556100e-01 1.899797e+00
2.563800e-01 1.894284e+00
2.571500e-01 1.888812e+00
2.579200e-01 1.883382e+00
2.586900e-01 1.877993e+00
2.594600e-01 1.872645e+00
2.602300e-01 1.867338e+00
2.610000e-01 1.862070e+00
2.617700e-01 1.856843e+00
2.625400e-01 1.851656e+00
2.633100e-01 1.846508e+00
2.640800e-01 1.841399e+00
2.648500e-01 1.836326e+00
2.656200e-01 1.831295e+00
2.663900e-01 1.826302e+00
2.671600e-01 1.821348e+00
2.679300e-01 1.816431e+00
2.687000e-01 1.811553e+00
2.694700e-01 1.806713e+00
2.702400e-01 1.801910e+00
2.710100e-01 1.797145e+00
2.717800e-01 1.792417e+00
2.725500e-01 1.787727e+00
2.733200e-01 1.783074e+00
2.740900e-01 1.778459e+00
2.748600e-01 1.773880e+00
2.756300e-01 1.769340e+00
2.764000e-01 1.764836e+00
2.771700e-01 1.760371e+00
2.779400e-01 1.755942e+00
2.787100e-01 1.751552e+00
2.794800e-01 1.747199e+00
2.802500e-01 1.742884e+00
2.810200e-01 1.738603e+00
2.817900e-01 1.734365e+00
2.825600e-01 1.730166e+00
2.833300e-01 1.726006e+00
2.841000e-01 1.721886e+00
2.848700e-01 1.717806e+00
2.856400e-01 1.713767e+00
2.864100e-01 1.709775e+00
2.871800e-01 1.705820e+00
2.879500e-01 1.701909e+00
2.887200e-01 1.698041e+00
2.894900e-01 1.694218e+00
2.902600e-01 1.690442e+00
2.910300e-01 1.686714e+00
2.918000e-01 1.683035e+00
2.925700e-01 1.679407e+00
2.933400e-01 1.675832e+00
2.941100e-01 1.672313e+00
2.948800e-01 1.668853e+00
2.956500e-01 1.665455e+00
2.964200e-01 1.662122e+00
2.971900e-01 1.658854e+00
2.979600e-01 1.655665e+00
2.987300e-01 1.652557e+00
2.995000e-01 1.649537e+00
3.002700e-01 1.646614e+00
3.010400e-01 1.643800e+00
3.018100e-01 1.641107e+00
3.025800e-01 1.638553e+00
3.033500e-01 1.636160e+00
3.041200e-01 1.633957e+00
3.048900e-01 1.631984e+00
3.056600e-01 1.630294e+00
3.064300e-01 1.628955e+00
3.072000e-01 1.628107e+00
3.079700e-01 1.627944e+00
3.087400e-01 1.628824e+00
3.095100e-01 1.631549e+00
3.102800e-01 1.638412e+00
3.110500e-01 1.667147e+00
3.118200e-01 1.637204e+00
3.125900e-01 1.619273e+00
3.133600e-01 1.607718e+00
3.141300e-01 1.598583e+00
3.149000e-01 1.590717e+00
3.156700e-01 1.583656e+00
3.164400e-01 1.577158e+00
3.172100e-01 1.571053e+00
3.179800e-01 1.565261e+00
3.187500e-01 1.559721e+00
3.195200e-01 1.554386e+00
3.202900e-01 1.549223e+00
3.210600e-01 1.544208e+00
3.218300e-01 1.539320e+00
3.226000e-01 1.534545e+00
3.233700e-01 1.529869e+00
3.241400e-01 1.525283e+00
3.249100e-01 1.520779e+00
3.256800e-01 1.516349e+00
3.264500e-01 1.511987e+00
3.272200e-01 1.507691e+00
3.279900e-01 1.503450e+00
3.287600e-01 1.499265e+00
3.295300e-01 1.495131e+00
3.303000e-01 1.491046e+00
3.310700e-01 1.487006e+00
3.318400e-01 1.483011e+00
3.326100e-01 1.479057e+00
3.333800e-01 1.475143e+00
3.341500e-01 1.471266e+00
3.349200e-01 1.467427e+00
3.356900e-01 1.463622e+00
3.364600e-01 1.459850e+00
3.372300e-01 1.456112e+00
3.380000e-01 1.452405e+00
3.387700e-01 1.448728e+00
3.395400e-01 1.445075e+00
3.403100e-01 1.441457e+00
3.410800e-01 1.437866e+00
3.418500e-01 1.434303e+00
3.426200e-01 1.430766e+00
3.433900e-01 1.427254e+00
3.441600e-01 1.423767e+00
3.449300e-01 1.420305e+00
3.457000e-01 1.416867e+00
3.464700e-01 1.413452e+00
3.472400e-01 1.410060e+00
3.480100e-01 1.406690e+00
3.487800e-01 1.403342e+00
3.495500e-01 1.400016e+00
3.503200e-01 1.396711e+00
3.510900e-01 1.393427e+00
3.518600e-01 1.390163e+00
3.526300e-01 1.386919e+00
3.534000e-01 1.383695e+00
3.541700e-01 1.380490e+00
3.549400e-01 1.377305e+00
3.557100e-01 1.374138e+00
3.564800e-01 1.370990e+00
3.572500e-01 1.367860e+00
3.580200e-01 1.364748e+00
3.587900e-01 1.361654e+00
3.595600e-01 1.358577e+00
3.603300e-01 1.355520e+00
3.611000e-01 1.352477e+00
3.618700e-01 1.349451e+00
3.626400e-01 1.346442e+00
3.634100e-01 1.343449e+00
3.641800e-01 1.340472e+00
3.649500e-01 1.337511e+00
3.657200e-01 1.334566e+00
3.664900e-01 1.331637e+00
3.672600e-01 1.328723e+00
3.680300e-01 1.325824e+00
3.688000e-01 1.322941e+00
3.695700e-01 1.320072e+00
3.703400e-01 1.317218e+00
3.711100e-01 1.314379e+00
3.718800e-01 1.311554e+00
3.726500e-01 1.308744e+00
3.734200e-01 1.305947e+00
3.741900e-01 1.303165e+00
3.749600e-01 1.300396e+00
3.757300e-01 1.297641e+00
3.765000e-01 1.294900e+00
3.772700e-01 1.292172e+00
3.780400e-01 1.289458e+00
3.788100e-01 1.286757e+00
3.795800e-01 1.284068e+00
3.803500e-01 1.281393e+00
3.811200e-01 1.278731e+00
3.818900e-01 1.276081e+00
3.826600e-01 1.273444e+00
3.834300e-01 1.270819e+00
3.842000e-01 1.268207e+00
3.849700e-01 1.265607e+00
3.857400e-01 1.263019e+00
3.865100e-01 1.260444e+00
3.872800e-01 1.257880e+00
3.880500e-01 1.255328e+00
3.888200e-01 1.252788e+00
3.895900e-01 1.250259e+00
3.903600e-01 1.247742e+00
3.911300e-01 1.245237e+00
3.919000e-01 1.242743e+00
3.926700e-01 1.240260e+00
3.934400e-01 1.237788e+00
3.942100e-01 1.235328e+00
3.949800e-01 1.232878e+00
3.957500e-01 1.230440e+00
3.965200e-01 1.228012e+00
3.972900e-01 1.225595e+00
3.980600e-01 1.223189e+00
3.988300e-01 1.220793e+00
3.996000e-01 1.218408e+00
4.003700e-01 1.216020e+00
4.011400e-01 1.213656e+00
4.019100e-01 1.211301e+00
4.026800e-01 1.208957e+00
4.034500e-01 1.206623e+00
4.042200e-01 1.204299e+00
4.049900e-01 1.201985e+00
4.057600e-01 1.199681e+00
4.065300e-01 1.197387e+00
4.073000e-01 1.195103e+00
4.080700e-01 1.192828e+00
4.088400e-01 1.190563e+00
4.096100e-01 1.188308e+00
4.103800e-01 1.186062e+00
4.111500e-01 1.183825e+00
4.119200e-01 1.181598e+00
4.126900e-01 1.179380e+00
4.134600e-01 1.177172e+00
4.142300e-01 1.174972e+00
4.150000e-01 1.172782e+00
4.157700e-01 1.170601e+00
4.165400e-01 1.168428e+00
4.173100e-01 1.166265e+00
4.180800e-01 1.164111e+00
4.188500e-01 1.161965e+00
4.196200e-01 1.159829e+00
4.203900e-01 1.157701e+00
4.211600e-01 1.155581e+00
4.219300e-01 1.153472e+00
4.227000e-01 1.151370e+00
4.234700e-01 1.149276e+00
4.242400e-01 1.147191e+00
4.250100e-01 1.145114e+00
4.257800e-01 1.143045e+00
4.265500e-01 1.140985e+00
4.273200e-01 1.138933e+00
4.280900e-01 1.136889e+00
4.288600e-01 1.134853e+00
4.296300e-01 1.132826e+00
4.304000e-01 1.130806e+00
4.311700e-01 1.128795e+00
4.319400e-01 1.126791e+00
4.327100e-01 1.124795e+00
4.334800e-01 1.122807e+00
4.342500e-01 1.120827e+00
4.350200e-01 1.118855e+00
4.357900e-01 1.116890e+00
4.365600e-01 1.114933e+00
4.373300e-01 1.112984e+00
4.381000e-01 1.111042e+00
4.388700e-01 1.109107e+00
4.396400e-01 1.107180e+00
4.404100e-01 1.105261e+00
4.411800e-01 1.103349e+00
4.419500e-01 1.101444e+00
4.427200e-01 1.099547e+00
4.434900e-01 1.097657e+00
4.442600e-01 1.095774e+00
4.450300e-01 1.093898e+00
4.458000e-01 1.092030e+00
4.465700e-01 1.090168e+00
4.473400e-01 1.088314e+00
4.481100e-01 1.086466e+00
4.488800e-01 1.084626e+00
4.496500e-01 1.082793e+00
4.504200e-01 1.080966e+00
4.511900e-01 1.079146e+00
4.519600e-01 1.077334e+00
4.527300e-01 1.075528e+00
4.535000e-01 1.073728e+00
4.542700e-01 1.071936e+00
4.550400e-01 1.070150e+00
4.558100e-01 1.068371e+00
4.565800e-01 1.066596e+00
4.573500e-01 1.064830e+00
4.581200e-01 1.063071e+00
4.588900e-01 1.061318e+00
4.596600e-01 1.059572e+00
4.604300e-01 1.057832e+00
4.612000e-01 1.056099e+00
4.619700e-01 1.054372e+00
4.627400e-01 1.052651e+00
4.635100e-01 1.050936e+00
4.642800e-01 1.049228e+00
4.650500e-01 1.047526e+00
4.658200e-01 1.045831e+00
4.665900e-01 1.044141e+00
4.673600e-01 1.042458e+00
4.681300e-01 1.040781e+00
4.689000e-01 1.039110e+00
4.696700e-01 1.037445e+00
4.704400e-01 1.035786e+00
4.712100e-01 1.034133e+00
4.719800e-01 1.032486e+00
4.727500e-01 1.030845e+00
4.735200e-01 1.029210e+00
4.742900e-01 1.027581e+00
4.750600e-01 1.025958e+00
4.758300e-01 1.024341e+00
4.766000e-01 1.022729e+00
4.773700e-01 1.021123e+00
4.781400e-01 1.019523e+00
4.789100e-01 1.017929e+00
4.796800e-01 1.016341e+00
4.804500e-01 1.014758e+00
4.812200e-01 1.013180e+00
4.819900e-01 1.011609e+00
4.827600e-01 1.010043e+00
4.835300e-01 1.008483e+00
4.843000e-01 1.006928e+00
4.850700e-01 1.005379e+00
4.858400e-01 1.003835e+00
4.866100e-01 1.002297e+00
4.873800e-01 1.000764e+00
4.881500e-01 9.992368e-01
4.889200e-01 9.977150e-01
4.896900e-01 9.961985e-01
4.904600e-01 9.946875e-01
4.912300e-01 9.931818e-01
4.920000e-01 9.916814e-01
4.927700e-01 9.901864e-01
4.935400e-01 9.886967e-01
4.943100e-01 9.872122e-01
4.950800e-01 9.857330e-01
4.958500e-01 9.842590e-01
4.966200e-01 9.827903e-01
4.973900e-01 9.813267e-01
4.981600e-01 9.798684e-01
4.989300e-01 9.784152e-01
4.997000e-01 9.769671e-01
5.004700e-01 9.755242e-01
5.012400e-01 9.740863e-01
5.020100e-01 9.726536e-01
5.027800e-01 9.712259e-01
5.035500e-01 9.698033e-01
5.043200e-01 9.683857e-01
5.050900e-01 9.669731e-01
5.058600e-01 9.655655e-01
5.066300e-01 9.641630e-01
5.074000e-01 9.627796e-01
5.081700e-01 9.613867e-01
5.089400e-01 9.599988e-01
5.097100e-01 9.586158e-01
5.104800e-01 9.572378e-01
5.112500e-01 9.558637e-01
5.120200e-01 9.544954e-01
5.127900e-01 9.531320e-01
5.135600e-01 9.517734e-01
5.143300e-01 9.504196e-01
5.151000e-01 9.490708e-01
5.158700e-01 9.477267e-01
5.166400e-01 9.463874e-01
5.174100e-01 9.450530e-01
5.181800e-01 9.437233e-01
5.189500e-01 9.423984e-01
5.197200e-01 9.410783e-01
5.204900e-01 9.397630e-01
5.212600e-01 9.384524e-01
5.220300e-01 9.371466e-01
5.228000e-01 9.358454e-01
5.235700e-01 9.345491e-01
5.243400e-01 9.332574e-01
5.251100e-01 9.319705e-01
5.258800e-01 9.306882e-01
5.266500e-01 9.294107e-01
5.274200e-01 9.281379e-01
5.281900e-01 9.268698e-01
5.289600e-01 9.256063e-01
5.297300e-01 9.243476e-01
5.305000e-01 9.230935e-01
5.312700e-01 9.218441e-01
5.320400e-01 9.205994e-01
5.328100e-01 9.193594e-01
5.335800e-01 9.181240e-01
5.343500e-01 9.168934e-01
5.351200e-01 9.156674e-01
5.358900e-01 9.144461e-01
5.366600e-01 9.132295e-01
5.374300e-01 9.120176e-01
5.382000e-01 9.108103e-01
5.389700e-01 9.096078e-01
5.397400e-01 9.084100e-01
5.405100e-01 9.072169e-01
5.412800e-01 9.060285e-01
5.420500e-01 9.048449e-01
5.428200e-01 9.036660e-01
5.435900e-01 9.024919e-01
5.443600e-01 9.013225e-01
5.451300e-01 9.001580e-01
5.459000e-01 8.989982e-01
5.466700e-01 8.978432e-01
5.474400e-01 8.966931e-01
5.482100e-01 8.955479e-01
5.489800e-01 8.944075e-01
5.497500e-01 8.932720e-01
5.505200e-01 8.921415e-01
5.512900e-01 8.910159e-01
5.520600e-01 8.898953e-01
5.528300e-01 8.887821e-01
5.536000e-01 8.876719e-01
5.543700e-01 8.865667e-01
5.551400e-01 8.854666e-01
5.559100e-01 8.843718e-01
5.566800e-01 8.832822e-01
5.574500e-01 8.821979e-01
5.582200e-01 8.811190e-01
5.589900e-01 8.800454e-01
5.597600e-01 8.789774e-01
5.605300e-01 8.779149e-01
5.613000e-01 8.768580e-01
5.620700e-01 8.758067e-01
5.628400e-01 8.747613e-01
5.636100e-01 8.737217e-01
5.643800e-01 8.726880e-01
5.651500e-01 8.716604e-01
5.659200e-01 8.706390e-01
5.666900e-01 8.696239e-01
5.674600e-01 8.686152e-01
5.682300e-01 8.676130e-01
5.690000e-01 8.666175e-01
5.697700e-01 8.656289e-01
5.705400e-01 8.646473e-01
5.713100e-01 8.636730e-01
5.720800e-01 8.627060e-01
5.728500e-01 8.617468e-01
5.736200e-01 8.607939e-01
5.743900e-01 8.598504e-01
5.751600e-01 8.589154e-01
5.759300e-01 8.579890e-01
5.767000e-01 8.570718e-01
5.774700e-01 8.561640e-01
5.782400e-01 8.552660e-01
5.790100e-01 8.543783e-01
5.797800e-01 8.535015e-01
5.805500e-01 8.526360e-01
5.813200e-01 8.517826e-01
5.820900e-01 8.509419e-01
5.828600e-01 8.501148e-01
5.836300e-01 8.493021e-01
5.844000e-01 8.485048e-01
5.851700e-01 8.477242e-01
5.859400e-01 8.469616e-01
5.867100e-01 8.462186e-01
5.874800e-01 8.454971e-01
5.882500e-01 8.447991e-01
5.890200e-01 8.441272e-01
5.897900e-01 8.434845e-01
5.905600e-01 8.428746e-01
5.913300e-01 8.423021e-01
5.921000e-01 8.417676e-01
5.928700e-01 8.412869e-01
5.936400e-01 8.408654e-01
5.944100e-01 8.405151e-01
5.951800e-01 8.402528e-01
5.959500e-01 8.401019e-01
5.967200e-01 8.400914e-01
5.974900e-01 8.402831e-01
5.982600e-01 8.407657e-01
5.990300e-01 8.417097e-01
5.998000e-01 8.435280e-01
6.005700e-01 8.476230e-01
6.013400e-01 8.585277e-01
6.021100e-01 8.435821e-01
6.028800e-01 8.383657e-01
6.036500e-01 8.342655e-01
6.044200e-01 8.319165e-01
6.051900e-01 8.294501e-01
6.059600e-01 8.272443e-01
6.067300e-01 8.252235e-01
6.075000e-01 8.233336e-01
6.082700e-01 8.215486e-01
6.090400e-01 8.198470e-01
6.098100e-01 8.182137e-01
6.105800e-01 8.166373e-01
6.113500e-01 8.151130e-01
6.121200e-01 8.136256e-01
6.128900e-01 8.121746e-01
6.136600e-01 8.107557e-01
6.144300e-01 8.093653e-01
6.152000e-01 8.080005e-01
6.159700e-01 8.066588e-01
6.167400e-01 8.053381e-01
6.175100e-01 8.040366e-01
6.182800e-01 8.027528e-01
6.190500e-01 8.014852e-01
6.198200e-01 8.002328e-01
6.205900e-01 7.989945e-01
6.213600e-01 7.977693e-01
6.221300e-01 7.965565e-01
6.229000e-01 7.953554e-01
6.236700e-01 7.941652e-01
6.244400e-01 7.929854e-01
6.252100e-01 7.918156e-01
6.259800e-01 7.906551e-01
6.267500e-01 7.895036e-01
6.275200e-01 7.883606e-01
6.282900e-01 7.872259e-01
6.290600e-01 7.860990e-01
6.298300e-01 7.849797e-01
6.306000e-01 7.838677e-01
6.313700e-01 7.827639e-01
6.321400e-01 7.816655e-01
6.329100e-01 7.805737e-01
6.336800e-01 7.794883e-01
6.344500e-01 7.784090e-01
6.352200e-01 7.773356e-01
6.359900e-01 7.762681e-01
6.367600e-01 7.752062e-01
6.375300e-01 7.741498e-01
6.383000e-01 7.730987e-01
6.390700e-01 7.720528e-01
6.398400e-01 7.710121e-01
6.406100e-01 7.699762e-01
6.413800e-01 7.689452e-01
6.421500e-01 7.679186e-01
6.429200e-01 7.668970e-01
6.436900e-01 7.658799e-01
6.444600e-01 7.648673e-01
6.452300e-01 7.638590e-01
6.460000e-01 7.628551e-01
6.467700e-01 7.618553e-01
6.475400e-01 7.608596e-01
6.483100e-01 7.598680e-01
6.490800e-01 7.588803e-01
6.498500e-01 7.578966e-01
6.506200e-01 7.569168e-01
6.513900e-01 7.559407e-01
6.521600e-01 7.549683e-01
6.529300e-01 7.539997e-01
6.537000e-01 7.530346e-01
6.544700e-01 7.520731e-01
6.552400e-01 7.511131e-01
6.560100e-01 7.501588e-01
6.567800e-01 7.492079e-01
6.575500e-01 7.482603e-01
6.583200e-01 7.473161e-01
6.590900e-01 7.463752e-01
6.598600e-01 7.454375e-01
6.606300e-01 7.445030e-01
6.614000e-01 7.435717e-01
6.621700e-01 7.426435e-01
6.629400e-01 7.417185e-01
6.637100e-01 7.407965e-01
6.644800e-01 7.398775e-01
6.652500e-01 7.389616e-01
6.660200e-01 7.380486e-01
6.667900e-01 7.371386e-01
6.675600e-01 7.362314e-01
6.683300e-01 7.353272e-01
6.691000e-01 7.344258e-01
6.698700e-01 7.335272e-01
6.706400e-01 7.326315e-01
6.714100e-01 7.317385e-01
6.721800e-01 7.308483e-01
6.729500e-01 7.299608e-01
6.737200e-01 7.290760e-01
6.744900e-01 7.281939e-01
6.752600e-01 7.273144e-01
6.760300e-01 7.264376e-01
6.768000e-01 7.255634e-01
6.775700e-01 7.246917e-01
6.783400e-01 7.238227e-01
6.791100e-01 7.229562e-01
6.798800e-01 7.220922e-01
6.806500e-01 7.212308e-01
6.814200e-01 7.203718e-01
6.821900e-01 7.195153e-01
6.829600e-01 7.186613e-01
6.837300e-01 7.178097e-01
6.845000e-01 7.169605e-01
6.852700e-01 7.161137e-01
6.860400e-01 7.152693e-01
6.868100e-01 7.144273e-01
6.875800e-01 7.135877e-01
6.883500e-01 7.127503e-01
6.891200e-01 7.119153e-01
6.898900e-01 7.110826e-01
6.906600e-01 7.102522e-01
6.914300e-01 7.094240e-01
6.922000e-01 7.085981e-01
6.929700e-01 7.077745e-01
6.937400e-01 7.069531e-01
6.945100e-01 7.061339e-01
6.952800e-01 7.053169e-01
6.960500e-01 7.045029e-01
6.968200e-01 7.036903e-01
6.975900e-01 7.028798e-01
6.983600e-01 7.020714e-01
6.991300e-01 7.012652e-01
6.999000e-01 7.004611e-01
7.006700e-01 6.996591e-01
7.014400e-01 6.988593e-01
7.022100e-01 6.980615e-01
7.029800e-01 6.972658e-01
7.037500e-01 6.964722e-01
7.045200e-01 6.956806e-01
7.052900e-01 6.948910e-01
7.060600e-01 6.941035e-01
7.068300e-01 6.933180e-01
7.076000e-01 6.925346e-01
7.083700e-01 6.917531e-01
7.091400e-01 6.909736e-01
7.099100e-01 6.901961e-01
7.106800e-01 6.894206e-01
7.114500e-01 6.886470e-01
7.122200e-01 6.878753e-01
7.129900e-01 6.871056e-01
7.137600e-01 6.863378e-01
7.145300e-01 6.855720e-01
7.153000e-01 6.848080e-01
7.160700e-01 6.840460e-01
7.168400e-01 6.832858e-01
7.176100e-01 6.825275e-01
7.183800e-01 6.817711e-01
7.191500e-01 6.810165e-01
7.199200e-01 6.802638e-01
7.206900e-01 6.795129e-01
7.214600e-01 6.787639e-01
7.222300e-01 6.780166e-01
7.230000e-01 6.772712e-01
7.237700e-01 6.765277e-01
7.245400e-01 6.757859e-01
7.253100e-01 6.750458e-01
7.260800e-01 6.743076e-01
7.268500e-01 6.735712e-01
7.276200e-01 6.728365e-01
7.283900e-01 6.721036e-01
7.291600e-01 6.713724e-01
7.299300e-01 6.706429e-01
7.307000e-01 6.699152e-01
7.314700e-01 6.691892e-01
7.322400e-01 6.684650e-01
7.330100e-01 6.677424e-01
7.337800e-01 6.670216e-01
7.345500e-01 6.663024e-01
7.353200e-01 6.655850e-01
7.360900e-01 6.648692e-01
7.368600e-01 6.641551e-01
7.376300e-01 6.634426e-01
7.384000e-01 6.627318e-01
7.391700e-01 6.620227e-01
7.399400e-01 6.613152e-01
7.407100e-01 6.606093e-01
7.414800e-01 6.599051e-01
7.422500e-01 6.592025e-01
7.430200e-01 6.585015e-01
7.437900e-01 6.578021e-01
7.445600e-01 6.571044e-01
7.453300e-01 6.564082e-01
7.461000e-01 6.557136e-01
7.468700e-01 6.550206e-01
7.476400e-01 6.543292e-01
7.484100e-01 6.536393e-01
7.491800e-01 6.529511e-01
7.499500e-01 6.522643e-01
7.507200e-01 6.515792e-01
7.514900e-01 6.508955e-01
7.522600e-01 6.502134e-01
7.530300e-01 6.495329e-01
7.538000e-01 6.488538e-01
7.545700e-01 6.481763e-01
7.553400e-01 6.475003e-01
7.561100e-01 6.468259e-01
7.568800e-01 6.461529e-01
7.576500e-01 6.454814e-01
7.584200e-01 6.448114e-01
7.591900e-01 6.441429e-01
7.599600e-01 6.434759e-01
7.607300e-01 6.428103e-01
7.615000e-01 6.421463e-01
7.622700e-01 6.414836e-01
7.630400e-01 6.408225e-01
7.638100e-01 6.401628e-01
7.645800e-01 6.395045e-01
7.653500e-01 6.388477e-01
7.661200e-01 6.381923e-01
7.668900e-01 6.375384e-01
7.676600e-01 6.368858e-01
7.684300e-01 6.362347e-01
7.692000e-01 6.355850e-01
7.699700e-01 6.349368e-01
7.707400e-01 6.342899e-01
7.715100e-01 6.336444e-01
7.722800e-01 6.330003e-01
7.730500e-01 6.323576e-01
7.738200e-01 6.317163e-01
7.745900e-01 6.310764e-01
7.753600e-01 6.304378e-01
7.761300e-01 6.298006e-01
7.769000e-01 6.291648e-01
7.776700e-01 6.285303e-01
7.784400e-01 6.278972e-01
7.792100e-01 6.272654e-01
7.799800e-01 6.266350e-01
7.807500e-01 6.260059e-01
7.815200e-01 6.253782e-01
7.822900e-01 6.247518e-01
7.830600e-01 6.241267e-01
7.838300e-01 6.235029e-01
7.846000e-01 6.228804e-01
7.853700e-01 6.222593e-01
7.861400e-01 6.216395e-01
7.869100e-01 6.210209e-01
7.876800e-01 6.204037e-01
7.884500e-01 6.197877e-01
7.892200e-01 6.191731e-01
7.899900e-01 6.185597e-01
7.907600e-01 6.179476e-01
7.915300e-01 6.173368e-01
7.923000e-01 6.167273e-01
7.930700e-01 6.161190e-01
7.938400e-01 6.155120e-01
7.946100e-01 6.149062e-01
7.953800e-01 6.143017e-01
7.961500e-01 6.136984e-01
7.969200e-01 6.130964e-01
7.976900e-01 6.124957e-01
7.984600e-01 6.118961e-01
7.992300e-01 6.112978e-01
8.000000e-01 6.107007e-01
