2.079500e+01 2.023000e+01 2.080577e+01 2.071019e+01 2.079000e+01 2.023500e+01 2.080589e+01 2.071499e+01
2.079500e+01 2.023000e+01 2.080577e+01 2.071019e+01 2.080500e+01 2.023000e+01 2.080586e+01 2.071036e+01
2.080500e+01 2.023000e+01 2.080586e+01 2.071036e+01 2.081000e+01 2.023500e+01 2.080590e+01 2.071534e+01
2.071500e+01 2.024000e+01 2.080534e+01 2.071193e+01 2.071000e+01 2.024500e+01 2.080603e+01 2.071583e+01
2.071500e+01 2.024000e+01 2.080534e+01 2.071193e+01 2.072500e+01 2.024000e+01 2.080568e+01 2.071359e+01
2.072500e+01 2.024000e+01 2.080568e+01 2.071359e+01 2.073500e+01 2.024000e+01 2.080592e+01 2.071508e+01
2.073500e+01 2.024000e+01 2.080592e+01 2.071508e+01 2.074500e+01 2.024000e+01 2.080608e+01 2.071638e+01
2.074500e+01 2.024000e+01 2.080608e+01 2.071638e+01 2.075500e+01 2.024000e+01 2.080617e+01 2.071751e+01
2.075500e+01 2.024000e+01 2.080617e+01 2.071751e+01 2.076500e+01 2.024000e+01 2.080620e+01 2.071846e+01
2.076500e+01 2.024000e+01 2.080620e+01 2.071846e+01 2.077500e+01 2.024000e+01 2.080618e+01 2.071921e+01
2.077500e+01 2.024000e+01 2.080618e+01 2.071921e+01 2.078500e+01 2.024000e+01 2.080612e+01 2.071978e+01
2.079000e+01 2.023500e+01 2.080589e+01 2.071499e+01 2.078500e+01 2.024000e+01 2.080612e+01 2.071978e+01
2.081000e+01 2.023500e+01 2.080590e+01 2.071534e+01 2.081500e+01 2.024000e+01 2.080585e+01 2.072031e+01
2.081500e+01 2.024000e+01 2.080585e+01 2.072031e+01 2.082500e+01 2.024000e+01 2.080576e+01 2.072010e+01
2.082500e+01 2.024000e+01 2.080576e+01 2.072010e+01 2.083500e+01 2.024000e+01 2.080570e+01 2.071970e+01
2.083500e+01 2.024000e+01 2.080570e+01 2.071970e+01 2.084500e+01 2.024000e+01 2.080567e+01 2.071911e+01
2.084500e+01 2.024000e+01 2.080567e+01 2.071911e+01 2.085500e+01 2.024000e+01 2.080570e+01 2.071833e+01
2.085500e+01 2.024000e+01 2.080570e+01 2.071833e+01 2.086500e+01 2.024000e+01 2.080578e+01 2.071736e+01
2.086500e+01 2.024000e+01 2.080578e+01 2.071736e+01 2.087500e+01 2.024000e+01 2.080593e+01 2.071621e+01
2.087500e+01 2.024000e+01 2.080593e+01 2.071621e+01 2.088500e+01 2.024000e+01 2.080616e+01 2.071488e+01
2.088500e+01 2.024000e+01 2.080616e+01 2.071488e+01 2.089000e+01 2.024500e+01 2.080558e+01 2.071899e+01
2.067500e+01 2.025000e+01 2.080527e+01 2.071305e+01 2.067000e+01 2.025500e+01 2.080612e+01 2.071643e+01
2.067500e+01 2.025000e+01 2.080527e+01 2.071305e+01 2.068500e+01 2.025000e+01 2.080592e+01 2.071541e+01
2.068500e+01 2.025000e+01 2.080592e+01 2.071541e+01 2.069500e+01 2.025000e+01 2.080644e+01 2.071763e+01
2.069500e+01 2.025000e+01 2.080644e+01 2.071763e+01 2.070500e+01 2.025000e+01 2.080684e+01 2.071968e+01
2.071000e+01 2.024500e+01 2.080603e+01 2.071583e+01 2.070500e+01 2.025000e+01 2.080684e+01 2.071968e+01
2.089000e+01 2.024500e+01 2.080558e+01 2.071899e+01 2.089500e+01 2.025000e+01 2.080487e+01 2.072307e+01
2.089500e+01 2.025000e+01 2.080487e+01 2.072307e+01 2.090500e+01 2.025000e+01 2.080513e+01 2.072134e+01
2.090500e+01 2.025000e+01 2.080513e+01 2.072134e+01 2.091500e+01 2.025000e+01 2.080551e+01 2.071944e+01
2.091500e+01 2.025000e+01 2.080551e+01 2.071944e+01 2.092500e+01 2.025000e+01 2.080601e+01 2.071738e+01
2.092500e+01 2.025000e+01 2.080601e+01 2.071738e+01 2.093000e+01 2.025500e+01 2.080523e+01 2.072099e+01
2.065500e+01 2.026000e+01 2.080627e+01 2.071701e+01 2.065000e+01 2.026500e+01 2.080722e+01 2.072010e+01
2.065500e+01 2.026000e+01 2.080627e+01 2.071701e+01 2.066500e+01 2.026000e+01 2.080709e+01 2.071975e+01
2.067000e+01 2.025500e+01 2.080612e+01 2.071643e+01 2.066500e+01 2.026000e+01 2.080709e+01 2.071975e+01
2.093000e+01 2.025500e+01 2.080523e+01 2.072099e+01 2.093500e+01 2.026000e+01 2.080432e+01 2.072454e+01
2.093500e+01 2.026000e+01 2.080432e+01 2.072454e+01 2.094500e+01 2.026000e+01 2.080496e+01 2.072210e+01
2.094500e+01 2.026000e+01 2.080496e+01 2.072210e+01 2.095000e+01 2.026500e+01 2.080406e+01 2.072542e+01
2.062500e+01 2.027000e+01 2.080602e+01 2.071681e+01 2.062000e+01 2.027500e+01 2.080698e+01 2.071949e+01
2.062500e+01 2.027000e+01 2.080602e+01 2.071681e+01 2.063500e+01 2.027000e+01 2.080724e+01 2.072002e+01
2.063500e+01 2.027000e+01 2.080724e+01 2.072002e+01 2.064500e+01 2.027000e+01 2.080827e+01 2.072311e+01
2.065000e+01 2.026500e+01 2.080722e+01 2.072010e+01 2.064500e+01 2.027000e+01 2.080827e+01 2.072311e+01
2.095000e+01 2.026500e+01 2.080406e+01 2.072542e+01 2.095500e+01 2.027000e+01 2.080304e+01 2.072867e+01
2.095500e+01 2.027000e+01 2.080304e+01 2.072867e+01 2.096500e+01 2.027000e+01 2.080386e+01 2.072585e+01
2.096500e+01 2.027000e+01 2.080386e+01 2.072585e+01 2.097500e+01 2.027000e+01 2.080487e+01 2.072290e+01
2.097500e+01 2.027000e+01 2.080487e+01 2.072290e+01 2.098000e+01 2.027500e+01 2.080392e+01 2.072581e+01
2.060500e+01 2.028000e+01 2.080654e+01 2.071856e+01 2.060000e+01 2.028500e+01 2.080749e+01 2.072095e+01
2.060500e+01 2.028000e+01 2.080654e+01 2.071856e+01 2.061500e+01 2.028000e+01 2.080804e+01 2.072208e+01
2.062000e+01 2.027500e+01 2.080698e+01 2.071949e+01 2.061500e+01 2.028000e+01 2.080804e+01 2.072208e+01
2.098000e+01 2.027500e+01 2.080392e+01 2.072581e+01 2.098500e+01 2.028000e+01 2.080287e+01 2.072864e+01
2.098500e+01 2.028000e+01 2.080287e+01 2.072864e+01 2.099500e+01 2.028000e+01 2.080414e+01 2.072535e+01
2.099500e+01 2.028000e+01 2.080414e+01 2.072535e+01 2.100000e+01 2.028500e+01 2.080317e+01 2.072797e+01
2.059500e+01 2.029000e+01 2.080854e+01 2.072323e+01 2.059000e+01 2.029500e+01 2.080953e+01 2.072542e+01
2.060000e+01 2.028500e+01 2.080749e+01 2.072095e+01 2.059500e+01 2.029000e+01 2.080854e+01 2.072323e+01
2.100000e+01 2.028500e+01 2.080317e+01 2.072797e+01 2.100500e+01 2.029000e+01 2.080211e+01 2.073049e+01
2.100500e+01 2.029000e+01 2.080211e+01 2.073049e+01 2.101000e+01 2.029500e+01 2.080110e+01 2.073290e+01
2.057500e+01 2.030000e+01 2.080863e+01 2.072352e+01 2.057000e+01 2.030500e+01 2.080955e+01 2.072542e+01
2.057500e+01 2.030000e+01 2.080863e+01 2.072352e+01 2.058500e+01 2.030000e+01 2.081061e+01 2.072751e+01
2.059000e+01 2.029500e+01 2.080953e+01 2.072542e+01 2.058500e+01 2.030000e+01 2.081061e+01 2.072751e+01
2.101000e+01 2.029500e+01 2.080110e+01 2.073290e+01 2.101500e+01 2.030000e+01 2.079999e+01 2.073522e+01
2.101500e+01 2.030000e+01 2.079999e+01 2.073522e+01 2.102500e+01 2.030000e+01 2.080170e+01 2.073142e+01
2.102500e+01 2.030000e+01 2.080170e+01 2.073142e+01 2.103000e+01 2.030500e+01 2.080073e+01 2.073354e+01
2.056500e+01 2.031000e+01 2.081055e+01 2.072721e+01 2.056000e+01 2.031500e+01 2.081146e+01 2.072891e+01
2.057000e+01 2.030500e+01 2.080955e+01 2.072542e+01 2.056500e+01 2.031000e+01 2.081055e+01 2.072721e+01
2.103000e+01 2.030500e+01 2.080073e+01 2.073354e+01 2.103500e+01 2.031000e+01 2.079967e+01 2.073555e+01
2.103500e+01 2.031000e+01 2.079967e+01 2.073555e+01 2.104500e+01 2.031000e+01 2.080177e+01 2.073150e+01
2.104500e+01 2.031000e+01 2.080177e+01 2.073150e+01 2.105000e+01 2.031500e+01 2.080089e+01 2.073334e+01
2.054500e+01 2.032000e+01 2.080987e+01 2.072614e+01 2.054000e+01 2.032500e+01 2.081066e+01 2.072758e+01
2.054500e+01 2.032000e+01 2.080987e+01 2.072614e+01 2.055500e+01 2.032000e+01 2.081246e+01 2.073050e+01
2.056000e+01 2.031500e+01 2.081146e+01 2.072891e+01 2.055500e+01 2.032000e+01 2.081246e+01 2.073050e+01
2.105000e+01 2.031500e+01 2.080089e+01 2.073334e+01 2.105500e+01 2.032000e+01 2.079992e+01 2.073506e+01
2.105500e+01 2.032000e+01 2.079992e+01 2.073506e+01 2.106000e+01 2.032500e+01 2.079905e+01 2.073670e+01
2.053500e+01 2.033000e+01 2.081151e+01 2.072889e+01 2.053000e+01 2.033500e+01 2.081225e+01 2.073015e+01
2.054000e+01 2.032500e+01 2.081066e+01 2.072758e+01 2.053500e+01 2.033000e+01 2.081151e+01 2.072889e+01
2.106000e+01 2.032500e+01 2.079905e+01 2.073670e+01 2.106500e+01 2.033000e+01 2.079811e+01 2.073821e+01
2.106500e+01 2.033000e+01 2.079811e+01 2.073821e+01 2.107000e+01 2.033500e+01 2.079727e+01 2.073966e+01
2.052500e+01 2.034000e+01 2.081305e+01 2.073127e+01 2.052000e+01 2.034500e+01 2.081373e+01 2.073234e+01
2.053000e+01 2.033500e+01 2.081225e+01 2.073015e+01 2.052500e+01 2.034000e+01 2.081305e+01 2.073127e+01
2.107000e+01 2.033500e+01 2.079727e+01 2.073966e+01 2.107500e+01 2.034000e+01 2.079637e+01 2.074097e+01
2.107500e+01 2.034000e+01 2.079637e+01 2.074097e+01 2.108000e+01 2.034500e+01 2.079558e+01 2.074222e+01
2.051500e+01 2.035000e+01 2.081446e+01 2.073328e+01 2.051000e+01 2.035500e+01 2.081506e+01 2.073417e+01
2.052000e+01 2.034500e+01 2.081373e+01 2.073234e+01 2.051500e+01 2.035000e+01 2.081446e+01 2.073328e+01
2.108000e+01 2.034500e+01 2.079558e+01 2.074222e+01 2.108500e+01 2.035000e+01 2.079473e+01 2.074334e+01
2.108500e+01 2.035000e+01 2.079473e+01 2.074334e+01 2.109500e+01 2.035000e+01 2.079793e+01 2.073869e+01
2.109500e+01 2.035000e+01 2.079793e+01 2.073869e+01 2.110000e+01 2.035500e+01 2.079733e+01 2.073971e+01
2.050500e+01 2.036000e+01 2.081571e+01 2.073493e+01 2.050000e+01 2.036500e+01 2.081622e+01 2.073565e+01
2.051000e+01 2.035500e+01 2.081506e+01 2.073417e+01 2.050500e+01 2.036000e+01 2.081571e+01 2.073493e+01
2.110000e+01 2.035500e+01 2.079733e+01 2.073971e+01 2.110500e+01 2.036000e+01 2.079669e+01 2.074059e+01
2.110500e+01 2.036000e+01 2.079669e+01 2.074059e+01 2.111000e+01 2.036500e+01 2.079618e+01 2.074142e+01
2.049500e+01 2.037000e+01 2.081676e+01 2.073624e+01 2.049000e+01 2.037500e+01 2.081717e+01 2.073680e+01
2.050000e+01 2.036500e+01 2.081622e+01 2.073565e+01 2.049500e+01 2.037000e+01 2.081676e+01 2.073624e+01
2.111000e+01 2.036500e+01 2.079618e+01 2.074142e+01 2.111500e+01 2.037000e+01 2.079563e+01 2.074213e+01
2.111500e+01 2.037000e+01 2.079563e+01 2.074213e+01 2.112000e+01 2.037500e+01 2.079521e+01 2.074280e+01
2.048500e+01 2.038000e+01 2.081759e+01 2.073722e+01 2.048000e+01 2.038500e+01 2.081788e+01 2.073762e+01
2.049000e+01 2.037500e+01 2.081717e+01 2.073680e+01 2.048500e+01 2.038000e+01 2.081759e+01 2.073722e+01
2.112000e+01 2.037500e+01 2.079521e+01 2.074280e+01 2.112000e+01 2.038500e+01 2.079032e+01 2.074876e+01
2.047500e+01 2.039000e+01 2.081817e+01 2.073789e+01 2.047000e+01 2.039500e+01 2.081832e+01 2.073815e+01
2.048000e+01 2.038500e+01 2.081788e+01 2.073762e+01 2.047500e+01 2.039000e+01 2.081817e+01 2.073789e+01
2.112000e+01 2.038500e+01 2.079032e+01 2.074876e+01 2.112500e+01 2.039000e+01 2.078986e+01 2.074915e+01
2.112500e+01 2.039000e+01 2.078986e+01 2.074915e+01 2.113000e+01 2.039500e+01 2.078954e+01 2.074953e+01
2.046500e+01 2.040000e+01 2.081847e+01 2.073828e+01 2.046000e+01 2.040500e+01 2.081848e+01 2.073840e+01
2.047000e+01 2.039500e+01 2.081832e+01 2.073815e+01 2.046500e+01 2.040000e+01 2.081847e+01 2.073828e+01
2.113000e+01 2.039500e+01 2.078954e+01 2.074953e+01 2.113500e+01 2.040000e+01 2.078921e+01 2.074976e+01
2.113500e+01 2.040000e+01 2.078921e+01 2.074976e+01 2.114000e+01 2.040500e+01 2.078904e+01 2.074999e+01
2.046000e+01 2.040500e+01 2.081848e+01 2.073840e+01 2.046000e+01 2.041500e+01 2.082346e+01 2.074338e+01
2.114000e+01 2.040500e+01 2.078904e+01 2.074999e+01 2.114500e+01 2.041000e+01 2.078886e+01 2.075007e+01
2.114500e+01 2.041000e+01 2.078886e+01 2.075007e+01 2.115000e+01 2.041500e+01 2.078883e+01 2.075016e+01
2.045500e+01 2.042000e+01 2.082345e+01 2.074324e+01 2.045000e+01 2.042500e+01 2.082328e+01 2.074312e+01
2.046000e+01 2.041500e+01 2.082346e+01 2.074338e+01 2.045500e+01 2.042000e+01 2.082345e+01 2.074324e+01
2.115000e+01 2.041500e+01 2.078883e+01 2.075016e+01 2.115500e+01 2.042000e+01 2.078881e+01 2.075012e+01
2.115500e+01 2.042000e+01 2.078881e+01 2.075012e+01 2.116000e+01 2.042500e+01 2.078895e+01 2.075008e+01
2.044500e+01 2.043000e+01 2.082308e+01 2.074287e+01 2.044000e+01 2.043500e+01 2.082273e+01 2.074264e+01
2.045000e+01 2.042500e+01 2.082328e+01 2.074312e+01 2.044500e+01 2.043000e+01 2.082308e+01 2.074287e+01
2.116000e+01 2.042500e+01 2.078895e+01 2.075008e+01 2.116500e+01 2.043000e+01 2.078910e+01 2.074991e+01
2.116500e+01 2.043000e+01 2.078910e+01 2.074991e+01 2.117000e+01 2.043500e+01 2.078941e+01 2.074977e+01
2.044000e+01 2.043500e+01 2.082273e+01 2.074264e+01 2.044000e+01 2.044500e+01 2.082768e+01 2.074689e+01
2.117000e+01 2.043500e+01 2.078941e+01 2.074977e+01 2.117000e+01 2.044500e+01 2.078447e+01 2.075416e+01
2.043500e+01 2.045000e+01 2.082726e+01 2.074641e+01 2.043000e+01 2.045500e+01 2.082668e+01 2.074598e+01
2.044000e+01 2.044500e+01 2.082768e+01 2.074689e+01 2.043500e+01 2.045000e+01 2.082726e+01 2.074641e+01
2.117000e+01 2.044500e+01 2.078447e+01 2.075416e+01 2.117500e+01 2.045000e+01 2.078484e+01 2.075376e+01
2.117500e+01 2.045000e+01 2.078484e+01 2.075376e+01 2.118000e+01 2.045500e+01 2.078537e+01 2.075339e+01
2.042500e+01 2.046000e+01 2.082606e+01 2.074543e+01 2.042000e+01 2.046500e+01 2.082528e+01 2.074493e+01
2.043000e+01 2.045500e+01 2.082668e+01 2.074598e+01 2.042500e+01 2.046000e+01 2.082606e+01 2.074543e+01
2.118000e+01 2.045500e+01 2.078537e+01 2.075339e+01 2.118000e+01 2.046500e+01 2.078048e+01 2.075730e+01
2.042000e+01 2.046500e+01 2.082528e+01 2.074493e+01 2.042000e+01 2.047500e+01 2.083005e+01 2.074847e+01
2.118000e+01 2.046500e+01 2.078048e+01 2.075730e+01 2.118500e+01 2.047000e+01 2.078110e+01 2.075669e+01
2.118500e+01 2.047000e+01 2.078110e+01 2.075669e+01 2.119000e+01 2.047500e+01 2.078188e+01 2.075613e+01
2.041500e+01 2.048000e+01 2.082916e+01 2.074775e+01 2.041000e+01 2.048500e+01 2.082811e+01 2.074710e+01
2.042000e+01 2.047500e+01 2.083005e+01 2.074847e+01 2.041500e+01 2.048000e+01 2.082916e+01 2.074775e+01
2.119000e+01 2.047500e+01 2.078188e+01 2.075613e+01 2.119500e+01 2.048000e+01 2.078272e+01 2.075546e+01
2.119500e+01 2.048000e+01 2.078272e+01 2.075546e+01 2.120000e+01 2.048500e+01 2.078371e+01 2.075485e+01
2.041000e+01 2.048500e+01 2.082811e+01 2.074710e+01 2.041000e+01 2.049500e+01 2.083273e+01 2.075020e+01
2.120000e+01 2.048500e+01 2.078371e+01 2.075485e+01 2.120000e+01 2.049500e+01 2.077906e+01 2.075807e+01
2.040500e+01 2.050000e+01 2.083153e+01 2.074934e+01 2.040000e+01 2.050500e+01 2.083019e+01 2.074857e+01
2.041000e+01 2.049500e+01 2.083273e+01 2.075020e+01 2.040500e+01 2.050000e+01 2.083153e+01 2.074934e+01
2.120000e+01 2.049500e+01 2.077906e+01 2.075807e+01 2.120500e+01 2.050000e+01 2.078020e+01 2.075724e+01
2.120500e+01 2.050000e+01 2.078020e+01 2.075724e+01 2.121000e+01 2.050500e+01 2.078148e+01 2.075650e+01
2.040000e+01 2.050500e+01 2.083019e+01 2.074857e+01 2.040000e+01 2.051500e+01 2.083462e+01 2.075126e+01
2.121000e+01 2.050500e+01 2.078148e+01 2.075650e+01 2.121000e+01 2.051500e+01 2.077701e+01 2.075928e+01
2.039500e+01 2.052000e+01 2.083310e+01 2.075031e+01 2.039000e+01 2.052500e+01 2.083144e+01 2.074945e+01
2.040000e+01 2.051500e+01 2.083462e+01 2.075126e+01 2.039500e+01 2.052000e+01 2.083310e+01 2.075031e+01
2.121000e+01 2.051500e+01 2.077701e+01 2.075928e+01 2.121500e+01 2.052000e+01 2.077846e+01 2.075835e+01
2.121500e+01 2.052000e+01 2.077846e+01 2.075835e+01 2.122000e+01 2.052500e+01 2.078006e+01 2.075750e+01
2.039000e+01 2.052500e+01 2.083144e+01 2.074945e+01 2.039000e+01 2.053500e+01 2.083563e+01 2.075176e+01
2.122000e+01 2.052500e+01 2.078006e+01 2.075750e+01 2.122000e+01 2.053500e+01 2.077582e+01 2.075988e+01
2.039000e+01 2.053500e+01 2.083563e+01 2.075176e+01 2.039000e+01 2.054500e+01 2.083974e+01 2.075386e+01
2.122000e+01 2.053500e+01 2.077582e+01 2.075988e+01 2.122500e+01 2.054000e+01 2.077761e+01 2.075888e+01
2.122500e+01 2.054000e+01 2.077761e+01 2.075888e+01 2.123000e+01 2.054500e+01 2.077953e+01 2.075798e+01
2.038500e+01 2.055000e+01 2.083777e+01 2.075278e+01 2.038000e+01 2.055500e+01 2.083568e+01 2.075182e+01
2.039000e+01 2.054500e+01 2.083974e+01 2.075386e+01 2.038500e+01 2.055000e+01 2.083777e+01 2.075278e+01
2.123000e+01 2.054500e+01 2.077953e+01 2.075798e+01 2.123000e+01 2.055500e+01 2.077558e+01 2.075999e+01
2.038000e+01 2.055500e+01 2.083568e+01 2.075182e+01 2.038000e+01 2.056500e+01 2.083948e+01 2.075358e+01
2.123000e+01 2.055500e+01 2.077558e+01 2.075999e+01 2.123000e+01 2.056500e+01 2.077171e+01 2.076180e+01
2.038000e+01 2.056500e+01 2.083948e+01 2.075358e+01 2.038000e+01 2.057500e+01 2.084319e+01 2.075515e+01
2.123000e+01 2.056500e+01 2.077171e+01 2.076180e+01 2.123500e+01 2.057000e+01 2.077396e+01 2.076071e+01
2.123500e+01 2.057000e+01 2.077396e+01 2.076071e+01 2.124000e+01 2.057500e+01 2.077634e+01 2.075974e+01
2.037500e+01 2.058000e+01 2.084074e+01 2.075404e+01 2.037000e+01 2.058500e+01 2.083819e+01 2.075305e+01
2.038000e+01 2.057500e+01 2.084319e+01 2.075515e+01 2.037500e+01 2.058000e+01 2.084074e+01 2.075404e+01
2.124000e+01 2.057500e+01 2.077634e+01 2.075974e+01 2.124000e+01 2.058500e+01 2.077281e+01 2.076124e+01
2.037000e+01 2.058500e+01 2.083819e+01 2.075305e+01 2.037000e+01 2.059500e+01 2.084152e+01 2.075435e+01
2.124000e+01 2.058500e+01 2.077281e+01 2.076124e+01 2.124000e+01 2.059500e+01 2.076940e+01 2.076254e+01
2.037000e+01 2.059500e+01 2.084152e+01 2.075435e+01 2.037000e+01 2.060500e+01 2.084473e+01 2.075547e+01
2.124000e+01 2.059500e+01 2.076940e+01 2.076254e+01 2.124500e+01 2.060000e+01 2.077214e+01 2.076145e+01
2.124500e+01 2.060000e+01 2.077214e+01 2.076145e+01 2.125000e+01 2.060500e+01 2.077499e+01 2.076050e+01
2.036500e+01 2.061000e+01 2.084179e+01 2.075441e+01 2.036000e+01 2.061500e+01 2.083877e+01 2.075348e+01
2.037000e+01 2.060500e+01 2.084473e+01 2.075547e+01 2.036500e+01 2.061000e+01 2.084179e+01 2.075441e+01
2.125000e+01 2.060500e+01 2.077499e+01 2.076050e+01 2.125000e+01 2.061500e+01 2.077197e+01 2.076157e+01
2.036000e+01 2.061500e+01 2.083877e+01 2.075348e+01 2.036000e+01 2.062500e+01 2.084156e+01 2.075442e+01
2.125000e+01 2.061500e+01 2.077197e+01 2.076157e+01 2.125000e+01 2.062500e+01 2.076910e+01 2.076246e+01
2.036000e+01 2.062500e+01 2.084156e+01 2.075442e+01 2.036000e+01 2.063500e+01 2.084421e+01 2.075520e+01
2.125000e+01 2.062500e+01 2.076910e+01 2.076246e+01 2.125000e+01 2.063500e+01 2.076639e+01 2.076319e+01
2.036000e+01 2.063500e+01 2.084421e+01 2.075520e+01 2.036000e+01 2.064500e+01 2.084668e+01 2.075583e+01
2.125000e+01 2.063500e+01 2.076639e+01 2.076319e+01 2.125500e+01 2.064000e+01 2.076976e+01 2.076221e+01
2.125500e+01 2.064000e+01 2.076976e+01 2.076221e+01 2.126000e+01 2.064500e+01 2.077321e+01 2.076136e+01
2.036000e+01 2.064500e+01 2.084668e+01 2.075583e+01 2.036000e+01 2.065500e+01 2.084898e+01 2.075633e+01
2.126000e+01 2.064500e+01 2.077321e+01 2.076136e+01 2.126000e+01 2.065500e+01 2.077093e+01 2.076197e+01
2.035500e+01 2.066000e+01 2.084528e+01 2.075546e+01 2.035000e+01 2.066500e+01 2.084153e+01 2.075473e+01
2.036000e+01 2.065500e+01 2.084898e+01 2.075633e+01 2.035500e+01 2.066000e+01 2.084528e+01 2.075546e+01
2.126000e+01 2.065500e+01 2.077093e+01 2.076197e+01 2.126000e+01 2.066500e+01 2.076884e+01 2.076244e+01
2.035000e+01 2.066500e+01 2.084153e+01 2.075473e+01 2.035000e+01 2.067500e+01 2.084338e+01 2.075517e+01
2.126000e+01 2.066500e+01 2.076884e+01 2.076244e+01 2.126000e+01 2.067500e+01 2.076693e+01 2.076279e+01
2.035000e+01 2.067500e+01 2.084338e+01 2.075517e+01 2.035000e+01 2.068500e+01 2.084504e+01 2.075552e+01
2.126000e+01 2.067500e+01 2.076693e+01 2.076279e+01 2.126000e+01 2.068500e+01 2.076522e+01 2.076303e+01
2.035000e+01 2.068500e+01 2.084504e+01 2.075552e+01 2.035000e+01 2.069500e+01 2.084650e+01 2.075579e+01
2.126000e+01 2.068500e+01 2.076522e+01 2.076303e+01 2.126000e+01 2.069500e+01 2.076370e+01 2.076317e+01
2.035000e+01 2.069500e+01 2.084650e+01 2.075579e+01 2.035000e+01 2.070500e+01 2.084776e+01 2.075597e+01
2.126000e+01 2.069500e+01 2.076370e+01 2.076317e+01 2.126500e+01 2.070000e+01 2.076795e+01 2.076255e+01
2.126500e+01 2.070000e+01 2.076795e+01 2.076255e+01 2.127000e+01 2.070500e+01 2.077224e+01 2.076205e+01
2.035000e+01 2.070500e+01 2.084776e+01 2.075597e+01 2.035000e+01 2.071500e+01 2.084881e+01 2.075609e+01
2.127000e+01 2.070500e+01 2.077224e+01 2.076205e+01 2.127000e+01 2.071500e+01 2.077119e+01 2.076223e+01
2.035000e+01 2.071500e+01 2.084881e+01 2.075609e+01 2.035000e+01 2.072500e+01 2.084966e+01 2.075615e+01
2.127000e+01 2.071500e+01 2.077119e+01 2.076223e+01 2.127000e+01 2.072500e+01 2.077034e+01 2.076236e+01
2.035000e+01 2.072500e+01 2.084966e+01 2.075615e+01 2.035000e+01 2.073500e+01 2.085029e+01 2.075618e+01
2.127000e+01 2.072500e+01 2.077034e+01 2.076236e+01 2.127000e+01 2.073500e+01 2.076971e+01 2.076244e+01
2.035000e+01 2.073500e+01 2.085029e+01 2.075618e+01 2.035000e+01 2.074500e+01 2.085071e+01 2.075618e+01
2.127000e+01 2.073500e+01 2.076971e+01 2.076244e+01 2.127000e+01 2.074500e+01 2.076929e+01 2.076248e+01
2.035000e+01 2.074500e+01 2.085071e+01 2.075618e+01 2.035000e+01 2.075500e+01 2.085091e+01 2.075616e+01
2.127000e+01 2.074500e+01 2.076929e+01 2.076248e+01 2.127000e+01 2.075500e+01 2.076909e+01 2.076250e+01
2.035000e+01 2.075500e+01 2.085091e+01 2.075616e+01 2.035000e+01 2.076500e+01 2.085089e+01 2.075614e+01
2.127000e+01 2.075500e+01 2.076909e+01 2.076250e+01 2.127000e+01 2.076500e+01 2.076910e+01 2.076251e+01
2.035000e+01 2.076500e+01 2.085089e+01 2.075614e+01 2.035000e+01 2.077500e+01 2.085066e+01 2.075614e+01
2.127000e+01 2.076500e+01 2.076910e+01 2.076251e+01 2.127000e+01 2.077500e+01 2.076933e+01 2.076252e+01
2.035000e+01 2.077500e+01 2.085066e+01 2.075614e+01 2.035000e+01 2.078500e+01 2.085021e+01 2.075615e+01
2.127000e+01 2.077500e+01 2.076933e+01 2.076252e+01 2.127000e+01 2.078500e+01 2.076977e+01 2.076255e+01
2.035000e+01 2.078500e+01 2.085021e+01 2.075615e+01 2.035000e+01 2.079500e+01 2.084954e+01 2.075621e+01
2.127000e+01 2.078500e+01 2.076977e+01 2.076255e+01 2.127000e+01 2.079500e+01 2.077043e+01 2.076261e+01
2.035000e+01 2.079500e+01 2.084954e+01 2.075621e+01 2.035000e+01 2.080500e+01 2.084867e+01 2.075631e+01
2.127000e+01 2.079500e+01 2.077043e+01 2.076261e+01 2.127000e+01 2.080500e+01 2.077130e+01 2.076271e+01
2.035000e+01 2.080500e+01 2.084867e+01 2.075631e+01 2.035000e+01 2.081500e+01 2.084759e+01 2.075648e+01
2.127000e+01 2.080500e+01 2.077130e+01 2.076271e+01 2.127000e+01 2.081500e+01 2.077238e+01 2.076287e+01
2.035000e+01 2.081500e+01 2.084759e+01 2.075648e+01 2.035000e+01 2.082500e+01 2.084630e+01 2.075672e+01
2.127000e+01 2.081500e+01 2.077238e+01 2.076287e+01 2.127000e+01 2.082500e+01 2.077366e+01 2.076309e+01
2.035000e+01 2.082500e+01 2.084630e+01 2.075672e+01 2.035500e+01 2.083000e+01 2.085043e+01 2.075614e+01
2.035500e+01 2.083000e+01 2.085043e+01 2.075614e+01 2.036000e+01 2.083500e+01 2.085453e+01 2.075543e+01
2.127000e+01 2.082500e+01 2.077366e+01 2.076309e+01 2.127000e+01 2.083500e+01 2.077514e+01 2.076339e+01
2.036000e+01 2.083500e+01 2.085453e+01 2.075543e+01 2.036000e+01 2.084500e+01 2.085278e+01 2.075566e+01
2.126500e+01 2.084000e+01 2.077113e+01 2.076274e+01 2.126000e+01 2.084500e+01 2.076717e+01 2.076197e+01
2.127000e+01 2.083500e+01 2.077514e+01 2.076339e+01 2.126500e+01 2.084000e+01 2.077113e+01 2.076274e+01
2.036000e+01 2.084500e+01 2.085278e+01 2.075566e+01 2.036000e+01 2.085500e+01 2.085083e+01 2.075600e+01
2.126000e+01 2.084500e+01 2.076717e+01 2.076197e+01 2.126000e+01 2.085500e+01 2.076911e+01 2.076227e+01
2.036000e+01 2.085500e+01 2.085083e+01 2.075600e+01 2.036000e+01 2.086500e+01 2.084870e+01 2.075647e+01
2.126000e+01 2.085500e+01 2.076911e+01 2.076227e+01 2.126000e+01 2.086500e+01 2.077125e+01 2.076268e+01
2.036000e+01 2.086500e+01 2.084870e+01 2.075647e+01 2.036000e+01 2.087500e+01 2.084639e+01 2.075707e+01
2.126000e+01 2.086500e+01 2.077125e+01 2.076268e+01 2.126000e+01 2.087500e+01 2.077356e+01 2.076322e+01
2.036000e+01 2.087500e+01 2.084639e+01 2.075707e+01 2.036000e+01 2.088500e+01 2.084391e+01 2.075781e+01
2.126000e+01 2.087500e+01 2.077356e+01 2.076322e+01 2.126000e+01 2.088500e+01 2.077604e+01 2.076390e+01
2.036000e+01 2.088500e+01 2.084391e+01 2.075781e+01 2.036500e+01 2.089000e+01 2.084720e+01 2.075694e+01
2.036500e+01 2.089000e+01 2.084720e+01 2.075694e+01 2.037000e+01 2.089500e+01 2.085041e+01 2.075593e+01
2.126000e+01 2.088500e+01 2.077604e+01 2.076390e+01 2.126000e+01 2.089500e+01 2.077869e+01 2.076472e+01
2.037000e+01 2.089500e+01 2.085041e+01 2.075593e+01 2.037000e+01 2.090500e+01 2.084750e+01 2.075683e+01
2.125500e+01 2.090000e+01 2.077554e+01 2.076381e+01 2.125000e+01 2.090500e+01 2.077247e+01 2.076276e+01
2.126000e+01 2.089500e+01 2.077869e+01 2.076472e+01 2.125500e+01 2.090000e+01 2.077554e+01 2.076381e+01
2.037000e+01 2.090500e+01 2.084750e+01 2.075683e+01 2.037000e+01 2.091500e+01 2.084445e+01 2.075790e+01
2.125000e+01 2.090500e+01 2.077247e+01 2.076276e+01 2.125000e+01 2.091500e+01 2.077554e+01 2.076375e+01
2.037000e+01 2.091500e+01 2.084445e+01 2.075790e+01 2.037500e+01 2.092000e+01 2.084726e+01 2.075693e+01
2.037500e+01 2.092000e+01 2.084726e+01 2.075693e+01 2.038000e+01 2.092500e+01 2.084998e+01 2.075583e+01
2.125000e+01 2.091500e+01 2.077554e+01 2.076375e+01 2.125000e+01 2.092500e+01 2.077875e+01 2.076491e+01
2.038000e+01 2.092500e+01 2.084998e+01 2.075583e+01 2.038000e+01 2.093500e+01 2.084653e+01 2.075714e+01
2.125000e+01 2.092500e+01 2.077875e+01 2.076491e+01 2.125000e+01 2.093500e+01 2.078209e+01 2.076625e+01
2.038000e+01 2.093500e+01 2.084653e+01 2.075714e+01 2.038000e+01 2.094500e+01 2.084297e+01 2.075865e+01
2.124500e+01 2.094000e+01 2.077954e+01 2.076528e+01 2.124000e+01 2.094500e+01 2.077709e+01 2.076419e+01
2.125000e+01 2.093500e+01 2.078209e+01 2.076625e+01 2.124500e+01 2.094000e+01 2.077954e+01 2.076528e+01
2.038000e+01 2.094500e+01 2.084297e+01 2.075865e+01 2.038500e+01 2.095000e+01 2.084531e+01 2.075767e+01
2.038500e+01 2.095000e+01 2.084531e+01 2.075767e+01 2.039000e+01 2.095500e+01 2.084754e+01 2.075658e+01
2.124000e+01 2.094500e+01 2.077709e+01 2.076419e+01 2.124000e+01 2.095500e+01 2.078079e+01 2.076580e+01
2.039000e+01 2.095500e+01 2.084754e+01 2.075658e+01 2.039000e+01 2.096500e+01 2.084364e+01 2.075840e+01
2.124000e+01 2.095500e+01 2.078079e+01 2.076580e+01 2.124000e+01 2.096500e+01 2.078459e+01 2.076761e+01
2.039000e+01 2.096500e+01 2.084364e+01 2.075840e+01 2.039000e+01 2.097500e+01 2.083965e+01 2.076043e+01
2.123500e+01 2.097000e+01 2.078250e+01 2.076667e+01 2.123000e+01 2.097500e+01 2.078053e+01 2.076561e+01
2.124000e+01 2.096500e+01 2.078459e+01 2.076761e+01 2.123500e+01 2.097000e+01 2.078250e+01 2.076667e+01
2.039000e+01 2.097500e+01 2.083965e+01 2.076043e+01 2.039500e+01 2.098000e+01 2.084154e+01 2.075953e+01
2.039500e+01 2.098000e+01 2.084154e+01 2.075953e+01 2.040000e+01 2.098500e+01 2.084330e+01 2.075852e+01
2.123000e+01 2.097500e+01 2.078053e+01 2.076561e+01 2.123000e+01 2.098500e+01 2.078463e+01 2.076775e+01
2.040000e+01 2.098500e+01 2.084330e+01 2.075852e+01 2.040000e+01 2.099500e+01 2.083904e+01 2.076092e+01
2.122500e+01 2.099000e+01 2.078287e+01 2.076684e+01 2.122000e+01 2.099500e+01 2.078125e+01 2.076582e+01
2.123000e+01 2.098500e+01 2.078463e+01 2.076775e+01 2.122500e+01 2.099000e+01 2.078287e+01 2.076684e+01
2.040000e+01 2.099500e+01 2.083904e+01 2.076092e+01 2.040500e+01 2.100000e+01 2.084060e+01 2.076008e+01
2.040500e+01 2.100000e+01 2.084060e+01 2.076008e+01 2.041000e+01 2.100500e+01 2.084203e+01 2.075914e+01
2.122000e+01 2.099500e+01 2.078125e+01 2.076582e+01 2.122000e+01 2.100500e+01 2.078562e+01 2.076833e+01
2.041000e+01 2.100500e+01 2.084203e+01 2.075914e+01 2.041000e+01 2.101500e+01 2.083753e+01 2.076195e+01
2.122000e+01 2.100500e+01 2.078562e+01 2.076833e+01 2.122000e+01 2.101500e+01 2.079003e+01 2.077106e+01
2.041000e+01 2.101500e+01 2.083753e+01 2.076195e+01 2.041500e+01 2.102000e+01 2.083879e+01 2.076121e+01
2.041500e+01 2.102000e+01 2.083879e+01 2.076121e+01 2.042000e+01 2.102500e+01 2.083989e+01 2.076039e+01
2.121500e+01 2.102000e+01 2.078868e+01 2.077031e+01 2.121000e+01 2.102500e+01 2.078748e+01 2.076947e+01
2.122000e+01 2.101500e+01 2.079003e+01 2.077106e+01 2.121500e+01 2.102000e+01 2.078868e+01 2.077031e+01
2.042000e+01 2.102500e+01 2.083989e+01 2.076039e+01 2.042000e+01 2.103500e+01 2.083522e+01 2.076363e+01
2.121000e+01 2.102500e+01 2.078748e+01 2.076947e+01 2.121000e+01 2.103500e+01 2.079209e+01 2.077261e+01
2.042000e+01 2.103500e+01 2.083522e+01 2.076363e+01 2.042500e+01 2.104000e+01 2.083618e+01 2.076303e+01
2.042500e+01 2.104000e+01 2.083618e+01 2.076303e+01 2.043000e+01 2.104500e+01 2.083699e+01 2.076236e+01
2.120500e+01 2.104000e+01 2.079103e+01 2.077198e+01 2.120000e+01 2.104500e+01 2.079012e+01 2.077128e+01
2.121000e+01 2.103500e+01 2.079209e+01 2.077261e+01 2.120500e+01 2.104000e+01 2.079103e+01 2.077198e+01
2.043000e+01 2.104500e+01 2.083699e+01 2.076236e+01 2.043000e+01 2.105500e+01 2.083219e+01 2.076607e+01
2.119500e+01 2.105000e+01 2.078927e+01 2.077069e+01 2.119000e+01 2.105500e+01 2.078858e+01 2.077005e+01
2.120000e+01 2.104500e+01 2.079012e+01 2.077128e+01 2.119500e+01 2.105000e+01 2.078927e+01 2.077069e+01
2.043000e+01 2.105500e+01 2.083219e+01 2.076607e+01 2.043500e+01 2.106000e+01 2.083289e+01 2.076563e+01
2.043500e+01 2.106000e+01 2.083289e+01 2.076563e+01 2.044000e+01 2.106500e+01 2.083343e+01 2.076516e+01
2.119000e+01 2.105500e+01 2.078858e+01 2.077005e+01 2.119000e+01 2.106500e+01 2.079345e+01 2.077385e+01
2.044000e+01 2.106500e+01 2.083343e+01 2.076516e+01 2.044500e+01 2.107000e+01 2.083394e+01 2.076480e+01
2.044500e+01 2.107000e+01 2.083394e+01 2.076480e+01 2.045000e+01 2.107500e+01 2.083428e+01 2.076441e+01
2.118500e+01 2.107000e+01 2.079286e+01 2.077344e+01 2.118000e+01 2.107500e+01 2.079242e+01 2.077299e+01
2.119000e+01 2.106500e+01 2.079345e+01 2.077385e+01 2.118500e+01 2.107000e+01 2.079286e+01 2.077344e+01
2.045000e+01 2.107500e+01 2.083428e+01 2.076441e+01 2.045000e+01 2.108500e+01 2.082933e+01 2.076884e+01
2.118000e+01 2.107500e+01 2.079242e+01 2.077299e+01 2.118000e+01 2.108500e+01 2.079735e+01 2.077726e+01
2.045000e+01 2.108500e+01 2.082933e+01 2.076884e+01 2.045500e+01 2.109000e+01 2.082962e+01 2.076871e+01
2.045500e+01 2.109000e+01 2.082962e+01 2.076871e+01 2.046000e+01 2.109500e+01 2.082975e+01 2.076855e+01
2.117500e+01 2.109000e+01 2.079698e+01 2.077705e+01 2.117000e+01 2.109500e+01 2.079677e+01 2.077682e+01
2.118000e+01 2.108500e+01 2.079735e+01 2.077726e+01 2.117500e+01 2.109000e+01 2.079698e+01 2.077705e+01
2.046000e+01 2.109500e+01 2.082975e+01 2.076855e+01 2.046500e+01 2.110000e+01 2.082986e+01 2.076854e+01
2.046500e+01 2.110000e+01 2.082986e+01 2.076854e+01 2.047000e+01 2.110500e+01 2.082982e+01 2.076851e+01
2.116500e+01 2.110000e+01 2.079658e+01 2.077672e+01 2.116000e+01 2.110500e+01 2.079655e+01 2.077660e+01
2.117000e+01 2.109500e+01 2.079677e+01 2.077682e+01 2.116500e+01 2.110000e+01 2.079658e+01 2.077672e+01
2.047000e+01 2.110500e+01 2.082982e+01 2.076851e+01 2.047500e+01 2.111000e+01 2.082978e+01 2.076861e+01
2.047500e+01 2.111000e+01 2.082978e+01 2.076861e+01 2.048000e+01 2.111500e+01 2.082957e+01 2.076872e+01
2.115500e+01 2.111000e+01 2.079653e+01 2.077661e+01 2.115000e+01 2.111500e+01 2.079666e+01 2.077662e+01
2.116000e+01 2.110500e+01 2.079655e+01 2.077660e+01 2.115500e+01 2.111000e+01 2.079653e+01 2.077661e+01
2.048000e+01 2.111500e+01 2.082957e+01 2.076872e+01 2.048500e+01 2.112000e+01 2.082938e+01 2.076897e+01
2.048500e+01 2.112000e+01 2.082938e+01 2.076897e+01 2.049000e+01 2.112500e+01 2.082903e+01 2.076922e+01
2.115000e+01 2.111500e+01 2.079666e+01 2.077662e+01 2.115000e+01 2.112500e+01 2.080163e+01 2.078189e+01
2.049000e+01 2.112500e+01 2.082903e+01 2.076922e+01 2.049500e+01 2.113000e+01 2.082870e+01 2.076962e+01
2.049500e+01 2.113000e+01 2.082870e+01 2.076962e+01 2.050000e+01 2.113500e+01 2.082822e+01 2.077003e+01
2.114500e+01 2.113000e+01 2.080176e+01 2.078216e+01 2.114000e+01 2.113500e+01 2.080204e+01 2.078245e+01
2.115000e+01 2.112500e+01 2.080163e+01 2.078189e+01 2.114500e+01 2.113000e+01 2.080176e+01 2.078216e+01
2.050000e+01 2.113500e+01 2.082822e+01 2.077003e+01 2.050000e+01 2.114500e+01 2.082333e+01 2.077603e+01
2.113500e+01 2.114000e+01 2.080230e+01 2.078287e+01 2.113000e+01 2.114500e+01 2.080270e+01 2.078330e+01
2.114000e+01 2.113500e+01 2.080204e+01 2.078245e+01 2.113500e+01 2.114000e+01 2.080230e+01 2.078287e+01
2.050000e+01 2.114500e+01 2.082333e+01 2.077603e+01 2.050500e+01 2.115000e+01 2.082291e+01 2.077672e+01
2.050500e+01 2.115000e+01 2.082291e+01 2.077672e+01 2.051000e+01 2.115500e+01 2.082234e+01 2.077745e+01
2.112500e+01 2.115000e+01 2.080309e+01 2.078388e+01 2.112000e+01 2.115500e+01 2.080361e+01 2.078448e+01
2.113000e+01 2.114500e+01 2.080270e+01 2.078330e+01 2.112500e+01 2.115000e+01 2.080309e+01 2.078388e+01
2.051000e+01 2.115500e+01 2.082234e+01 2.077745e+01 2.051500e+01 2.116000e+01 2.082182e+01 2.077831e+01
2.051500e+01 2.116000e+01 2.082182e+01 2.077831e+01 2.052500e+01 2.116000e+01 2.082524e+01 2.077357e+01
2.052500e+01 2.116000e+01 2.082524e+01 2.077357e+01 2.053000e+01 2.116500e+01 2.082445e+01 2.077453e+01
2.111500e+01 2.116000e+01 2.080409e+01 2.078521e+01 2.111000e+01 2.116500e+01 2.080471e+01 2.078598e+01
2.112000e+01 2.115500e+01 2.080361e+01 2.078448e+01 2.111500e+01 2.116000e+01 2.080409e+01 2.078521e+01
2.053000e+01 2.116500e+01 2.082445e+01 2.077453e+01 2.053500e+01 2.117000e+01 2.082372e+01 2.077561e+01
2.053500e+01 2.117000e+01 2.082372e+01 2.077561e+01 2.054000e+01 2.117500e+01 2.082286e+01 2.077676e+01
2.110500e+01 2.117000e+01 2.080529e+01 2.078689e+01 2.110000e+01 2.117500e+01 2.080600e+01 2.078784e+01
2.111000e+01 2.116500e+01 2.080471e+01 2.078598e+01 2.110500e+01 2.117000e+01 2.080529e+01 2.078689e+01
2.054000e+01 2.117500e+01 2.082286e+01 2.077676e+01 2.054500e+01 2.118000e+01 2.082207e+01 2.077804e+01
2.054500e+01 2.118000e+01 2.082207e+01 2.077804e+01 2.055000e+01 2.118500e+01 2.082115e+01 2.077938e+01
2.109500e+01 2.118000e+01 2.080666e+01 2.078892e+01 2.109000e+01 2.118500e+01 2.080743e+01 2.079005e+01
2.110000e+01 2.117500e+01 2.080600e+01 2.078784e+01 2.109500e+01 2.118000e+01 2.080666e+01 2.078892e+01
2.055000e+01 2.118500e+01 2.082115e+01 2.077938e+01 2.055500e+01 2.119000e+01 2.082031e+01 2.078085e+01
2.055500e+01 2.119000e+01 2.082031e+01 2.078085e+01 2.056000e+01 2.119500e+01 2.081937e+01 2.078239e+01
2.107500e+01 2.119000e+01 2.080532e+01 2.078682e+01 2.107000e+01 2.119500e+01 2.080626e+01 2.078822e+01
2.107500e+01 2.119000e+01 2.080532e+01 2.078682e+01 2.108500e+01 2.119000e+01 2.080815e+01 2.079132e+01
2.109000e+01 2.118500e+01 2.080743e+01 2.079005e+01 2.108500e+01 2.119000e+01 2.080815e+01 2.079132e+01
2.056000e+01 2.119500e+01 2.081937e+01 2.078239e+01 2.056500e+01 2.120000e+01 2.081849e+01 2.078406e+01
2.056500e+01 2.120000e+01 2.081849e+01 2.078406e+01 2.057000e+01 2.120500e+01 2.081753e+01 2.078580e+01
2.106500e+01 2.120000e+01 2.080712e+01 2.078974e+01 2.106000e+01 2.120500e+01 2.080809e+01 2.079133e+01
2.107000e+01 2.119500e+01 2.080626e+01 2.078822e+01 2.106500e+01 2.120000e+01 2.080712e+01 2.078974e+01
2.057000e+01 2.120500e+01 2.081753e+01 2.078580e+01 2.057500e+01 2.121000e+01 2.081664e+01 2.078766e+01
2.057500e+01 2.121000e+01 2.081664e+01 2.078766e+01 2.058500e+01 2.121000e+01 2.081872e+01 2.078364e+01
2.058500e+01 2.121000e+01 2.081872e+01 2.078364e+01 2.059000e+01 2.121500e+01 2.081766e+01 2.078568e+01
2.105500e+01 2.121000e+01 2.080898e+01 2.079304e+01 2.105000e+01 2.121500e+01 2.080997e+01 2.079483e+01
2.106000e+01 2.120500e+01 2.080809e+01 2.079133e+01 2.105500e+01 2.121000e+01 2.080898e+01 2.079304e+01
2.059000e+01 2.121500e+01 2.081766e+01 2.078568e+01 2.059500e+01 2.122000e+01 2.081670e+01 2.078782e+01
2.059500e+01 2.122000e+01 2.081670e+01 2.078782e+01 2.060500e+01 2.122000e+01 2.081839e+01 2.078405e+01
2.060500e+01 2.122000e+01 2.081839e+01 2.078405e+01 2.061000e+01 2.122500e+01 2.081728e+01 2.078640e+01
2.103500e+01 2.122000e+01 2.080884e+01 2.079276e+01 2.103000e+01 2.122500e+01 2.080990e+01 2.079484e+01
2.103500e+01 2.122000e+01 2.080884e+01 2.079276e+01 2.104500e+01 2.122000e+01 2.081086e+01 2.079674e+01
2.105000e+01 2.121500e+01 2.080997e+01 2.079483e+01 2.104500e+01 2.122000e+01 2.081086e+01 2.079674e+01
2.061000e+01 2.122500e+01 2.081728e+01 2.078640e+01 2.061500e+01 2.123000e+01 2.081628e+01 2.078884e+01
2.061500e+01 2.123000e+01 2.081628e+01 2.078884e+01 2.062000e+01 2.123500e+01 2.081522e+01 2.079139e+01
2.101500e+01 2.123000e+01 2.080920e+01 2.079331e+01 2.101000e+01 2.123500e+01 2.081029e+01 2.079570e+01
2.101500e+01 2.123000e+01 2.080920e+01 2.079331e+01 2.102500e+01 2.123000e+01 2.081086e+01 2.079703e+01
2.103000e+01 2.122500e+01 2.080990e+01 2.079484e+01 2.102500e+01 2.123000e+01 2.081086e+01 2.079703e+01
2.062000e+01 2.123500e+01 2.081522e+01 2.079139e+01 2.062500e+01 2.124000e+01 2.081426e+01 2.079403e+01
2.062500e+01 2.124000e+01 2.081426e+01 2.079403e+01 2.063500e+01 2.124000e+01 2.081552e+01 2.079077e+01
2.063500e+01 2.124000e+01 2.081552e+01 2.079077e+01 2.064000e+01 2.124500e+01 2.081447e+01 2.079362e+01
2.099500e+01 2.124000e+01 2.080994e+01 2.079476e+01 2.099000e+01 2.124500e+01 2.081102e+01 2.079746e+01
2.099500e+01 2.124000e+01 2.080994e+01 2.079476e+01 2.100500e+01 2.124000e+01 2.081128e+01 2.079819e+01
2.101000e+01 2.123500e+01 2.081029e+01 2.079570e+01 2.100500e+01 2.124000e+01 2.081128e+01 2.079819e+01
2.064000e+01 2.124500e+01 2.081447e+01 2.079362e+01 2.064500e+01 2.125000e+01 2.081354e+01 2.079656e+01
2.064500e+01 2.125000e+01 2.081354e+01 2.079656e+01 2.065500e+01 2.125000e+01 2.081454e+01 2.079364e+01
2.065500e+01 2.125000e+01 2.081454e+01 2.079364e+01 2.066500e+01 2.125000e+01 2.081536e+01 2.079085e+01
2.066500e+01 2.125000e+01 2.081536e+01 2.079085e+01 2.067000e+01 2.125500e+01 2.081435e+01 2.079413e+01
2.097500e+01 2.125000e+01 2.081093e+01 2.079715e+01 2.097000e+01 2.125500e+01 2.081197e+01 2.080016e+01
2.097500e+01 2.125000e+01 2.081093e+01 2.079715e+01 2.098500e+01 2.125000e+01 2.081200e+01 2.080025e+01
2.099000e+01 2.124500e+01 2.081102e+01 2.079746e+01 2.098500e+01 2.125000e+01 2.081200e+01 2.080025e+01
2.067000e+01 2.125500e+01 2.081435e+01 2.079413e+01 2.067500e+01 2.126000e+01 2.081347e+01 2.079747e+01
2.067500e+01 2.126000e+01 2.081347e+01 2.079747e+01 2.068500e+01 2.126000e+01 2.081410e+01 2.079506e+01
2.068500e+01 2.126000e+01 2.081410e+01 2.079506e+01 2.069500e+01 2.126000e+01 2.081459e+01 2.079279e+01
2.069500e+01 2.126000e+01 2.081459e+01 2.079279e+01 2.070000e+01 2.126500e+01 2.081371e+01 2.079649e+01
2.094500e+01 2.126000e+01 2.081134e+01 2.079789e+01 2.094000e+01 2.126500e+01 2.081229e+01 2.080132e+01
2.094500e+01 2.126000e+01 2.081134e+01 2.079789e+01 2.095500e+01 2.126000e+01 2.081204e+01 2.080050e+01
2.095500e+01 2.126000e+01 2.081204e+01 2.080050e+01 2.096500e+01 2.126000e+01 2.081289e+01 2.080324e+01
2.097000e+01 2.125500e+01 2.081197e+01 2.080016e+01 2.096500e+01 2.126000e+01 2.081289e+01 2.080324e+01
2.070000e+01 2.126500e+01 2.081371e+01 2.079649e+01 2.070500e+01 2.127000e+01 2.081295e+01 2.080024e+01
2.070500e+01 2.127000e+01 2.081295e+01 2.080024e+01 2.071500e+01 2.127000e+01 2.081333e+01 2.079837e+01
2.071500e+01 2.127000e+01 2.081333e+01 2.079837e+01 2.072500e+01 2.127000e+01 2.081360e+01 2.079667e+01
2.072500e+01 2.127000e+01 2.081360e+01 2.079667e+01 2.073000e+01 2.127500e+01 2.081292e+01 2.080077e+01
2.090500e+01 2.127000e+01 2.081183e+01 2.079862e+01 2.090000e+01 2.127500e+01 2.081260e+01 2.080258e+01
2.090500e+01 2.127000e+01 2.081183e+01 2.079862e+01 2.091500e+01 2.127000e+01 2.081214e+01 2.080052e+01
2.091500e+01 2.127000e+01 2.081214e+01 2.080052e+01 2.092500e+01 2.127000e+01 2.081257e+01 2.080259e+01
2.092500e+01 2.127000e+01 2.081257e+01 2.080259e+01 2.093500e+01 2.127000e+01 2.081313e+01 2.080481e+01
2.094000e+01 2.126500e+01 2.081229e+01 2.080132e+01 2.093500e+01 2.127000e+01 2.081313e+01 2.080481e+01
2.073000e+01 2.127500e+01 2.081292e+01 2.080077e+01 2.073500e+01 2.128000e+01 2.081235e+01 2.080490e+01
2.073500e+01 2.128000e+01 2.081235e+01 2.080490e+01 2.074500e+01 2.128000e+01 2.081260e+01 2.080360e+01
2.074500e+01 2.128000e+01 2.081260e+01 2.080360e+01 2.075500e+01 2.128000e+01 2.081276e+01 2.080248e+01
2.075500e+01 2.128000e+01 2.081276e+01 2.080248e+01 2.076500e+01 2.128000e+01 2.081286e+01 2.080154e+01
2.076500e+01 2.128000e+01 2.081286e+01 2.080154e+01 2.077500e+01 2.128000e+01 2.081290e+01 2.080079e+01
2.077500e+01 2.128000e+01 2.081290e+01 2.080079e+01 2.078500e+01 2.128000e+01 2.081290e+01 2.080023e+01
2.078500e+01 2.128000e+01 2.081290e+01 2.080023e+01 2.079500e+01 2.128000e+01 2.081286e+01 2.079985e+01
2.079500e+01 2.128000e+01 2.081286e+01 2.079985e+01 2.080500e+01 2.128000e+01 2.081280e+01 2.079967e+01
2.080500e+01 2.128000e+01 2.081280e+01 2.079967e+01 2.081500e+01 2.128000e+01 2.081273e+01 2.079968e+01
2.081500e+01 2.128000e+01 2.081273e+01 2.079968e+01 2.082500e+01 2.128000e+01 2.081266e+01 2.079988e+01
2.082500e+01 2.128000e+01 2.081266e+01 2.079988e+01 2.083500e+01 2.128000e+01 2.081260e+01 2.080028e+01
2.083500e+01 2.128000e+01 2.081260e+01 2.080028e+01 2.084500e+01 2.128000e+01 2.081257e+01 2.080087e+01
2.084500e+01 2.128000e+01 2.081257e+01 2.080087e+01 2.085500e+01 2.128000e+01 2.081258e+01 2.080164e+01
2.085500e+01 2.128000e+01 2.081258e+01 2.080164e+01 2.086500e+01 2.128000e+01 2.081265e+01 2.080261e+01
2.086500e+01 2.128000e+01 2.081265e+01 2.080261e+01 2.087500e+01 2.128000e+01 2.081277e+01 2.080375e+01
2.087500e+01 2.128000e+01 2.081277e+01 2.080375e+01 2.088500e+01 2.128000e+01 2.081296e+01 2.080508e+01
2.088500e+01 2.128000e+01 2.081296e+01 2.080508e+01 2.089500e+01 2.128000e+01 2.081324e+01 2.080658e+01
2.090000e+01 2.127500e+01 2.081260e+01 2.080258e+01 2.089500e+01 2.128000e+01 2.081324e+01 2.080658e+01
2.080933e+01 2.075933e+01 2.031427e+01 2.076261e+01 2.080933e+01 2.075933e+01 2.031538e+01 2.073095e+01
2.080933e+01 2.075933e+01 2.031538e+01 2.073095e+01 2.080933e+01 2.075933e+01 2.031870e+01 2.069936e+01
2.080933e+01 2.075933e+01 2.031870e+01 2.069936e+01 2.080933e+01 2.075933e+01 2.032423e+01 2.066798e+01
2.080933e+01 2.075933e+01 2.032423e+01 2.066798e+01 2.080933e+01 2.075933e+01 2.033198e+01 2.063691e+01
2.080933e+01 2.075933e+01 2.033198e+01 2.063691e+01 2.080933e+01 2.075933e+01 2.034193e+01 2.060629e+01
2.080933e+01 2.075933e+01 2.034193e+01 2.060629e+01 2.080933e+01 2.075933e+01 2.035407e+01 2.057624e+01
2.080933e+01 2.075933e+01 2.035407e+01 2.057624e+01 2.080933e+01 2.075933e+01 2.036838e+01 2.054690e+01
2.080933e+01 2.075933e+01 2.036838e+01 2.054690e+01 2.080933e+01 2.075933e+01 2.038484e+01 2.051839e+01
2.080933e+01 2.075933e+01 2.038484e+01 2.051839e+01 2.080933e+01 2.075933e+01 2.040340e+01 2.049087e+01
2.080933e+01 2.075933e+01 2.040340e+01 2.049087e+01 2.080933e+01 2.075933e+01 2.042403e+01 2.046448e+01
2.080933e+01 2.075933e+01 2.042403e+01 2.046448e+01 2.080933e+01 2.075933e+01 2.044666e+01 2.043935e+01
2.080933e+01 2.075933e+01 2.044666e+01 2.043935e+01 2.080933e+01 2.075933e+01 2.047121e+01 2.041564e+01
2.080933e+01 2.075933e+01 2.047121e+01 2.041564e+01 2.080933e+01 2.075933e+01 2.049761e+01 2.039349e+01
2.080933e+01 2.075933e+01 2.049761e+01 2.039349e+01 2.080933e+01 2.075933e+01 2.052574e+01 2.037305e+01
2.080933e+01 2.075933e+01 2.052574e+01 2.037305e+01 2.080933e+01 2.075933e+01 2.055549e+01 2.035447e+01
2.080933e+01 2.075933e+01 2.055549e+01 2.035447e+01 2.080933e+01 2.075933e+01 2.058670e+01 2.033787e+01
2.080933e+01 2.075933e+01 2.058670e+01 2.033787e+01 2.080933e+01 2.075933e+01 2.061923e+01 2.032339e+01
2.080933e+01 2.075933e+01 2.061923e+01 2.032339e+01 2.080933e+01 2.075933e+01 2.065289e+01 2.031114e+01
2.080933e+01 2.075933e+01 2.065289e+01 2.031114e+01 2.080933e+01 2.075933e+01 2.068749e+01 2.030122e+01
2.080933e+01 2.075933e+01 2.068749e+01 2.030122e+01 2.080933e+01 2.075933e+01 2.072282e+01 2.029371e+01
2.080933e+01 2.075933e+01 2.072282e+01 2.029371e+01 2.080933e+01 2.075933e+01 2.075866e+01 2.028867e+01
2.080933e+01 2.075933e+01 2.075866e+01 2.028867e+01 2.080933e+01 2.075933e+01 2.079479e+01 2.028615e+01
2.080933e+01 2.075933e+01 2.079479e+01 2.028615e+01 2.080933e+01 2.075933e+01 2.083097e+01 2.028615e+01
2.080933e+01 2.075933e+01 2.083097e+01 2.028615e+01 2.080933e+01 2.075933e+01 2.086698e+01 2.028866e+01
2.080933e+01 2.075933e+01 2.086698e+01 2.028866e+01 2.080933e+01 2.075933e+01 2.090258e+01 2.029367e+01
2.080933e+01 2.075933e+01 2.090258e+01 2.029367e+01 2.080933e+01 2.075933e+01 2.093757e+01 2.030110e+01
2.080933e+01 2.075933e+01 2.093757e+01 2.030110e+01 2.080933e+01 2.075933e+01 2.097174e+01 2.031090e+01
2.080933e+01 2.075933e+01 2.097174e+01 2.031090e+01 2.080933e+01 2.075933e+01 2.100490e+01 2.032297e+01
2.080933e+01 2.075933e+01 2.100490e+01 2.032297e+01 2.080933e+01 2.075933e+01 2.103687e+01 2.033720e+01
2.080933e+01 2.075933e+01 2.103687e+01 2.033720e+01 2.080933e+01 2.075933e+01 2.106751e+01 2.035349e+01
2.080933e+01 2.075933e+01 2.106751e+01 2.035349e+01 2.080933e+01 2.075933e+01 2.109666e+01 2.037171e+01
2.080933e+01 2.075933e+01 2.109666e+01 2.037171e+01 2.080933e+01 2.075933e+01 2.112422e+01 2.039172e+01
2.080933e+01 2.075933e+01 2.112422e+01 2.039172e+01 2.080933e+01 2.075933e+01 2.115006e+01 2.041341e+01
2.080933e+01 2.075933e+01 2.115006e+01 2.041341e+01 2.080933e+01 2.075933e+01 2.117410e+01 2.043662e+01
2.080933e+01 2.075933e+01 2.117410e+01 2.043662e+01 2.080933e+01 2.075933e+01 2.119627e+01 2.046124e+01
2.080933e+01 2.075933e+01 2.119627e+01 2.046124e+01 2.080933e+01 2.075933e+01 2.121649e+01 2.048712e+01
2.080933e+01 2.075933e+01 2.121649e+01 2.048712e+01 2.080933e+01 2.075933e+01 2.123471e+01 2.051413e+01
2.080933e+01 2.075933e+01 2.123471e+01 2.051413e+01 2.080933e+01 2.075933e+01 2.125089e+01 2.054215e+01
2.080933e+01 2.075933e+01 2.125089e+01 2.054215e+01 2.080933e+01 2.075933e+01 2.126499e+01 2.057105e+01
2.080933e+01 2.075933e+01 2.126499e+01 2.057105e+01 2.080933e+01 2.075933e+01 2.127697e+01 2.060070e+01
2.080933e+01 2.075933e+01 2.127697e+01 2.060070e+01 2.080933e+01 2.075933e+01 2.128681e+01 2.063098e+01
2.080933e+01 2.075933e+01 2.128681e+01 2.063098e+01 2.080933e+01 2.075933e+01 2.129448e+01 2.066177e+01
2.080933e+01 2.075933e+01 2.129448e+01 2.066177e+01 2.080933e+01 2.075933e+01 2.129998e+01 2.069296e+01
2.080933e+01 2.075933e+01 2.129998e+01 2.069296e+01 2.080933e+01 2.075933e+01 2.130329e+01 2.072442e+01
2.080933e+01 2.075933e+01 2.130329e+01 2.072442e+01 2.080933e+01 2.075933e+01 2.130440e+01 2.075605e+01
2.080933e+01 2.075933e+01 2.130440e+01 2.075605e+01 2.080933e+01 2.075933e+01 2.130329e+01 2.078771e+01
2.080933e+01 2.075933e+01 2.130329e+01 2.078771e+01 2.080933e+01 2.075933e+01 2.129997e+01 2.081929e+01
2.080933e+01 2.075933e+01 2.129997e+01 2.081929e+01 2.080933e+01 2.075933e+01 2.129443e+01 2.085068e+01
2.080933e+01 2.075933e+01 2.129443e+01 2.085068e+01 2.080933e+01 2.075933e+01 2.128669e+01 2.088175e+01
2.080933e+01 2.075933e+01 2.128669e+01 2.088175e+01 2.080933e+01 2.075933e+01 2.127674e+01 2.091237e+01
2.080933e+01 2.075933e+01 2.127674e+01 2.091237e+01 2.080933e+01 2.075933e+01 2.126460e+01 2.094242e+01
2.080933e+01 2.075933e+01 2.126460e+01 2.094242e+01 2.080933e+01 2.075933e+01 2.125028e+01 2.097176e+01
2.080933e+01 2.075933e+01 2.125028e+01 2.097176e+01 2.080933e+01 2.075933e+01 2.123383e+01 2.100026e+01
2.080933e+01 2.075933e+01 2.123383e+01 2.100026e+01 2.080933e+01 2.075933e+01 2.121526e+01 2.102778e+01
2.080933e+01 2.075933e+01 2.121526e+01 2.102778e+01 2.080933e+01 2.075933e+01 2.119464e+01 2.105418e+01
2.080933e+01 2.075933e+01 2.119464e+01 2.105418e+01 2.080933e+01 2.075933e+01 2.117201e+01 2.107931e+01
2.080933e+01 2.075933e+01 2.117201e+01 2.107931e+01 2.080933e+01 2.075933e+01 2.114745e+01 2.110302e+01
2.080933e+01 2.075933e+01 2.114745e+01 2.110302e+01 2.080933e+01 2.075933e+01 2.112106e+01 2.112517e+01
2.080933e+01 2.075933e+01 2.112106e+01 2.112517e+01 2.080933e+01 2.075933e+01 2.109292e+01 2.114560e+01
2.080933e+01 2.075933e+01 2.109292e+01 2.114560e+01 2.080933e+01 2.075933e+01 2.106318e+01 2.116419e+01
2.080933e+01 2.075933e+01 2.106318e+01 2.116419e+01 2.080933e+01 2.075933e+01 2.103196e+01 2.118079e+01
2.080933e+01 2.075933e+01 2.103196e+01 2.118079e+01 2.080933e+01 2.075933e+01 2.099943e+01 2.119527e+01
2.080933e+01 2.075933e+01 2.099943e+01 2.119527e+01 2.080933e+01 2.075933e+01 2.096577e+01 2.120752e+01
2.080933e+01 2.075933e+01 2.096577e+01 2.120752e+01 2.080933e+01 2.075933e+01 2.093117e+01 2.121744e+01
2.080933e+01 2.075933e+01 2.093117e+01 2.121744e+01 2.080933e+01 2.075933e+01 2.089584e+01 2.122495e+01
2.080933e+01 2.075933e+01 2.089584e+01 2.122495e+01 2.080933e+01 2.075933e+01 2.086000e+01 2.122998e+01
2.080933e+01 2.075933e+01 2.086000e+01 2.122998e+01 2.080933e+01 2.075933e+01 2.082388e+01 2.123251e+01
2.080933e+01 2.075933e+01 2.082388e+01 2.123251e+01 2.080933e+01 2.075933e+01 2.078770e+01 2.123251e+01
2.080933e+01 2.075933e+01 2.078770e+01 2.123251e+01 2.080933e+01 2.075933e+01 2.075169e+01 2.122999e+01
2.080933e+01 2.075933e+01 2.075169e+01 2.122999e+01 2.080933e+01 2.075933e+01 2.071609e+01 2.122499e+01
2.080933e+01 2.075933e+01 2.071609e+01 2.122499e+01 2.080933e+01 2.075933e+01 2.068110e+01 2.121755e+01
2.080933e+01 2.075933e+01 2.068110e+01 2.121755e+01 2.080933e+01 2.075933e+01 2.064693e+01 2.120776e+01
2.080933e+01 2.075933e+01 2.064693e+01 2.120776e+01 2.080933e+01 2.075933e+01 2.061377e+01 2.119569e+01
2.080933e+01 2.075933e+01 2.061377e+01 2.119569e+01 2.080933e+01 2.075933e+01 2.058179e+01 2.118145e+01
2.080933e+01 2.075933e+01 2.058179e+01 2.118145e+01 2.080933e+01 2.075933e+01 2.055116e+01 2.116517e+01
2.080933e+01 2.075933e+01 2.055116e+01 2.116517e+01 2.080933e+01 2.075933e+01 2.052200e+01 2.114695e+01
2.080933e+01 2.075933e+01 2.052200e+01 2.114695e+01 2.080933e+01 2.075933e+01 2.049445e+01 2.112693e+01
2.080933e+01 2.075933e+01 2.049445e+01 2.112693e+01 2.080933e+01 2.075933e+01 2.046861e+01 2.110525e+01
2.080933e+01 2.075933e+01 2.046861e+01 2.110525e+01 2.080933e+01 2.075933e+01 2.044456e+01 2.108203e+01
2.080933e+01 2.075933e+01 2.044456e+01 2.108203e+01 2.080933e+01 2.075933e+01 2.042240e+01 2.105742e+01
2.080933e+01 2.075933e+01 2.042240e+01 2.105742e+01 2.080933e+01 2.075933e+01 2.040218e+01 2.103154e+01
2.080933e+01 2.075933e+01 2.040218e+01 2.103154e+01 2.080933e+01 2.075933e+01 2.038395e+01 2.100452e+01
2.080933e+01 2.075933e+01 2.038395e+01 2.100452e+01 2.080933e+01 2.075933e+01 2.036777e+01 2.097651e+01
2.080933e+01 2.075933e+01 2.036777e+01 2.097651e+01 2.080933e+01 2.075933e+01 2.035368e+01 2.094761e+01
2.080933e+01 2.075933e+01 2.035368e+01 2.094761e+01 2.080933e+01 2.075933e+01 2.034170e+01 2.091796e+01
2.080933e+01 2.075933e+01 2.034170e+01 2.091796e+01 2.080933e+01 2.075933e+01 2.033186e+01 2.088768e+01
2.080933e+01 2.075933e+01 2.033186e+01 2.088768e+01 2.080933e+01 2.075933e+01 2.032418e+01 2.085688e+01
2.080933e+01 2.075933e+01 2.032418e+01 2.085688e+01 2.080933e+01 2.075933e+01 2.031868e+01 2.082570e+01
2.080933e+01 2.075933e+01 2.031868e+01 2.082570e+01 2.080933e+01 2.075933e+01 2.031538e+01 2.079423e+01
2.080933e+01 2.075933e+01 2.031538e+01 2.079423e+01 2.080933e+01 2.075933e+01 2.031427e+01 2.076261e+01
2.080933e+01 2.075933e+01 2.031427e+01 2.076261e+01 2.080933e+01 2.075933e+01 2.031538e+01 2.073095e+01
2.080933e+01 2.075933e+01 2.031538e+01 2.073095e+01 2.080933e+01 2.075933e+01 2.031870e+01 2.069936e+01
2.080933e+01 2.075933e+01 2.031870e+01 2.069936e+01 2.080933e+01 2.075933e+01 2.032423e+01 2.066798e+01
2.080933e+01 2.075933e+01 2.032423e+01 2.066798e+01 2.080933e+01 2.075933e+01 2.033198e+01 2.063691e+01
2.080933e+01 2.075933e+01 2.033198e+01 2.063691e+01 2.080933e+01 2.075933e+01 2.034193e+01 2.060629e+01
2.080933e+01 2.075933e+01 2.034193e+01 2.060629e+01 2.080933e+01 2.075933e+01 2.035407e+01 2.057624e+01
2.080933e+01 2.075933e+01 2.035407e+01 2.057624e+01 2.080933e+01 2.075933e+01 2.036838e+01 2.054690e+01
2.080933e+01 2.075933e+01 2.036838e+01 2.054690e+01 2.080933e+01 2.075933e+01 2.038484e+01 2.051839e+01
2.080933e+01 2.075933e+01 2.038484e+01 2.051839e+01 2.080933e+01 2.075933e+01 2.040340e+01 2.049087e+01
2.080933e+01 2.075933e+01 2.040340e+01 2.049087e+01 2.080933e+01 2.075933e+01 2.042403e+01 2.046448e+01
2.080933e+01 2.075933e+01 2.042403e+01 2.046448e+01 2.080933e+01 2.075933e+01 2.044666e+01 2.043935e+01
2.080933e+01 2.075933e+01 2.044666e+01 2.043935e+01 2.080933e+01 2.075933e+01 2.047121e+01 2.041564e+01
2.080933e+01 2.075933e+01 2.047121e+01 2.041564e+01 2.080933e+01 2.075933e+01 2.049761e+01 2.039349e+01
2.080933e+01 2.075933e+01 2.049761e+01 2.039349e+01 2.080933e+01 2.075933e+01 2.052574e+01 2.037305e+01
2.080933e+01 2.075933e+01 2.052574e+01 2.037305e+01 2.080933e+01 2.075933e+01 2.055549e+01 2.035447e+01
2.080933e+01 2.075933e+01 2.055549e+01 2.035447e+01 2.080933e+01 2.075933e+01 2.058670e+01 2.033787e+01
2.080933e+01 2.075933e+01 2.058670e+01 2.033787e+01 2.080933e+01 2.075933e+01 2.061923e+01 2.032339e+01
2.080933e+01 2.075933e+01 2.061923e+01 2.032339e+01 2.080933e+01 2.075933e+01 2.065289e+01 2.031114e+01
2.080933e+01 2.075933e+01 2.065289e+01 2.031114e+01 2.080933e+01 2.075933e+01 2.068749e+01 2.030122e+01
2.080933e+01 2.075933e+01 2.068749e+01 2.030122e+01 2.080933e+01 2.075933e+01 2.072282e+01 2.029371e+01
2.080933e+01 2.075933e+01 2.072282e+01 2.029371e+01 2.080933e+01 2.075933e+01 2.075866e+01 2.028867e+01
2.080933e+01 2.075933e+01 2.075866e+01 2.028867e+01 2.080933e+01 2.075933e+01 2.079479e+01 2.028615e+01
2.080933e+01 2.075933e+01 2.079479e+01 2.028615e+01 2.080933e+01 2.075933e+01 2.083097e+01 2.028615e+01
2.080933e+01 2.075933e+01 2.083097e+01 2.028615e+01 2.080933e+01 2.075933e+01 2.086698e+01 2.028866e+01
2.080933e+01 2.075933e+01 2.086698e+01 2.028866e+01 2.080933e+01 2.075933e+01 2.090258e+01 2.029367e+01
2.080933e+01 2.075933e+01 2.090258e+01 2.029367e+01 2.080933e+01 2.075933e+01 2.093757e+01 2.030110e+01
2.080933e+01 2.075933e+01 2.093757e+01 2.030110e+01 2.080933e+01 2.075933e+01 2.097174e+01 2.031090e+01
2.080933e+01 2.075933e+01 2.097174e+01 2.031090e+01 2.080933e+01 2.075933e+01 2.100490e+01 2.032297e+01
2.080933e+01 2.075933e+01 2.100490e+01 2.032297e+01 2.080933e+01 2.075933e+01 2.103687e+01 2.033720e+01
2.080933e+01 2.075933e+01 2.103687e+01 2.033720e+01 2.080933e+01 2.075933e+01 2.106751e+01 2.035349e+01
2.080933e+01 2.075933e+01 2.106751e+01 2.035349e+01 2.080933e+01 2.075933e+01 2.109666e+01 2.037171e+01
2.080933e+01 2.075933e+01 2.109666e+01 2.037171e+01 2.080933e+01 2.075933e+01 2.112422e+01 2.039172e+01
2.080933e+01 2.075933e+01 2.112422e+01 2.039172e+01 2.080933e+01 2.075933e+01 2.115006e+01 2.041341e+01
2.080933e+01 2.075933e+01 2.115006e+01 2.041341e+01 2.080933e+01 2.075933e+01 2.117410e+01 2.043662e+01
2.080933e+01 2.075933e+01 2.117410e+01 2.043662e+01 2.080933e+01 2.075933e+01 2.119627e+01 2.046124e+01
2.080933e+01 2.075933e+01 2.119627e+01 2.046124e+01 2.080933e+01 2.075933e+01 2.121649e+01 2.048712e+01
2.080933e+01 2.075933e+01 2.121649e+01 2.048712e+01 2.080933e+01 2.075933e+01 2.123471e+01 2.051413e+01
2.080933e+01 2.075933e+01 2.123471e+01 2.051413e+01 2.080933e+01 2.075933e+01 2.125089e+01 2.054215e+01
2.080933e+01 2.075933e+01 2.125089e+01 2.054215e+01 2.080933e+01 2.075933e+01 2.126499e+01 2.057105e+01
2.080933e+01 2.075933e+01 2.126499e+01 2.057105e+01 2.080933e+01 2.075933e+01 2.127697e+01 2.060070e+01
2.080933e+01 2.075933e+01 2.127697e+01 2.060070e+01 2.080933e+01 2.075933e+01 2.128681e+01 2.063098e+01
2.080933e+01 2.075933e+01 2.128681e+01 2.063098e+01 2.080933e+01 2.075933e+01 2.129448e+01 2.066177e+01
2.080933e+01 2.075933e+01 2.129448e+01 2.066177e+01 2.080933e+01 2.075933e+01 2.129998e+01 2.069296e+01
2.080933e+01 2.075933e+01 2.129998e+01 2.069296e+01 2.080933e+01 2.075933e+01 2.130329e+01 2.072442e+01
2.080933e+01 2.075933e+01 2.130329e+01 2.072442e+01 2.080933e+01 2.075933e+01 2.130440e+01 2.075605e+01
2.080933e+01 2.075933e+01 2.130440e+01 2.075605e+01 2.080933e+01 2.075933e+01 2.130329e+01 2.078771e+01
2.080933e+01 2.075933e+01 2.130329e+01 2.078771e+01 2.080933e+01 2.075933e+01 2.129997e+01 2.081929e+01
2.080933e+01 2.075933e+01 2.129997e+01 2.081929e+01 2.080933e+01 2.075933e+01 2.129443e+01 2.085068e+01
2.080933e+01 2.075933e+01 2.129443e+01 2.085068e+01 2.080933e+01 2.075933e+01 2.128669e+01 2.088175e+01
2.080933e+01 2.075933e+01 2.128669e+01 2.088175e+01 2.080933e+01 2.075933e+01 2.127674e+01 2.091237e+01
2.080933e+01 2.075933e+01 2.127674e+01 2.091237e+01 2.080933e+01 2.075933e+01 2.126460e+01 2.094242e+01
2.080933e+01 2.075933e+01 2.126460e+01 2.094242e+01 2.080933e+01 2.075933e+01 2.125028e+01 2.097176e+01
2.080933e+01 2.075933e+01 2.125028e+01 2.097176e+01 2.080933e+01 2.075933e+01 2.123383e+01 2.100026e+01
2.080933e+01 2.075933e+01 2.123383e+01 2.100026e+01 2.080933e+01 2.075933e+01 2.121526e+01 2.102778e+01
2.080933e+01 2.075933e+01 2.121526e+01 2.102778e+01 2.080933e+01 2.075933e+01 2.119464e+01 2.105418e+01
2.080933e+01 2.075933e+01 2.119464e+01 2.105418e+01 2.080933e+01 2.075933e+01 2.117201e+01 2.107931e+01
2.080933e+01 2.075933e+01 2.117201e+01 2.107931e+01 2.080933e+01 2.075933e+01 2.114745e+01 2.110302e+01
2.080933e+01 2.075933e+01 2.114745e+01 2.110302e+01 2.080933e+01 2.075933e+01 2.112106e+01 2.112517e+01
2.080933e+01 2.075933e+01 2.112106e+01 2.112517e+01 2.080933e+01 2.075933e+01 2.109292e+01 2.114560e+01
2.080933e+01 2.075933e+01 2.109292e+01 2.114560e+01 2.080933e+01 2.075933e+01 2.106318e+01 2.116419e+01
2.080933e+01 2.075933e+01 2.106318e+01 2.116419e+01 2.080933e+01 2.075933e+01 2.103196e+01 2.118079e+01
2.080933e+01 2.075933e+01 2.103196e+01 2.118079e+01 2.080933e+01 2.075933e+01 2.099943e+01 2.119527e+01
2.080933e+01 2.075933e+01 2.099943e+01 2.119527e+01 2.080933e+01 2.075933e+01 2.096577e+01 2.120752e+01
2.080933e+01 2.075933e+01 2.096577e+01 2.120752e+01 2.080933e+01 2.075933e+01 2.093117e+01 2.121744e+01
2.080933e+01 2.075933e+01 2.093117e+01 2.121744e+01 2.080933e+01 2.075933e+01 2.089584e+01 2.122495e+01
2.080933e+01 2.075933e+01 2.089584e+01 2.122495e+01 2.080933e+01 2.075933e+01 2.086000e+01 2.122998e+01
2.080933e+01 2.075933e+01 2.086000e+01 2.122998e+01 2.080933e+01 2.075933e+01 2.082388e+01 2.123251e+01
2.080933e+01 2.075933e+01 2.082388e+01 2.123251e+01 2.080933e+01 2.075933e+01 2.078770e+01 2.123251e+01
2.080933e+01 2.075933e+01 2.078770e+01 2.123251e+01 2.080933e+01 2.075933e+01 2.075169e+01 2.122999e+01
2.080933e+01 2.075933e+01 2.075169e+01 2.122999e+01 2.080933e+01 2.075933e+01 2.071609e+01 2.122499e+01
2.080933e+01 2.075933e+01 2.071609e+01 2.122499e+01 2.080933e+01 2.075933e+01 2.068110e+01 2.121755e+01
2.080933e+01 2.075933e+01 2.068110e+01 2.121755e+01 2.080933e+01 2.075933e+01 2.064693e+01 2.120776e+01
2.080933e+01 2.075933e+01 2.064693e+01 2.120776e+01 2.080933e+01 2.075933e+01 2.061377e+01 2.119569e+01
2.080933e+01 2.075933e+01 2.061377e+01 2.119569e+01 2.080933e+01 2.075933e+01 2.058179e+01 2.118145e+01
2.080933e+01 2.075933e+01 2.058179e+01 2.118145e+01 2.080933e+01 2.075933e+01 2.055116e+01 2.116517e+01
2.080933e+01 2.075933e+01 2.055116e+01 2.116517e+01 2.080933e+01 2.075933e+01 2.052200e+01 2.114695e+01
2.080933e+01 2.075933e+01 2.052200e+01 2.114695e+01 2.080933e+01 2.075933e+01 2.049445e+01 2.112693e+01
2.080933e+01 2.075933e+01 2.049445e+01 2.112693e+01 2.080933e+01 2.075933e+01 2.046861e+01 2.110525e+01
2.080933e+01 2.075933e+01 2.046861e+01 2.110525e+01 2.080933e+01 2.075933e+01 2.044456e+01 2.108203e+01
2.080933e+01 2.075933e+01 2.044456e+01 2.108203e+01 2.080933e+01 2.075933e+01 2.042240e+01 2.105742e+01
2.080933e+01 2.075933e+01 2.042240e+01 2.105742e+01 2.080933e+01 2.075933e+01 2.040218e+01 2.103154e+01
2.080933e+01 2.075933e+01 2.040218e+01 2.103154e+01 2.080933e+01 2.075933e+01 2.038395e+01 2.100452e+01
2.080933e+01 2.075933e+01 2.038395e+01 2.100452e+01 2.080933e+01 2.075933e+01 2.036777e+01 2.097651e+01
2.080933e+01 2.075933e+01 2.036777e+01 2.097651e+01 2.080933e+01 2.075933e+01 2.035368e+01 2.094761e+01
2.080933e+01 2.075933e+01 2.035368e+01 2.094761e+01 2.080933e+01 2.075933e+01 2.034170e+01 2.091796e+01
2.080933e+01 2.075933e+01 2.034170e+01 2.091796e+01 2.080933e+01 2.075933e+01 2.033186e+01 2.088768e+01
2.080933e+01 2.075933e+01 2.033186e+01 2.088768e+01 2.080933e+01 2.075933e+01 2.032418e+01 2.085688e+01
2.080933e+01 2.075933e+01 2.032418e+01 2.085688e+01 2.080933e+01 2.075933e+01 2.031868e+01 2.082570e+01
2.080933e+01 2.075933e+01 2.031868e+01 2.082570e+01 2.080933e+01 2.075933e+01 2.031538e+01 2.079423e+01
2.080933e+01 2.075933e+01 2.031538e+01 2.079423e+01 2.080933e+01 2.075933e+01 2.031427e+01 2.076261e+01
2.080933e+01 2.075933e+01 2.031427e+01 2.076261e+01 2.080933e+01 2.075933e+01 2.031538e+01 2.073095e+01
2.080933e+01 2.075933e+01 2.031538e+01 2.073095e+01 2.080933e+01 2.075933e+01 2.031870e+01 2.069936e+01
2.080933e+01 2.075933e+01 2.031870e+01 2.069936e+01 2.080933e+01 2.075933e+01 2.032423e+01 2.066798e+01
2.080933e+01 2.075933e+01 2.032423e+01 2.066798e+01 2.080933e+01 2.075933e+01 2.033198e+01 2.063691e+01
2.080933e+01 2.075933e+01 2.033198e+01 2.063691e+01 2.080933e+01 2.075933e+01 2.034193e+01 2.060629e+01
2.080933e+01 2.075933e+01 2.034193e+01 2.060629e+01 2.080933e+01 2.075933e+01 2.035407e+01 2.057624e+01
2.080933e+01 2.075933e+01 2.035407e+01 2.057624e+01 2.080933e+01 2.075933e+01 2.036838e+01 2.054690e+01
2.080933e+01 2.075933e+01 2.036838e+01 2.054690e+01 2.080933e+01 2.075933e+01 2.038484e+01 2.051839e+01
2.080933e+01 2.075933e+01 2.038484e+01 2.051839e+01 2.080933e+01 2.075933e+01 2.040340e+01 2.049087e+01
2.080933e+01 2.075933e+01 2.040340e+01 2.049087e+01 2.080933e+01 2.075933e+01 2.042403e+01 2.046448e+01
2.080933e+01 2.075933e+01 2.042403e+01 2.046448e+01 2.080933e+01 2.075933e+01 2.044666e+01 2.043935e+01
2.080933e+01 2.075933e+01 2.044666e+01 2.043935e+01 2.080933e+01 2.075933e+01 2.047121e+01 2.041564e+01
2.080933e+01 2.075933e+01 2.047121e+01 2.041564e+01 2.080933e+01 2.075933e+01 2.049761e+01 2.039349e+01
2.080933e+01 2.075933e+01 2.049761e+01 2.039349e+01 2.080933e+01 2.075933e+01 2.052574e+01 2.037305e+01
2.080933e+01 2.075933e+01 2.052574e+01 2.037305e+01 2.080933e+01 2.075933e+01 2.055549e+01 2.035447e+01
2.080933e+01 2.075933e+01 2.055549e+01 2.035447e+01 2.080933e+01 2.075933e+01 2.058670e+01 2.033787e+01
2.080933e+01 2.075933e+01 2.058670e+01 2.033787e+01 2.080933e+01 2.075933e+01 2.061923e+01 2.032339e+01
2.080933e+01 2.075933e+01 2.061923e+01 2.032339e+01 2.080933e+01 2.075933e+01 2.065289e+01 2.031114e+01
2.080933e+01 2.075933e+01 2.065289e+01 2.031114e+01 2.080933e+01 2.075933e+01 2.068749e+01 2.030122e+01
2.080933e+01 2.075933e+01 2.068749e+01 2.030122e+01 2.080933e+01 2.075933e+01 2.072282e+01 2.029371e+01
2.080933e+01 2.075933e+01 2.072282e+01 2.029371e+01 2.080933e+01 2.075933e+01 2.075866e+01 2.028867e+01
2.080933e+01 2.075933e+01 2.075866e+01 2.028867e+01 2.080933e+01 2.075933e+01 2.079479e+01 2.028615e+01
2.080933e+01 2.075933e+01 2.079479e+01 2.028615e+01 2.080933e+01 2.075933e+01 2.083097e+01 2.028615e+01
2.080933e+01 2.075933e+01 2.083097e+01 2.028615e+01 2.080933e+01 2.075933e+01 2.086698e+01 2.028866e+01
2.080933e+01 2.075933e+01 2.086698e+01 2.028866e+01 2.080933e+01 2.075933e+01 2.090258e+01 2.029367e+01
2.080933e+01 2.075933e+01 2.090258e+01 2.029367e+01 2.080933e+01 2.075933e+01 2.093757e+01 2.030110e+01
2.080933e+01 2.075933e+01 2.093757e+01 2.030110e+01 2.080933e+01 2.075933e+01 2.097174e+01 2.031090e+01
2.080933e+01 2.075933e+01 2.097174e+01 2.031090e+01 2.080933e+01 2.075933e+01 2.100490e+01 2.032297e+01
2.080933e+01 2.075933e+01 2.100490e+01 2.032297e+01 2.080933e+01 2.075933e+01 2.103687e+01 2.033720e+01
2.080933e+01 2.075933e+01 2.103687e+01 2.033720e+01 2.080933e+01 2.075933e+01 2.106751e+01 2.035349e+01
2.080933e+01 2.075933e+01 2.106751e+01 2.035349e+01 2.080933e+01 2.075933e+01 2.109666e+01 2.037171e+01
2.080933e+01 2.075933e+01 2.109666e+01 2.037171e+01 2.080933e+01 2.075933e+01 2.112422e+01 2.039172e+01
2.080933e+01 2.075933e+01 2.112422e+01 2.039172e+01 2.080933e+01 2.075933e+01 2.115006e+01 2.041341e+01
2.080933e+01 2.075933e+01 2.115006e+01 2.041341e+01 2.080933e+01 2.075933e+01 2.117410e+01 2.043662e+01
2.080933e+01 2.075933e+01 2.117410e+01 2.043662e+01 2.080933e+01 2.075933e+01 2.119627e+01 2.046124e+01
2.080933e+01 2.075933e+01 2.119627e+01 2.046124e+01 2.080933e+01 2.075933e+01 2.121649e+01 2.048712e+01
2.080933e+01 2.075933e+01 2.121649e+01 2.048712e+01 2.080933e+01 2.075933e+01 2.123471e+01 2.051413e+01
2.080933e+01 2.075933e+01 2.123471e+01 2.051413e+01 2.080933e+01 2.075933e+01 2.125089e+01 2.054215e+01
2.080933e+01 2.075933e+01 2.125089e+01 2.054215e+01 2.080933e+01 2.075933e+01 2.126499e+01 2.057105e+01
2.080933e+01 2.075933e+01 2.126499e+01 2.057105e+01 2.080933e+01 2.075933e+01 2.127697e+01 2.060070e+01
2.080933e+01 2.075933e+01 2.127697e+01 2.060070e+01 2.080933e+01 2.075933e+01 2.128681e+01 2.063098e+01
2.080933e+01 2.075933e+01 2.128681e+01 2.063098e+01 2.080933e+01 2.075933e+01 2.129448e+01 2.066177e+01
2.080933e+01 2.075933e+01 2.129448e+01 2.066177e+01 2.080933e+01 2.075933e+01 2.129998e+01 2.069296e+01
2.080933e+01 2.075933e+01 2.129998e+01 2.069296e+01 2.080933e+01 2.075933e+01 2.130329e+01 2.072442e+01
2.080933e+01 2.075933e+01 2.130329e+01 2.072442e+01 2.080933e+01 2.075933e+01 2.130440e+01 2.075605e+01
2.080933e+01 2.075933e+01 2.130440e+01 2.075605e+01 2.080933e+01 2.075933e+01 2.130329e+01 2.078771e+01
2.080933e+01 2.075933e+01 2.130329e+01 2.078771e+01 2.080933e+01 2.075933e+01 2.129997e+01 2.081929e+01
2.080933e+01 2.075933e+01 2.129997e+01 2.081929e+01 2.080933e+01 2.075933e+01 2.129443e+01 2.085068e+01
2.080933e+01 2.075933e+01 2.129443e+01 2.085068e+01 2.080933e+01 2.075933e+01 2.128669e+01 2.088175e+01
2.080933e+01 2.075933e+01 2.128669e+01 2.088175e+01 2.080933e+01 2.075933e+01 2.127674e+01 2.091237e+01
2.080933e+01 2.075933e+01 2.127674e+01 2.091237e+01 2.080933e+01 2.075933e+01 2.126460e+01 2.094242e+01
2.080933e+01 2.075933e+01 2.126460e+01 2.094242e+01 2.080933e+01 2.075933e+01 2.125028e+01 2.097176e+01
2.080933e+01 2.075933e+01 2.125028e+01 2.097176e+01 2.080933e+01 2.075933e+01 2.123383e+01 2.100026e+01
2.080933e+01 2.075933e+01 2.123383e+01 2.100026e+01 2.080933e+01 2.075933e+01 2.121526e+01 2.102778e+01
2.080933e+01 2.075933e+01 2.121526e+01 2.102778e+01 2.080933e+01 2.075933e+01 2.119464e+01 2.105418e+01
2.080933e+01 2.075933e+01 2.119464e+01 2.105418e+01 2.080933e+01 2.075933e+01 2.117201e+01 2.107931e+01
2.080933e+01 2.075933e+01 2.117201e+01 2.107931e+01 2.080933e+01 2.075933e+01 2.114745e+01 2.110302e+01
2.080933e+01 2.075933e+01 2.114745e+01 2.110302e+01 2.080933e+01 2.075933e+01 2.112106e+01 2.112517e+01
2.080933e+01 2.075933e+01 2.112106e+01 2.112517e+01 2.080933e+01 2.075933e+01 2.109292e+01 2.114560e+01
2.080933e+01 2.075933e+01 2.109292e+01 2.114560e+01 2.080933e+01 2.075933e+01 2.106318e+01 2.116419e+01
2.080933e+01 2.075933e+01 2.106318e+01 2.116419e+01 2.080933e+01 2.075933e+01 2.103196e+01 2.118079e+01
2.080933e+01 2.075933e+01 2.103196e+01 2.118079e+01 2.080933e+01 2.075933e+01 2.099943e+01 2.119527e+01
2.080933e+01 2.075933e+01 2.099943e+01 2.119527e+01 2.080933e+01 2.075933e+01 2.096577e+01 2.120752e+01
2.080933e+01 2.075933e+01 2.096577e+01 2.120752e+01 2.080933e+01 2.075933e+01 2.093117e+01 2.121744e+01
2.080933e+01 2.075933e+01 2.093117e+01 2.121744e+01 2.080933e+01 2.075933e+01 2.089584e+01 2.122495e+01
2.080933e+01 2.075933e+01 2.089584e+01 2.122495e+01 2.080933e+01 2.075933e+01 2.086000e+01 2.122998e+01
2.080933e+01 2.075933e+01 2.086000e+01 2.122998e+01 2.080933e+01 2.075933e+01 2.082388e+01 2.123251e+01
2.080933e+01 2.075933e+01 2.082388e+01 2.123251e+01 2.080933e+01 2.075933e+01 2.078770e+01 2.123251e+01
2.080933e+01 2.075933e+01 2.078770e+01 2.123251e+01 2.080933e+01 2.075933e+01 2.075169e+01 2.122999e+01
2.080933e+01 2.075933e+01 2.075169e+01 2.122999e+01 2.080933e+01 2.075933e+01 2.071609e+01 2.122499e+01
2.080933e+01 2.075933e+01 2.071609e+01 2.122499e+01 2.080933e+01 2.075933e+01 2.068110e+01 2.121755e+01
2.080933e+01 2.075933e+01 2.068110e+01 2.121755e+01 2.080933e+01 2.075933e+01 2.064693e+01 2.120776e+01
2.080933e+01 2.075933e+01 2.064693e+01 2.120776e+01 2.080933e+01 2.075933e+01 2.061377e+01 2.119569e+01
2.080933e+01 2.075933e+01 2.061377e+01 2.119569e+01 2.080933e+01 2.075933e+01 2.058179e+01 2.118145e+01
2.080933e+01 2.075933e+01 2.058179e+01 2.118145e+01 2.080933e+01 2.075933e+01 2.055116e+01 2.116517e+01
2.080933e+01 2.075933e+01 2.055116e+01 2.116517e+01 2.080933e+01 2.075933e+01 2.052200e+01 2.114695e+01
2.080933e+01 2.075933e+01 2.052200e+01 2.114695e+01 2.080933e+01 2.075933e+01 2.049445e+01 2.112693e+01
2.080933e+01 2.075933e+01 2.049445e+01 2.112693e+01 2.080933e+01 2.075933e+01 2.046861e+01 2.110525e+01
2.080933e+01 2.075933e+01 2.046861e+01 2.110525e+01 2.080933e+01 2.075933e+01 2.044456e+01 2.108203e+01
2.080933e+01 2.075933e+01 2.044456e+01 2.108203e+01 2.080933e+01 2.075933e+01 2.042240e+01 2.105742e+01
2.080933e+01 2.075933e+01 2.042240e+01 2.105742e+01 2.080933e+01 2.075933e+01 2.040218e+01 2.103154e+01
2.080933e+01 2.075933e+01 2.040218e+01 2.103154e+01 2.080933e+01 2.075933e+01 2.038395e+01 2.100452e+01
2.080933e+01 2.075933e+01 2.038395e+01 2.100452e+01 2.080933e+01 2.075933e+01 2.036777e+01 2.097651e+01
2.080933e+01 2.075933e+01 2.036777e+01 2.097651e+01 2.080933e+01 2.075933e+01 2.035368e+01 2.094761e+01
2.080933e+01 2.075933e+01 2.035368e+01 2.094761e+01 2.080933e+01 2.075933e+01 2.034170e+01 2.091796e+01
2.080933e+01 2.075933e+01 2.034170e+01 2.091796e+01 2.080933e+01 2.075933e+01 2.033186e+01 2.088768e+01
2.080933e+01 2.075933e+01 2.033186e+01 2.088768e+01 2.080933e+01 2.075933e+01 2.032418e+01 2.085688e+01
2.080933e+01 2.075933e+01 2.032418e+01 2.085688e+01 2.080933e+01 2.075933e+01 2.031868e+01 2.082570e+01
2.080933e+01 2.075933e+01 2.031868e+01 2.082570e+01 2.080933e+01 2.075933e+01 2.031538e+01 2.079423e+01
2.080933e+01 2.075933e+01 2.031538e+01 2.079423e+01 2.080933e+01 2.075933e+01 2.031427e+01 2.076261e+01
