2.079500e+01 2.039000e+01 2.082321e+01 2.087115e+01 2.079000e+01 2.039500e+01 2.082359e+01 2.087602e+01
2.079500e+01 2.039000e+01 2.082321e+01 2.087115e+01 2.080500e+01 2.039000e+01 2.082335e+01 2.087190e+01
2.080500e+01 2.039000e+01 2.082335e+01 2.087190e+01 2.081500e+01 2.039000e+01 2.082347e+01 2.087245e+01
2.081500e+01 2.039000e+01 2.082347e+01 2.087245e+01 2.082500e+01 2.039000e+01 2.082357e+01 2.087280e+01
2.082500e+01 2.039000e+01 2.082357e+01 2.087280e+01 2.083000e+01 2.039500e+01 2.082370e+01 2.087826e+01
2.073500e+01 2.040000e+01 2.082303e+01 2.087307e+01 2.073000e+01 2.040500e+01 2.082382e+01 2.087719e+01
2.073500e+01 2.040000e+01 2.082303e+01 2.087307e+01 2.074500e+01 2.040000e+01 2.082343e+01 2.087500e+01
2.074500e+01 2.040000e+01 2.082343e+01 2.087500e+01 2.075500e+01 2.040000e+01 2.082372e+01 2.087676e+01
2.075500e+01 2.040000e+01 2.082372e+01 2.087676e+01 2.076500e+01 2.040000e+01 2.082392e+01 2.087832e+01
2.076500e+01 2.040000e+01 2.082392e+01 2.087832e+01 2.077500e+01 2.040000e+01 2.082404e+01 2.087970e+01
2.077500e+01 2.040000e+01 2.082404e+01 2.087970e+01 2.078500e+01 2.040000e+01 2.082408e+01 2.088088e+01
2.079000e+01 2.039500e+01 2.082359e+01 2.087602e+01 2.078500e+01 2.040000e+01 2.082408e+01 2.088088e+01
2.083000e+01 2.039500e+01 2.082370e+01 2.087826e+01 2.083500e+01 2.040000e+01 2.082372e+01 2.088373e+01
2.083500e+01 2.040000e+01 2.082372e+01 2.088373e+01 2.084500e+01 2.040000e+01 2.082363e+01 2.088368e+01
2.084500e+01 2.040000e+01 2.082363e+01 2.088368e+01 2.085500e+01 2.040000e+01 2.082356e+01 2.088342e+01
2.085500e+01 2.040000e+01 2.082356e+01 2.088342e+01 2.086500e+01 2.040000e+01 2.082354e+01 2.088296e+01
2.086500e+01 2.040000e+01 2.082354e+01 2.088296e+01 2.087500e+01 2.040000e+01 2.082356e+01 2.088230e+01
2.087500e+01 2.040000e+01 2.082356e+01 2.088230e+01 2.088500e+01 2.040000e+01 2.082365e+01 2.088144e+01
2.088500e+01 2.040000e+01 2.082365e+01 2.088144e+01 2.089500e+01 2.040000e+01 2.082388e+01 2.088079e+01
2.089500e+01 2.040000e+01 2.082388e+01 2.088079e+01 2.090000e+01 2.040500e+01 2.082345e+01 2.088588e+01
2.069500e+01 2.041000e+01 2.082286e+01 2.087371e+01 2.069000e+01 2.041500e+01 2.082380e+01 2.087729e+01
2.069500e+01 2.041000e+01 2.082286e+01 2.087371e+01 2.070500e+01 2.041000e+01 2.082363e+01 2.087639e+01
2.070500e+01 2.041000e+01 2.082363e+01 2.087639e+01 2.071500e+01 2.041000e+01 2.082426e+01 2.087891e+01
2.071500e+01 2.041000e+01 2.082426e+01 2.087891e+01 2.072500e+01 2.041000e+01 2.082474e+01 2.088126e+01
2.073000e+01 2.040500e+01 2.082382e+01 2.087719e+01 2.072500e+01 2.041000e+01 2.082474e+01 2.088126e+01
2.090000e+01 2.040500e+01 2.082345e+01 2.088588e+01 2.090500e+01 2.041000e+01 2.082277e+01 2.089012e+01
2.090500e+01 2.041000e+01 2.082277e+01 2.089012e+01 2.091500e+01 2.041000e+01 2.082288e+01 2.088824e+01
2.091500e+01 2.041000e+01 2.082288e+01 2.088824e+01 2.092500e+01 2.041000e+01 2.082316e+01 2.088657e+01
2.092500e+01 2.041000e+01 2.082316e+01 2.088657e+01 2.093000e+01 2.041500e+01 2.082244e+01 2.089086e+01
2.067500e+01 2.042000e+01 2.082390e+01 2.087773e+01 2.067000e+01 2.042500e+01 2.082492e+01 2.088099e+01
2.067500e+01 2.042000e+01 2.082390e+01 2.087773e+01 2.068500e+01 2.042000e+01 2.082487e+01 2.088079e+01
2.069000e+01 2.041500e+01 2.082380e+01 2.087729e+01 2.068500e+01 2.042000e+01 2.082487e+01 2.088079e+01
2.093000e+01 2.041500e+01 2.082244e+01 2.089086e+01 2.093500e+01 2.042000e+01 2.082160e+01 2.089508e+01
2.093500e+01 2.042000e+01 2.082160e+01 2.089508e+01 2.094500e+01 2.042000e+01 2.082197e+01 2.089299e+01
2.094500e+01 2.042000e+01 2.082197e+01 2.089299e+01 2.095500e+01 2.042000e+01 2.082249e+01 2.089074e+01
2.095500e+01 2.042000e+01 2.082249e+01 2.089074e+01 2.096000e+01 2.042500e+01 2.082162e+01 2.089459e+01
2.065500e+01 2.043000e+01 2.082485e+01 2.088075e+01 2.065000e+01 2.043500e+01 2.082592e+01 2.088370e+01
2.065500e+01 2.043000e+01 2.082485e+01 2.088075e+01 2.066500e+01 2.043000e+01 2.082607e+01 2.088417e+01
2.067000e+01 2.042500e+01 2.082492e+01 2.088099e+01 2.066500e+01 2.043000e+01 2.082607e+01 2.088417e+01
2.096000e+01 2.042500e+01 2.082162e+01 2.089459e+01 2.096500e+01 2.043000e+01 2.082062e+01 2.089836e+01
2.096500e+01 2.043000e+01 2.082062e+01 2.089836e+01 2.097500e+01 2.043000e+01 2.082130e+01 2.089570e+01
2.097500e+01 2.043000e+01 2.082130e+01 2.089570e+01 2.098500e+01 2.043000e+01 2.082215e+01 2.089290e+01
2.098500e+01 2.043000e+01 2.082215e+01 2.089290e+01 2.099000e+01 2.043500e+01 2.082120e+01 2.089631e+01
2.063500e+01 2.044000e+01 2.082566e+01 2.088320e+01 2.063000e+01 2.044500e+01 2.082673e+01 2.088584e+01
2.063500e+01 2.044000e+01 2.082566e+01 2.088320e+01 2.064500e+01 2.044000e+01 2.082717e+01 2.088696e+01
2.065000e+01 2.043500e+01 2.082592e+01 2.088370e+01 2.064500e+01 2.044000e+01 2.082717e+01 2.088696e+01
2.099000e+01 2.043500e+01 2.082120e+01 2.089631e+01 2.099500e+01 2.044000e+01 2.082013e+01 2.089961e+01
2.099500e+01 2.044000e+01 2.082013e+01 2.089961e+01 2.100500e+01 2.044000e+01 2.082121e+01 2.089644e+01
2.100500e+01 2.044000e+01 2.082121e+01 2.089644e+01 2.101000e+01 2.044500e+01 2.082020e+01 2.089951e+01
2.061500e+01 2.045000e+01 2.082598e+01 2.088388e+01 2.061000e+01 2.045500e+01 2.082702e+01 2.088621e+01
2.061500e+01 2.045000e+01 2.082598e+01 2.088388e+01 2.062500e+01 2.045000e+01 2.082783e+01 2.088795e+01
2.063000e+01 2.044500e+01 2.082673e+01 2.088584e+01 2.062500e+01 2.045000e+01 2.082783e+01 2.088795e+01
2.101000e+01 2.044500e+01 2.082020e+01 2.089951e+01 2.101500e+01 2.045000e+01 2.081907e+01 2.090246e+01
2.101500e+01 2.045000e+01 2.081907e+01 2.090246e+01 2.102500e+01 2.045000e+01 2.082043e+01 2.089894e+01
2.102500e+01 2.045000e+01 2.082043e+01 2.089894e+01 2.103000e+01 2.045500e+01 2.081940e+01 2.090167e+01
2.060500e+01 2.046000e+01 2.082815e+01 2.088842e+01 2.060000e+01 2.046500e+01 2.082920e+01 2.089054e+01
2.061000e+01 2.045500e+01 2.082702e+01 2.088621e+01 2.060500e+01 2.046000e+01 2.082815e+01 2.088842e+01
2.103000e+01 2.045500e+01 2.081940e+01 2.090167e+01 2.103500e+01 2.046000e+01 2.081826e+01 2.090429e+01
2.103500e+01 2.046000e+01 2.081826e+01 2.090429e+01 2.104500e+01 2.046000e+01 2.081993e+01 2.090045e+01
2.104500e+01 2.046000e+01 2.081993e+01 2.090045e+01 2.105000e+01 2.046500e+01 2.081891e+01 2.090286e+01
2.058500e+01 2.047000e+01 2.082794e+01 2.088803e+01 2.058000e+01 2.047500e+01 2.082890e+01 2.088986e+01
2.058500e+01 2.047000e+01 2.082794e+01 2.088803e+01 2.059500e+01 2.047000e+01 2.083034e+01 2.089254e+01
2.060000e+01 2.046500e+01 2.082920e+01 2.089054e+01 2.059500e+01 2.047000e+01 2.083034e+01 2.089254e+01
2.105000e+01 2.046500e+01 2.081891e+01 2.090286e+01 2.105500e+01 2.047000e+01 2.081778e+01 2.090506e+01
2.105500e+01 2.047000e+01 2.081778e+01 2.090506e+01 2.106500e+01 2.047000e+01 2.081980e+01 2.090092e+01
2.106500e+01 2.047000e+01 2.081980e+01 2.090092e+01 2.107000e+01 2.047500e+01 2.081881e+01 2.090293e+01
2.057500e+01 2.048000e+01 2.082993e+01 2.089155e+01 2.057000e+01 2.048500e+01 2.083087e+01 2.089316e+01
2.058000e+01 2.047500e+01 2.082890e+01 2.088986e+01 2.057500e+01 2.048000e+01 2.082993e+01 2.089155e+01
2.107000e+01 2.047500e+01 2.081881e+01 2.090293e+01 2.107500e+01 2.048000e+01 2.081773e+01 2.090479e+01
2.107500e+01 2.048000e+01 2.081773e+01 2.090479e+01 2.108500e+01 2.048000e+01 2.082012e+01 2.090040e+01
2.108500e+01 2.048000e+01 2.082012e+01 2.090040e+01 2.109000e+01 2.048500e+01 2.081921e+01 2.090208e+01
2.055500e+01 2.049000e+01 2.082883e+01 2.088980e+01 2.055000e+01 2.049500e+01 2.082963e+01 2.089114e+01
2.055500e+01 2.049000e+01 2.082883e+01 2.088980e+01 2.056500e+01 2.049000e+01 2.083188e+01 2.089464e+01
2.057000e+01 2.048500e+01 2.083087e+01 2.089316e+01 2.056500e+01 2.049000e+01 2.083188e+01 2.089464e+01
2.109000e+01 2.048500e+01 2.081921e+01 2.090208e+01 2.109500e+01 2.049000e+01 2.081821e+01 2.090358e+01
2.109500e+01 2.049000e+01 2.081821e+01 2.090358e+01 2.110500e+01 2.049000e+01 2.082099e+01 2.089897e+01
2.110500e+01 2.049000e+01 2.082099e+01 2.089897e+01 2.111500e+01 2.049000e+01 2.082400e+01 2.089432e+01
2.111500e+01 2.049000e+01 2.082400e+01 2.089432e+01 2.112000e+01 2.049500e+01 2.082328e+01 2.089559e+01
2.054500e+01 2.050000e+01 2.083048e+01 2.089234e+01 2.054000e+01 2.050500e+01 2.083121e+01 2.089349e+01
2.055000e+01 2.049500e+01 2.082963e+01 2.089114e+01 2.054500e+01 2.050000e+01 2.083048e+01 2.089234e+01
2.112000e+01 2.049500e+01 2.082328e+01 2.089559e+01 2.112500e+01 2.050000e+01 2.082248e+01 2.089666e+01
2.112500e+01 2.050000e+01 2.082248e+01 2.089666e+01 2.113500e+01 2.050000e+01 2.082591e+01 2.089185e+01
2.113500e+01 2.050000e+01 2.082591e+01 2.089185e+01 2.114000e+01 2.050500e+01 2.082531e+01 2.089279e+01
2.053500e+01 2.051000e+01 2.083200e+01 2.089448e+01 2.053000e+01 2.051500e+01 2.083267e+01 2.089543e+01
2.054000e+01 2.050500e+01 2.083121e+01 2.089349e+01 2.053500e+01 2.051000e+01 2.083200e+01 2.089448e+01
2.114000e+01 2.050500e+01 2.082531e+01 2.089279e+01 2.114500e+01 2.051000e+01 2.082455e+01 2.089354e+01
2.114500e+01 2.051000e+01 2.082455e+01 2.089354e+01 2.115500e+01 2.051000e+01 2.082840e+01 2.088860e+01
2.115500e+01 2.051000e+01 2.082840e+01 2.088860e+01 2.116000e+01 2.051500e+01 2.082784e+01 2.088925e+01
2.051500e+01 2.052000e+01 2.082940e+01 2.089107e+01 2.051000e+01 2.052500e+01 2.082986e+01 2.089179e+01
2.051500e+01 2.052000e+01 2.082940e+01 2.089107e+01 2.052500e+01 2.052000e+01 2.083338e+01 2.089622e+01
2.053000e+01 2.051500e+01 2.083267e+01 2.089543e+01 2.052500e+01 2.052000e+01 2.083338e+01 2.089622e+01
2.116000e+01 2.051500e+01 2.082784e+01 2.088925e+01 2.116500e+01 2.052000e+01 2.082747e+01 2.088964e+01
2.116500e+01 2.052000e+01 2.082747e+01 2.088964e+01 2.117500e+01 2.052000e+01 2.083177e+01 2.088461e+01
2.117500e+01 2.052000e+01 2.083177e+01 2.088461e+01 2.118500e+01 2.052000e+01 2.083626e+01 2.087958e+01
2.118500e+01 2.052000e+01 2.083626e+01 2.087958e+01 2.119000e+01 2.052500e+01 2.083611e+01 2.087989e+01
2.050500e+01 2.053000e+01 2.083036e+01 2.089235e+01 2.050000e+01 2.053500e+01 2.083072e+01 2.089289e+01
2.051000e+01 2.052500e+01 2.082986e+01 2.089179e+01 2.050500e+01 2.053000e+01 2.083036e+01 2.089235e+01
2.119000e+01 2.052500e+01 2.083611e+01 2.087989e+01 2.119500e+01 2.053000e+01 2.083595e+01 2.087997e+01
2.119500e+01 2.053000e+01 2.083595e+01 2.087997e+01 2.120500e+01 2.053000e+01 2.084088e+01 2.087490e+01
2.120500e+01 2.053000e+01 2.084088e+01 2.087490e+01 2.121000e+01 2.053500e+01 2.084093e+01 2.087494e+01
2.049500e+01 2.054000e+01 2.083111e+01 2.089330e+01 2.049000e+01 2.054500e+01 2.083137e+01 2.089366e+01
2.050000e+01 2.053500e+01 2.083072e+01 2.089289e+01 2.049500e+01 2.054000e+01 2.083111e+01 2.089330e+01
2.121000e+01 2.053500e+01 2.084093e+01 2.087494e+01 2.121500e+01 2.054000e+01 2.084098e+01 2.087475e+01
2.121500e+01 2.054000e+01 2.084098e+01 2.087475e+01 2.122500e+01 2.054000e+01 2.084646e+01 2.086967e+01
2.122500e+01 2.054000e+01 2.084646e+01 2.086967e+01 2.123500e+01 2.054000e+01 2.085204e+01 2.086465e+01
2.123500e+01 2.054000e+01 2.085204e+01 2.086465e+01 2.124000e+01 2.054500e+01 2.085244e+01 2.086444e+01
2.048500e+01 2.055000e+01 2.083164e+01 2.089385e+01 2.048000e+01 2.055500e+01 2.083179e+01 2.089407e+01
2.049000e+01 2.054500e+01 2.083137e+01 2.089366e+01 2.048500e+01 2.055000e+01 2.083164e+01 2.089385e+01
2.124000e+01 2.054500e+01 2.085244e+01 2.086444e+01 2.124500e+01 2.055000e+01 2.085284e+01 2.086402e+01
2.124500e+01 2.055000e+01 2.085284e+01 2.086402e+01 2.125500e+01 2.055000e+01 2.085885e+01 2.085904e+01
2.125500e+01 2.055000e+01 2.085885e+01 2.085904e+01 2.126000e+01 2.055500e+01 2.085948e+01 2.085857e+01
2.046500e+01 2.056000e+01 2.082669e+01 2.088884e+01 2.046000e+01 2.056500e+01 2.082657e+01 2.088887e+01
2.046500e+01 2.056000e+01 2.082669e+01 2.088884e+01 2.047500e+01 2.056000e+01 2.083192e+01 2.089407e+01
2.048000e+01 2.055500e+01 2.083179e+01 2.089407e+01 2.047500e+01 2.056000e+01 2.083192e+01 2.089407e+01
2.126000e+01 2.055500e+01 2.085948e+01 2.085857e+01 2.126500e+01 2.056000e+01 2.086014e+01 2.085795e+01
2.126500e+01 2.056000e+01 2.086014e+01 2.085795e+01 2.127500e+01 2.056000e+01 2.086659e+01 2.085313e+01
2.127500e+01 2.056000e+01 2.086659e+01 2.085313e+01 2.128000e+01 2.056500e+01 2.086749e+01 2.085256e+01
2.045500e+01 2.057000e+01 2.082644e+01 2.088871e+01 2.045000e+01 2.057500e+01 2.082617e+01 2.088856e+01
2.046000e+01 2.056500e+01 2.082657e+01 2.088887e+01 2.045500e+01 2.057000e+01 2.082644e+01 2.088871e+01
2.128000e+01 2.056500e+01 2.086749e+01 2.085256e+01 2.128500e+01 2.057000e+01 2.086842e+01 2.085178e+01
2.128500e+01 2.057000e+01 2.086842e+01 2.085178e+01 2.129500e+01 2.057000e+01 2.087529e+01 2.084702e+01
2.129500e+01 2.057000e+01 2.087529e+01 2.084702e+01 2.130000e+01 2.057500e+01 2.087646e+01 2.084631e+01
2.044500e+01 2.058000e+01 2.082590e+01 2.088827e+01 2.044000e+01 2.058500e+01 2.082549e+01 2.088801e+01
2.045000e+01 2.057500e+01 2.082617e+01 2.088856e+01 2.044500e+01 2.058000e+01 2.082590e+01 2.088827e+01
2.130000e+01 2.057500e+01 2.087646e+01 2.084631e+01 2.130500e+01 2.058000e+01 2.087767e+01 2.084540e+01
2.130500e+01 2.058000e+01 2.087767e+01 2.084540e+01 2.131500e+01 2.058000e+01 2.088495e+01 2.084079e+01
2.131500e+01 2.058000e+01 2.088495e+01 2.084079e+01 2.132000e+01 2.058500e+01 2.088640e+01 2.083998e+01
2.043500e+01 2.059000e+01 2.082506e+01 2.088758e+01 2.043000e+01 2.059500e+01 2.082450e+01 2.088719e+01
2.044000e+01 2.058500e+01 2.082549e+01 2.088801e+01 2.043500e+01 2.059000e+01 2.082506e+01 2.088758e+01
2.132000e+01 2.058500e+01 2.088640e+01 2.083998e+01 2.132500e+01 2.059000e+01 2.088791e+01 2.083899e+01
2.132500e+01 2.059000e+01 2.088791e+01 2.083899e+01 2.133500e+01 2.059000e+01 2.089559e+01 2.083457e+01
2.133500e+01 2.059000e+01 2.089559e+01 2.083457e+01 2.134000e+01 2.059500e+01 2.089734e+01 2.083370e+01
2.042500e+01 2.060000e+01 2.082390e+01 2.088663e+01 2.042000e+01 2.060500e+01 2.082318e+01 2.088610e+01
2.043000e+01 2.059500e+01 2.082450e+01 2.088719e+01 2.042500e+01 2.060000e+01 2.082390e+01 2.088663e+01
2.134000e+01 2.059500e+01 2.089734e+01 2.083370e+01 2.134500e+01 2.060000e+01 2.089915e+01 2.083267e+01
2.134500e+01 2.060000e+01 2.089915e+01 2.083267e+01 2.135000e+01 2.060500e+01 2.090107e+01 2.083170e+01
2.041500e+01 2.061000e+01 2.082241e+01 2.088542e+01 2.041000e+01 2.061500e+01 2.082152e+01 2.088478e+01
2.042000e+01 2.060500e+01 2.082318e+01 2.088610e+01 2.041500e+01 2.061000e+01 2.082241e+01 2.088542e+01
2.135000e+01 2.060500e+01 2.090107e+01 2.083170e+01 2.135500e+01 2.061000e+01 2.090309e+01 2.083058e+01
2.135500e+01 2.061000e+01 2.090309e+01 2.083058e+01 2.136500e+01 2.061000e+01 2.091137e+01 2.082653e+01
2.136500e+01 2.061000e+01 2.091137e+01 2.082653e+01 2.137000e+01 2.061500e+01 2.091360e+01 2.082557e+01
2.039500e+01 2.062000e+01 2.081382e+01 2.087910e+01 2.039000e+01 2.062500e+01 2.081263e+01 2.087840e+01
2.039500e+01 2.062000e+01 2.081382e+01 2.087910e+01 2.040500e+01 2.062000e+01 2.082057e+01 2.088398e+01
2.041000e+01 2.061500e+01 2.082152e+01 2.088478e+01 2.040500e+01 2.062000e+01 2.082057e+01 2.088398e+01
2.137000e+01 2.061500e+01 2.091360e+01 2.082557e+01 2.137500e+01 2.062000e+01 2.091591e+01 2.082448e+01
2.137500e+01 2.062000e+01 2.091591e+01 2.082448e+01 2.138000e+01 2.062500e+01 2.091833e+01 2.082347e+01
2.038500e+01 2.063000e+01 2.081114e+01 2.087760e+01 2.038000e+01 2.063500e+01 2.080977e+01 2.087682e+01
2.039000e+01 2.062500e+01 2.081263e+01 2.087840e+01 2.038500e+01 2.063000e+01 2.081114e+01 2.087760e+01
2.138000e+01 2.062500e+01 2.091833e+01 2.082347e+01 2.138500e+01 2.063000e+01 2.092084e+01 2.082235e+01
2.138500e+01 2.063000e+01 2.092084e+01 2.082235e+01 2.139000e+01 2.063500e+01 2.092346e+01 2.082132e+01
2.037500e+01 2.064000e+01 2.080834e+01 2.087589e+01 2.037000e+01 2.064500e+01 2.080679e+01 2.087504e+01
2.038000e+01 2.063500e+01 2.080977e+01 2.087682e+01 2.037500e+01 2.064000e+01 2.080834e+01 2.087589e+01
2.139000e+01 2.063500e+01 2.092346e+01 2.082132e+01 2.139500e+01 2.064000e+01 2.092618e+01 2.082019e+01
2.139500e+01 2.064000e+01 2.092618e+01 2.082019e+01 2.140000e+01 2.064500e+01 2.092900e+01 2.081916e+01
2.036500e+01 2.065000e+01 2.080516e+01 2.087403e+01 2.036000e+01 2.065500e+01 2.080342e+01 2.087311e+01
2.037000e+01 2.064500e+01 2.080679e+01 2.087504e+01 2.036500e+01 2.065000e+01 2.080516e+01 2.087403e+01
2.140000e+01 2.064500e+01 2.092900e+01 2.081916e+01 2.140500e+01 2.065000e+01 2.093193e+01 2.081805e+01
2.140500e+01 2.065000e+01 2.093193e+01 2.081805e+01 2.141000e+01 2.065500e+01 2.093496e+01 2.081704e+01
2.035500e+01 2.066000e+01 2.080161e+01 2.087205e+01 2.035000e+01 2.066500e+01 2.079968e+01 2.087106e+01
2.036000e+01 2.065500e+01 2.080342e+01 2.087311e+01 2.035500e+01 2.066000e+01 2.080161e+01 2.087205e+01
2.141000e+01 2.065500e+01 2.093496e+01 2.081704e+01 2.141500e+01 2.066000e+01 2.093809e+01 2.081597e+01
2.141500e+01 2.066000e+01 2.093809e+01 2.081597e+01 2.142000e+01 2.066500e+01 2.094132e+01 2.081501e+01
2.034500e+01 2.067000e+01 2.079767e+01 2.086995e+01 2.034000e+01 2.067500e+01 2.079555e+01 2.086892e+01
2.035000e+01 2.066500e+01 2.079968e+01 2.087106e+01 2.034500e+01 2.067000e+01 2.079767e+01 2.086995e+01
2.081500e+01 2.067000e+01 2.083732e+01 2.110178e+01 2.081000e+01 2.067500e+01 2.084346e+01 2.110179e+01
2.081500e+01 2.067000e+01 2.083732e+01 2.110178e+01 2.082500e+01 2.067000e+01 2.082552e+01 2.110142e+01
2.082500e+01 2.067000e+01 2.082552e+01 2.110142e+01 2.083500e+01 2.067000e+01 2.081385e+01 2.110014e+01
2.083500e+01 2.067000e+01 2.081385e+01 2.110014e+01 2.084500e+01 2.067000e+01 2.080248e+01 2.109798e+01
2.084500e+01 2.067000e+01 2.080248e+01 2.109798e+01 2.085000e+01 2.067500e+01 2.079556e+01 2.109639e+01
2.142000e+01 2.066500e+01 2.094132e+01 2.081501e+01 2.142500e+01 2.067000e+01 2.094467e+01 2.081399e+01
2.142500e+01 2.067000e+01 2.094467e+01 2.081399e+01 2.143000e+01 2.067500e+01 2.094811e+01 2.081310e+01
2.032500e+01 2.068000e+01 2.078483e+01 2.086389e+01 2.032000e+01 2.068500e+01 2.078241e+01 2.086292e+01
2.032500e+01 2.068000e+01 2.078483e+01 2.086389e+01 2.033500e+01 2.068000e+01 2.079334e+01 2.086777e+01
2.034000e+01 2.067500e+01 2.079555e+01 2.086892e+01 2.033500e+01 2.068000e+01 2.079334e+01 2.086777e+01
2.076500e+01 2.068000e+01 2.089553e+01 2.108987e+01 2.076000e+01 2.068500e+01 2.090246e+01 2.108690e+01
2.076500e+01 2.068000e+01 2.089553e+01 2.108987e+01 2.077500e+01 2.068000e+01 2.088531e+01 2.109386e+01
2.077500e+01 2.068000e+01 2.088531e+01 2.109386e+01 2.078500e+01 2.068000e+01 2.087423e+01 2.109716e+01
2.078500e+01 2.068000e+01 2.087423e+01 2.109716e+01 2.079500e+01 2.068000e+01 2.086243e+01 2.109964e+01
2.079500e+01 2.068000e+01 2.086243e+01 2.109964e+01 2.080500e+01 2.068000e+01 2.085008e+01 2.110121e+01
2.081000e+01 2.067500e+01 2.084346e+01 2.110179e+01 2.080500e+01 2.068000e+01 2.085008e+01 2.110121e+01
2.085000e+01 2.067500e+01 2.079556e+01 2.109639e+01 2.085500e+01 2.068000e+01 2.078806e+01 2.109400e+01
2.085500e+01 2.068000e+01 2.078806e+01 2.109400e+01 2.086500e+01 2.068000e+01 2.077708e+01 2.108991e+01
2.086500e+01 2.068000e+01 2.077708e+01 2.108991e+01 2.087500e+01 2.068000e+01 2.076692e+01 2.108519e+01
2.087500e+01 2.068000e+01 2.076692e+01 2.108519e+01 2.088500e+01 2.068000e+01 2.075762e+01 2.107995e+01
2.088500e+01 2.068000e+01 2.075762e+01 2.107995e+01 2.089000e+01 2.068500e+01 2.075059e+01 2.107555e+01
2.143000e+01 2.067500e+01 2.094811e+01 2.081310e+01 2.143000e+01 2.068500e+01 2.094553e+01 2.081382e+01
2.031500e+01 2.069000e+01 2.077991e+01 2.086185e+01 2.031000e+01 2.069500e+01 2.077730e+01 2.086087e+01
2.032000e+01 2.068500e+01 2.078241e+01 2.086292e+01 2.031500e+01 2.069000e+01 2.077991e+01 2.086185e+01
2.074500e+01 2.069000e+01 2.091847e+01 2.107782e+01 2.074000e+01 2.069500e+01 2.092508e+01 2.107338e+01
2.074500e+01 2.069000e+01 2.091847e+01 2.107782e+01 2.075500e+01 2.069000e+01 2.090977e+01 2.108309e+01
2.076000e+01 2.068500e+01 2.090246e+01 2.108690e+01 2.075500e+01 2.069000e+01 2.090977e+01 2.108309e+01
2.089000e+01 2.068500e+01 2.075059e+01 2.107555e+01 2.089500e+01 2.069000e+01 2.074318e+01 2.107021e+01
2.089500e+01 2.069000e+01 2.074318e+01 2.107021e+01 2.090500e+01 2.069000e+01 2.073539e+01 2.106388e+01
2.090500e+01 2.069000e+01 2.073539e+01 2.106388e+01 2.091000e+01 2.069500e+01 2.072870e+01 2.105792e+01
2.143000e+01 2.068500e+01 2.094553e+01 2.081382e+01 2.143500e+01 2.069000e+01 2.094921e+01 2.081287e+01
2.143500e+01 2.069000e+01 2.094921e+01 2.081287e+01 2.144000e+01 2.069500e+01 2.095298e+01 2.081204e+01
2.030500e+01 2.070000e+01 2.077460e+01 2.085978e+01 2.030000e+01 2.070500e+01 2.077180e+01 2.085880e+01
2.031000e+01 2.069500e+01 2.077730e+01 2.086087e+01 2.030500e+01 2.070000e+01 2.077460e+01 2.085978e+01
2.072500e+01 2.070000e+01 2.093865e+01 2.106209e+01 2.072000e+01 2.070500e+01 2.094452e+01 2.105647e+01
2.072500e+01 2.070000e+01 2.093865e+01 2.106209e+01 2.073500e+01 2.070000e+01 2.093191e+01 2.106805e+01
2.074000e+01 2.069500e+01 2.092508e+01 2.107338e+01 2.073500e+01 2.070000e+01 2.093191e+01 2.106805e+01
2.091000e+01 2.069500e+01 2.072870e+01 2.105792e+01 2.091500e+01 2.070000e+01 2.072179e+01 2.105098e+01
2.091500e+01 2.070000e+01 2.072179e+01 2.105098e+01 2.092000e+01 2.070500e+01 2.071532e+01 2.104387e+01
2.144000e+01 2.069500e+01 2.095298e+01 2.081204e+01 2.144000e+01 2.070500e+01 2.095081e+01 2.081254e+01
2.029500e+01 2.071000e+01 2.076891e+01 2.085773e+01 2.029000e+01 2.071500e+01 2.076592e+01 2.085675e+01
2.030000e+01 2.070500e+01 2.077180e+01 2.085880e+01 2.029500e+01 2.071000e+01 2.076891e+01 2.085773e+01
2.071500e+01 2.071000e+01 2.095043e+01 2.104999e+01 2.071000e+01 2.071500e+01 2.095583e+01 2.104352e+01
2.072000e+01 2.070500e+01 2.094452e+01 2.105647e+01 2.071500e+01 2.071000e+01 2.095043e+01 2.104999e+01
2.092000e+01 2.070500e+01 2.071532e+01 2.104387e+01 2.092500e+01 2.071000e+01 2.070874e+01 2.103578e+01
2.092500e+01 2.071000e+01 2.070874e+01 2.103578e+01 2.093000e+01 2.071500e+01 2.070262e+01 2.102763e+01
2.144000e+01 2.070500e+01 2.095081e+01 2.081254e+01 2.144000e+01 2.071500e+01 2.094884e+01 2.081288e+01
2.028500e+01 2.072000e+01 2.076283e+01 2.085570e+01 2.028000e+01 2.072500e+01 2.075966e+01 2.085476e+01
2.029000e+01 2.071500e+01 2.076592e+01 2.085675e+01 2.028500e+01 2.072000e+01 2.076283e+01 2.085570e+01
2.070500e+01 2.072000e+01 2.096117e+01 2.103620e+01 2.070000e+01 2.072500e+01 2.096598e+01 2.102899e+01
2.071000e+01 2.071500e+01 2.095583e+01 2.104352e+01 2.070500e+01 2.072000e+01 2.096117e+01 2.103620e+01
2.093000e+01 2.071500e+01 2.070262e+01 2.102763e+01 2.093500e+01 2.072000e+01 2.069647e+01 2.101855e+01
2.093500e+01 2.072000e+01 2.069647e+01 2.101855e+01 2.094000e+01 2.072500e+01 2.069082e+01 2.100950e+01
2.144000e+01 2.071500e+01 2.094884e+01 2.081288e+01 2.144500e+01 2.072000e+01 2.095299e+01 2.081210e+01
2.144500e+01 2.072000e+01 2.095299e+01 2.081210e+01 2.145000e+01 2.072500e+01 2.095722e+01 2.081145e+01
2.027500e+01 2.073000e+01 2.075638e+01 2.085374e+01 2.027000e+01 2.073500e+01 2.075302e+01 2.085283e+01
2.028000e+01 2.072500e+01 2.075966e+01 2.085476e+01 2.027500e+01 2.073000e+01 2.075638e+01 2.085374e+01
2.069500e+01 2.073000e+01 2.097063e+01 2.102100e+01 2.069000e+01 2.073500e+01 2.097477e+01 2.101320e+01
2.070000e+01 2.072500e+01 2.096598e+01 2.102899e+01 2.069500e+01 2.073000e+01 2.097063e+01 2.102100e+01
2.094000e+01 2.072500e+01 2.069082e+01 2.100950e+01 2.094000e+01 2.073500e+01 2.068371e+01 2.099682e+01
2.145000e+01 2.072500e+01 2.095722e+01 2.081145e+01 2.145000e+01 2.073500e+01 2.095571e+01 2.081173e+01
2.026500e+01 2.074000e+01 2.074955e+01 2.085185e+01 2.026000e+01 2.074500e+01 2.074599e+01 2.085099e+01
2.027000e+01 2.073500e+01 2.075302e+01 2.085283e+01 2.026500e+01 2.074000e+01 2.074955e+01 2.085185e+01
2.069000e+01 2.073500e+01 2.097477e+01 2.101320e+01 2.069000e+01 2.074500e+01 2.098013e+01 2.100155e+01
2.094000e+01 2.073500e+01 2.068371e+01 2.099682e+01 2.094500e+01 2.074000e+01 2.067829e+01 2.098611e+01
2.094500e+01 2.074000e+01 2.067829e+01 2.098611e+01 2.095000e+01 2.074500e+01 2.067338e+01 2.097560e+01
2.145000e+01 2.073500e+01 2.095571e+01 2.081173e+01 2.145000e+01 2.074500e+01 2.095441e+01 2.081193e+01
2.025500e+01 2.075000e+01 2.074233e+01 2.085008e+01 2.025000e+01 2.075500e+01 2.073861e+01 2.084928e+01
2.026000e+01 2.074500e+01 2.074599e+01 2.085099e+01 2.025500e+01 2.075000e+01 2.074233e+01 2.085008e+01
2.068500e+01 2.075000e+01 2.098373e+01 2.099239e+01 2.068000e+01 2.075500e+01 2.098686e+01 2.098356e+01
2.069000e+01 2.074500e+01 2.098013e+01 2.100155e+01 2.068500e+01 2.075000e+01 2.098373e+01 2.099239e+01
2.095000e+01 2.074500e+01 2.067338e+01 2.097560e+01 2.095000e+01 2.075500e+01 2.066679e+01 2.095981e+01
2.145000e+01 2.074500e+01 2.095441e+01 2.081193e+01 2.145000e+01 2.075500e+01 2.095332e+01 2.081207e+01
2.025000e+01 2.075500e+01 2.073861e+01 2.084928e+01 2.025000e+01 2.076500e+01 2.074077e+01 2.084976e+01
2.068000e+01 2.075500e+01 2.098686e+01 2.098356e+01 2.068000e+01 2.076500e+01 2.099117e+01 2.096908e+01
2.095000e+01 2.075500e+01 2.066679e+01 2.095981e+01 2.095000e+01 2.076500e+01 2.066048e+01 2.094254e+01
2.145000e+01 2.075500e+01 2.095332e+01 2.081207e+01 2.145000e+01 2.076500e+01 2.095243e+01 2.081217e+01
2.024500e+01 2.077000e+01 2.073680e+01 2.084890e+01 2.024000e+01 2.077500e+01 2.073279e+01 2.084814e+01
2.025000e+01 2.076500e+01 2.074077e+01 2.084976e+01 2.024500e+01 2.077000e+01 2.073680e+01 2.084890e+01
2.068000e+01 2.076500e+01 2.099117e+01 2.096908e+01 2.068000e+01 2.077500e+01 2.099490e+01 2.095309e+01
2.095000e+01 2.076500e+01 2.066048e+01 2.094254e+01 2.095500e+01 2.077000e+01 2.065650e+01 2.093028e+01
2.095500e+01 2.077000e+01 2.065650e+01 2.093028e+01 2.096000e+01 2.077500e+01 2.065297e+01 2.091844e+01
2.145000e+01 2.076500e+01 2.095243e+01 2.081217e+01 2.145000e+01 2.077500e+01 2.095178e+01 2.081225e+01
2.023500e+01 2.078000e+01 2.072865e+01 2.084737e+01 2.023000e+01 2.078500e+01 2.072446e+01 2.084672e+01
2.024000e+01 2.077500e+01 2.073279e+01 2.084814e+01 2.023500e+01 2.078000e+01 2.072865e+01 2.084737e+01
2.067500e+01 2.078000e+01 2.099685e+01 2.094287e+01 2.067000e+01 2.078500e+01 2.099844e+01 2.093308e+01
2.068000e+01 2.077500e+01 2.099490e+01 2.095309e+01 2.067500e+01 2.078000e+01 2.099685e+01 2.094287e+01
2.096000e+01 2.077500e+01 2.065297e+01 2.091844e+01 2.096000e+01 2.078500e+01 2.064795e+01 2.089918e+01
2.145000e+01 2.077500e+01 2.095178e+01 2.081225e+01 2.145000e+01 2.078500e+01 2.095135e+01 2.081234e+01
2.022500e+01 2.079000e+01 2.072015e+01 2.084606e+01 2.022000e+01 2.079500e+01 2.071580e+01 2.084551e+01
2.023000e+01 2.078500e+01 2.072446e+01 2.084672e+01 2.022500e+01 2.079000e+01 2.072015e+01 2.084606e+01
2.067000e+01 2.078500e+01 2.099844e+01 2.093308e+01 2.067000e+01 2.079500e+01 2.100059e+01 2.091519e+01
2.096000e+01 2.078500e+01 2.064795e+01 2.089918e+01 2.096000e+01 2.079500e+01 2.064357e+01 2.087901e+01
2.144500e+01 2.079000e+01 2.094603e+01 2.081251e+01 2.144000e+01 2.079500e+01 2.094073e+01 2.081257e+01
2.145000e+01 2.078500e+01 2.095135e+01 2.081234e+01 2.144500e+01 2.079000e+01 2.094603e+01 2.081251e+01
2.022000e+01 2.079500e+01 2.071580e+01 2.084551e+01 2.022000e+01 2.080500e+01 2.071706e+01 2.084570e+01
2.067000e+01 2.079500e+01 2.100059e+01 2.091519e+01 2.067000e+01 2.080500e+01 2.100196e+01 2.089626e+01
2.096000e+01 2.079500e+01 2.064357e+01 2.087901e+01 2.096000e+01 2.080500e+01 2.063993e+01 2.085817e+01
2.144000e+01 2.079500e+01 2.094073e+01 2.081257e+01 2.144000e+01 2.080500e+01 2.094073e+01 2.081253e+01
2.021500e+01 2.081000e+01 2.071247e+01 2.084517e+01 2.021000e+01 2.081500e+01 2.070784e+01 2.084477e+01
2.022000e+01 2.080500e+01 2.071706e+01 2.084570e+01 2.021500e+01 2.081000e+01 2.071247e+01 2.084517e+01
2.067000e+01 2.080500e+01 2.100196e+01 2.089626e+01 2.067000e+01 2.081500e+01 2.100248e+01 2.087649e+01
2.096000e+01 2.080500e+01 2.063993e+01 2.085817e+01 2.096000e+01 2.081500e+01 2.063712e+01 2.083692e+01
2.144000e+01 2.080500e+01 2.094073e+01 2.081253e+01 2.144000e+01 2.081500e+01 2.094095e+01 2.081257e+01
2.021000e+01 2.081500e+01 2.070784e+01 2.084477e+01 2.021000e+01 2.082500e+01 2.070866e+01 2.084483e+01
2.067000e+01 2.081500e+01 2.100248e+01 2.087649e+01 2.067000e+01 2.082500e+01 2.100212e+01 2.085612e+01
2.096000e+01 2.081500e+01 2.063712e+01 2.083692e+01 2.096000e+01 2.082500e+01 2.063521e+01 2.081553e+01
2.143500e+01 2.082000e+01 2.093597e+01 2.081242e+01 2.143000e+01 2.082500e+01 2.093103e+01 2.081216e+01
2.144000e+01 2.081500e+01 2.094095e+01 2.081257e+01 2.143500e+01 2.082000e+01 2.093597e+01 2.081242e+01
2.020500e+01 2.083000e+01 2.070380e+01 2.084449e+01 2.020000e+01 2.083500e+01 2.069891e+01 2.084427e+01
2.021000e+01 2.082500e+01 2.070866e+01 2.084483e+01 2.020500e+01 2.083000e+01 2.070380e+01 2.084449e+01
2.067000e+01 2.082500e+01 2.100212e+01 2.085612e+01 2.067000e+01 2.083500e+01 2.100088e+01 2.083540e+01
2.096000e+01 2.082500e+01 2.063521e+01 2.081553e+01 2.096000e+01 2.083500e+01 2.063422e+01 2.079430e+01
2.143000e+01 2.082500e+01 2.093103e+01 2.081216e+01 2.143000e+01 2.083500e+01 2.093169e+01 2.081220e+01
2.020000e+01 2.083500e+01 2.069891e+01 2.084427e+01 2.020000e+01 2.084500e+01 2.069928e+01 2.084429e+01
2.067000e+01 2.083500e+01 2.100088e+01 2.083540e+01 2.067500e+01 2.084000e+01 2.099978e+01 2.082394e+01
2.067500e+01 2.084000e+01 2.099978e+01 2.082394e+01 2.068000e+01 2.084500e+01 2.099843e+01 2.081197e+01
2.096000e+01 2.083500e+01 2.063422e+01 2.079430e+01 2.096000e+01 2.084500e+01 2.063416e+01 2.077351e+01
2.142500e+01 2.084000e+01 2.092697e+01 2.081185e+01 2.142000e+01 2.084500e+01 2.092229e+01 2.081139e+01
2.143000e+01 2.083500e+01 2.093169e+01 2.081220e+01 2.142500e+01 2.084000e+01 2.092697e+01 2.081185e+01
2.020000e+01 2.084500e+01 2.069928e+01 2.084429e+01 2.020000e+01 2.085500e+01 2.069942e+01 2.084422e+01
2.068000e+01 2.084500e+01 2.099843e+01 2.081197e+01 2.068000e+01 2.085500e+01 2.099527e+01 2.079052e+01
2.096000e+01 2.084500e+01 2.063416e+01 2.077351e+01 2.096000e+01 2.085500e+01 2.063501e+01 2.075342e+01
2.142000e+01 2.084500e+01 2.092229e+01 2.081139e+01 2.142000e+01 2.085500e+01 2.092340e+01 2.081152e+01
2.019500e+01 2.086000e+01 2.069420e+01 2.084420e+01 2.019000e+01 2.086500e+01 2.068896e+01 2.084427e+01
2.020000e+01 2.085500e+01 2.069942e+01 2.084422e+01 2.019500e+01 2.086000e+01 2.069420e+01 2.084420e+01
2.068000e+01 2.085500e+01 2.099527e+01 2.079052e+01 2.068000e+01 2.086500e+01 2.099129e+01 2.076961e+01
2.096000e+01 2.085500e+01 2.063501e+01 2.075342e+01 2.096000e+01 2.086500e+01 2.063672e+01 2.073428e+01
2.141500e+01 2.086000e+01 2.091895e+01 2.081102e+01 2.141000e+01 2.086500e+01 2.091455e+01 2.081040e+01
2.142000e+01 2.085500e+01 2.092340e+01 2.081152e+01 2.141500e+01 2.086000e+01 2.091895e+01 2.081102e+01
2.019000e+01 2.086500e+01 2.068896e+01 2.084427e+01 2.019000e+01 2.087500e+01 2.068867e+01 2.084431e+01
2.068000e+01 2.086500e+01 2.099129e+01 2.076961e+01 2.068000e+01 2.087500e+01 2.098658e+01 2.074948e+01
2.096000e+01 2.086500e+01 2.063672e+01 2.073428e+01 2.096000e+01 2.087500e+01 2.063923e+01 2.071627e+01
2.140500e+01 2.087000e+01 2.091026e+01 2.080978e+01 2.140000e+01 2.087500e+01 2.090603e+01 2.080904e+01
2.141000e+01 2.086500e+01 2.091455e+01 2.081040e+01 2.140500e+01 2.087000e+01 2.091026e+01 2.080978e+01
2.019000e+01 2.087500e+01 2.068867e+01 2.084431e+01 2.019000e+01 2.088500e+01 2.068816e+01 2.084432e+01
2.068000e+01 2.087500e+01 2.098658e+01 2.074948e+01 2.068000e+01 2.088500e+01 2.098127e+01 2.073037e+01
2.096000e+01 2.087500e+01 2.063923e+01 2.071627e+01 2.096000e+01 2.088500e+01 2.064245e+01 2.069955e+01
2.140000e+01 2.087500e+01 2.090603e+01 2.080904e+01 2.140000e+01 2.088500e+01 2.090782e+01 2.080938e+01
2.019000e+01 2.088500e+01 2.068816e+01 2.084432e+01 2.019000e+01 2.089500e+01 2.068742e+01 2.084432e+01
2.068000e+01 2.088500e+01 2.098127e+01 2.073037e+01 2.068000e+01 2.089500e+01 2.097545e+01 2.071245e+01
2.096000e+01 2.088500e+01 2.064245e+01 2.069955e+01 2.096000e+01 2.089500e+01 2.064630e+01 2.068425e+01
2.139500e+01 2.089000e+01 2.090382e+01 2.080867e+01 2.139000e+01 2.089500e+01 2.089986e+01 2.080786e+01
2.140000e+01 2.088500e+01 2.090782e+01 2.080938e+01 2.139500e+01 2.089000e+01 2.090382e+01 2.080867e+01
2.019000e+01 2.089500e+01 2.068742e+01 2.084432e+01 2.019000e+01 2.090500e+01 2.068647e+01 2.084435e+01
2.068000e+01 2.089500e+01 2.097545e+01 2.071245e+01 2.068500e+01 2.090000e+01 2.097129e+01 2.070106e+01
2.068500e+01 2.090000e+01 2.097129e+01 2.070106e+01 2.069000e+01 2.090500e+01 2.096665e+01 2.068935e+01
2.095500e+01 2.090000e+01 2.064908e+01 2.067516e+01 2.095000e+01 2.090500e+01 2.065230e+01 2.066571e+01
2.096000e+01 2.089500e+01 2.064630e+01 2.068425e+01 2.095500e+01 2.090000e+01 2.064908e+01 2.067516e+01
2.138500e+01 2.090000e+01 2.089604e+01 2.080707e+01 2.138000e+01 2.090500e+01 2.089228e+01 2.080617e+01
2.139000e+01 2.089500e+01 2.089986e+01 2.080786e+01 2.138500e+01 2.090000e+01 2.089604e+01 2.080707e+01
2.019000e+01 2.090500e+01 2.068647e+01 2.084435e+01 2.019000e+01 2.091500e+01 2.068529e+01 2.084444e+01
2.069000e+01 2.090500e+01 2.096665e+01 2.068935e+01 2.069000e+01 2.091500e+01 2.095987e+01 2.067399e+01
2.095000e+01 2.090500e+01 2.065230e+01 2.066571e+01 2.095000e+01 2.091500e+01 2.065731e+01 2.065306e+01
2.137500e+01 2.091000e+01 2.088862e+01 2.080531e+01 2.137000e+01 2.091500e+01 2.088505e+01 2.080433e+01
2.138000e+01 2.090500e+01 2.089228e+01 2.080617e+01 2.137500e+01 2.091000e+01 2.088862e+01 2.080531e+01
2.019000e+01 2.091500e+01 2.068529e+01 2.084444e+01 2.019000e+01 2.092500e+01 2.068389e+01 2.084459e+01
2.069000e+01 2.091500e+01 2.095987e+01 2.067399e+01 2.069000e+01 2.092500e+01 2.095295e+01 2.066022e+01
2.094500e+01 2.092000e+01 2.066113e+01 2.064487e+01 2.094000e+01 2.092500e+01 2.066545e+01 2.063644e+01
2.095000e+01 2.091500e+01 2.065731e+01 2.065306e+01 2.094500e+01 2.092000e+01 2.066113e+01 2.064487e+01
2.136500e+01 2.092000e+01 2.088159e+01 2.080342e+01 2.136000e+01 2.092500e+01 2.087820e+01 2.080239e+01
2.137000e+01 2.091500e+01 2.088505e+01 2.080433e+01 2.136500e+01 2.092000e+01 2.088159e+01 2.080342e+01
2.019000e+01 2.092500e+01 2.068389e+01 2.084459e+01 2.019000e+01 2.093500e+01 2.068230e+01 2.084484e+01
2.069000e+01 2.092500e+01 2.095295e+01 2.066022e+01 2.069500e+01 2.093000e+01 2.094767e+01 2.065067e+01
2.069500e+01 2.093000e+01 2.094767e+01 2.065067e+01 2.070000e+01 2.093500e+01 2.094189e+01 2.064101e+01
2.093500e+01 2.093000e+01 2.066998e+01 2.062876e+01 2.093000e+01 2.093500e+01 2.067505e+01 2.062092e+01
2.094000e+01 2.092500e+01 2.066545e+01 2.063644e+01 2.093500e+01 2.093000e+01 2.066998e+01 2.062876e+01
2.135500e+01 2.093000e+01 2.087493e+01 2.080143e+01 2.135000e+01 2.093500e+01 2.087174e+01 2.080037e+01
2.136000e+01 2.092500e+01 2.087820e+01 2.080239e+01 2.135500e+01 2.093000e+01 2.087493e+01 2.080143e+01
2.019000e+01 2.093500e+01 2.068230e+01 2.084484e+01 2.019000e+01 2.094500e+01 2.068050e+01 2.084521e+01
2.070000e+01 2.093500e+01 2.094189e+01 2.064101e+01 2.070500e+01 2.094000e+01 2.093605e+01 2.063224e+01
2.070500e+01 2.094000e+01 2.093605e+01 2.063224e+01 2.071000e+01 2.094500e+01 2.092974e+01 2.062347e+01
2.092500e+01 2.094000e+01 2.068023e+01 2.061391e+01 2.092000e+01 2.094500e+01 2.068596e+01 2.060683e+01
2.093000e+01 2.093500e+01 2.067505e+01 2.062092e+01 2.092500e+01 2.094000e+01 2.068023e+01 2.061391e+01
2.134500e+01 2.094000e+01 2.086865e+01 2.079938e+01 2.134000e+01 2.094500e+01 2.086565e+01 2.079828e+01
2.135000e+01 2.093500e+01 2.087174e+01 2.080037e+01 2.134500e+01 2.094000e+01 2.086865e+01 2.079938e+01
2.019000e+01 2.094500e+01 2.068050e+01 2.084521e+01 2.019500e+01 2.095000e+01 2.068454e+01 2.084447e+01
2.019500e+01 2.095000e+01 2.068454e+01 2.084447e+01 2.020000e+01 2.095500e+01 2.068848e+01 2.084361e+01
2.071000e+01 2.094500e+01 2.092974e+01 2.062347e+01 2.071500e+01 2.095000e+01 2.092350e+01 2.061563e+01
2.071500e+01 2.095000e+01 2.092350e+01 2.061563e+01 2.072000e+01 2.095500e+01 2.091677e+01 2.060791e+01
2.091500e+01 2.095000e+01 2.069168e+01 2.060063e+01 2.091000e+01 2.095500e+01 2.069794e+01 2.059448e+01
2.092000e+01 2.094500e+01 2.068596e+01 2.060683e+01 2.091500e+01 2.095000e+01 2.069168e+01 2.060063e+01
2.133500e+01 2.095000e+01 2.086276e+01 2.079727e+01 2.133000e+01 2.095500e+01 2.085995e+01 2.079615e+01
2.134000e+01 2.094500e+01 2.086565e+01 2.079828e+01 2.133500e+01 2.095000e+01 2.086276e+01 2.079727e+01
2.020000e+01 2.095500e+01 2.068848e+01 2.084361e+01 2.020000e+01 2.096500e+01 2.068624e+01 2.084411e+01
2.072000e+01 2.095500e+01 2.091677e+01 2.060791e+01 2.072500e+01 2.096000e+01 2.091021e+01 2.060117e+01
2.072500e+01 2.096000e+01 2.091021e+01 2.060117e+01 2.073000e+01 2.096500e+01 2.090322e+01 2.059463e+01
2.089500e+01 2.096000e+01 2.071148e+01 2.058340e+01 2.089000e+01 2.096500e+01 2.071853e+01 2.057853e+01
2.089500e+01 2.096000e+01 2.071148e+01 2.058340e+01 2.090500e+01 2.096000e+01 2.070408e+01 2.058921e+01
2.091000e+01 2.095500e+01 2.069794e+01 2.059448e+01 2.090500e+01 2.096000e+01 2.070408e+01 2.058921e+01
2.132500e+01 2.096000e+01 2.085725e+01 2.079514e+01 2.132000e+01 2.096500e+01 2.085464e+01 2.079402e+01
2.133000e+01 2.095500e+01 2.085995e+01 2.079615e+01 2.132500e+01 2.096000e+01 2.085725e+01 2.079514e+01
2.020000e+01 2.096500e+01 2.068624e+01 2.084411e+01 2.020500e+01 2.097000e+01 2.068993e+01 2.084324e+01
2.020500e+01 2.097000e+01 2.068993e+01 2.084324e+01 2.021000e+01 2.097500e+01 2.069355e+01 2.084225e+01
2.073000e+01 2.096500e+01 2.090322e+01 2.059463e+01 2.073500e+01 2.097000e+01 2.089649e+01 2.058906e+01
2.073500e+01 2.097000e+01 2.089649e+01 2.058906e+01 2.074500e+01 2.097000e+01 2.088845e+01 2.058295e+01
2.074500e+01 2.097000e+01 2.088845e+01 2.058295e+01 2.075500e+01 2.097000e+01 2.087946e+01 2.057715e+01
2.075500e+01 2.097000e+01 2.087946e+01 2.057715e+01 2.076000e+01 2.097500e+01 2.087181e+01 2.057270e+01
2.086500e+01 2.097000e+01 2.074487e+01 2.056524e+01 2.086000e+01 2.097500e+01 2.075237e+01 2.056244e+01
2.086500e+01 2.097000e+01 2.074487e+01 2.056524e+01 2.087500e+01 2.097000e+01 2.073456e+01 2.056963e+01
2.087500e+01 2.097000e+01 2.073456e+01 2.056963e+01 2.088500e+01 2.097000e+01 2.072530e+01 2.057456e+01
2.089000e+01 2.096500e+01 2.071853e+01 2.057853e+01 2.088500e+01 2.097000e+01 2.072530e+01 2.057456e+01
2.131500e+01 2.097000e+01 2.085213e+01 2.079301e+01 2.131000e+01 2.097500e+01 2.084972e+01 2.079191e+01
2.132000e+01 2.096500e+01 2.085464e+01 2.079402e+01 2.131500e+01 2.097000e+01 2.085213e+01 2.079301e+01
2.021000e+01 2.097500e+01 2.069355e+01 2.084225e+01 2.021000e+01 2.098500e+01 2.069088e+01 2.084299e+01
2.076000e+01 2.097500e+01 2.087181e+01 2.057270e+01 2.076500e+01 2.098000e+01 2.086463e+01 2.056916e+01
2.076500e+01 2.098000e+01 2.086463e+01 2.056916e+01 2.077500e+01 2.098000e+01 2.085438e+01 2.056479e+01
2.077500e+01 2.098000e+01 2.085438e+01 2.056479e+01 2.078500e+01 2.098000e+01 2.084338e+01 2.056108e+01
2.078500e+01 2.098000e+01 2.084338e+01 2.056108e+01 2.079500e+01 2.098000e+01 2.083176e+01 2.055815e+01
2.079500e+01 2.098000e+01 2.083176e+01 2.055815e+01 2.080500e+01 2.098000e+01 2.081966e+01 2.055611e+01
2.080500e+01 2.098000e+01 2.081966e+01 2.055611e+01 2.081500e+01 2.098000e+01 2.080728e+01 2.055504e+01
2.081500e+01 2.098000e+01 2.080728e+01 2.055504e+01 2.082500e+01 2.098000e+01 2.079484e+01 2.055495e+01
2.082500e+01 2.098000e+01 2.079484e+01 2.055495e+01 2.083500e+01 2.098000e+01 2.078256e+01 2.055586e+01
2.083500e+01 2.098000e+01 2.078256e+01 2.055586e+01 2.084500e+01 2.098000e+01 2.077068e+01 2.055771e+01
2.084500e+01 2.098000e+01 2.077068e+01 2.055771e+01 2.085500e+01 2.098000e+01 2.075938e+01 2.056042e+01
2.086000e+01 2.097500e+01 2.075237e+01 2.056244e+01 2.085500e+01 2.098000e+01 2.075938e+01 2.056042e+01
2.130500e+01 2.098000e+01 2.084740e+01 2.079092e+01 2.130000e+01 2.098500e+01 2.084519e+01 2.078984e+01
2.131000e+01 2.097500e+01 2.084972e+01 2.079191e+01 2.130500e+01 2.098000e+01 2.084740e+01 2.079092e+01
2.021000e+01 2.098500e+01 2.069088e+01 2.084299e+01 2.021500e+01 2.099000e+01 2.069425e+01 2.084207e+01
2.021500e+01 2.099000e+01 2.069425e+01 2.084207e+01 2.022000e+01 2.099500e+01 2.069753e+01 2.084103e+01
2.129500e+01 2.099000e+01 2.084306e+01 2.078889e+01 2.129000e+01 2.099500e+01 2.084104e+01 2.078785e+01
2.130000e+01 2.098500e+01 2.084519e+01 2.078984e+01 2.129500e+01 2.099000e+01 2.084306e+01 2.078889e+01
2.022000e+01 2.099500e+01 2.069753e+01 2.084103e+01 2.022500e+01 2.100000e+01 2.070069e+01 2.084005e+01
2.022500e+01 2.100000e+01 2.070069e+01 2.084005e+01 2.023000e+01 2.100500e+01 2.070376e+01 2.083895e+01
2.127500e+01 2.100000e+01 2.083113e+01 2.078263e+01 2.127000e+01 2.100500e+01 2.082941e+01 2.078156e+01
2.127500e+01 2.100000e+01 2.083113e+01 2.078263e+01 2.128500e+01 2.100000e+01 2.083910e+01 2.078693e+01
2.129000e+01 2.099500e+01 2.084104e+01 2.078785e+01 2.128500e+01 2.100000e+01 2.083910e+01 2.078693e+01
2.023000e+01 2.100500e+01 2.070376e+01 2.083895e+01 2.023500e+01 2.101000e+01 2.070672e+01 2.083794e+01
2.023500e+01 2.101000e+01 2.070672e+01 2.083794e+01 2.024000e+01 2.101500e+01 2.070957e+01 2.083681e+01
2.126500e+01 2.101000e+01 2.082777e+01 2.078063e+01 2.126000e+01 2.101500e+01 2.082625e+01 2.077963e+01
2.127000e+01 2.100500e+01 2.082941e+01 2.078156e+01 2.126500e+01 2.101000e+01 2.082777e+01 2.078063e+01
2.024000e+01 2.101500e+01 2.070957e+01 2.083681e+01 2.024500e+01 2.102000e+01 2.071233e+01 2.083578e+01
2.024500e+01 2.102000e+01 2.071233e+01 2.083578e+01 2.025000e+01 2.102500e+01 2.071498e+01 2.083465e+01
2.125500e+01 2.102000e+01 2.082479e+01 2.077877e+01 2.125000e+01 2.102500e+01 2.082346e+01 2.077785e+01
2.126000e+01 2.101500e+01 2.082625e+01 2.077963e+01 2.125500e+01 2.102000e+01 2.082479e+01 2.077877e+01
2.025000e+01 2.102500e+01 2.071498e+01 2.083465e+01 2.025500e+01 2.103000e+01 2.071753e+01 2.083362e+01
2.025500e+01 2.103000e+01 2.071753e+01 2.083362e+01 2.026000e+01 2.103500e+01 2.071997e+01 2.083250e+01
2.124500e+01 2.103000e+01 2.082219e+01 2.077708e+01 2.124000e+01 2.103500e+01 2.082104e+01 2.077625e+01
2.125000e+01 2.102500e+01 2.082346e+01 2.077785e+01 2.124500e+01 2.103000e+01 2.082219e+01 2.077708e+01
2.026000e+01 2.103500e+01 2.071997e+01 2.083250e+01 2.026500e+01 2.104000e+01 2.072233e+01 2.083151e+01
2.026500e+01 2.104000e+01 2.072233e+01 2.083151e+01 2.027000e+01 2.104500e+01 2.072457e+01 2.083043e+01
2.123500e+01 2.104000e+01 2.081994e+01 2.077557e+01 2.123000e+01 2.104500e+01 2.081897e+01 2.077484e+01
2.124000e+01 2.103500e+01 2.082104e+01 2.077625e+01 2.123500e+01 2.104000e+01 2.081994e+01 2.077557e+01
2.027000e+01 2.104500e+01 2.072457e+01 2.083043e+01 2.027500e+01 2.105000e+01 2.072673e+01 2.082949e+01
2.027500e+01 2.105000e+01 2.072673e+01 2.082949e+01 2.028500e+01 2.105000e+01 2.073494e+01 2.082538e+01
2.028500e+01 2.105000e+01 2.073494e+01 2.082538e+01 2.029000e+01 2.105500e+01 2.073689e+01 2.082429e+01
2.122500e+01 2.105000e+01 2.081805e+01 2.077427e+01 2.122000e+01 2.105500e+01 2.081725e+01 2.077365e+01
2.123000e+01 2.104500e+01 2.081897e+01 2.077484e+01 2.122500e+01 2.105000e+01 2.081805e+01 2.077427e+01
2.029000e+01 2.105500e+01 2.073689e+01 2.082429e+01 2.029500e+01 2.106000e+01 2.073875e+01 2.082335e+01
2.029500e+01 2.106000e+01 2.073875e+01 2.082335e+01 2.030000e+01 2.106500e+01 2.074050e+01 2.082235e+01
2.120500e+01 2.106000e+01 2.081016e+01 2.076811e+01 2.120000e+01 2.106500e+01 2.080966e+01 2.076759e+01
2.120500e+01 2.106000e+01 2.081016e+01 2.076811e+01 2.121500e+01 2.106000e+01 2.081649e+01 2.077319e+01
2.122000e+01 2.105500e+01 2.081725e+01 2.077365e+01 2.121500e+01 2.106000e+01 2.081649e+01 2.077319e+01
2.030000e+01 2.106500e+01 2.074050e+01 2.082235e+01 2.030500e+01 2.107000e+01 2.074218e+01 2.082151e+01
2.030500e+01 2.107000e+01 2.074218e+01 2.082151e+01 2.031500e+01 2.107000e+01 2.074979e+01 2.081705e+01
2.031500e+01 2.107000e+01 2.074979e+01 2.081705e+01 2.032000e+01 2.107500e+01 2.075124e+01 2.081610e+01
2.119500e+01 2.107000e+01 2.080919e+01 2.076722e+01 2.119000e+01 2.107500e+01 2.080885e+01 2.076683e+01
2.120000e+01 2.106500e+01 2.080966e+01 2.076759e+01 2.119500e+01 2.107000e+01 2.080919e+01 2.076722e+01
2.032000e+01 2.107500e+01 2.075124e+01 2.081610e+01 2.032500e+01 2.108000e+01 2.075263e+01 2.081533e+01
2.032500e+01 2.108000e+01 2.075263e+01 2.081533e+01 2.033500e+01 2.108000e+01 2.075983e+01 2.081069e+01
2.033500e+01 2.108000e+01 2.075983e+01 2.081069e+01 2.034000e+01 2.108500e+01 2.076098e+01 2.080983e+01
2.118500e+01 2.108000e+01 2.080854e+01 2.076661e+01 2.118000e+01 2.108500e+01 2.080835e+01 2.076637e+01
2.119000e+01 2.107500e+01 2.080885e+01 2.076683e+01 2.118500e+01 2.108000e+01 2.080854e+01 2.076661e+01
2.034000e+01 2.108500e+01 2.076098e+01 2.080983e+01 2.034500e+01 2.109000e+01 2.076210e+01 2.080917e+01
2.034500e+01 2.109000e+01 2.076210e+01 2.080917e+01 2.035500e+01 2.109000e+01 2.076888e+01 2.080438e+01
2.035500e+01 2.109000e+01 2.076888e+01 2.080438e+01 2.036000e+01 2.109500e+01 2.076976e+01 2.080366e+01
2.117500e+01 2.109000e+01 2.080818e+01 2.076626e+01 2.117000e+01 2.109500e+01 2.080813e+01 2.076615e+01
2.118000e+01 2.108500e+01 2.080835e+01 2.076637e+01 2.117500e+01 2.109000e+01 2.080818e+01 2.076626e+01
2.036000e+01 2.109500e+01 2.076976e+01 2.080366e+01 2.036500e+01 2.110000e+01 2.077062e+01 2.080322e+01
2.036500e+01 2.110000e+01 2.077062e+01 2.080322e+01 2.037500e+01 2.110000e+01 2.077697e+01 2.079824e+01
2.037500e+01 2.110000e+01 2.077697e+01 2.079824e+01 2.038000e+01 2.110500e+01 2.077758e+01 2.079769e+01
2.116500e+01 2.110000e+01 2.080810e+01 2.076622e+01 2.116000e+01 2.110500e+01 2.080820e+01 2.076630e+01
2.117000e+01 2.109500e+01 2.080813e+01 2.076615e+01 2.116500e+01 2.110000e+01 2.080810e+01 2.076622e+01
2.038000e+01 2.110500e+01 2.077758e+01 2.079769e+01 2.038500e+01 2.111000e+01 2.077817e+01 2.079735e+01
2.038500e+01 2.111000e+01 2.077817e+01 2.079735e+01 2.039500e+01 2.111000e+01 2.078411e+01 2.079237e+01
2.039500e+01 2.111000e+01 2.078411e+01 2.079237e+01 2.040500e+01 2.111000e+01 2.078984e+01 2.078734e+01
2.040500e+01 2.111000e+01 2.078984e+01 2.078734e+01 2.041000e+01 2.111500e+01 2.079008e+01 2.078699e+01
2.114500e+01 2.111000e+01 2.080348e+01 2.076131e+01 2.114000e+01 2.111500e+01 2.080383e+01 2.076160e+01
2.114500e+01 2.111000e+01 2.080348e+01 2.076131e+01 2.115500e+01 2.111000e+01 2.080829e+01 2.076657e+01
2.116000e+01 2.110500e+01 2.080820e+01 2.076630e+01 2.115500e+01 2.111000e+01 2.080829e+01 2.076657e+01
2.041000e+01 2.111500e+01 2.079008e+01 2.078699e+01 2.041500e+01 2.112000e+01 2.079032e+01 2.078686e+01
2.041500e+01 2.112000e+01 2.079032e+01 2.078686e+01 2.042500e+01 2.112000e+01 2.079572e+01 2.078178e+01
2.042500e+01 2.112000e+01 2.079572e+01 2.078178e+01 2.043000e+01 2.112500e+01 2.079573e+01 2.078168e+01
2.113500e+01 2.112000e+01 2.080417e+01 2.076202e+01 2.113000e+01 2.112500e+01 2.080464e+01 2.076247e+01
2.114000e+01 2.111500e+01 2.080383e+01 2.076160e+01 2.113500e+01 2.112000e+01 2.080417e+01 2.076202e+01
2.043000e+01 2.112500e+01 2.079573e+01 2.078168e+01 2.043500e+01 2.113000e+01 2.079575e+01 2.078179e+01
2.043500e+01 2.113000e+01 2.079575e+01 2.078179e+01 2.044500e+01 2.113000e+01 2.080060e+01 2.077674e+01
2.044500e+01 2.113000e+01 2.080060e+01 2.077674e+01 2.045500e+01 2.113000e+01 2.080526e+01 2.077167e+01
2.045500e+01 2.113000e+01 2.080526e+01 2.077167e+01 2.046000e+01 2.113500e+01 2.080505e+01 2.077185e+01
2.112500e+01 2.113000e+01 2.080507e+01 2.076307e+01 2.112000e+01 2.113500e+01 2.080564e+01 2.076371e+01
2.113000e+01 2.112500e+01 2.080464e+01 2.076247e+01 2.112500e+01 2.113000e+01 2.080507e+01 2.076307e+01
2.046000e+01 2.113500e+01 2.080505e+01 2.077185e+01 2.046500e+01 2.114000e+01 2.080465e+01 2.077229e+01
2.046500e+01 2.114000e+01 2.080465e+01 2.077229e+01 2.047500e+01 2.114000e+01 2.080875e+01 2.076729e+01
2.047500e+01 2.114000e+01 2.080875e+01 2.076729e+01 2.048000e+01 2.114500e+01 2.080835e+01 2.076778e+01
2.111500e+01 2.114000e+01 2.080617e+01 2.076450e+01 2.111000e+01 2.114500e+01 2.080683e+01 2.076533e+01
2.112000e+01 2.113500e+01 2.080564e+01 2.076371e+01 2.111500e+01 2.114000e+01 2.080617e+01 2.076450e+01
2.048000e+01 2.114500e+01 2.080835e+01 2.076778e+01 2.048500e+01 2.115000e+01 2.080789e+01 2.076849e+01
2.048500e+01 2.115000e+01 2.080789e+01 2.076849e+01 2.049500e+01 2.115000e+01 2.081166e+01 2.076358e+01
2.049500e+01 2.115000e+01 2.081166e+01 2.076358e+01 2.050000e+01 2.115500e+01 2.081089e+01 2.076443e+01
2.109500e+01 2.115000e+01 2.080386e+01 2.076127e+01 2.109000e+01 2.115500e+01 2.080471e+01 2.076235e+01
2.109500e+01 2.115000e+01 2.080386e+01 2.076127e+01 2.110500e+01 2.115000e+01 2.080744e+01 2.076631e+01
2.111000e+01 2.114500e+01 2.080683e+01 2.076533e+01 2.110500e+01 2.115000e+01 2.080744e+01 2.076631e+01
2.050000e+01 2.115500e+01 2.081089e+01 2.076443e+01 2.050500e+01 2.116000e+01 2.081027e+01 2.076546e+01
2.050500e+01 2.116000e+01 2.081027e+01 2.076546e+01 2.051500e+01 2.116000e+01 2.081363e+01 2.076068e+01
2.051500e+01 2.116000e+01 2.081363e+01 2.076068e+01 2.052500e+01 2.116000e+01 2.081676e+01 2.075594e+01
2.052500e+01 2.116000e+01 2.081676e+01 2.075594e+01 2.053000e+01 2.116500e+01 2.081586e+01 2.075717e+01
2.108500e+01 2.116000e+01 2.080550e+01 2.076358e+01 2.108000e+01 2.116500e+01 2.080640e+01 2.076486e+01
2.109000e+01 2.115500e+01 2.080471e+01 2.076235e+01 2.108500e+01 2.116000e+01 2.080550e+01 2.076358e+01
2.053000e+01 2.116500e+01 2.081586e+01 2.075717e+01 2.053500e+01 2.117000e+01 2.081503e+01 2.075860e+01
2.053500e+01 2.117000e+01 2.081503e+01 2.075860e+01 2.054500e+01 2.117000e+01 2.081776e+01 2.075404e+01
2.054500e+01 2.117000e+01 2.081776e+01 2.075404e+01 2.055000e+01 2.117500e+01 2.081676e+01 2.075563e+01
2.107500e+01 2.117000e+01 2.080725e+01 2.076629e+01 2.107000e+01 2.117500e+01 2.080819e+01 2.076779e+01
2.108000e+01 2.116500e+01 2.080640e+01 2.076486e+01 2.107500e+01 2.117000e+01 2.080725e+01 2.076629e+01
2.055000e+01 2.117500e+01 2.081676e+01 2.075563e+01 2.055500e+01 2.118000e+01 2.081584e+01 2.075740e+01
2.055500e+01 2.118000e+01 2.081584e+01 2.075740e+01 2.056500e+01 2.118000e+01 2.081817e+01 2.075307e+01
2.056500e+01 2.118000e+01 2.081817e+01 2.075307e+01 2.057000e+01 2.118500e+01 2.081710e+01 2.075502e+01
2.105500e+01 2.118000e+01 2.080638e+01 2.076478e+01 2.105000e+01 2.118500e+01 2.080746e+01 2.076657e+01
2.105500e+01 2.118000e+01 2.080638e+01 2.076478e+01 2.106500e+01 2.118000e+01 2.080907e+01 2.076943e+01
2.107000e+01 2.117500e+01 2.080819e+01 2.076779e+01 2.106500e+01 2.118000e+01 2.080907e+01 2.076943e+01
2.057000e+01 2.118500e+01 2.081710e+01 2.075502e+01 2.057500e+01 2.119000e+01 2.081611e+01 2.075711e+01
2.057500e+01 2.119000e+01 2.081611e+01 2.075711e+01 2.058500e+01 2.119000e+01 2.081808e+01 2.075304e+01
2.058500e+01 2.119000e+01 2.081808e+01 2.075304e+01 2.059000e+01 2.119500e+01 2.081696e+01 2.075533e+01
2.104500e+01 2.119000e+01 2.080845e+01 2.076849e+01 2.104000e+01 2.119500e+01 2.080953e+01 2.077049e+01
2.105000e+01 2.118500e+01 2.080746e+01 2.076657e+01 2.104500e+01 2.119000e+01 2.080845e+01 2.076849e+01
2.059000e+01 2.119500e+01 2.081696e+01 2.075533e+01 2.059500e+01 2.120000e+01 2.081595e+01 2.075782e+01
2.059500e+01 2.120000e+01 2.081595e+01 2.075782e+01 2.060500e+01 2.120000e+01 2.081758e+01 2.075405e+01
2.060500e+01 2.120000e+01 2.081758e+01 2.075405e+01 2.061000e+01 2.120500e+01 2.081646e+01 2.075676e+01
2.102500e+01 2.120000e+01 2.080835e+01 2.076797e+01 2.102000e+01 2.120500e+01 2.080950e+01 2.077028e+01
2.102500e+01 2.120000e+01 2.080835e+01 2.076797e+01 2.103500e+01 2.120000e+01 2.081046e+01 2.077222e+01
2.104000e+01 2.119500e+01 2.080953e+01 2.077049e+01 2.103500e+01 2.120000e+01 2.081046e+01 2.077222e+01
2.061000e+01 2.120500e+01 2.081646e+01 2.075676e+01 2.061500e+01 2.121000e+01 2.081544e+01 2.075956e+01
2.061500e+01 2.121000e+01 2.081544e+01 2.075956e+01 2.062500e+01 2.121000e+01 2.081677e+01 2.075612e+01
2.062500e+01 2.121000e+01 2.081677e+01 2.075612e+01 2.063500e+01 2.121000e+01 2.081790e+01 2.075279e+01
2.063500e+01 2.121000e+01 2.081790e+01 2.075279e+01 2.064000e+01 2.121500e+01 2.081676e+01 2.075594e+01
2.100500e+01 2.121000e+01 2.080889e+01 2.076914e+01 2.100000e+01 2.121500e+01 2.081007e+01 2.077177e+01
2.100500e+01 2.121000e+01 2.080889e+01 2.076914e+01 2.101500e+01 2.121000e+01 2.081062e+01 2.077311e+01
2.102000e+01 2.120500e+01 2.080950e+01 2.077028e+01 2.101500e+01 2.121000e+01 2.081062e+01 2.077311e+01
2.064000e+01 2.121500e+01 2.081676e+01 2.075594e+01 2.064500e+01 2.122000e+01 2.081574e+01 2.075920e+01
2.064500e+01 2.122000e+01 2.081574e+01 2.075920e+01 2.065500e+01 2.122000e+01 2.081662e+01 2.075624e+01
2.065500e+01 2.122000e+01 2.081662e+01 2.075624e+01 2.066000e+01 2.122500e+01 2.081555e+01 2.075974e+01
2.098500e+01 2.122000e+01 2.080973e+01 2.077085e+01 2.098000e+01 2.122500e+01 2.081090e+01 2.077381e+01
2.098500e+01 2.122000e+01 2.080973e+01 2.077085e+01 2.099500e+01 2.122000e+01 2.081114e+01 2.077451e+01
2.100000e+01 2.121500e+01 2.081007e+01 2.077177e+01 2.099500e+01 2.122000e+01 2.081114e+01 2.077451e+01
2.066000e+01 2.122500e+01 2.081555e+01 2.075974e+01 2.066500e+01 2.123000e+01 2.081461e+01 2.076334e+01
2.066500e+01 2.123000e+01 2.081461e+01 2.076334e+01 2.067500e+01 2.123000e+01 2.081528e+01 2.076077e+01
2.067500e+01 2.123000e+01 2.081528e+01 2.076077e+01 2.068000e+01 2.123500e+01 2.081433e+01 2.076461e+01
2.096500e+01 2.123000e+01 2.081084e+01 2.077355e+01 2.096000e+01 2.123500e+01 2.081196e+01 2.077684e+01
2.096500e+01 2.123000e+01 2.081084e+01 2.077355e+01 2.097500e+01 2.123000e+01 2.081196e+01 2.077687e+01
2.098000e+01 2.122500e+01 2.081090e+01 2.077381e+01 2.097500e+01 2.123000e+01 2.081196e+01 2.077687e+01
2.068000e+01 2.123500e+01 2.081433e+01 2.076461e+01 2.068500e+01 2.124000e+01 2.081350e+01 2.076853e+01
2.068500e+01 2.124000e+01 2.081350e+01 2.076853e+01 2.069500e+01 2.124000e+01 2.081402e+01 2.076635e+01
2.069500e+01 2.124000e+01 2.081402e+01 2.076635e+01 2.070500e+01 2.124000e+01 2.081439e+01 2.076435e+01
2.070500e+01 2.124000e+01 2.081439e+01 2.076435e+01 2.071000e+01 2.124500e+01 2.081360e+01 2.076864e+01
2.093500e+01 2.124000e+01 2.081133e+01 2.077448e+01 2.093000e+01 2.124500e+01 2.081222e+01 2.077824e+01
2.093500e+01 2.124000e+01 2.081133e+01 2.077448e+01 2.094500e+01 2.124000e+01 2.081206e+01 2.077727e+01
2.094500e+01 2.124000e+01 2.081206e+01 2.077727e+01 2.095500e+01 2.124000e+01 2.081296e+01 2.078021e+01
2.096000e+01 2.123500e+01 2.081196e+01 2.077684e+01 2.095500e+01 2.124000e+01 2.081296e+01 2.078021e+01
2.071000e+01 2.124500e+01 2.081360e+01 2.076864e+01 2.071500e+01 2.125000e+01 2.081287e+01 2.077258e+01
2.071500e+01 2.125000e+01 2.081287e+01 2.077258e+01 2.072500e+01 2.125000e+01 2.081323e+01 2.077140e+01
2.072500e+01 2.125000e+01 2.081323e+01 2.077140e+01 2.073500e+01 2.125000e+01 2.081342e+01 2.077000e+01
2.073500e+01 2.125000e+01 2.081342e+01 2.077000e+01 2.074500e+01 2.125000e+01 2.081352e+01 2.076879e+01
2.074500e+01 2.125000e+01 2.081352e+01 2.076879e+01 2.075000e+01 2.125500e+01 2.081301e+01 2.077361e+01
2.089500e+01 2.125000e+01 2.081192e+01 2.077536e+01 2.089000e+01 2.125500e+01 2.081275e+01 2.077966e+01
2.089500e+01 2.125000e+01 2.081192e+01 2.077536e+01 2.090500e+01 2.125000e+01 2.081224e+01 2.077740e+01
2.090500e+01 2.125000e+01 2.081224e+01 2.077740e+01 2.091500e+01 2.125000e+01 2.081269e+01 2.077962e+01
2.091500e+01 2.125000e+01 2.081269e+01 2.077962e+01 2.092500e+01 2.125000e+01 2.081313e+01 2.078203e+01
2.093000e+01 2.124500e+01 2.081222e+01 2.077824e+01 2.092500e+01 2.125000e+01 2.081313e+01 2.078203e+01
2.075000e+01 2.125500e+01 2.081301e+01 2.077361e+01 2.075500e+01 2.126000e+01 2.081263e+01 2.077846e+01
2.075500e+01 2.126000e+01 2.081263e+01 2.077846e+01 2.076500e+01 2.126000e+01 2.081276e+01 2.077768e+01
2.076500e+01 2.126000e+01 2.081276e+01 2.077768e+01 2.077500e+01 2.126000e+01 2.081283e+01 2.077710e+01
2.077500e+01 2.126000e+01 2.081283e+01 2.077710e+01 2.078500e+01 2.126000e+01 2.081285e+01 2.077671e+01
2.078500e+01 2.126000e+01 2.081285e+01 2.077671e+01 2.079500e+01 2.126000e+01 2.081284e+01 2.077653e+01
2.079500e+01 2.126000e+01 2.081284e+01 2.077653e+01 2.080500e+01 2.126000e+01 2.081281e+01 2.077655e+01
2.080500e+01 2.126000e+01 2.081281e+01 2.077655e+01 2.081500e+01 2.126000e+01 2.081277e+01 2.077678e+01
2.081500e+01 2.126000e+01 2.081277e+01 2.077678e+01 2.082500e+01 2.126000e+01 2.081274e+01 2.077721e+01
2.082500e+01 2.126000e+01 2.081274e+01 2.077721e+01 2.083500e+01 2.126000e+01 2.081273e+01 2.077785e+01
2.083500e+01 2.126000e+01 2.081273e+01 2.077785e+01 2.084500e+01 2.126000e+01 2.081275e+01 2.077869e+01
2.084500e+01 2.126000e+01 2.081275e+01 2.077869e+01 2.085500e+01 2.126000e+01 2.081282e+01 2.077972e+01
2.085500e+01 2.126000e+01 2.081282e+01 2.077972e+01 2.086500e+01 2.126000e+01 2.081295e+01 2.078096e+01
2.086500e+01 2.126000e+01 2.081295e+01 2.078096e+01 2.087500e+01 2.126000e+01 2.081316e+01 2.078238e+01
2.087500e+01 2.126000e+01 2.081316e+01 2.078238e+01 2.088500e+01 2.126000e+01 2.081345e+01 2.078400e+01
2.089000e+01 2.125500e+01 2.081275e+01 2.077966e+01 2.088500e+01 2.126000e+01 2.081345e+01 2.078400e+01
