2.076500e+01 2.030000e+01 2.083027e+01 2.078051e+01 2.076000e+01 2.030500e+01 2.083070e+01 2.078489e+01
2.076500e+01 2.030000e+01 2.083027e+01 2.078051e+01 2.077500e+01 2.030000e+01 2.083041e+01 2.078139e+01
2.077500e+01 2.030000e+01 2.083041e+01 2.078139e+01 2.078500e+01 2.030000e+01 2.083051e+01 2.078209e+01
2.078500e+01 2.030000e+01 2.083051e+01 2.078209e+01 2.079500e+01 2.030000e+01 2.083058e+01 2.078259e+01
2.079500e+01 2.030000e+01 2.083058e+01 2.078259e+01 2.080500e+01 2.030000e+01 2.083062e+01 2.078290e+01
2.080500e+01 2.030000e+01 2.083062e+01 2.078290e+01 2.081500e+01 2.030000e+01 2.083065e+01 2.078301e+01
2.081500e+01 2.030000e+01 2.083065e+01 2.078301e+01 2.082500e+01 2.030000e+01 2.083068e+01 2.078293e+01
2.082500e+01 2.030000e+01 2.083068e+01 2.078293e+01 2.083500e+01 2.030000e+01 2.083072e+01 2.078265e+01
2.083500e+01 2.030000e+01 2.083072e+01 2.078265e+01 2.084500e+01 2.030000e+01 2.083078e+01 2.078218e+01
2.084500e+01 2.030000e+01 2.083078e+01 2.078218e+01 2.085500e+01 2.030000e+01 2.083087e+01 2.078151e+01
2.085500e+01 2.030000e+01 2.083087e+01 2.078151e+01 2.086500e+01 2.030000e+01 2.083101e+01 2.078066e+01
2.086500e+01 2.030000e+01 2.083101e+01 2.078066e+01 2.087500e+01 2.030000e+01 2.083121e+01 2.077962e+01
2.087500e+01 2.030000e+01 2.083121e+01 2.077962e+01 2.088000e+01 2.030500e+01 2.083073e+01 2.078389e+01
2.070500e+01 2.031000e+01 2.082989e+01 2.078092e+01 2.070000e+01 2.031500e+01 2.083068e+01 2.078456e+01
2.070500e+01 2.031000e+01 2.082989e+01 2.078092e+01 2.071500e+01 2.031000e+01 2.083037e+01 2.078293e+01
2.071500e+01 2.031000e+01 2.083037e+01 2.078293e+01 2.072500e+01 2.031000e+01 2.083074e+01 2.078478e+01
2.072500e+01 2.031000e+01 2.083074e+01 2.078478e+01 2.073500e+01 2.031000e+01 2.083100e+01 2.078646e+01
2.073500e+01 2.031000e+01 2.083100e+01 2.078646e+01 2.074500e+01 2.031000e+01 2.083117e+01 2.078795e+01
2.074500e+01 2.031000e+01 2.083117e+01 2.078795e+01 2.075500e+01 2.031000e+01 2.083125e+01 2.078925e+01
2.076000e+01 2.030500e+01 2.083070e+01 2.078489e+01 2.075500e+01 2.031000e+01 2.083125e+01 2.078925e+01
2.088000e+01 2.030500e+01 2.083073e+01 2.078389e+01 2.088500e+01 2.031000e+01 2.083013e+01 2.078812e+01
2.088500e+01 2.031000e+01 2.083013e+01 2.078812e+01 2.089500e+01 2.031000e+01 2.083029e+01 2.078665e+01
2.089500e+01 2.031000e+01 2.083029e+01 2.078665e+01 2.090500e+01 2.031000e+01 2.083054e+01 2.078501e+01
2.090500e+01 2.031000e+01 2.083054e+01 2.078501e+01 2.091500e+01 2.031000e+01 2.083089e+01 2.078319e+01
2.091500e+01 2.031000e+01 2.083089e+01 2.078319e+01 2.092500e+01 2.031000e+01 2.083136e+01 2.078120e+01
2.092500e+01 2.031000e+01 2.083136e+01 2.078120e+01 2.093000e+01 2.031500e+01 2.083058e+01 2.078482e+01
2.066500e+01 2.032000e+01 2.082945e+01 2.078042e+01 2.066000e+01 2.032500e+01 2.083036e+01 2.078352e+01
2.066500e+01 2.032000e+01 2.082945e+01 2.078042e+01 2.067500e+01 2.032000e+01 2.083031e+01 2.078314e+01
2.067500e+01 2.032000e+01 2.083031e+01 2.078314e+01 2.068500e+01 2.032000e+01 2.083103e+01 2.078571e+01
2.068500e+01 2.032000e+01 2.083103e+01 2.078571e+01 2.069500e+01 2.032000e+01 2.083160e+01 2.078814e+01
2.070000e+01 2.031500e+01 2.083068e+01 2.078456e+01 2.069500e+01 2.032000e+01 2.083160e+01 2.078814e+01
2.093000e+01 2.031500e+01 2.083058e+01 2.078482e+01 2.093500e+01 2.032000e+01 2.082967e+01 2.078838e+01
2.093500e+01 2.032000e+01 2.082967e+01 2.078838e+01 2.094500e+01 2.032000e+01 2.083023e+01 2.078598e+01
2.094500e+01 2.032000e+01 2.083023e+01 2.078598e+01 2.095500e+01 2.032000e+01 2.083093e+01 2.078344e+01
2.095500e+01 2.032000e+01 2.083093e+01 2.078344e+01 2.096500e+01 2.032000e+01 2.083179e+01 2.078075e+01
2.096500e+01 2.032000e+01 2.083179e+01 2.078075e+01 2.097000e+01 2.032500e+01 2.083088e+01 2.078382e+01
2.063500e+01 2.033000e+01 2.082910e+01 2.078023e+01 2.063000e+01 2.033500e+01 2.083006e+01 2.078290e+01
2.063500e+01 2.033000e+01 2.082910e+01 2.078023e+01 2.064500e+01 2.033000e+01 2.083034e+01 2.078344e+01
2.064500e+01 2.033000e+01 2.083034e+01 2.078344e+01 2.065500e+01 2.033000e+01 2.083140e+01 2.078653e+01
2.066000e+01 2.032500e+01 2.083036e+01 2.078352e+01 2.065500e+01 2.033000e+01 2.083140e+01 2.078653e+01
2.097000e+01 2.032500e+01 2.083088e+01 2.078382e+01 2.097500e+01 2.033000e+01 2.082986e+01 2.078679e+01
2.097500e+01 2.033000e+01 2.082986e+01 2.078679e+01 2.098500e+01 2.033000e+01 2.083090e+01 2.078374e+01
2.098500e+01 2.033000e+01 2.083090e+01 2.078374e+01 2.099500e+01 2.033000e+01 2.083212e+01 2.078056e+01
2.099500e+01 2.033000e+01 2.083212e+01 2.078056e+01 2.100000e+01 2.033500e+01 2.083118e+01 2.078319e+01
2.061500e+01 2.034000e+01 2.082963e+01 2.078193e+01 2.061000e+01 2.034500e+01 2.083060e+01 2.078429e+01
2.061500e+01 2.034000e+01 2.082963e+01 2.078193e+01 2.062500e+01 2.034000e+01 2.083112e+01 2.078547e+01
2.063000e+01 2.033500e+01 2.083006e+01 2.078290e+01 2.062500e+01 2.034000e+01 2.083112e+01 2.078547e+01
2.100000e+01 2.033500e+01 2.083118e+01 2.078319e+01 2.100500e+01 2.034000e+01 2.083013e+01 2.078572e+01
2.100500e+01 2.034000e+01 2.083013e+01 2.078572e+01 2.101500e+01 2.034000e+01 2.083162e+01 2.078222e+01
2.101500e+01 2.034000e+01 2.083162e+01 2.078222e+01 2.102000e+01 2.034500e+01 2.083066e+01 2.078452e+01
2.059500e+01 2.035000e+01 2.082986e+01 2.078269e+01 2.059000e+01 2.035500e+01 2.083081e+01 2.078474e+01
2.059500e+01 2.035000e+01 2.082986e+01 2.078269e+01 2.060500e+01 2.035000e+01 2.083167e+01 2.078653e+01
2.061000e+01 2.034500e+01 2.083060e+01 2.078429e+01 2.060500e+01 2.035000e+01 2.083167e+01 2.078653e+01
2.102000e+01 2.034500e+01 2.083066e+01 2.078452e+01 2.102500e+01 2.035000e+01 2.082960e+01 2.078672e+01
2.102500e+01 2.035000e+01 2.082960e+01 2.078672e+01 2.103500e+01 2.035000e+01 2.083140e+01 2.078292e+01
2.103500e+01 2.035000e+01 2.083140e+01 2.078292e+01 2.104000e+01 2.035500e+01 2.083047e+01 2.078491e+01
2.057500e+01 2.036000e+01 2.082970e+01 2.078256e+01 2.057000e+01 2.036500e+01 2.083059e+01 2.078431e+01
2.057500e+01 2.036000e+01 2.082970e+01 2.078256e+01 2.058500e+01 2.036000e+01 2.083186e+01 2.078666e+01
2.059000e+01 2.035500e+01 2.083081e+01 2.078474e+01 2.058500e+01 2.036000e+01 2.083186e+01 2.078666e+01
2.104000e+01 2.035500e+01 2.083047e+01 2.078491e+01 2.104500e+01 2.036000e+01 2.082944e+01 2.078678e+01
2.104500e+01 2.036000e+01 2.082944e+01 2.078678e+01 2.105500e+01 2.036000e+01 2.083160e+01 2.078273e+01
2.105500e+01 2.036000e+01 2.083160e+01 2.078273e+01 2.106000e+01 2.036500e+01 2.083073e+01 2.078442e+01
2.055500e+01 2.037000e+01 2.082902e+01 2.078161e+01 2.055000e+01 2.037500e+01 2.082981e+01 2.078306e+01
2.055500e+01 2.037000e+01 2.082902e+01 2.078161e+01 2.056500e+01 2.037000e+01 2.083156e+01 2.078592e+01
2.057000e+01 2.036500e+01 2.083059e+01 2.078431e+01 2.056500e+01 2.037000e+01 2.083156e+01 2.078592e+01
2.106000e+01 2.036500e+01 2.083073e+01 2.078442e+01 2.106500e+01 2.037000e+01 2.082978e+01 2.078597e+01
2.106500e+01 2.037000e+01 2.082978e+01 2.078597e+01 2.107500e+01 2.037000e+01 2.083232e+01 2.078171e+01
2.107500e+01 2.037000e+01 2.083232e+01 2.078171e+01 2.108000e+01 2.037500e+01 2.083155e+01 2.078311e+01
2.054500e+01 2.038000e+01 2.083068e+01 2.078438e+01 2.054000e+01 2.038500e+01 2.083144e+01 2.078563e+01
2.055000e+01 2.037500e+01 2.082981e+01 2.078306e+01 2.054500e+01 2.038000e+01 2.083068e+01 2.078438e+01
2.108000e+01 2.037500e+01 2.083155e+01 2.078311e+01 2.108500e+01 2.038000e+01 2.083072e+01 2.078437e+01
2.108500e+01 2.038000e+01 2.083072e+01 2.078437e+01 2.109000e+01 2.038500e+01 2.082998e+01 2.078556e+01
2.052500e+01 2.039000e+01 2.082910e+01 2.078213e+01 2.052000e+01 2.039500e+01 2.082971e+01 2.078312e+01
2.052500e+01 2.039000e+01 2.082910e+01 2.078213e+01 2.053500e+01 2.039000e+01 2.083227e+01 2.078674e+01
2.054000e+01 2.038500e+01 2.083144e+01 2.078563e+01 2.053500e+01 2.039000e+01 2.083227e+01 2.078674e+01
2.109000e+01 2.038500e+01 2.082998e+01 2.078556e+01 2.109500e+01 2.039000e+01 2.082919e+01 2.078661e+01
2.109500e+01 2.039000e+01 2.082919e+01 2.078661e+01 2.110500e+01 2.039000e+01 2.083236e+01 2.078206e+01
2.110500e+01 2.039000e+01 2.083236e+01 2.078206e+01 2.111000e+01 2.039500e+01 2.083179e+01 2.078299e+01
2.051500e+01 2.040000e+01 2.083037e+01 2.078397e+01 2.051000e+01 2.040500e+01 2.083091e+01 2.078477e+01
2.052000e+01 2.039500e+01 2.082971e+01 2.078312e+01 2.051500e+01 2.040000e+01 2.083037e+01 2.078397e+01
2.111000e+01 2.039500e+01 2.083179e+01 2.078299e+01 2.111500e+01 2.040000e+01 2.083117e+01 2.078378e+01
2.111500e+01 2.040000e+01 2.083117e+01 2.078378e+01 2.112000e+01 2.040500e+01 2.083067e+01 2.078453e+01
2.050500e+01 2.041000e+01 2.083150e+01 2.078543e+01 2.050000e+01 2.041500e+01 2.083196e+01 2.078605e+01
2.051000e+01 2.040500e+01 2.083091e+01 2.078477e+01 2.050500e+01 2.041000e+01 2.083150e+01 2.078543e+01
2.112000e+01 2.040500e+01 2.083067e+01 2.078453e+01 2.112500e+01 2.041000e+01 2.083013e+01 2.078512e+01
2.112500e+01 2.041000e+01 2.083013e+01 2.078512e+01 2.113000e+01 2.041500e+01 2.082971e+01 2.078568e+01
2.048500e+01 2.042000e+01 2.082834e+01 2.078168e+01 2.048000e+01 2.042500e+01 2.082858e+01 2.078210e+01
2.048500e+01 2.042000e+01 2.082834e+01 2.078168e+01 2.049500e+01 2.042000e+01 2.083245e+01 2.078652e+01
2.050000e+01 2.041500e+01 2.083196e+01 2.078605e+01 2.049500e+01 2.042000e+01 2.083245e+01 2.078652e+01
2.113000e+01 2.041500e+01 2.082971e+01 2.078568e+01 2.113500e+01 2.042000e+01 2.082926e+01 2.078609e+01
2.113500e+01 2.042000e+01 2.082926e+01 2.078609e+01 2.114000e+01 2.042500e+01 2.082895e+01 2.078648e+01
2.047500e+01 2.043000e+01 2.082883e+01 2.078237e+01 2.047000e+01 2.043500e+01 2.082895e+01 2.078263e+01
2.048000e+01 2.042500e+01 2.082858e+01 2.078210e+01 2.047500e+01 2.043000e+01 2.082883e+01 2.078237e+01
2.114000e+01 2.042500e+01 2.082895e+01 2.078648e+01 2.114500e+01 2.043000e+01 2.082861e+01 2.078671e+01
2.114500e+01 2.043000e+01 2.082861e+01 2.078671e+01 2.115500e+01 2.043000e+01 2.083301e+01 2.078192e+01
2.115500e+01 2.043000e+01 2.083301e+01 2.078192e+01 2.116000e+01 2.043500e+01 2.083294e+01 2.078213e+01
2.046500e+01 2.044000e+01 2.082908e+01 2.078275e+01 2.046000e+01 2.044500e+01 2.082908e+01 2.078286e+01
2.047000e+01 2.043500e+01 2.082895e+01 2.078263e+01 2.046500e+01 2.044000e+01 2.082908e+01 2.078275e+01
2.116000e+01 2.043500e+01 2.083294e+01 2.078213e+01 2.116500e+01 2.044000e+01 2.083287e+01 2.078219e+01
2.116500e+01 2.044000e+01 2.083287e+01 2.078219e+01 2.117000e+01 2.044500e+01 2.083294e+01 2.078226e+01
2.045500e+01 2.045000e+01 2.082908e+01 2.078283e+01 2.045000e+01 2.045500e+01 2.082893e+01 2.078281e+01
2.046000e+01 2.044500e+01 2.082908e+01 2.078286e+01 2.045500e+01 2.045000e+01 2.082908e+01 2.078283e+01
2.117000e+01 2.044500e+01 2.083294e+01 2.078226e+01 2.117500e+01 2.045000e+01 2.083301e+01 2.078218e+01
2.117500e+01 2.045000e+01 2.083301e+01 2.078218e+01 2.118000e+01 2.045500e+01 2.083322e+01 2.078212e+01
2.044500e+01 2.046000e+01 2.082878e+01 2.078265e+01 2.044000e+01 2.046500e+01 2.082849e+01 2.078250e+01
2.045000e+01 2.045500e+01 2.082893e+01 2.078281e+01 2.044500e+01 2.046000e+01 2.082878e+01 2.078265e+01
2.118000e+01 2.045500e+01 2.083322e+01 2.078212e+01 2.118000e+01 2.046500e+01 2.082845e+01 2.078647e+01
2.044000e+01 2.046500e+01 2.082849e+01 2.078250e+01 2.044000e+01 2.047500e+01 2.083333e+01 2.078678e+01
2.118000e+01 2.046500e+01 2.082845e+01 2.078647e+01 2.118500e+01 2.047000e+01 2.082870e+01 2.078613e+01
2.118500e+01 2.047000e+01 2.082870e+01 2.078613e+01 2.119000e+01 2.047500e+01 2.082909e+01 2.078581e+01
2.043500e+01 2.048000e+01 2.083299e+01 2.078636e+01 2.043000e+01 2.048500e+01 2.083251e+01 2.078597e+01
2.044000e+01 2.047500e+01 2.083333e+01 2.078678e+01 2.043500e+01 2.048000e+01 2.083299e+01 2.078636e+01
2.119000e+01 2.047500e+01 2.082909e+01 2.078581e+01 2.119500e+01 2.048000e+01 2.082951e+01 2.078535e+01
2.119500e+01 2.048000e+01 2.082951e+01 2.078535e+01 2.120000e+01 2.048500e+01 2.083007e+01 2.078493e+01
2.042500e+01 2.049000e+01 2.083199e+01 2.078545e+01 2.042000e+01 2.049500e+01 2.083133e+01 2.078497e+01
2.043000e+01 2.048500e+01 2.083251e+01 2.078597e+01 2.042500e+01 2.049000e+01 2.083199e+01 2.078545e+01
2.120000e+01 2.048500e+01 2.083007e+01 2.078493e+01 2.120500e+01 2.049000e+01 2.083068e+01 2.078438e+01
2.120500e+01 2.049000e+01 2.083068e+01 2.078438e+01 2.121000e+01 2.049500e+01 2.083142e+01 2.078387e+01
2.041500e+01 2.050000e+01 2.083063e+01 2.078437e+01 2.041000e+01 2.050500e+01 2.082978e+01 2.078382e+01
2.042000e+01 2.049500e+01 2.083133e+01 2.078497e+01 2.041500e+01 2.050000e+01 2.083063e+01 2.078437e+01
2.121000e+01 2.049500e+01 2.083142e+01 2.078387e+01 2.121500e+01 2.050000e+01 2.083222e+01 2.078325e+01
2.121500e+01 2.050000e+01 2.083222e+01 2.078325e+01 2.122000e+01 2.050500e+01 2.083315e+01 2.078267e+01
2.040500e+01 2.051000e+01 2.082889e+01 2.078314e+01 2.040000e+01 2.051500e+01 2.082786e+01 2.078253e+01
2.041000e+01 2.050500e+01 2.082978e+01 2.078382e+01 2.040500e+01 2.051000e+01 2.082889e+01 2.078314e+01
2.122000e+01 2.050500e+01 2.083315e+01 2.078267e+01 2.122000e+01 2.051500e+01 2.082869e+01 2.078575e+01
2.040000e+01 2.051500e+01 2.082786e+01 2.078253e+01 2.040000e+01 2.052500e+01 2.083234e+01 2.078556e+01
2.122000e+01 2.051500e+01 2.082869e+01 2.078575e+01 2.122500e+01 2.052000e+01 2.082975e+01 2.078495e+01
2.122500e+01 2.052000e+01 2.082975e+01 2.078495e+01 2.123000e+01 2.052500e+01 2.083094e+01 2.078422e+01
2.039500e+01 2.053000e+01 2.083118e+01 2.078473e+01 2.039000e+01 2.053500e+01 2.082989e+01 2.078397e+01
2.040000e+01 2.052500e+01 2.083234e+01 2.078556e+01 2.039500e+01 2.053000e+01 2.083118e+01 2.078473e+01
2.123000e+01 2.052500e+01 2.083094e+01 2.078422e+01 2.123500e+01 2.053000e+01 2.083221e+01 2.078339e+01
2.123500e+01 2.053000e+01 2.083221e+01 2.078339e+01 2.124000e+01 2.053500e+01 2.083360e+01 2.078263e+01
2.038500e+01 2.054000e+01 2.082852e+01 2.078311e+01 2.038000e+01 2.054500e+01 2.082703e+01 2.078233e+01
2.039000e+01 2.053500e+01 2.082989e+01 2.078397e+01 2.038500e+01 2.054000e+01 2.082852e+01 2.078311e+01
2.124000e+01 2.053500e+01 2.083360e+01 2.078263e+01 2.124000e+01 2.054500e+01 2.082947e+01 2.078505e+01
2.038000e+01 2.054500e+01 2.082703e+01 2.078233e+01 2.038000e+01 2.055500e+01 2.083117e+01 2.078472e+01
2.124000e+01 2.054500e+01 2.082947e+01 2.078505e+01 2.124500e+01 2.055000e+01 2.083103e+01 2.078411e+01
2.124500e+01 2.055000e+01 2.083103e+01 2.078411e+01 2.125000e+01 2.055500e+01 2.083271e+01 2.078325e+01
2.037500e+01 2.056000e+01 2.082950e+01 2.078376e+01 2.037000e+01 2.056500e+01 2.082772e+01 2.078290e+01
2.038000e+01 2.055500e+01 2.083117e+01 2.078472e+01 2.037500e+01 2.056000e+01 2.082950e+01 2.078376e+01
2.125000e+01 2.055500e+01 2.083271e+01 2.078325e+01 2.125000e+01 2.056500e+01 2.082882e+01 2.078527e+01
2.037000e+01 2.056500e+01 2.082772e+01 2.078290e+01 2.037000e+01 2.057500e+01 2.083161e+01 2.078490e+01
2.125000e+01 2.056500e+01 2.082882e+01 2.078527e+01 2.125500e+01 2.057000e+01 2.083069e+01 2.078426e+01
2.125500e+01 2.057000e+01 2.083069e+01 2.078426e+01 2.126000e+01 2.057500e+01 2.083268e+01 2.078335e+01
2.036500e+01 2.058000e+01 2.082964e+01 2.078389e+01 2.036000e+01 2.058500e+01 2.082756e+01 2.078298e+01
2.037000e+01 2.057500e+01 2.083161e+01 2.078490e+01 2.036500e+01 2.058000e+01 2.082964e+01 2.078389e+01
2.126000e+01 2.057500e+01 2.083268e+01 2.078335e+01 2.126000e+01 2.058500e+01 2.082907e+01 2.078502e+01
2.036000e+01 2.058500e+01 2.082756e+01 2.078298e+01 2.036000e+01 2.059500e+01 2.083116e+01 2.078463e+01
2.126000e+01 2.058500e+01 2.082907e+01 2.078502e+01 2.126500e+01 2.059000e+01 2.083127e+01 2.078398e+01
2.126500e+01 2.059000e+01 2.083127e+01 2.078398e+01 2.127000e+01 2.059500e+01 2.083357e+01 2.078306e+01
2.035500e+01 2.060000e+01 2.082886e+01 2.078361e+01 2.035000e+01 2.060500e+01 2.082647e+01 2.078269e+01
2.036000e+01 2.059500e+01 2.083116e+01 2.078463e+01 2.035500e+01 2.060000e+01 2.082886e+01 2.078361e+01
2.127000e+01 2.059500e+01 2.083357e+01 2.078306e+01 2.127000e+01 2.060500e+01 2.083028e+01 2.078441e+01
2.035000e+01 2.060500e+01 2.082647e+01 2.078269e+01 2.035000e+01 2.061500e+01 2.082975e+01 2.078404e+01
2.127000e+01 2.060500e+01 2.083028e+01 2.078441e+01 2.127500e+01 2.061000e+01 2.083280e+01 2.078340e+01
2.127500e+01 2.061000e+01 2.083280e+01 2.078340e+01 2.128000e+01 2.061500e+01 2.083542e+01 2.078251e+01
2.035000e+01 2.061500e+01 2.082975e+01 2.078404e+01 2.035000e+01 2.062500e+01 2.083290e+01 2.078520e+01
2.128000e+01 2.061500e+01 2.083542e+01 2.078251e+01 2.128000e+01 2.062500e+01 2.083248e+01 2.078360e+01
2.034500e+01 2.063000e+01 2.083017e+01 2.078418e+01 2.034000e+01 2.063500e+01 2.082736e+01 2.078327e+01
2.035000e+01 2.062500e+01 2.083290e+01 2.078520e+01 2.034500e+01 2.063000e+01 2.083017e+01 2.078418e+01
2.128000e+01 2.062500e+01 2.083248e+01 2.078360e+01 2.128000e+01 2.063500e+01 2.082967e+01 2.078452e+01
2.034000e+01 2.063500e+01 2.082736e+01 2.078327e+01 2.034000e+01 2.064500e+01 2.083014e+01 2.078420e+01
2.128000e+01 2.063500e+01 2.082967e+01 2.078452e+01 2.128500e+01 2.064000e+01 2.083265e+01 2.078356e+01
2.128500e+01 2.064000e+01 2.083265e+01 2.078356e+01 2.129000e+01 2.064500e+01 2.083570e+01 2.078272e+01
2.034000e+01 2.064500e+01 2.083014e+01 2.078420e+01 2.034000e+01 2.065500e+01 2.083278e+01 2.078497e+01
2.129000e+01 2.064500e+01 2.083570e+01 2.078272e+01 2.129000e+01 2.065500e+01 2.083328e+01 2.078346e+01
2.033500e+01 2.066000e+01 2.082961e+01 2.078403e+01 2.033000e+01 2.066500e+01 2.082637e+01 2.078322e+01
2.034000e+01 2.065500e+01 2.083278e+01 2.078497e+01 2.033500e+01 2.066000e+01 2.082961e+01 2.078403e+01
2.129000e+01 2.065500e+01 2.083328e+01 2.078346e+01 2.129000e+01 2.066500e+01 2.083102e+01 2.078406e+01
2.033000e+01 2.066500e+01 2.082637e+01 2.078322e+01 2.033000e+01 2.067500e+01 2.082860e+01 2.078384e+01
2.129000e+01 2.066500e+01 2.083102e+01 2.078406e+01 2.129000e+01 2.067500e+01 2.082892e+01 2.078452e+01
2.033000e+01 2.067500e+01 2.082860e+01 2.078384e+01 2.033000e+01 2.068500e+01 2.083067e+01 2.078432e+01
2.129000e+01 2.067500e+01 2.082892e+01 2.078452e+01 2.129000e+01 2.068500e+01 2.082699e+01 2.078485e+01
2.033000e+01 2.068500e+01 2.083067e+01 2.078432e+01 2.033000e+01 2.069500e+01 2.083257e+01 2.078468e+01
2.129000e+01 2.068500e+01 2.082699e+01 2.078485e+01 2.129500e+01 2.069000e+01 2.083067e+01 2.078408e+01
2.129500e+01 2.069000e+01 2.083067e+01 2.078408e+01 2.130000e+01 2.069500e+01 2.083439e+01 2.078344e+01
2.033000e+01 2.069500e+01 2.083257e+01 2.078468e+01 2.033000e+01 2.070500e+01 2.083429e+01 2.078493e+01
2.080500e+01 2.070000e+01 2.085834e+01 2.112453e+01 2.080000e+01 2.070500e+01 2.088046e+01 2.112192e+01
2.080500e+01 2.070000e+01 2.085834e+01 2.112453e+01 2.081500e+01 2.070000e+01 2.081832e+01 2.112511e+01
2.081500e+01 2.070000e+01 2.081832e+01 2.112511e+01 2.082000e+01 2.070500e+01 2.079638e+01 2.112312e+01
2.130000e+01 2.069500e+01 2.083439e+01 2.078344e+01 2.130000e+01 2.070500e+01 2.083289e+01 2.078373e+01
2.032500e+01 2.071000e+01 2.083044e+01 2.078423e+01 2.032000e+01 2.071500e+01 2.082655e+01 2.078366e+01
2.033000e+01 2.070500e+01 2.083429e+01 2.078493e+01 2.032500e+01 2.071000e+01 2.083044e+01 2.078423e+01
2.077500e+01 2.071000e+01 2.098106e+01 2.109002e+01 2.077000e+01 2.071500e+01 2.100461e+01 2.107657e+01
2.077500e+01 2.071000e+01 2.098106e+01 2.109002e+01 2.078500e+01 2.071000e+01 2.094596e+01 2.110554e+01
2.078500e+01 2.071000e+01 2.094596e+01 2.110554e+01 2.079500e+01 2.071000e+01 2.090575e+01 2.111735e+01
2.080000e+01 2.070500e+01 2.088046e+01 2.112192e+01 2.079500e+01 2.071000e+01 2.090575e+01 2.111735e+01
2.082000e+01 2.070500e+01 2.079638e+01 2.112312e+01 2.082500e+01 2.071000e+01 2.077125e+01 2.111929e+01
2.082500e+01 2.071000e+01 2.077125e+01 2.111929e+01 2.083500e+01 2.071000e+01 2.072941e+01 2.110834e+01
2.083500e+01 2.071000e+01 2.072941e+01 2.110834e+01 2.084500e+01 2.071000e+01 2.069228e+01 2.109323e+01
2.084500e+01 2.071000e+01 2.069228e+01 2.109323e+01 2.085000e+01 2.071500e+01 2.066767e+01 2.107986e+01
2.130000e+01 2.070500e+01 2.083289e+01 2.078373e+01 2.130000e+01 2.071500e+01 2.083158e+01 2.078393e+01
2.032000e+01 2.071500e+01 2.082655e+01 2.078366e+01 2.032000e+01 2.072500e+01 2.082784e+01 2.078390e+01
2.076500e+01 2.072000e+01 2.103009e+01 2.105917e+01 2.076000e+01 2.072500e+01 2.105244e+01 2.104043e+01
2.077000e+01 2.071500e+01 2.100461e+01 2.107657e+01 2.076500e+01 2.072000e+01 2.103009e+01 2.105917e+01
2.085000e+01 2.071500e+01 2.066767e+01 2.107986e+01 2.085500e+01 2.072000e+01 2.064081e+01 2.106235e+01
2.085500e+01 2.072000e+01 2.064081e+01 2.106235e+01 2.086500e+01 2.072000e+01 2.061445e+01 2.104108e+01
2.086500e+01 2.072000e+01 2.061445e+01 2.104108e+01 2.087000e+01 2.072500e+01 2.059397e+01 2.102127e+01
2.130000e+01 2.071500e+01 2.083158e+01 2.078393e+01 2.130000e+01 2.072500e+01 2.083045e+01 2.078406e+01
2.032000e+01 2.072500e+01 2.082784e+01 2.078390e+01 2.032000e+01 2.073500e+01 2.082893e+01 2.078406e+01
2.075500e+01 2.073000e+01 2.107532e+01 2.101738e+01 2.075000e+01 2.073500e+01 2.109424e+01 2.099462e+01
2.076000e+01 2.072500e+01 2.105244e+01 2.104043e+01 2.075500e+01 2.073000e+01 2.107532e+01 2.101738e+01
2.087000e+01 2.072500e+01 2.059397e+01 2.102127e+01 2.087000e+01 2.073500e+01 2.057210e+01 2.099575e+01
2.130000e+01 2.072500e+01 2.083045e+01 2.078406e+01 2.130000e+01 2.073500e+01 2.082952e+01 2.078412e+01
2.032000e+01 2.073500e+01 2.082893e+01 2.078406e+01 2.032000e+01 2.074500e+01 2.082984e+01 2.078416e+01
2.074500e+01 2.074000e+01 2.111204e+01 2.096823e+01 2.074000e+01 2.074500e+01 2.112600e+01 2.094363e+01
2.075000e+01 2.073500e+01 2.109424e+01 2.099462e+01 2.074500e+01 2.074000e+01 2.111204e+01 2.096823e+01
2.087000e+01 2.073500e+01 2.057210e+01 2.099575e+01 2.087500e+01 2.074000e+01 2.055280e+01 2.096815e+01
2.087500e+01 2.074000e+01 2.055280e+01 2.096815e+01 2.088000e+01 2.074500e+01 2.053765e+01 2.094240e+01
2.130000e+01 2.073500e+01 2.082952e+01 2.078412e+01 2.130000e+01 2.074500e+01 2.082879e+01 2.078412e+01
2.032000e+01 2.074500e+01 2.082984e+01 2.078416e+01 2.032000e+01 2.075500e+01 2.083055e+01 2.078421e+01
2.074000e+01 2.074500e+01 2.112600e+01 2.094363e+01 2.074000e+01 2.075500e+01 2.114215e+01 2.090615e+01
2.088000e+01 2.074500e+01 2.053765e+01 2.094240e+01 2.088500e+01 2.075000e+01 2.052497e+01 2.091439e+01
2.088500e+01 2.075000e+01 2.052497e+01 2.091439e+01 2.089000e+01 2.075500e+01 2.051553e+01 2.088919e+01
2.130000e+01 2.074500e+01 2.082879e+01 2.078412e+01 2.130000e+01 2.075500e+01 2.082826e+01 2.078409e+01
2.032000e+01 2.075500e+01 2.083055e+01 2.078421e+01 2.032000e+01 2.076500e+01 2.083105e+01 2.078421e+01
2.073500e+01 2.076000e+01 2.115064e+01 2.087837e+01 2.073000e+01 2.076500e+01 2.115657e+01 2.085378e+01
2.074000e+01 2.075500e+01 2.114215e+01 2.090615e+01 2.073500e+01 2.076000e+01 2.115064e+01 2.087837e+01
2.089000e+01 2.075500e+01 2.051553e+01 2.088919e+01 2.089000e+01 2.076500e+01 2.050480e+01 2.084851e+01
2.130000e+01 2.075500e+01 2.082826e+01 2.078409e+01 2.130000e+01 2.076500e+01 2.082794e+01 2.078403e+01
2.032000e+01 2.076500e+01 2.083105e+01 2.078421e+01 2.032000e+01 2.077500e+01 2.083136e+01 2.078419e+01
2.073000e+01 2.076500e+01 2.115657e+01 2.085378e+01 2.073000e+01 2.077500e+01 2.116220e+01 2.081149e+01
2.089000e+01 2.076500e+01 2.050480e+01 2.084851e+01 2.089000e+01 2.077500e+01 2.049898e+01 2.080470e+01
2.130000e+01 2.076500e+01 2.082794e+01 2.078403e+01 2.130000e+01 2.077500e+01 2.082781e+01 2.078395e+01
2.032000e+01 2.077500e+01 2.083136e+01 2.078419e+01 2.032000e+01 2.078500e+01 2.083146e+01 2.078416e+01
2.073000e+01 2.077500e+01 2.116220e+01 2.081149e+01 2.073000e+01 2.078500e+01 2.116249e+01 2.076784e+01
2.089000e+01 2.077500e+01 2.049898e+01 2.080470e+01 2.089000e+01 2.078500e+01 2.049878e+01 2.075986e+01
2.130000e+01 2.077500e+01 2.082781e+01 2.078395e+01 2.130000e+01 2.078500e+01 2.082790e+01 2.078388e+01
2.032000e+01 2.078500e+01 2.083146e+01 2.078416e+01 2.032000e+01 2.079500e+01 2.083136e+01 2.078413e+01
2.073000e+01 2.078500e+01 2.116249e+01 2.076784e+01 2.073000e+01 2.079500e+01 2.115736e+01 2.072497e+01
2.089000e+01 2.078500e+01 2.049878e+01 2.075986e+01 2.089000e+01 2.079500e+01 2.050418e+01 2.071627e+01
2.130000e+01 2.078500e+01 2.082790e+01 2.078388e+01 2.130000e+01 2.079500e+01 2.082819e+01 2.078381e+01
2.032000e+01 2.079500e+01 2.083136e+01 2.078413e+01 2.032000e+01 2.080500e+01 2.083105e+01 2.078411e+01
2.073000e+01 2.079500e+01 2.115736e+01 2.072497e+01 2.073500e+01 2.080000e+01 2.115163e+01 2.070001e+01
2.073500e+01 2.080000e+01 2.115163e+01 2.070001e+01 2.074000e+01 2.080500e+01 2.114330e+01 2.067169e+01
2.088500e+01 2.080000e+01 2.051031e+01 2.069106e+01 2.088000e+01 2.080500e+01 2.051913e+01 2.066250e+01
2.089000e+01 2.079500e+01 2.050418e+01 2.071627e+01 2.088500e+01 2.080000e+01 2.051031e+01 2.069106e+01
2.130000e+01 2.079500e+01 2.082819e+01 2.078381e+01 2.130000e+01 2.080500e+01 2.082868e+01 2.078378e+01
2.032000e+01 2.080500e+01 2.083105e+01 2.078411e+01 2.032000e+01 2.081500e+01 2.083054e+01 2.078411e+01
2.074000e+01 2.080500e+01 2.114330e+01 2.067169e+01 2.074000e+01 2.081500e+01 2.112711e+01 2.063262e+01
2.088000e+01 2.080500e+01 2.051913e+01 2.066250e+01 2.088000e+01 2.081500e+01 2.053557e+01 2.062381e+01
2.130000e+01 2.080500e+01 2.082868e+01 2.078378e+01 2.130000e+01 2.081500e+01 2.082937e+01 2.078378e+01
2.032000e+01 2.081500e+01 2.083054e+01 2.078411e+01 2.032000e+01 2.082500e+01 2.082984e+01 2.078416e+01
2.074000e+01 2.081500e+01 2.112711e+01 2.063262e+01 2.074500e+01 2.082000e+01 2.111291e+01 2.060707e+01
2.074500e+01 2.082000e+01 2.111291e+01 2.060707e+01 2.075000e+01 2.082500e+01 2.109471e+01 2.057952e+01
2.087500e+01 2.082000e+01 2.055010e+01 2.059859e+01 2.087000e+01 2.082500e+01 2.056866e+01 2.057153e+01
2.088000e+01 2.081500e+01 2.053557e+01 2.062381e+01 2.087500e+01 2.082000e+01 2.055010e+01 2.059859e+01
2.130000e+01 2.081500e+01 2.082937e+01 2.078378e+01 2.130000e+01 2.082500e+01 2.083027e+01 2.078383e+01
2.032000e+01 2.082500e+01 2.082984e+01 2.078416e+01 2.032000e+01 2.083500e+01 2.082893e+01 2.078425e+01
2.075000e+01 2.082500e+01 2.109471e+01 2.057952e+01 2.075500e+01 2.083000e+01 2.107521e+01 2.055566e+01
2.075500e+01 2.083000e+01 2.107521e+01 2.055566e+01 2.076000e+01 2.083500e+01 2.105155e+01 2.053140e+01
2.086500e+01 2.083000e+01 2.058833e+01 2.054831e+01 2.086000e+01 2.083500e+01 2.061211e+01 2.052490e+01
2.087000e+01 2.082500e+01 2.056866e+01 2.057153e+01 2.086500e+01 2.083000e+01 2.058833e+01 2.054831e+01
2.130000e+01 2.082500e+01 2.083027e+01 2.078383e+01 2.130000e+01 2.083500e+01 2.083136e+01 2.078395e+01
2.032000e+01 2.083500e+01 2.082893e+01 2.078425e+01 2.032000e+01 2.084500e+01 2.082784e+01 2.078441e+01
2.076000e+01 2.083500e+01 2.105155e+01 2.053140e+01 2.076500e+01 2.084000e+01 2.102838e+01 2.051168e+01
2.076500e+01 2.084000e+01 2.102838e+01 2.051168e+01 2.077000e+01 2.084500e+01 2.100196e+01 2.049332e+01
2.085500e+01 2.084000e+01 2.063523e+01 2.050600e+01 2.085000e+01 2.084500e+01 2.066149e+01 2.048860e+01
2.086000e+01 2.083500e+01 2.061211e+01 2.052490e+01 2.085500e+01 2.084000e+01 2.063523e+01 2.050600e+01
2.130000e+01 2.083500e+01 2.083136e+01 2.078395e+01 2.130000e+01 2.084500e+01 2.083264e+01 2.078414e+01
2.032000e+01 2.084500e+01 2.082784e+01 2.078441e+01 2.032000e+01 2.085500e+01 2.082655e+01 2.078465e+01
2.077000e+01 2.084500e+01 2.100196e+01 2.049332e+01 2.077500e+01 2.085000e+01 2.097757e+01 2.047917e+01
2.077500e+01 2.085000e+01 2.097757e+01 2.047917e+01 2.078500e+01 2.085000e+01 2.094128e+01 2.046315e+01
2.078500e+01 2.085000e+01 2.094128e+01 2.046315e+01 2.079500e+01 2.085000e+01 2.089993e+01 2.045100e+01
2.079500e+01 2.085000e+01 2.089993e+01 2.045100e+01 2.080000e+01 2.085500e+01 2.087410e+01 2.044620e+01
2.082500e+01 2.085000e+01 2.076372e+01 2.044915e+01 2.082000e+01 2.085500e+01 2.078899e+01 2.044512e+01
2.082500e+01 2.085000e+01 2.076372e+01 2.044915e+01 2.083500e+01 2.085000e+01 2.072217e+01 2.046019e+01
2.083500e+01 2.085000e+01 2.072217e+01 2.046019e+01 2.084500e+01 2.085000e+01 2.068564e+01 2.047528e+01
2.085000e+01 2.084500e+01 2.066149e+01 2.048860e+01 2.084500e+01 2.085000e+01 2.068564e+01 2.047528e+01
2.130000e+01 2.084500e+01 2.083264e+01 2.078414e+01 2.130000e+01 2.085500e+01 2.083411e+01 2.078442e+01
2.032000e+01 2.085500e+01 2.082655e+01 2.078465e+01 2.032500e+01 2.086000e+01 2.083041e+01 2.078408e+01
2.032500e+01 2.086000e+01 2.083041e+01 2.078408e+01 2.033000e+01 2.086500e+01 2.083424e+01 2.078338e+01
2.080000e+01 2.085500e+01 2.087410e+01 2.044620e+01 2.080500e+01 2.086000e+01 2.085157e+01 2.044346e+01
2.080500e+01 2.086000e+01 2.085157e+01 2.044346e+01 2.081500e+01 2.086000e+01 2.081107e+01 2.044297e+01
2.082000e+01 2.085500e+01 2.078899e+01 2.044512e+01 2.081500e+01 2.086000e+01 2.081107e+01 2.044297e+01
2.129500e+01 2.086000e+01 2.083034e+01 2.078378e+01 2.129000e+01 2.086500e+01 2.082661e+01 2.078302e+01
2.130000e+01 2.085500e+01 2.083411e+01 2.078442e+01 2.129500e+01 2.086000e+01 2.083034e+01 2.078378e+01
2.033000e+01 2.086500e+01 2.083424e+01 2.078338e+01 2.033000e+01 2.087500e+01 2.083252e+01 2.078362e+01
2.129000e+01 2.086500e+01 2.082661e+01 2.078302e+01 2.129000e+01 2.087500e+01 2.082850e+01 2.078334e+01
2.033000e+01 2.087500e+01 2.083252e+01 2.078362e+01 2.033000e+01 2.088500e+01 2.083062e+01 2.078398e+01
2.129000e+01 2.087500e+01 2.082850e+01 2.078334e+01 2.129000e+01 2.088500e+01 2.083057e+01 2.078377e+01
2.033000e+01 2.088500e+01 2.083062e+01 2.078398e+01 2.033000e+01 2.089500e+01 2.082856e+01 2.078446e+01
2.129000e+01 2.088500e+01 2.083057e+01 2.078377e+01 2.129000e+01 2.089500e+01 2.083281e+01 2.078435e+01
2.033000e+01 2.089500e+01 2.082856e+01 2.078446e+01 2.033000e+01 2.090500e+01 2.082632e+01 2.078507e+01
2.129000e+01 2.089500e+01 2.083281e+01 2.078435e+01 2.129000e+01 2.090500e+01 2.083522e+01 2.078507e+01
2.033000e+01 2.090500e+01 2.082632e+01 2.078507e+01 2.033500e+01 2.091000e+01 2.082952e+01 2.078426e+01
2.033500e+01 2.091000e+01 2.082952e+01 2.078426e+01 2.034000e+01 2.091500e+01 2.083265e+01 2.078332e+01
2.128500e+01 2.091000e+01 2.083210e+01 2.078422e+01 2.128000e+01 2.091500e+01 2.082905e+01 2.078326e+01
2.129000e+01 2.090500e+01 2.083522e+01 2.078507e+01 2.128500e+01 2.091000e+01 2.083210e+01 2.078422e+01
2.034000e+01 2.091500e+01 2.083265e+01 2.078332e+01 2.034000e+01 2.092500e+01 2.083002e+01 2.078409e+01
2.128000e+01 2.091500e+01 2.082905e+01 2.078326e+01 2.128000e+01 2.092500e+01 2.083184e+01 2.078415e+01
2.034000e+01 2.092500e+01 2.083002e+01 2.078409e+01 2.034000e+01 2.093500e+01 2.082724e+01 2.078502e+01
2.128000e+01 2.092500e+01 2.083184e+01 2.078415e+01 2.128000e+01 2.093500e+01 2.083477e+01 2.078521e+01
2.034000e+01 2.093500e+01 2.082724e+01 2.078502e+01 2.034500e+01 2.094000e+01 2.083001e+01 2.078412e+01
2.034500e+01 2.094000e+01 2.083001e+01 2.078412e+01 2.035000e+01 2.094500e+01 2.083268e+01 2.078310e+01
2.127500e+01 2.094000e+01 2.083208e+01 2.078431e+01 2.127000e+01 2.094500e+01 2.082948e+01 2.078328e+01
2.128000e+01 2.093500e+01 2.083477e+01 2.078521e+01 2.127500e+01 2.094000e+01 2.083208e+01 2.078431e+01
2.035000e+01 2.094500e+01 2.083268e+01 2.078310e+01 2.035000e+01 2.095500e+01 2.082954e+01 2.078426e+01
2.127000e+01 2.094500e+01 2.082948e+01 2.078328e+01 2.127000e+01 2.095500e+01 2.083276e+01 2.078460e+01
2.035000e+01 2.095500e+01 2.082954e+01 2.078426e+01 2.035000e+01 2.096500e+01 2.082628e+01 2.078562e+01
2.126500e+01 2.096000e+01 2.083039e+01 2.078365e+01 2.126000e+01 2.096500e+01 2.082810e+01 2.078260e+01
2.127000e+01 2.095500e+01 2.083276e+01 2.078460e+01 2.126500e+01 2.096000e+01 2.083039e+01 2.078365e+01
2.035000e+01 2.096500e+01 2.082628e+01 2.078562e+01 2.035500e+01 2.097000e+01 2.082861e+01 2.078471e+01
2.035500e+01 2.097000e+01 2.082861e+01 2.078471e+01 2.036000e+01 2.097500e+01 2.083085e+01 2.078370e+01
2.126000e+01 2.096500e+01 2.082810e+01 2.078260e+01 2.126000e+01 2.097500e+01 2.083172e+01 2.078421e+01
2.036000e+01 2.097500e+01 2.083085e+01 2.078370e+01 2.036000e+01 2.098500e+01 2.082727e+01 2.078536e+01
2.125500e+01 2.098000e+01 2.082965e+01 2.078328e+01 2.125000e+01 2.098500e+01 2.082769e+01 2.078224e+01
2.126000e+01 2.097500e+01 2.083172e+01 2.078421e+01 2.125500e+01 2.098000e+01 2.082965e+01 2.078328e+01
2.036000e+01 2.098500e+01 2.082727e+01 2.078536e+01 2.036500e+01 2.099000e+01 2.082929e+01 2.078447e+01
2.036500e+01 2.099000e+01 2.082929e+01 2.078447e+01 2.037000e+01 2.099500e+01 2.083119e+01 2.078347e+01
2.125000e+01 2.098500e+01 2.082769e+01 2.078224e+01 2.125000e+01 2.099500e+01 2.083160e+01 2.078420e+01
2.037000e+01 2.099500e+01 2.083119e+01 2.078347e+01 2.037000e+01 2.100500e+01 2.082733e+01 2.078549e+01
2.124500e+01 2.100000e+01 2.082983e+01 2.078331e+01 2.124000e+01 2.100500e+01 2.082819e+01 2.078233e+01
2.125000e+01 2.099500e+01 2.083160e+01 2.078420e+01 2.124500e+01 2.100000e+01 2.082983e+01 2.078331e+01
2.037000e+01 2.100500e+01 2.082733e+01 2.078549e+01 2.037500e+01 2.101000e+01 2.082905e+01 2.078465e+01
2.037500e+01 2.101000e+01 2.082905e+01 2.078465e+01 2.038000e+01 2.101500e+01 2.083064e+01 2.078371e+01
2.124000e+01 2.100500e+01 2.082819e+01 2.078233e+01 2.124000e+01 2.101500e+01 2.083235e+01 2.078469e+01
2.038000e+01 2.101500e+01 2.083064e+01 2.078371e+01 2.038500e+01 2.102000e+01 2.083215e+01 2.078287e+01
2.038500e+01 2.102000e+01 2.083215e+01 2.078287e+01 2.039000e+01 2.102500e+01 2.083353e+01 2.078194e+01
2.123500e+01 2.102000e+01 2.083087e+01 2.078389e+01 2.123000e+01 2.102500e+01 2.082952e+01 2.078300e+01
2.124000e+01 2.101500e+01 2.083235e+01 2.078469e+01 2.123500e+01 2.102000e+01 2.083087e+01 2.078389e+01
2.039000e+01 2.102500e+01 2.083353e+01 2.078194e+01 2.039000e+01 2.103500e+01 2.082927e+01 2.078455e+01
2.123000e+01 2.102500e+01 2.082952e+01 2.078300e+01 2.123000e+01 2.103500e+01 2.083389e+01 2.078579e+01
2.039000e+01 2.103500e+01 2.082927e+01 2.078455e+01 2.039500e+01 2.104000e+01 2.083049e+01 2.078382e+01
2.039500e+01 2.104000e+01 2.083049e+01 2.078382e+01 2.040000e+01 2.104500e+01 2.083158e+01 2.078303e+01
2.122500e+01 2.104000e+01 2.083269e+01 2.078511e+01 2.122000e+01 2.104500e+01 2.083162e+01 2.078436e+01
2.123000e+01 2.103500e+01 2.083389e+01 2.078579e+01 2.122500e+01 2.104000e+01 2.083269e+01 2.078511e+01
2.040000e+01 2.104500e+01 2.083158e+01 2.078303e+01 2.040000e+01 2.105500e+01 2.082715e+01 2.078609e+01
2.121500e+01 2.105000e+01 2.083061e+01 2.078373e+01 2.121000e+01 2.105500e+01 2.082974e+01 2.078303e+01
2.122000e+01 2.104500e+01 2.083162e+01 2.078436e+01 2.121500e+01 2.105000e+01 2.083061e+01 2.078373e+01
2.040000e+01 2.105500e+01 2.082715e+01 2.078609e+01 2.040500e+01 2.106000e+01 2.082811e+01 2.078552e+01
2.040500e+01 2.106000e+01 2.082811e+01 2.078552e+01 2.041000e+01 2.106500e+01 2.082894e+01 2.078489e+01
2.120500e+01 2.106000e+01 2.082892e+01 2.078246e+01 2.120000e+01 2.106500e+01 2.082824e+01 2.078183e+01
2.121000e+01 2.105500e+01 2.082974e+01 2.078303e+01 2.120500e+01 2.106000e+01 2.082892e+01 2.078246e+01
2.041000e+01 2.106500e+01 2.082894e+01 2.078489e+01 2.041500e+01 2.107000e+01 2.082972e+01 2.078439e+01
2.041500e+01 2.107000e+01 2.082972e+01 2.078439e+01 2.042000e+01 2.107500e+01 2.083036e+01 2.078383e+01
2.120000e+01 2.106500e+01 2.082824e+01 2.078183e+01 2.120000e+01 2.107500e+01 2.083297e+01 2.078556e+01
2.042000e+01 2.107500e+01 2.083036e+01 2.078383e+01 2.042500e+01 2.108000e+01 2.083096e+01 2.078341e+01
2.042500e+01 2.108000e+01 2.083096e+01 2.078341e+01 2.043000e+01 2.108500e+01 2.083141e+01 2.078295e+01
2.119500e+01 2.108000e+01 2.083238e+01 2.078519e+01 2.119000e+01 2.108500e+01 2.083192e+01 2.078478e+01
2.120000e+01 2.107500e+01 2.083297e+01 2.078556e+01 2.119500e+01 2.108000e+01 2.083238e+01 2.078519e+01
2.043000e+01 2.108500e+01 2.083141e+01 2.078295e+01 2.043500e+01 2.109000e+01 2.083183e+01 2.078262e+01
2.043500e+01 2.109000e+01 2.083183e+01 2.078262e+01 2.044000e+01 2.109500e+01 2.083211e+01 2.078227e+01
2.118500e+01 2.109000e+01 2.083150e+01 2.078451e+01 2.118000e+01 2.109500e+01 2.083121e+01 2.078421e+01
2.119000e+01 2.108500e+01 2.083192e+01 2.078478e+01 2.118500e+01 2.109000e+01 2.083150e+01 2.078451e+01
2.044000e+01 2.109500e+01 2.083211e+01 2.078227e+01 2.044500e+01 2.110000e+01 2.083237e+01 2.078205e+01
2.044500e+01 2.110000e+01 2.083237e+01 2.078205e+01 2.045000e+01 2.110500e+01 2.083248e+01 2.078182e+01
2.117500e+01 2.110000e+01 2.083094e+01 2.078405e+01 2.117000e+01 2.110500e+01 2.083082e+01 2.078387e+01
2.118000e+01 2.109500e+01 2.083121e+01 2.078421e+01 2.117500e+01 2.110000e+01 2.083094e+01 2.078405e+01
2.045000e+01 2.110500e+01 2.083248e+01 2.078182e+01 2.045500e+01 2.111000e+01 2.083259e+01 2.078173e+01
2.045500e+01 2.111000e+01 2.083259e+01 2.078173e+01 2.046000e+01 2.111500e+01 2.083255e+01 2.078164e+01
2.116500e+01 2.111000e+01 2.083070e+01 2.078383e+01 2.116000e+01 2.111500e+01 2.083073e+01 2.078379e+01
2.117000e+01 2.110500e+01 2.083082e+01 2.078387e+01 2.116500e+01 2.111000e+01 2.083070e+01 2.078383e+01
2.046000e+01 2.111500e+01 2.083255e+01 2.078164e+01 2.046500e+01 2.112000e+01 2.083251e+01 2.078169e+01
2.046500e+01 2.112000e+01 2.083251e+01 2.078169e+01 2.047000e+01 2.112500e+01 2.083233e+01 2.078174e+01
2.115500e+01 2.112000e+01 2.083075e+01 2.078389e+01 2.115000e+01 2.112500e+01 2.083091e+01 2.078400e+01
2.116000e+01 2.111500e+01 2.083073e+01 2.078379e+01 2.115500e+01 2.112000e+01 2.083075e+01 2.078389e+01
2.047000e+01 2.112500e+01 2.083233e+01 2.078174e+01 2.047500e+01 2.113000e+01 2.083215e+01 2.078195e+01
2.047500e+01 2.113000e+01 2.083215e+01 2.078195e+01 2.048000e+01 2.113500e+01 2.083185e+01 2.078217e+01
2.114500e+01 2.113000e+01 2.083106e+01 2.078425e+01 2.114000e+01 2.113500e+01 2.083135e+01 2.078451e+01
2.115000e+01 2.112500e+01 2.083091e+01 2.078400e+01 2.114500e+01 2.113000e+01 2.083106e+01 2.078425e+01
2.048000e+01 2.113500e+01 2.083185e+01 2.078217e+01 2.048500e+01 2.114000e+01 2.083156e+01 2.078253e+01
2.048500e+01 2.114000e+01 2.083156e+01 2.078253e+01 2.049000e+01 2.114500e+01 2.083114e+01 2.078292e+01
2.113500e+01 2.114000e+01 2.083161e+01 2.078493e+01 2.113000e+01 2.114500e+01 2.083200e+01 2.078536e+01
2.114000e+01 2.113500e+01 2.083135e+01 2.078451e+01 2.113500e+01 2.114000e+01 2.083161e+01 2.078493e+01
2.049000e+01 2.114500e+01 2.083114e+01 2.078292e+01 2.049500e+01 2.115000e+01 2.083074e+01 2.078347e+01
2.049500e+01 2.115000e+01 2.083074e+01 2.078347e+01 2.050000e+01 2.115500e+01 2.083023e+01 2.078404e+01
2.111500e+01 2.115000e+01 2.082856e+01 2.078115e+01 2.111000e+01 2.115500e+01 2.082917e+01 2.078180e+01
2.111500e+01 2.115000e+01 2.082856e+01 2.078115e+01 2.112500e+01 2.115000e+01 2.083237e+01 2.078594e+01
2.113000e+01 2.114500e+01 2.083200e+01 2.078536e+01 2.112500e+01 2.115000e+01 2.083237e+01 2.078594e+01
2.050000e+01 2.115500e+01 2.083023e+01 2.078404e+01 2.050500e+01 2.116000e+01 2.082975e+01 2.078476e+01
2.050500e+01 2.116000e+01 2.082975e+01 2.078476e+01 2.051000e+01 2.116500e+01 2.082915e+01 2.078553e+01
2.110500e+01 2.116000e+01 2.082974e+01 2.078260e+01 2.110000e+01 2.116500e+01 2.083043e+01 2.078344e+01
2.111000e+01 2.115500e+01 2.082917e+01 2.078180e+01 2.110500e+01 2.116000e+01 2.082974e+01 2.078260e+01
2.051000e+01 2.116500e+01 2.082915e+01 2.078553e+01 2.051500e+01 2.117000e+01 2.082859e+01 2.078644e+01
2.051500e+01 2.117000e+01 2.082859e+01 2.078644e+01 2.052500e+01 2.117000e+01 2.083181e+01 2.078188e+01
2.052500e+01 2.117000e+01 2.083181e+01 2.078188e+01 2.053000e+01 2.117500e+01 2.083104e+01 2.078291e+01
2.109500e+01 2.117000e+01 2.083107e+01 2.078443e+01 2.109000e+01 2.117500e+01 2.083181e+01 2.078548e+01
2.110000e+01 2.116500e+01 2.083043e+01 2.078344e+01 2.109500e+01 2.117000e+01 2.083107e+01 2.078443e+01
2.053000e+01 2.117500e+01 2.083104e+01 2.078291e+01 2.053500e+01 2.118000e+01 2.083032e+01 2.078407e+01
2.053500e+01 2.118000e+01 2.083032e+01 2.078407e+01 2.054000e+01 2.118500e+01 2.082950e+01 2.078530e+01
2.107500e+01 2.118000e+01 2.082959e+01 2.078218e+01 2.107000e+01 2.118500e+01 2.083048e+01 2.078350e+01
2.107500e+01 2.118000e+01 2.082959e+01 2.078218e+01 2.108500e+01 2.118000e+01 2.083250e+01 2.078667e+01
2.109000e+01 2.117500e+01 2.083181e+01 2.078548e+01 2.108500e+01 2.118000e+01 2.083250e+01 2.078667e+01
2.054000e+01 2.118500e+01 2.082950e+01 2.078530e+01 2.054500e+01 2.119000e+01 2.082875e+01 2.078667e+01
2.054500e+01 2.119000e+01 2.082875e+01 2.078667e+01 2.055500e+01 2.119000e+01 2.083133e+01 2.078240e+01
2.055500e+01 2.119000e+01 2.083133e+01 2.078240e+01 2.056000e+01 2.119500e+01 2.083039e+01 2.078392e+01
2.105500e+01 2.119000e+01 2.082881e+01 2.078064e+01 2.105000e+01 2.119500e+01 2.082981e+01 2.078226e+01
2.105500e+01 2.119000e+01 2.082881e+01 2.078064e+01 2.106500e+01 2.119000e+01 2.083130e+01 2.078496e+01
2.107000e+01 2.118500e+01 2.083048e+01 2.078350e+01 2.106500e+01 2.119000e+01 2.083130e+01 2.078496e+01
2.056000e+01 2.119500e+01 2.083039e+01 2.078392e+01 2.056500e+01 2.120000e+01 2.082954e+01 2.078558e+01
2.056500e+01 2.120000e+01 2.082954e+01 2.078558e+01 2.057500e+01 2.120000e+01 2.083173e+01 2.078151e+01
2.057500e+01 2.120000e+01 2.083173e+01 2.078151e+01 2.058000e+01 2.120500e+01 2.083071e+01 2.078334e+01
2.103500e+01 2.120000e+01 2.082862e+01 2.077992e+01 2.103000e+01 2.120500e+01 2.082968e+01 2.078185e+01
2.103500e+01 2.120000e+01 2.082862e+01 2.077992e+01 2.104500e+01 2.120000e+01 2.083072e+01 2.078401e+01
2.105000e+01 2.119500e+01 2.082981e+01 2.078226e+01 2.104500e+01 2.120000e+01 2.083072e+01 2.078401e+01
2.058000e+01 2.120500e+01 2.083071e+01 2.078334e+01 2.058500e+01 2.121000e+01 2.082979e+01 2.078530e+01
2.058500e+01 2.121000e+01 2.082979e+01 2.078530e+01 2.059500e+01 2.121000e+01 2.083162e+01 2.078148e+01
2.059500e+01 2.121000e+01 2.083162e+01 2.078148e+01 2.060000e+01 2.121500e+01 2.083056e+01 2.078364e+01
2.101500e+01 2.121000e+01 2.082890e+01 2.078007e+01 2.101000e+01 2.121500e+01 2.082999e+01 2.078233e+01
2.101500e+01 2.121000e+01 2.082890e+01 2.078007e+01 2.102500e+01 2.121000e+01 2.083065e+01 2.078390e+01
2.103000e+01 2.120500e+01 2.082968e+01 2.078185e+01 2.102500e+01 2.121000e+01 2.083065e+01 2.078390e+01
2.060000e+01 2.121500e+01 2.083056e+01 2.078364e+01 2.060500e+01 2.122000e+01 2.082961e+01 2.078592e+01
2.060500e+01 2.122000e+01 2.082961e+01 2.078592e+01 2.061500e+01 2.122000e+01 2.083113e+01 2.078239e+01
2.061500e+01 2.122000e+01 2.083113e+01 2.078239e+01 2.062000e+01 2.122500e+01 2.083008e+01 2.078488e+01
2.099500e+01 2.122000e+01 2.082954e+01 2.078117e+01 2.099000e+01 2.122500e+01 2.083062e+01 2.078375e+01
2.099500e+01 2.122000e+01 2.082954e+01 2.078117e+01 2.100500e+01 2.122000e+01 2.083098e+01 2.078469e+01
2.101000e+01 2.121500e+01 2.082999e+01 2.078233e+01 2.100500e+01 2.122000e+01 2.083098e+01 2.078469e+01
2.062000e+01 2.122500e+01 2.083008e+01 2.078488e+01 2.062500e+01 2.123000e+01 2.082913e+01 2.078748e+01
2.062500e+01 2.123000e+01 2.082913e+01 2.078748e+01 2.063500e+01 2.123000e+01 2.083038e+01 2.078427e+01
2.063500e+01 2.123000e+01 2.083038e+01 2.078427e+01 2.064500e+01 2.123000e+01 2.083145e+01 2.078118e+01
2.064500e+01 2.123000e+01 2.083145e+01 2.078118e+01 2.065000e+01 2.123500e+01 2.083042e+01 2.078412e+01
2.096500e+01 2.123000e+01 2.082939e+01 2.078017e+01 2.096000e+01 2.123500e+01 2.083044e+01 2.078320e+01
2.096500e+01 2.123000e+01 2.082939e+01 2.078017e+01 2.097500e+01 2.123000e+01 2.083040e+01 2.078324e+01
2.097500e+01 2.123000e+01 2.083040e+01 2.078324e+01 2.098500e+01 2.123000e+01 2.083159e+01 2.078643e+01
2.099000e+01 2.122500e+01 2.083062e+01 2.078375e+01 2.098500e+01 2.123000e+01 2.083159e+01 2.078643e+01
2.065000e+01 2.123500e+01 2.083042e+01 2.078412e+01 2.065500e+01 2.124000e+01 2.082951e+01 2.078715e+01
2.065500e+01 2.124000e+01 2.082951e+01 2.078715e+01 2.066500e+01 2.124000e+01 2.083038e+01 2.078443e+01
2.066500e+01 2.124000e+01 2.083038e+01 2.078443e+01 2.067500e+01 2.124000e+01 2.083110e+01 2.078184e+01
2.067500e+01 2.124000e+01 2.083110e+01 2.078184e+01 2.068500e+01 2.124000e+01 2.083168e+01 2.077941e+01
2.068500e+01 2.124000e+01 2.083168e+01 2.077941e+01 2.069000e+01 2.124500e+01 2.083076e+01 2.078293e+01
2.093500e+01 2.124000e+01 2.082988e+01 2.078106e+01 2.093000e+01 2.124500e+01 2.083081e+01 2.078454e+01
2.093500e+01 2.124000e+01 2.082988e+01 2.078106e+01 2.094500e+01 2.124000e+01 2.083055e+01 2.078361e+01
2.094500e+01 2.124000e+01 2.083055e+01 2.078361e+01 2.095500e+01 2.124000e+01 2.083137e+01 2.078631e+01
2.096000e+01 2.123500e+01 2.083044e+01 2.078320e+01 2.095500e+01 2.124000e+01 2.083137e+01 2.078631e+01
2.069000e+01 2.124500e+01 2.083076e+01 2.078293e+01 2.069500e+01 2.125000e+01 2.082996e+01 2.078652e+01
2.069500e+01 2.125000e+01 2.082996e+01 2.078652e+01 2.070500e+01 2.125000e+01 2.083044e+01 2.078449e+01
2.070500e+01 2.125000e+01 2.083044e+01 2.078449e+01 2.071500e+01 2.125000e+01 2.083080e+01 2.078263e+01
2.071500e+01 2.125000e+01 2.083080e+01 2.078263e+01 2.072500e+01 2.125000e+01 2.083106e+01 2.078094e+01
2.072500e+01 2.125000e+01 2.083106e+01 2.078094e+01 2.073500e+01 2.125000e+01 2.083122e+01 2.077944e+01
2.073500e+01 2.125000e+01 2.083122e+01 2.077944e+01 2.074000e+01 2.125500e+01 2.083060e+01 2.078364e+01
2.087500e+01 2.125000e+01 2.082994e+01 2.077902e+01 2.087000e+01 2.125500e+01 2.083055e+01 2.078328e+01
2.087500e+01 2.125000e+01 2.082994e+01 2.077902e+01 2.088500e+01 2.125000e+01 2.083008e+01 2.078048e+01
2.088500e+01 2.125000e+01 2.083008e+01 2.078048e+01 2.089500e+01 2.125000e+01 2.083030e+01 2.078212e+01
2.089500e+01 2.125000e+01 2.083030e+01 2.078212e+01 2.090500e+01 2.125000e+01 2.083063e+01 2.078394e+01
2.090500e+01 2.125000e+01 2.083063e+01 2.078394e+01 2.091500e+01 2.125000e+01 2.083107e+01 2.078592e+01
2.091500e+01 2.125000e+01 2.083107e+01 2.078592e+01 2.092500e+01 2.125000e+01 2.083162e+01 2.078808e+01
2.093000e+01 2.124500e+01 2.083081e+01 2.078454e+01 2.092500e+01 2.125000e+01 2.083162e+01 2.078808e+01
2.074000e+01 2.125500e+01 2.083060e+01 2.078364e+01 2.074500e+01 2.126000e+01 2.083010e+01 2.078788e+01
2.074500e+01 2.126000e+01 2.083010e+01 2.078788e+01 2.075500e+01 2.126000e+01 2.083029e+01 2.078680e+01
2.075500e+01 2.126000e+01 2.083029e+01 2.078680e+01 2.076500e+01 2.126000e+01 2.083042e+01 2.078590e+01
2.076500e+01 2.126000e+01 2.083042e+01 2.078590e+01 2.077500e+01 2.126000e+01 2.083051e+01 2.078519e+01
2.077500e+01 2.126000e+01 2.083051e+01 2.078519e+01 2.078500e+01 2.126000e+01 2.083056e+01 2.078467e+01
2.078500e+01 2.126000e+01 2.083056e+01 2.078467e+01 2.079500e+01 2.126000e+01 2.083059e+01 2.078435e+01
2.079500e+01 2.126000e+01 2.083059e+01 2.078435e+01 2.080500e+01 2.126000e+01 2.083060e+01 2.078423e+01
2.080500e+01 2.126000e+01 2.083060e+01 2.078423e+01 2.081500e+01 2.126000e+01 2.083061e+01 2.078430e+01
2.081500e+01 2.126000e+01 2.083061e+01 2.078430e+01 2.082500e+01 2.126000e+01 2.083063e+01 2.078457e+01
2.082500e+01 2.126000e+01 2.083063e+01 2.078457e+01 2.083500e+01 2.126000e+01 2.083067e+01 2.078503e+01
2.083500e+01 2.126000e+01 2.083067e+01 2.078503e+01 2.084500e+01 2.126000e+01 2.083075e+01 2.078569e+01
2.084500e+01 2.126000e+01 2.083075e+01 2.078569e+01 2.085500e+01 2.126000e+01 2.083087e+01 2.078654e+01
2.085500e+01 2.126000e+01 2.083087e+01 2.078654e+01 2.086500e+01 2.126000e+01 2.083104e+01 2.078758e+01
2.087000e+01 2.125500e+01 2.083055e+01 2.078328e+01 2.086500e+01 2.126000e+01 2.083104e+01 2.078758e+01
