2.074500e+01 2.023000e+01 2.080903e+01 2.070393e+01 2.074000e+01 2.023500e+01 2.080964e+01 2.070786e+01
2.074500e+01 2.023000e+01 2.080903e+01 2.070393e+01 2.075500e+01 2.023000e+01 2.080930e+01 2.070535e+01
2.075500e+01 2.023000e+01 2.080930e+01 2.070535e+01 2.076500e+01 2.023000e+01 2.080949e+01 2.070659e+01
2.076500e+01 2.023000e+01 2.080949e+01 2.070659e+01 2.077500e+01 2.023000e+01 2.080961e+01 2.070765e+01
2.077500e+01 2.023000e+01 2.080961e+01 2.070765e+01 2.078500e+01 2.023000e+01 2.080967e+01 2.070854e+01
2.078500e+01 2.023000e+01 2.080967e+01 2.070854e+01 2.079500e+01 2.023000e+01 2.080969e+01 2.070924e+01
2.079500e+01 2.023000e+01 2.080969e+01 2.070924e+01 2.080500e+01 2.023000e+01 2.080967e+01 2.070976e+01
2.080500e+01 2.023000e+01 2.080967e+01 2.070976e+01 2.081500e+01 2.023000e+01 2.080963e+01 2.071010e+01
2.081500e+01 2.023000e+01 2.080963e+01 2.071010e+01 2.082500e+01 2.023000e+01 2.080957e+01 2.071025e+01
2.082500e+01 2.023000e+01 2.080957e+01 2.071025e+01 2.083500e+01 2.023000e+01 2.080952e+01 2.071021e+01
2.083500e+01 2.023000e+01 2.080952e+01 2.071021e+01 2.084500e+01 2.023000e+01 2.080948e+01 2.070999e+01
2.084500e+01 2.023000e+01 2.080948e+01 2.070999e+01 2.085500e+01 2.023000e+01 2.080946e+01 2.070959e+01
2.085500e+01 2.023000e+01 2.080946e+01 2.070959e+01 2.086500e+01 2.023000e+01 2.080948e+01 2.070900e+01
2.086500e+01 2.023000e+01 2.080948e+01 2.070900e+01 2.087500e+01 2.023000e+01 2.080955e+01 2.070823e+01
2.087500e+01 2.023000e+01 2.080955e+01 2.070823e+01 2.088500e+01 2.023000e+01 2.080968e+01 2.070729e+01
2.088500e+01 2.023000e+01 2.080968e+01 2.070729e+01 2.089500e+01 2.023000e+01 2.080987e+01 2.070618e+01
2.089500e+01 2.023000e+01 2.080987e+01 2.070618e+01 2.090000e+01 2.023500e+01 2.080937e+01 2.071021e+01
2.070500e+01 2.024000e+01 2.080914e+01 2.070588e+01 2.070000e+01 2.024500e+01 2.080994e+01 2.070933e+01
2.070500e+01 2.024000e+01 2.080914e+01 2.070588e+01 2.071500e+01 2.024000e+01 2.080966e+01 2.070799e+01
2.071500e+01 2.024000e+01 2.080966e+01 2.070799e+01 2.072500e+01 2.024000e+01 2.081007e+01 2.070995e+01
2.072500e+01 2.024000e+01 2.081007e+01 2.070995e+01 2.073500e+01 2.024000e+01 2.081036e+01 2.071175e+01
2.074000e+01 2.023500e+01 2.080964e+01 2.070786e+01 2.073500e+01 2.024000e+01 2.081036e+01 2.071175e+01
2.090000e+01 2.023500e+01 2.080937e+01 2.071021e+01 2.090500e+01 2.024000e+01 2.080875e+01 2.071420e+01
2.090500e+01 2.024000e+01 2.080875e+01 2.071420e+01 2.091500e+01 2.024000e+01 2.080896e+01 2.071269e+01
2.091500e+01 2.024000e+01 2.080896e+01 2.071269e+01 2.092500e+01 2.024000e+01 2.080927e+01 2.071102e+01
2.092500e+01 2.024000e+01 2.080927e+01 2.071102e+01 2.093500e+01 2.024000e+01 2.080969e+01 2.070919e+01
2.093500e+01 2.024000e+01 2.080969e+01 2.070919e+01 2.094000e+01 2.024500e+01 2.080897e+01 2.071272e+01
2.067500e+01 2.025000e+01 2.080940e+01 2.070763e+01 2.067000e+01 2.025500e+01 2.081030e+01 2.071070e+01
2.067500e+01 2.025000e+01 2.080940e+01 2.070763e+01 2.068500e+01 2.025000e+01 2.081020e+01 2.071025e+01
2.068500e+01 2.025000e+01 2.081020e+01 2.071025e+01 2.069500e+01 2.025000e+01 2.081086e+01 2.071273e+01
2.070000e+01 2.024500e+01 2.080994e+01 2.070933e+01 2.069500e+01 2.025000e+01 2.081086e+01 2.071273e+01
2.094000e+01 2.024500e+01 2.080897e+01 2.071272e+01 2.094500e+01 2.025000e+01 2.080814e+01 2.071619e+01
2.094500e+01 2.025000e+01 2.080814e+01 2.071619e+01 2.095500e+01 2.025000e+01 2.080868e+01 2.071399e+01
2.095500e+01 2.025000e+01 2.080868e+01 2.071399e+01 2.096000e+01 2.025500e+01 2.080785e+01 2.071723e+01
2.065500e+01 2.026000e+01 2.081030e+01 2.071075e+01 2.065000e+01 2.026500e+01 2.081125e+01 2.071355e+01
2.065500e+01 2.026000e+01 2.081030e+01 2.071075e+01 2.066500e+01 2.026000e+01 2.081130e+01 2.071371e+01
2.067000e+01 2.025500e+01 2.081030e+01 2.071070e+01 2.066500e+01 2.026000e+01 2.081130e+01 2.071371e+01
2.096000e+01 2.025500e+01 2.080785e+01 2.071723e+01 2.096500e+01 2.026000e+01 2.080691e+01 2.072040e+01
2.096500e+01 2.026000e+01 2.080691e+01 2.072040e+01 2.097500e+01 2.026000e+01 2.080762e+01 2.071784e+01
2.097500e+01 2.026000e+01 2.080762e+01 2.071784e+01 2.098500e+01 2.026000e+01 2.080849e+01 2.071514e+01
2.098500e+01 2.026000e+01 2.080849e+01 2.071514e+01 2.099000e+01 2.026500e+01 2.080761e+01 2.071798e+01
2.063500e+01 2.027000e+01 2.081106e+01 2.071298e+01 2.063000e+01 2.027500e+01 2.081203e+01 2.071549e+01
2.063500e+01 2.027000e+01 2.081106e+01 2.071298e+01 2.064500e+01 2.027000e+01 2.081231e+01 2.071627e+01
2.065000e+01 2.026500e+01 2.081125e+01 2.071355e+01 2.064500e+01 2.027000e+01 2.081231e+01 2.071627e+01
2.099000e+01 2.026500e+01 2.080761e+01 2.071798e+01 2.099500e+01 2.027000e+01 2.080662e+01 2.072073e+01
2.099500e+01 2.027000e+01 2.080662e+01 2.072073e+01 2.100500e+01 2.027000e+01 2.080775e+01 2.071771e+01
2.100500e+01 2.027000e+01 2.080775e+01 2.071771e+01 2.101000e+01 2.027500e+01 2.080684e+01 2.072025e+01
2.061500e+01 2.028000e+01 2.081156e+01 2.071434e+01 2.061000e+01 2.028500e+01 2.081252e+01 2.071658e+01
2.061500e+01 2.028000e+01 2.081156e+01 2.071434e+01 2.062500e+01 2.028000e+01 2.081311e+01 2.071793e+01
2.063000e+01 2.027500e+01 2.081203e+01 2.071549e+01 2.062500e+01 2.028000e+01 2.081311e+01 2.071793e+01
2.101000e+01 2.027500e+01 2.080684e+01 2.072025e+01 2.101500e+01 2.028000e+01 2.080584e+01 2.072270e+01
2.101500e+01 2.028000e+01 2.080584e+01 2.072270e+01 2.102000e+01 2.028500e+01 2.080489e+01 2.072504e+01
2.059500e+01 2.029000e+01 2.081169e+01 2.071487e+01 2.059000e+01 2.029500e+01 2.081260e+01 2.071684e+01
2.059500e+01 2.029000e+01 2.081169e+01 2.071487e+01 2.060500e+01 2.029000e+01 2.081357e+01 2.071872e+01
2.061000e+01 2.028500e+01 2.081252e+01 2.071658e+01 2.060500e+01 2.029000e+01 2.081357e+01 2.071872e+01
2.102000e+01 2.028500e+01 2.080489e+01 2.072504e+01 2.102500e+01 2.029000e+01 2.080384e+01 2.072729e+01
2.102500e+01 2.029000e+01 2.080384e+01 2.072729e+01 2.103500e+01 2.029000e+01 2.080539e+01 2.072377e+01
2.103500e+01 2.029000e+01 2.080539e+01 2.072377e+01 2.104000e+01 2.029500e+01 2.080448e+01 2.072583e+01
2.058500e+01 2.030000e+01 2.081359e+01 2.071871e+01 2.058000e+01 2.030500e+01 2.081450e+01 2.072049e+01
2.059000e+01 2.029500e+01 2.081260e+01 2.071684e+01 2.058500e+01 2.030000e+01 2.081359e+01 2.071871e+01
2.104000e+01 2.029500e+01 2.080448e+01 2.072583e+01 2.104500e+01 2.030000e+01 2.080348e+01 2.072777e+01
2.104500e+01 2.030000e+01 2.080348e+01 2.072777e+01 2.105000e+01 2.030500e+01 2.080256e+01 2.072963e+01
2.057500e+01 2.031000e+01 2.081549e+01 2.072217e+01 2.057000e+01 2.031500e+01 2.081639e+01 2.072377e+01
2.058000e+01 2.030500e+01 2.081450e+01 2.072049e+01 2.057500e+01 2.031000e+01 2.081549e+01 2.072217e+01
2.105000e+01 2.030500e+01 2.080256e+01 2.072963e+01 2.105500e+01 2.031000e+01 2.080156e+01 2.073137e+01
2.105500e+01 2.031000e+01 2.080156e+01 2.073137e+01 2.106500e+01 2.031000e+01 2.080367e+01 2.072744e+01
2.106500e+01 2.031000e+01 2.080367e+01 2.072744e+01 2.107000e+01 2.031500e+01 2.080286e+01 2.072903e+01
2.055500e+01 2.032000e+01 2.081472e+01 2.072088e+01 2.055000e+01 2.032500e+01 2.081549e+01 2.072224e+01
2.055500e+01 2.032000e+01 2.081472e+01 2.072088e+01 2.056500e+01 2.032000e+01 2.081736e+01 2.072526e+01
2.057000e+01 2.031500e+01 2.081639e+01 2.072377e+01 2.056500e+01 2.032000e+01 2.081736e+01 2.072526e+01
2.107000e+01 2.031500e+01 2.080286e+01 2.072903e+01 2.107500e+01 2.032000e+01 2.080197e+01 2.073049e+01
2.107500e+01 2.032000e+01 2.080197e+01 2.073049e+01 2.108000e+01 2.032500e+01 2.080120e+01 2.073188e+01
2.054500e+01 2.033000e+01 2.081632e+01 2.072347e+01 2.054000e+01 2.033500e+01 2.081704e+01 2.072465e+01
2.055000e+01 2.032500e+01 2.081549e+01 2.072224e+01 2.054500e+01 2.033000e+01 2.081632e+01 2.072347e+01
2.108000e+01 2.032500e+01 2.080120e+01 2.073188e+01 2.108500e+01 2.033000e+01 2.080035e+01 2.073315e+01
2.108500e+01 2.033000e+01 2.080035e+01 2.073315e+01 2.109000e+01 2.033500e+01 2.079962e+01 2.073436e+01
2.053500e+01 2.034000e+01 2.081782e+01 2.072571e+01 2.053000e+01 2.034500e+01 2.081847e+01 2.072672e+01
2.054000e+01 2.033500e+01 2.081704e+01 2.072465e+01 2.053500e+01 2.034000e+01 2.081782e+01 2.072571e+01
2.109000e+01 2.033500e+01 2.079962e+01 2.073436e+01 2.109500e+01 2.034000e+01 2.079884e+01 2.073544e+01
2.109500e+01 2.034000e+01 2.079884e+01 2.073544e+01 2.110000e+01 2.034500e+01 2.079817e+01 2.073646e+01
2.052500e+01 2.035000e+01 2.081918e+01 2.072760e+01 2.052000e+01 2.035500e+01 2.081976e+01 2.072844e+01
2.053000e+01 2.034500e+01 2.081847e+01 2.072672e+01 2.052500e+01 2.035000e+01 2.081918e+01 2.072760e+01
2.110000e+01 2.034500e+01 2.079817e+01 2.073646e+01 2.110500e+01 2.035000e+01 2.079746e+01 2.073735e+01
2.110500e+01 2.035000e+01 2.079746e+01 2.073735e+01 2.111000e+01 2.035500e+01 2.079688e+01 2.073820e+01
2.051500e+01 2.036000e+01 2.082038e+01 2.072916e+01 2.051000e+01 2.036500e+01 2.082087e+01 2.072984e+01
2.052000e+01 2.035500e+01 2.081976e+01 2.072844e+01 2.051500e+01 2.036000e+01 2.082038e+01 2.072916e+01
2.111000e+01 2.035500e+01 2.079688e+01 2.073820e+01 2.111500e+01 2.036000e+01 2.079626e+01 2.073891e+01
2.111500e+01 2.036000e+01 2.079626e+01 2.073891e+01 2.112000e+01 2.036500e+01 2.079577e+01 2.073959e+01
2.050500e+01 2.037000e+01 2.082139e+01 2.073039e+01 2.050000e+01 2.037500e+01 2.082177e+01 2.073092e+01
2.051000e+01 2.036500e+01 2.082087e+01 2.072984e+01 2.050500e+01 2.037000e+01 2.082139e+01 2.073039e+01
2.112000e+01 2.036500e+01 2.079577e+01 2.073959e+01 2.112500e+01 2.037000e+01 2.079525e+01 2.074014e+01
2.112500e+01 2.037000e+01 2.079525e+01 2.074014e+01 2.113000e+01 2.037500e+01 2.079488e+01 2.074066e+01
2.049500e+01 2.038000e+01 2.082218e+01 2.073132e+01 2.049000e+01 2.038500e+01 2.082245e+01 2.073170e+01
2.050000e+01 2.037500e+01 2.082177e+01 2.073092e+01 2.049500e+01 2.038000e+01 2.082218e+01 2.073132e+01
2.113000e+01 2.037500e+01 2.079488e+01 2.074066e+01 2.113500e+01 2.038000e+01 2.079448e+01 2.074104e+01
2.113500e+01 2.038000e+01 2.079448e+01 2.074104e+01 2.114000e+01 2.038500e+01 2.079424e+01 2.074141e+01
2.048500e+01 2.039000e+01 2.082273e+01 2.073196e+01 2.048000e+01 2.039500e+01 2.082287e+01 2.073221e+01
2.049000e+01 2.038500e+01 2.082245e+01 2.073170e+01 2.048500e+01 2.039000e+01 2.082273e+01 2.073196e+01
2.114000e+01 2.038500e+01 2.079424e+01 2.074141e+01 2.114500e+01 2.039000e+01 2.079398e+01 2.074164e+01
2.114500e+01 2.039000e+01 2.079398e+01 2.074164e+01 2.115000e+01 2.039500e+01 2.079387e+01 2.074188e+01
2.047500e+01 2.040000e+01 2.082302e+01 2.073233e+01 2.047000e+01 2.040500e+01 2.082302e+01 2.073245e+01
2.048000e+01 2.039500e+01 2.082287e+01 2.073221e+01 2.047500e+01 2.040000e+01 2.082302e+01 2.073233e+01
2.115000e+01 2.039500e+01 2.079387e+01 2.074188e+01 2.115000e+01 2.040500e+01 2.078920e+01 2.074674e+01
2.047000e+01 2.040500e+01 2.082302e+01 2.073245e+01 2.047000e+01 2.041500e+01 2.082797e+01 2.073740e+01
2.115000e+01 2.040500e+01 2.078920e+01 2.074674e+01 2.115500e+01 2.041000e+01 2.078910e+01 2.074670e+01
2.115500e+01 2.041000e+01 2.078910e+01 2.074670e+01 2.116000e+01 2.041500e+01 2.078915e+01 2.074668e+01
2.046500e+01 2.042000e+01 2.082796e+01 2.073727e+01 2.046000e+01 2.042500e+01 2.082779e+01 2.073716e+01
2.047000e+01 2.041500e+01 2.082797e+01 2.073740e+01 2.046500e+01 2.042000e+01 2.082796e+01 2.073727e+01
2.116000e+01 2.041500e+01 2.078915e+01 2.074668e+01 2.116500e+01 2.042000e+01 2.078922e+01 2.074652e+01
2.116500e+01 2.042000e+01 2.078922e+01 2.074652e+01 2.117000e+01 2.042500e+01 2.078945e+01 2.074639e+01
2.045500e+01 2.043000e+01 2.082761e+01 2.073693e+01 2.045000e+01 2.043500e+01 2.082728e+01 2.073672e+01
2.046000e+01 2.042500e+01 2.082779e+01 2.073716e+01 2.045500e+01 2.043000e+01 2.082761e+01 2.073693e+01
2.117000e+01 2.042500e+01 2.078945e+01 2.074639e+01 2.117500e+01 2.043000e+01 2.078970e+01 2.074612e+01
2.117500e+01 2.043000e+01 2.078970e+01 2.074612e+01 2.118000e+01 2.043500e+01 2.079011e+01 2.074589e+01
2.045000e+01 2.043500e+01 2.082728e+01 2.073672e+01 2.045000e+01 2.044500e+01 2.083219e+01 2.074097e+01
2.118000e+01 2.043500e+01 2.079011e+01 2.074589e+01 2.118000e+01 2.044500e+01 2.078552e+01 2.074978e+01
2.044500e+01 2.045000e+01 2.083180e+01 2.074052e+01 2.044000e+01 2.045500e+01 2.083126e+01 2.074012e+01
2.045000e+01 2.044500e+01 2.083219e+01 2.074097e+01 2.044500e+01 2.045000e+01 2.083180e+01 2.074052e+01
2.118000e+01 2.044500e+01 2.078552e+01 2.074978e+01 2.118500e+01 2.045000e+01 2.078601e+01 2.074931e+01
2.118500e+01 2.045000e+01 2.078601e+01 2.074931e+01 2.119000e+01 2.045500e+01 2.078666e+01 2.074888e+01
2.043500e+01 2.046000e+01 2.083067e+01 2.073959e+01 2.043000e+01 2.046500e+01 2.082994e+01 2.073912e+01
2.044000e+01 2.045500e+01 2.083126e+01 2.074012e+01 2.043500e+01 2.046000e+01 2.083067e+01 2.073959e+01
2.119000e+01 2.045500e+01 2.078666e+01 2.074888e+01 2.119000e+01 2.046500e+01 2.078215e+01 2.075231e+01
2.043000e+01 2.046500e+01 2.082994e+01 2.073912e+01 2.043000e+01 2.047500e+01 2.083469e+01 2.074271e+01
2.119000e+01 2.046500e+01 2.078215e+01 2.075231e+01 2.119500e+01 2.047000e+01 2.078290e+01 2.075166e+01
2.119500e+01 2.047000e+01 2.078290e+01 2.075166e+01 2.120000e+01 2.047500e+01 2.078381e+01 2.075108e+01
2.042500e+01 2.048000e+01 2.083385e+01 2.074202e+01 2.042000e+01 2.048500e+01 2.083286e+01 2.074140e+01
2.043000e+01 2.047500e+01 2.083469e+01 2.074271e+01 2.042500e+01 2.048000e+01 2.083385e+01 2.074202e+01
2.120000e+01 2.047500e+01 2.078381e+01 2.075108e+01 2.120000e+01 2.048500e+01 2.077944e+01 2.075407e+01
2.042000e+01 2.048500e+01 2.083286e+01 2.074140e+01 2.042000e+01 2.049500e+01 2.083748e+01 2.074457e+01
2.120000e+01 2.048500e+01 2.077944e+01 2.075407e+01 2.120500e+01 2.049000e+01 2.078049e+01 2.075328e+01
2.120500e+01 2.049000e+01 2.078049e+01 2.075328e+01 2.121000e+01 2.049500e+01 2.078169e+01 2.075256e+01
2.041500e+01 2.050000e+01 2.083636e+01 2.074375e+01 2.041000e+01 2.050500e+01 2.083510e+01 2.074300e+01
2.042000e+01 2.049500e+01 2.083748e+01 2.074457e+01 2.041500e+01 2.050000e+01 2.083636e+01 2.074375e+01
2.121000e+01 2.049500e+01 2.078169e+01 2.075256e+01 2.121000e+01 2.050500e+01 2.077749e+01 2.075514e+01
2.041000e+01 2.050500e+01 2.083510e+01 2.074300e+01 2.041000e+01 2.051500e+01 2.083953e+01 2.074578e+01
2.121000e+01 2.050500e+01 2.077749e+01 2.075514e+01 2.121500e+01 2.051000e+01 2.077886e+01 2.075424e+01
2.121500e+01 2.051000e+01 2.077886e+01 2.075424e+01 2.122000e+01 2.051500e+01 2.078038e+01 2.075343e+01
2.040500e+01 2.052000e+01 2.083811e+01 2.074486e+01 2.040000e+01 2.052500e+01 2.083655e+01 2.074403e+01
2.041000e+01 2.051500e+01 2.083953e+01 2.074578e+01 2.040500e+01 2.052000e+01 2.083811e+01 2.074486e+01
2.122000e+01 2.051500e+01 2.078038e+01 2.075343e+01 2.122000e+01 2.052500e+01 2.077641e+01 2.075563e+01
2.040000e+01 2.052500e+01 2.083655e+01 2.074403e+01 2.040000e+01 2.053500e+01 2.084077e+01 2.074643e+01
2.122000e+01 2.052500e+01 2.077641e+01 2.075563e+01 2.122500e+01 2.053000e+01 2.077812e+01 2.075467e+01
2.122500e+01 2.053000e+01 2.077812e+01 2.075467e+01 2.123000e+01 2.053500e+01 2.077996e+01 2.075381e+01
2.040000e+01 2.053500e+01 2.084077e+01 2.074643e+01 2.040000e+01 2.054500e+01 2.084491e+01 2.074862e+01
2.123000e+01 2.053500e+01 2.077996e+01 2.075381e+01 2.123000e+01 2.054500e+01 2.077627e+01 2.075566e+01
2.039500e+01 2.055000e+01 2.084307e+01 2.074757e+01 2.039000e+01 2.055500e+01 2.084111e+01 2.074663e+01
2.040000e+01 2.054500e+01 2.084491e+01 2.074862e+01 2.039500e+01 2.055000e+01 2.084307e+01 2.074757e+01
2.123000e+01 2.054500e+01 2.077627e+01 2.075566e+01 2.123000e+01 2.055500e+01 2.077267e+01 2.075730e+01
2.039000e+01 2.055500e+01 2.084111e+01 2.074663e+01 2.039000e+01 2.056500e+01 2.084497e+01 2.074850e+01
2.123000e+01 2.055500e+01 2.077267e+01 2.075730e+01 2.123500e+01 2.056000e+01 2.077484e+01 2.075627e+01
2.123500e+01 2.056000e+01 2.077484e+01 2.075627e+01 2.124000e+01 2.056500e+01 2.077713e+01 2.075536e+01
2.038500e+01 2.057000e+01 2.084280e+01 2.074745e+01 2.038000e+01 2.057500e+01 2.084052e+01 2.074651e+01
2.039000e+01 2.056500e+01 2.084497e+01 2.074850e+01 2.038500e+01 2.057000e+01 2.084280e+01 2.074745e+01
2.124000e+01 2.056500e+01 2.077713e+01 2.075536e+01 2.124000e+01 2.057500e+01 2.077387e+01 2.075672e+01
2.038000e+01 2.057500e+01 2.084052e+01 2.074651e+01 2.038000e+01 2.058500e+01 2.084406e+01 2.074809e+01
2.124000e+01 2.057500e+01 2.077387e+01 2.075672e+01 2.124000e+01 2.058500e+01 2.077071e+01 2.075790e+01
2.038000e+01 2.058500e+01 2.084406e+01 2.074809e+01 2.038000e+01 2.059500e+01 2.084748e+01 2.074949e+01
2.124000e+01 2.058500e+01 2.077071e+01 2.075790e+01 2.124500e+01 2.059000e+01 2.077337e+01 2.075689e+01
2.124500e+01 2.059000e+01 2.077337e+01 2.075689e+01 2.125000e+01 2.059500e+01 2.077613e+01 2.075600e+01
2.038000e+01 2.059500e+01 2.084748e+01 2.074949e+01 2.038000e+01 2.060500e+01 2.085078e+01 2.075071e+01
2.125000e+01 2.059500e+01 2.077613e+01 2.075600e+01 2.125000e+01 2.060500e+01 2.077337e+01 2.075697e+01
2.037500e+01 2.061000e+01 2.084803e+01 2.074965e+01 2.037000e+01 2.061500e+01 2.084520e+01 2.074871e+01
2.038000e+01 2.060500e+01 2.085078e+01 2.075071e+01 2.037500e+01 2.061000e+01 2.084803e+01 2.074965e+01
2.125000e+01 2.060500e+01 2.077337e+01 2.075697e+01 2.125000e+01 2.061500e+01 2.077074e+01 2.075778e+01
2.037000e+01 2.061500e+01 2.084520e+01 2.074871e+01 2.037000e+01 2.062500e+01 2.084811e+01 2.074974e+01
2.125000e+01 2.061500e+01 2.077074e+01 2.075778e+01 2.125000e+01 2.062500e+01 2.076827e+01 2.075843e+01
2.037000e+01 2.062500e+01 2.084811e+01 2.074974e+01 2.037000e+01 2.063500e+01 2.085088e+01 2.075060e+01
2.125000e+01 2.062500e+01 2.076827e+01 2.075843e+01 2.125500e+01 2.063000e+01 2.077155e+01 2.075753e+01
2.125500e+01 2.063000e+01 2.077155e+01 2.075753e+01 2.126000e+01 2.063500e+01 2.077491e+01 2.075677e+01
2.037000e+01 2.063500e+01 2.085088e+01 2.075060e+01 2.037000e+01 2.064500e+01 2.085349e+01 2.075132e+01
2.126000e+01 2.063500e+01 2.077491e+01 2.075677e+01 2.126000e+01 2.064500e+01 2.077287e+01 2.075732e+01
2.037000e+01 2.064500e+01 2.085349e+01 2.075132e+01 2.037000e+01 2.065500e+01 2.085594e+01 2.075190e+01
2.126000e+01 2.064500e+01 2.077287e+01 2.075732e+01 2.126000e+01 2.065500e+01 2.077099e+01 2.075775e+01
2.036500e+01 2.066000e+01 2.085248e+01 2.075099e+01 2.036000e+01 2.066500e+01 2.084896e+01 2.075021e+01
2.037000e+01 2.065500e+01 2.085594e+01 2.075190e+01 2.036500e+01 2.066000e+01 2.085248e+01 2.075099e+01
2.126000e+01 2.065500e+01 2.077099e+01 2.075775e+01 2.126000e+01 2.066500e+01 2.076930e+01 2.075807e+01
2.036000e+01 2.066500e+01 2.084896e+01 2.075021e+01 2.036000e+01 2.067500e+01 2.085098e+01 2.075072e+01
2.078500e+01 2.067000e+01 2.092849e+01 2.104919e+01 2.078000e+01 2.067500e+01 2.095078e+01 2.104120e+01
2.078500e+01 2.067000e+01 2.092849e+01 2.104919e+01 2.079500e+01 2.067000e+01 2.089202e+01 2.105879e+01
2.079500e+01 2.067000e+01 2.089202e+01 2.105879e+01 2.080500e+01 2.067000e+01 2.085226e+01 2.106455e+01
2.080500e+01 2.067000e+01 2.085226e+01 2.106455e+01 2.081500e+01 2.067000e+01 2.081072e+01 2.106581e+01
2.081500e+01 2.067000e+01 2.081072e+01 2.106581e+01 2.082500e+01 2.067000e+01 2.076923e+01 2.106235e+01
2.082500e+01 2.067000e+01 2.076923e+01 2.106235e+01 2.083500e+01 2.067000e+01 2.072962e+01 2.105450e+01
2.083500e+01 2.067000e+01 2.072962e+01 2.105450e+01 2.084500e+01 2.067000e+01 2.069339e+01 2.104304e+01
2.084500e+01 2.067000e+01 2.069339e+01 2.104304e+01 2.085000e+01 2.067500e+01 2.067046e+01 2.103354e+01
2.126000e+01 2.066500e+01 2.076930e+01 2.075807e+01 2.126000e+01 2.067500e+01 2.076779e+01 2.075829e+01
2.036000e+01 2.067500e+01 2.085098e+01 2.075072e+01 2.036000e+01 2.068500e+01 2.085282e+01 2.075112e+01
2.077500e+01 2.068000e+01 2.097516e+01 2.103077e+01 2.077000e+01 2.068500e+01 2.099757e+01 2.101853e+01
2.078000e+01 2.067500e+01 2.095078e+01 2.104120e+01 2.077500e+01 2.068000e+01 2.097516e+01 2.103077e+01
2.085000e+01 2.067500e+01 2.067046e+01 2.103354e+01 2.085500e+01 2.068000e+01 2.064553e+01 2.102133e+01
2.085500e+01 2.068000e+01 2.064553e+01 2.102133e+01 2.086000e+01 2.068500e+01 2.062280e+01 2.100746e+01
2.126000e+01 2.067500e+01 2.076779e+01 2.075829e+01 2.126000e+01 2.068500e+01 2.076648e+01 2.075842e+01
2.036000e+01 2.068500e+01 2.085282e+01 2.075112e+01 2.036000e+01 2.069500e+01 2.085447e+01 2.075143e+01
2.075500e+01 2.069000e+01 2.104484e+01 2.098521e+01 2.075000e+01 2.069500e+01 2.106258e+01 2.096885e+01
2.075500e+01 2.069000e+01 2.104484e+01 2.098521e+01 2.076500e+01 2.069000e+01 2.102138e+01 2.100329e+01
2.077000e+01 2.068500e+01 2.099757e+01 2.101853e+01 2.076500e+01 2.069000e+01 2.102138e+01 2.100329e+01
2.086500e+01 2.069000e+01 2.059891e+01 2.099045e+01 2.087500e+01 2.069000e+01 2.057662e+01 2.097150e+01
2.087500e+01 2.069000e+01 2.057662e+01 2.097150e+01 2.088000e+01 2.069500e+01 2.055918e+01 2.095398e+01
2.126000e+01 2.068500e+01 2.076648e+01 2.075842e+01 2.126000e+01 2.069500e+01 2.076536e+01 2.075848e+01
2.036000e+01 2.069500e+01 2.085447e+01 2.075143e+01 2.036000e+01 2.070500e+01 2.085592e+01 2.075165e+01
2.074500e+01 2.070000e+01 2.108003e+01 2.094997e+01 2.074000e+01 2.070500e+01 2.109434e+01 2.093182e+01
2.075000e+01 2.069500e+01 2.106258e+01 2.096885e+01 2.074500e+01 2.070000e+01 2.108003e+01 2.094997e+01
2.088000e+01 2.069500e+01 2.055918e+01 2.095398e+01 2.088000e+01 2.070500e+01 2.054091e+01 2.093241e+01
2.126000e+01 2.069500e+01 2.076536e+01 2.075848e+01 2.126500e+01 2.070000e+01 2.076964e+01 2.075802e+01
2.126500e+01 2.070000e+01 2.076964e+01 2.075802e+01 2.127000e+01 2.070500e+01 2.077396e+01 2.075768e+01
2.036000e+01 2.070500e+01 2.085592e+01 2.075165e+01 2.036000e+01 2.071500e+01 2.085718e+01 2.075179e+01
2.074000e+01 2.070500e+01 2.109434e+01 2.093182e+01 2.074000e+01 2.071500e+01 2.111035e+01 2.090767e+01
2.088000e+01 2.070500e+01 2.054091e+01 2.093241e+01 2.088500e+01 2.071000e+01 2.052527e+01 2.091032e+01
2.088500e+01 2.071000e+01 2.052527e+01 2.091032e+01 2.089000e+01 2.071500e+01 2.051297e+01 2.088986e+01
2.127000e+01 2.070500e+01 2.077396e+01 2.075768e+01 2.127000e+01 2.071500e+01 2.077329e+01 2.075782e+01
2.036000e+01 2.071500e+01 2.085718e+01 2.075179e+01 2.036000e+01 2.072500e+01 2.085824e+01 2.075187e+01
2.073500e+01 2.072000e+01 2.112180e+01 2.088610e+01 2.073000e+01 2.072500e+01 2.113053e+01 2.086647e+01
2.074000e+01 2.071500e+01 2.111035e+01 2.090767e+01 2.073500e+01 2.072000e+01 2.112180e+01 2.088610e+01
2.089000e+01 2.071500e+01 2.051297e+01 2.088986e+01 2.089000e+01 2.072500e+01 2.049913e+01 2.086043e+01
2.127000e+01 2.071500e+01 2.077329e+01 2.075782e+01 2.127000e+01 2.072500e+01 2.077283e+01 2.075792e+01
2.036000e+01 2.072500e+01 2.085824e+01 2.075187e+01 2.036000e+01 2.073500e+01 2.085909e+01 2.075190e+01
2.073000e+01 2.072500e+01 2.113053e+01 2.086647e+01 2.073000e+01 2.073500e+01 2.114070e+01 2.083630e+01
2.089000e+01 2.072500e+01 2.049913e+01 2.086043e+01 2.089500e+01 2.073000e+01 2.049113e+01 2.083843e+01
2.089500e+01 2.073000e+01 2.049113e+01 2.083843e+01 2.090000e+01 2.073500e+01 2.048544e+01 2.081881e+01
2.127000e+01 2.072500e+01 2.077283e+01 2.075792e+01 2.127000e+01 2.073500e+01 2.077257e+01 2.075800e+01
2.036000e+01 2.073500e+01 2.085909e+01 2.075190e+01 2.036000e+01 2.074500e+01 2.085974e+01 2.075189e+01
2.073000e+01 2.073500e+01 2.114070e+01 2.083630e+01 2.073000e+01 2.074500e+01 2.114761e+01 2.080330e+01
2.090000e+01 2.073500e+01 2.048544e+01 2.081881e+01 2.090000e+01 2.074500e+01 2.047933e+01 2.078679e+01
2.127000e+01 2.073500e+01 2.077257e+01 2.075800e+01 2.127000e+01 2.074500e+01 2.077251e+01 2.075806e+01
2.036000e+01 2.074500e+01 2.085974e+01 2.075189e+01 2.036000e+01 2.075500e+01 2.086017e+01 2.075186e+01
2.073000e+01 2.074500e+01 2.114761e+01 2.080330e+01 2.073000e+01 2.075500e+01 2.115064e+01 2.076849e+01
2.090000e+01 2.074500e+01 2.047933e+01 2.078679e+01 2.090000e+01 2.075500e+01 2.047690e+01 2.075370e+01
2.127000e+01 2.074500e+01 2.077251e+01 2.075806e+01 2.127000e+01 2.075500e+01 2.077267e+01 2.075812e+01
2.036000e+01 2.075500e+01 2.086017e+01 2.075186e+01 2.036000e+01 2.076500e+01 2.086040e+01 2.075181e+01
2.073000e+01 2.075500e+01 2.115064e+01 2.076849e+01 2.073000e+01 2.076500e+01 2.114945e+01 2.073312e+01
2.090000e+01 2.075500e+01 2.047690e+01 2.075370e+01 2.090000e+01 2.076500e+01 2.047833e+01 2.072069e+01
2.127000e+01 2.075500e+01 2.077267e+01 2.075812e+01 2.127000e+01 2.076500e+01 2.077303e+01 2.075819e+01
2.036000e+01 2.076500e+01 2.086040e+01 2.075181e+01 2.036000e+01 2.077500e+01 2.086041e+01 2.075175e+01
2.073000e+01 2.076500e+01 2.114945e+01 2.073312e+01 2.073000e+01 2.077500e+01 2.114410e+01 2.069854e+01
2.090000e+01 2.076500e+01 2.047833e+01 2.072069e+01 2.090000e+01 2.077500e+01 2.048345e+01 2.068888e+01
2.127000e+01 2.076500e+01 2.077303e+01 2.075819e+01 2.127000e+01 2.077500e+01 2.077359e+01 2.075828e+01
2.036000e+01 2.077500e+01 2.086041e+01 2.075175e+01 2.036000e+01 2.078500e+01 2.086022e+01 2.075171e+01
2.073000e+01 2.077500e+01 2.114410e+01 2.069854e+01 2.073000e+01 2.078500e+01 2.113505e+01 2.066598e+01
2.089500e+01 2.078000e+01 2.048830e+01 2.066991e+01 2.089000e+01 2.078500e+01 2.049521e+01 2.064868e+01
2.090000e+01 2.077500e+01 2.048345e+01 2.068888e+01 2.089500e+01 2.078000e+01 2.048830e+01 2.066991e+01
2.127000e+01 2.077500e+01 2.077359e+01 2.075828e+01 2.127000e+01 2.078500e+01 2.077436e+01 2.075840e+01
2.036000e+01 2.078500e+01 2.086022e+01 2.075171e+01 2.036000e+01 2.079500e+01 2.085981e+01 2.075169e+01
2.073000e+01 2.078500e+01 2.113505e+01 2.066598e+01 2.073000e+01 2.079500e+01 2.112301e+01 2.063638e+01
2.089000e+01 2.078500e+01 2.049521e+01 2.064868e+01 2.089000e+01 2.079500e+01 2.050786e+01 2.061958e+01
2.127000e+01 2.078500e+01 2.077436e+01 2.075840e+01 2.127000e+01 2.079500e+01 2.077533e+01 2.075857e+01
2.036000e+01 2.079500e+01 2.085981e+01 2.075169e+01 2.036000e+01 2.080500e+01 2.085920e+01 2.075171e+01
2.073000e+01 2.079500e+01 2.112301e+01 2.063638e+01 2.073500e+01 2.080000e+01 2.111265e+01 2.061631e+01
2.073500e+01 2.080000e+01 2.111265e+01 2.061631e+01 2.074000e+01 2.080500e+01 2.109926e+01 2.059438e+01
2.088500e+01 2.080000e+01 2.051891e+01 2.059982e+01 2.088000e+01 2.080500e+01 2.053304e+01 2.057843e+01
2.089000e+01 2.079500e+01 2.050786e+01 2.061958e+01 2.088500e+01 2.080000e+01 2.051891e+01 2.059982e+01
2.127000e+01 2.079500e+01 2.077533e+01 2.075857e+01 2.127000e+01 2.080500e+01 2.077650e+01 2.075880e+01
2.036000e+01 2.080500e+01 2.085920e+01 2.075171e+01 2.036000e+01 2.081500e+01 2.085838e+01 2.075177e+01
2.074000e+01 2.080500e+01 2.109926e+01 2.059438e+01 2.074500e+01 2.081000e+01 2.108433e+01 2.057422e+01
2.074500e+01 2.081000e+01 2.108433e+01 2.057422e+01 2.075000e+01 2.081500e+01 2.106584e+01 2.055295e+01
2.087500e+01 2.081000e+01 2.054844e+01 2.055911e+01 2.087000e+01 2.081500e+01 2.056734e+01 2.053900e+01
2.088000e+01 2.080500e+01 2.053304e+01 2.057843e+01 2.087500e+01 2.081000e+01 2.054844e+01 2.055911e+01
2.126500e+01 2.081000e+01 2.077242e+01 2.075827e+01 2.126000e+01 2.081500e+01 2.076838e+01 2.075761e+01
2.127000e+01 2.080500e+01 2.077650e+01 2.075880e+01 2.126500e+01 2.081000e+01 2.077242e+01 2.075827e+01
2.036000e+01 2.081500e+01 2.085838e+01 2.075177e+01 2.036000e+01 2.082500e+01 2.085736e+01 2.075190e+01
2.075000e+01 2.081500e+01 2.106584e+01 2.055295e+01 2.075500e+01 2.082000e+01 2.104677e+01 2.053437e+01
2.075500e+01 2.082000e+01 2.104677e+01 2.053437e+01 2.076000e+01 2.082500e+01 2.102422e+01 2.051585e+01
2.086500e+01 2.082000e+01 2.058649e+01 2.052171e+01 2.086000e+01 2.082500e+01 2.060895e+01 2.050476e+01
2.087000e+01 2.081500e+01 2.056734e+01 2.053900e+01 2.086500e+01 2.082000e+01 2.058649e+01 2.052171e+01
2.126000e+01 2.081500e+01 2.076838e+01 2.075761e+01 2.126000e+01 2.082500e+01 2.076999e+01 2.075780e+01
2.036000e+01 2.082500e+01 2.085736e+01 2.075190e+01 2.036000e+01 2.083500e+01 2.085615e+01 2.075209e+01
2.076000e+01 2.082500e+01 2.102422e+01 2.051585e+01 2.076500e+01 2.083000e+01 2.100233e+01 2.050044e+01
2.076500e+01 2.083000e+01 2.100233e+01 2.050044e+01 2.077000e+01 2.083500e+01 2.097775e+01 2.048626e+01
2.085500e+01 2.083000e+01 2.063051e+01 2.049085e+01 2.085000e+01 2.083500e+01 2.065454e+01 2.047834e+01
2.086000e+01 2.082500e+01 2.060895e+01 2.050476e+01 2.085500e+01 2.083000e+01 2.063051e+01 2.049085e+01
2.126000e+01 2.082500e+01 2.076999e+01 2.075780e+01 2.126000e+01 2.083500e+01 2.077179e+01 2.075808e+01
2.036000e+01 2.083500e+01 2.085615e+01 2.075209e+01 2.036000e+01 2.084500e+01 2.085474e+01 2.075237e+01
2.077000e+01 2.083500e+01 2.097775e+01 2.048626e+01 2.077500e+01 2.084000e+01 2.095486e+01 2.047500e+01
2.077500e+01 2.084000e+01 2.095486e+01 2.047500e+01 2.078500e+01 2.084000e+01 2.091960e+01 2.046151e+01
2.078500e+01 2.084000e+01 2.091960e+01 2.046151e+01 2.079500e+01 2.084000e+01 2.088007e+01 2.045128e+01
2.079500e+01 2.084000e+01 2.088007e+01 2.045128e+01 2.080500e+01 2.084000e+01 2.083760e+01 2.044534e+01
2.080500e+01 2.084000e+01 2.083760e+01 2.044534e+01 2.081500e+01 2.084000e+01 2.079410e+01 2.044432e+01
2.081500e+01 2.084000e+01 2.079410e+01 2.044432e+01 2.082500e+01 2.084000e+01 2.075164e+01 2.044828e+01
2.082500e+01 2.084000e+01 2.075164e+01 2.044828e+01 2.083500e+01 2.084000e+01 2.071210e+01 2.045666e+01
2.083500e+01 2.084000e+01 2.071210e+01 2.045666e+01 2.084500e+01 2.084000e+01 2.067679e+01 2.046851e+01
2.085000e+01 2.083500e+01 2.065454e+01 2.047834e+01 2.084500e+01 2.084000e+01 2.067679e+01 2.046851e+01
2.126000e+01 2.083500e+01 2.077179e+01 2.075808e+01 2.126000e+01 2.084500e+01 2.077377e+01 2.075846e+01
2.036000e+01 2.084500e+01 2.085474e+01 2.075237e+01 2.036500e+01 2.085000e+01 2.085857e+01 2.075176e+01
2.036500e+01 2.085000e+01 2.085857e+01 2.075176e+01 2.037000e+01 2.085500e+01 2.086234e+01 2.075101e+01
2.126000e+01 2.084500e+01 2.077377e+01 2.075846e+01 2.126000e+01 2.085500e+01 2.077594e+01 2.075896e+01
2.037000e+01 2.085500e+01 2.086234e+01 2.075101e+01 2.037000e+01 2.086500e+01 2.086048e+01 2.075131e+01
2.126000e+01 2.085500e+01 2.077594e+01 2.075896e+01 2.126000e+01 2.086500e+01 2.077828e+01 2.075959e+01
2.037000e+01 2.086500e+01 2.086048e+01 2.075131e+01 2.037000e+01 2.087500e+01 2.085845e+01 2.075172e+01
2.126000e+01 2.086500e+01 2.077828e+01 2.075959e+01 2.126000e+01 2.087500e+01 2.078079e+01 2.076035e+01
2.037000e+01 2.087500e+01 2.085845e+01 2.075172e+01 2.037000e+01 2.088500e+01 2.085625e+01 2.075226e+01
2.125500e+01 2.088000e+01 2.077762e+01 2.075946e+01 2.125000e+01 2.088500e+01 2.077454e+01 2.075846e+01
2.126000e+01 2.087500e+01 2.078079e+01 2.076035e+01 2.125500e+01 2.088000e+01 2.077762e+01 2.075946e+01
2.037000e+01 2.088500e+01 2.085625e+01 2.075226e+01 2.037000e+01 2.089500e+01 2.085388e+01 2.075294e+01
2.125000e+01 2.088500e+01 2.077454e+01 2.075846e+01 2.125000e+01 2.089500e+01 2.077745e+01 2.075935e+01
2.037000e+01 2.089500e+01 2.085388e+01 2.075294e+01 2.037500e+01 2.090000e+01 2.085698e+01 2.075209e+01
2.037500e+01 2.090000e+01 2.085698e+01 2.075209e+01 2.038000e+01 2.090500e+01 2.086000e+01 2.075111e+01
2.125000e+01 2.089500e+01 2.077745e+01 2.075935e+01 2.125000e+01 2.090500e+01 2.078050e+01 2.076041e+01
2.038000e+01 2.090500e+01 2.086000e+01 2.075111e+01 2.038000e+01 2.091500e+01 2.085722e+01 2.075194e+01
2.125000e+01 2.090500e+01 2.078050e+01 2.076041e+01 2.125000e+01 2.091500e+01 2.078370e+01 2.076164e+01
2.038000e+01 2.091500e+01 2.085722e+01 2.075194e+01 2.038000e+01 2.092500e+01 2.085430e+01 2.075294e+01
2.124500e+01 2.092000e+01 2.078110e+01 2.076068e+01 2.124000e+01 2.092500e+01 2.077859e+01 2.075960e+01
2.125000e+01 2.091500e+01 2.078370e+01 2.076164e+01 2.124500e+01 2.092000e+01 2.078110e+01 2.076068e+01
2.038000e+01 2.092500e+01 2.085430e+01 2.075294e+01 2.038000e+01 2.093500e+01 2.085125e+01 2.075411e+01
2.124000e+01 2.092500e+01 2.077859e+01 2.075960e+01 2.124000e+01 2.093500e+01 2.078215e+01 2.076107e+01
2.038000e+01 2.093500e+01 2.085125e+01 2.075411e+01 2.038500e+01 2.094000e+01 2.085375e+01 2.075320e+01
2.038500e+01 2.094000e+01 2.085375e+01 2.075320e+01 2.039000e+01 2.094500e+01 2.085614e+01 2.075217e+01
2.124000e+01 2.093500e+01 2.078215e+01 2.076107e+01 2.124000e+01 2.094500e+01 2.078581e+01 2.076272e+01
2.039000e+01 2.094500e+01 2.085614e+01 2.075217e+01 2.039000e+01 2.095500e+01 2.085273e+01 2.075359e+01
2.123500e+01 2.095000e+01 2.078364e+01 2.076176e+01 2.123000e+01 2.095500e+01 2.078160e+01 2.076069e+01
2.124000e+01 2.094500e+01 2.078581e+01 2.076272e+01 2.123500e+01 2.095000e+01 2.078364e+01 2.076176e+01
2.039000e+01 2.095500e+01 2.085273e+01 2.075359e+01 2.039000e+01 2.096500e+01 2.084923e+01 2.075521e+01
2.123000e+01 2.095500e+01 2.078160e+01 2.076069e+01 2.123000e+01 2.096500e+01 2.078557e+01 2.076265e+01
2.039000e+01 2.096500e+01 2.084923e+01 2.075521e+01 2.039500e+01 2.097000e+01 2.085127e+01 2.075432e+01
2.039500e+01 2.097000e+01 2.085127e+01 2.075432e+01 2.040000e+01 2.097500e+01 2.085319e+01 2.075332e+01
2.123000e+01 2.096500e+01 2.078557e+01 2.076265e+01 2.123000e+01 2.097500e+01 2.078962e+01 2.076480e+01
2.040000e+01 2.097500e+01 2.085319e+01 2.075332e+01 2.040000e+01 2.098500e+01 2.084937e+01 2.075526e+01
2.122500e+01 2.098000e+01 2.078788e+01 2.076392e+01 2.122000e+01 2.098500e+01 2.078626e+01 2.076295e+01
2.123000e+01 2.097500e+01 2.078962e+01 2.076480e+01 2.122500e+01 2.098000e+01 2.078788e+01 2.076392e+01
2.040000e+01 2.098500e+01 2.084937e+01 2.075526e+01 2.040500e+01 2.099000e+01 2.085108e+01 2.075439e+01
2.040500e+01 2.099000e+01 2.085108e+01 2.075439e+01 2.041000e+01 2.099500e+01 2.085265e+01 2.075343e+01
2.122000e+01 2.098500e+01 2.078626e+01 2.076295e+01 2.122000e+01 2.099500e+01 2.079056e+01 2.076545e+01
2.041000e+01 2.099500e+01 2.085265e+01 2.075343e+01 2.041000e+01 2.100500e+01 2.084857e+01 2.075573e+01
2.121500e+01 2.100000e+01 2.078912e+01 2.076463e+01 2.121000e+01 2.100500e+01 2.078782e+01 2.076373e+01
2.122000e+01 2.099500e+01 2.079056e+01 2.076545e+01 2.121500e+01 2.100000e+01 2.078912e+01 2.076463e+01
2.041000e+01 2.100500e+01 2.084857e+01 2.075573e+01 2.041000e+01 2.101500e+01 2.084445e+01 2.075825e+01
2.121000e+01 2.100500e+01 2.078782e+01 2.076373e+01 2.121000e+01 2.101500e+01 2.079234e+01 2.076662e+01
2.041000e+01 2.101500e+01 2.084445e+01 2.075825e+01 2.041500e+01 2.102000e+01 2.084575e+01 2.075753e+01
2.041500e+01 2.102000e+01 2.084575e+01 2.075753e+01 2.042000e+01 2.102500e+01 2.084690e+01 2.075674e+01
2.120500e+01 2.102000e+01 2.079118e+01 2.076590e+01 2.120000e+01 2.102500e+01 2.079018e+01 2.076511e+01
2.121000e+01 2.101500e+01 2.079234e+01 2.076662e+01 2.120500e+01 2.102000e+01 2.079118e+01 2.076590e+01
2.042000e+01 2.102500e+01 2.084690e+01 2.075674e+01 2.042000e+01 2.103500e+01 2.084259e+01 2.075966e+01
2.120000e+01 2.102500e+01 2.079018e+01 2.076511e+01 2.120000e+01 2.103500e+01 2.079486e+01 2.076841e+01
2.042000e+01 2.103500e+01 2.084259e+01 2.075966e+01 2.042500e+01 2.104000e+01 2.084359e+01 2.075907e+01
2.042500e+01 2.104000e+01 2.084359e+01 2.075907e+01 2.043000e+01 2.104500e+01 2.084444e+01 2.075841e+01
2.119500e+01 2.104000e+01 2.079398e+01 2.076783e+01 2.119000e+01 2.104500e+01 2.079324e+01 2.076718e+01
2.120000e+01 2.103500e+01 2.079486e+01 2.076841e+01 2.119500e+01 2.104000e+01 2.079398e+01 2.076783e+01
2.043000e+01 2.104500e+01 2.084444e+01 2.075841e+01 2.043000e+01 2.105500e+01 2.083999e+01 2.076176e+01
2.119000e+01 2.104500e+01 2.079324e+01 2.076718e+01 2.119000e+01 2.105500e+01 2.079804e+01 2.077091e+01
2.043000e+01 2.105500e+01 2.083999e+01 2.076176e+01 2.043500e+01 2.106000e+01 2.084072e+01 2.076132e+01
2.043500e+01 2.106000e+01 2.084072e+01 2.076132e+01 2.044000e+01 2.106500e+01 2.084130e+01 2.076083e+01
2.118500e+01 2.106000e+01 2.079740e+01 2.077048e+01 2.118000e+01 2.106500e+01 2.079691e+01 2.077002e+01
2.119000e+01 2.105500e+01 2.079804e+01 2.077091e+01 2.118500e+01 2.106000e+01 2.079740e+01 2.077048e+01
2.044000e+01 2.106500e+01 2.084130e+01 2.076083e+01 2.044500e+01 2.107000e+01 2.084183e+01 2.076045e+01
2.044500e+01 2.107000e+01 2.084183e+01 2.076045e+01 2.045000e+01 2.107500e+01 2.084220e+01 2.076004e+01
2.117500e+01 2.107000e+01 2.079646e+01 2.076966e+01 2.117000e+01 2.107500e+01 2.079616e+01 2.076928e+01
2.118000e+01 2.106500e+01 2.079691e+01 2.077002e+01 2.117500e+01 2.107000e+01 2.079646e+01 2.076966e+01
2.045000e+01 2.107500e+01 2.084220e+01 2.076004e+01 2.045000e+01 2.108500e+01 2.083758e+01 2.076408e+01
2.117000e+01 2.107500e+01 2.079616e+01 2.076928e+01 2.117000e+01 2.108500e+01 2.080110e+01 2.077368e+01
2.045000e+01 2.108500e+01 2.083758e+01 2.076408e+01 2.045500e+01 2.109000e+01 2.083789e+01 2.076391e+01
2.045500e+01 2.109000e+01 2.083789e+01 2.076391e+01 2.046000e+01 2.109500e+01 2.083804e+01 2.076372e+01
2.116500e+01 2.109000e+01 2.080085e+01 2.077354e+01 2.116000e+01 2.109500e+01 2.080075e+01 2.077337e+01
2.117000e+01 2.108500e+01 2.080110e+01 2.077368e+01 2.116500e+01 2.109000e+01 2.080085e+01 2.077354e+01
2.046000e+01 2.109500e+01 2.083804e+01 2.076372e+01 2.046500e+01 2.110000e+01 2.083817e+01 2.076365e+01
2.046500e+01 2.110000e+01 2.083817e+01 2.076365e+01 2.047000e+01 2.110500e+01 2.083814e+01 2.076357e+01
2.115500e+01 2.110000e+01 2.080066e+01 2.077333e+01 2.115000e+01 2.110500e+01 2.080072e+01 2.077328e+01
2.116000e+01 2.109500e+01 2.080075e+01 2.077337e+01 2.115500e+01 2.110000e+01 2.080066e+01 2.077333e+01
2.047000e+01 2.110500e+01 2.083814e+01 2.076357e+01 2.047000e+01 2.111500e+01 2.083349e+01 2.076833e+01
2.115000e+01 2.110500e+01 2.080072e+01 2.077328e+01 2.115000e+01 2.111500e+01 2.080567e+01 2.077838e+01
2.047000e+01 2.111500e+01 2.083349e+01 2.076833e+01 2.047500e+01 2.112000e+01 2.083345e+01 2.076852e+01
2.047500e+01 2.112000e+01 2.083345e+01 2.076852e+01 2.048000e+01 2.112500e+01 2.083326e+01 2.076870e+01
2.114500e+01 2.112000e+01 2.080574e+01 2.077859e+01 2.114000e+01 2.112500e+01 2.080595e+01 2.077879e+01
2.115000e+01 2.111500e+01 2.080567e+01 2.077838e+01 2.114500e+01 2.112000e+01 2.080574e+01 2.077859e+01
2.048000e+01 2.112500e+01 2.083326e+01 2.076870e+01 2.048500e+01 2.113000e+01 2.083307e+01 2.076902e+01
2.048500e+01 2.113000e+01 2.083307e+01 2.076902e+01 2.049000e+01 2.113500e+01 2.083274e+01 2.076935e+01
2.113500e+01 2.113000e+01 2.080615e+01 2.077912e+01 2.113000e+01 2.113500e+01 2.080649e+01 2.077947e+01
2.114000e+01 2.112500e+01 2.080595e+01 2.077879e+01 2.113500e+01 2.113000e+01 2.080615e+01 2.077912e+01
2.049000e+01 2.113500e+01 2.083274e+01 2.076935e+01 2.049500e+01 2.114000e+01 2.083243e+01 2.076981e+01
2.049500e+01 2.114000e+01 2.083243e+01 2.076981e+01 2.050000e+01 2.114500e+01 2.083197e+01 2.077029e+01
2.112500e+01 2.114000e+01 2.080681e+01 2.077994e+01 2.112000e+01 2.114500e+01 2.080727e+01 2.078043e+01
2.113000e+01 2.113500e+01 2.080649e+01 2.077947e+01 2.112500e+01 2.114000e+01 2.080681e+01 2.077994e+01
2.050000e+01 2.114500e+01 2.083197e+01 2.077029e+01 2.050500e+01 2.115000e+01 2.083153e+01 2.077091e+01
2.050500e+01 2.115000e+01 2.083153e+01 2.077091e+01 2.051000e+01 2.115500e+01 2.083096e+01 2.077156e+01
2.111500e+01 2.115000e+01 2.080770e+01 2.078105e+01 2.111000e+01 2.115500e+01 2.080826e+01 2.078170e+01
2.112000e+01 2.114500e+01 2.080727e+01 2.078043e+01 2.111500e+01 2.115000e+01 2.080770e+01 2.078105e+01
2.051000e+01 2.115500e+01 2.083096e+01 2.077156e+01 2.051500e+01 2.116000e+01 2.083043e+01 2.077234e+01
2.051500e+01 2.116000e+01 2.083043e+01 2.077234e+01 2.052000e+01 2.116500e+01 2.082976e+01 2.077316e+01
2.110500e+01 2.116000e+01 2.080879e+01 2.078248e+01 2.110000e+01 2.116500e+01 2.080944e+01 2.078329e+01
2.111000e+01 2.115500e+01 2.080826e+01 2.078170e+01 2.110500e+01 2.116000e+01 2.080879e+01 2.078248e+01
2.052000e+01 2.116500e+01 2.082976e+01 2.077316e+01 2.052500e+01 2.117000e+01 2.082913e+01 2.077412e+01
2.052500e+01 2.117000e+01 2.082913e+01 2.077412e+01 2.053000e+01 2.117500e+01 2.082839e+01 2.077512e+01
2.109500e+01 2.117000e+01 2.081005e+01 2.078423e+01 2.109000e+01 2.117500e+01 2.081078e+01 2.078522e+01
2.110000e+01 2.116500e+01 2.080944e+01 2.078329e+01 2.109500e+01 2.117000e+01 2.081005e+01 2.078423e+01
2.053000e+01 2.117500e+01 2.082839e+01 2.077512e+01 2.053500e+01 2.118000e+01 2.082769e+01 2.077626e+01
2.053500e+01 2.118000e+01 2.082769e+01 2.077626e+01 2.054000e+01 2.118500e+01 2.082688e+01 2.077745e+01
2.108500e+01 2.118000e+01 2.081145e+01 2.078632e+01 2.108000e+01 2.118500e+01 2.081225e+01 2.078749e+01
2.109000e+01 2.117500e+01 2.081078e+01 2.078522e+01 2.108500e+01 2.118000e+01 2.081145e+01 2.078632e+01
2.054000e+01 2.118500e+01 2.082688e+01 2.077745e+01 2.054500e+01 2.119000e+01 2.082613e+01 2.077877e+01
2.054500e+01 2.119000e+01 2.082613e+01 2.077877e+01 2.055000e+01 2.119500e+01 2.082527e+01 2.078016e+01
2.106500e+01 2.119000e+01 2.081023e+01 2.078434e+01 2.106000e+01 2.119500e+01 2.081117e+01 2.078575e+01
2.106500e+01 2.119000e+01 2.081023e+01 2.078434e+01 2.107500e+01 2.119000e+01 2.081298e+01 2.078877e+01
2.108000e+01 2.118500e+01 2.081225e+01 2.078749e+01 2.107500e+01 2.119000e+01 2.081298e+01 2.078877e+01
2.055000e+01 2.119500e+01 2.082527e+01 2.078016e+01 2.055500e+01 2.120000e+01 2.082448e+01 2.078167e+01
2.055500e+01 2.120000e+01 2.082448e+01 2.078167e+01 2.056500e+01 2.120000e+01 2.082668e+01 2.077768e+01
2.056500e+01 2.120000e+01 2.082668e+01 2.077768e+01 2.057000e+01 2.120500e+01 2.082569e+01 2.077934e+01
2.105500e+01 2.120000e+01 2.081205e+01 2.078727e+01 2.105000e+01 2.120500e+01 2.081301e+01 2.078887e+01
2.106000e+01 2.119500e+01 2.081117e+01 2.078575e+01 2.105500e+01 2.120000e+01 2.081205e+01 2.078727e+01
2.057000e+01 2.120500e+01 2.082569e+01 2.077934e+01 2.057500e+01 2.121000e+01 2.082478e+01 2.078112e+01
2.057500e+01 2.121000e+01 2.082478e+01 2.078112e+01 2.058000e+01 2.121500e+01 2.082379e+01 2.078298e+01
2.104500e+01 2.121000e+01 2.081390e+01 2.079057e+01 2.104000e+01 2.121500e+01 2.081488e+01 2.079236e+01
2.105000e+01 2.120500e+01 2.081301e+01 2.078887e+01 2.104500e+01 2.121000e+01 2.081390e+01 2.079057e+01
2.058000e+01 2.121500e+01 2.082379e+01 2.078298e+01 2.058500e+01 2.122000e+01 2.082288e+01 2.078496e+01
2.058500e+01 2.122000e+01 2.082288e+01 2.078496e+01 2.059000e+01 2.122500e+01 2.082190e+01 2.078702e+01
2.102500e+01 2.122000e+01 2.081380e+01 2.079032e+01 2.102000e+01 2.122500e+01 2.081485e+01 2.079238e+01
2.102500e+01 2.122000e+01 2.081380e+01 2.079032e+01 2.103500e+01 2.122000e+01 2.081578e+01 2.079425e+01
2.104000e+01 2.121500e+01 2.081488e+01 2.079236e+01 2.103500e+01 2.122000e+01 2.081578e+01 2.079425e+01
2.059000e+01 2.122500e+01 2.082190e+01 2.078702e+01 2.059500e+01 2.123000e+01 2.082101e+01 2.078919e+01
2.059500e+01 2.123000e+01 2.082101e+01 2.078919e+01 2.060500e+01 2.123000e+01 2.082250e+01 2.078579e+01
2.060500e+01 2.123000e+01 2.082250e+01 2.078579e+01 2.061000e+01 2.123500e+01 2.082148e+01 2.078815e+01
2.100500e+01 2.123000e+01 2.081418e+01 2.079087e+01 2.100000e+01 2.123500e+01 2.081526e+01 2.079321e+01
2.100500e+01 2.123000e+01 2.081418e+01 2.079087e+01 2.101500e+01 2.123000e+01 2.081581e+01 2.079454e+01
2.102000e+01 2.122500e+01 2.081485e+01 2.079238e+01 2.101500e+01 2.123000e+01 2.081581e+01 2.079454e+01
2.061000e+01 2.123500e+01 2.082148e+01 2.078815e+01 2.061500e+01 2.124000e+01 2.082056e+01 2.079062e+01
2.061500e+01 2.124000e+01 2.082056e+01 2.079062e+01 2.062500e+01 2.124000e+01 2.082174e+01 2.078751e+01
2.062500e+01 2.124000e+01 2.082174e+01 2.078751e+01 2.063000e+01 2.124500e+01 2.082073e+01 2.079018e+01
2.098500e+01 2.124000e+01 2.081493e+01 2.079227e+01 2.098000e+01 2.124500e+01 2.081600e+01 2.079490e+01
2.098500e+01 2.124000e+01 2.081493e+01 2.079227e+01 2.099500e+01 2.124000e+01 2.081625e+01 2.079565e+01
2.100000e+01 2.123500e+01 2.081526e+01 2.079321e+01 2.099500e+01 2.124000e+01 2.081625e+01 2.079565e+01
2.063000e+01 2.124500e+01 2.082073e+01 2.079018e+01 2.063500e+01 2.125000e+01 2.081983e+01 2.079294e+01
2.063500e+01 2.125000e+01 2.081983e+01 2.079294e+01 2.064500e+01 2.125000e+01 2.082074e+01 2.079015e+01
2.064500e+01 2.125000e+01 2.082074e+01 2.079015e+01 2.065000e+01 2.125500e+01 2.081978e+01 2.079313e+01
2.096500e+01 2.125000e+01 2.081592e+01 2.079455e+01 2.096000e+01 2.125500e+01 2.081695e+01 2.079748e+01
2.096500e+01 2.125000e+01 2.081592e+01 2.079455e+01 2.097500e+01 2.125000e+01 2.081698e+01 2.079762e+01
2.098000e+01 2.124500e+01 2.081600e+01 2.079490e+01 2.097500e+01 2.125000e+01 2.081698e+01 2.079762e+01
2.065000e+01 2.125500e+01 2.081978e+01 2.079313e+01 2.065500e+01 2.126000e+01 2.081893e+01 2.079618e+01
2.065500e+01 2.126000e+01 2.081893e+01 2.079618e+01 2.066500e+01 2.126000e+01 2.081964e+01 2.079374e+01
2.066500e+01 2.126000e+01 2.081964e+01 2.079374e+01 2.067500e+01 2.126000e+01 2.082019e+01 2.079144e+01
2.067500e+01 2.126000e+01 2.082019e+01 2.079144e+01 2.068000e+01 2.126500e+01 2.081932e+01 2.079484e+01
2.093500e+01 2.126000e+01 2.081636e+01 2.079517e+01 2.093000e+01 2.126500e+01 2.081731e+01 2.079849e+01
2.093500e+01 2.126000e+01 2.081636e+01 2.079517e+01 2.094500e+01 2.126000e+01 2.081704e+01 2.079775e+01
2.094500e+01 2.126000e+01 2.081704e+01 2.079775e+01 2.095500e+01 2.126000e+01 2.081788e+01 2.080048e+01
2.096000e+01 2.125500e+01 2.081695e+01 2.079748e+01 2.095500e+01 2.126000e+01 2.081788e+01 2.080048e+01
2.068000e+01 2.126500e+01 2.081932e+01 2.079484e+01 2.068500e+01 2.127000e+01 2.081856e+01 2.079830e+01
2.068500e+01 2.127000e+01 2.081856e+01 2.079830e+01 2.069500e+01 2.127000e+01 2.081898e+01 2.079637e+01
2.069500e+01 2.127000e+01 2.081898e+01 2.079637e+01 2.070500e+01 2.127000e+01 2.081929e+01 2.079460e+01
2.070500e+01 2.127000e+01 2.081929e+01 2.079460e+01 2.071000e+01 2.127500e+01 2.081858e+01 2.079840e+01
2.090500e+01 2.127000e+01 2.081720e+01 2.079758e+01 2.090000e+01 2.127500e+01 2.081801e+01 2.080128e+01
2.090500e+01 2.127000e+01 2.081720e+01 2.079758e+01 2.091500e+01 2.127000e+01 2.081761e+01 2.079964e+01
2.091500e+01 2.127000e+01 2.081761e+01 2.079964e+01 2.092500e+01 2.127000e+01 2.081816e+01 2.080186e+01
2.093000e+01 2.126500e+01 2.081731e+01 2.079849e+01 2.092500e+01 2.127000e+01 2.081816e+01 2.080186e+01
2.071000e+01 2.127500e+01 2.081858e+01 2.079840e+01 2.071500e+01 2.128000e+01 2.081799e+01 2.080226e+01
2.071500e+01 2.128000e+01 2.081799e+01 2.080226e+01 2.072500e+01 2.128000e+01 2.081824e+01 2.080088e+01
2.072500e+01 2.128000e+01 2.081824e+01 2.080088e+01 2.073500e+01 2.128000e+01 2.081842e+01 2.079966e+01
2.073500e+01 2.128000e+01 2.081842e+01 2.079966e+01 2.074500e+01 2.128000e+01 2.081851e+01 2.079862e+01
2.074500e+01 2.128000e+01 2.081851e+01 2.079862e+01 2.075500e+01 2.128000e+01 2.081854e+01 2.079776e+01
2.075500e+01 2.128000e+01 2.081854e+01 2.079776e+01 2.076500e+01 2.128000e+01 2.081852e+01 2.079708e+01
2.076500e+01 2.128000e+01 2.081852e+01 2.079708e+01 2.077000e+01 2.128500e+01 2.081823e+01 2.080160e+01
2.084500e+01 2.128000e+01 2.081781e+01 2.079832e+01 2.084000e+01 2.128500e+01 2.081823e+01 2.080270e+01
2.084500e+01 2.128000e+01 2.081781e+01 2.079832e+01 2.085500e+01 2.128000e+01 2.081784e+01 2.079931e+01
2.085500e+01 2.128000e+01 2.081784e+01 2.079931e+01 2.086500e+01 2.128000e+01 2.081793e+01 2.080048e+01
2.086500e+01 2.128000e+01 2.081793e+01 2.080048e+01 2.087500e+01 2.128000e+01 2.081810e+01 2.080183e+01
2.087500e+01 2.128000e+01 2.081810e+01 2.080183e+01 2.088500e+01 2.128000e+01 2.081835e+01 2.080335e+01
2.088500e+01 2.128000e+01 2.081835e+01 2.080335e+01 2.089500e+01 2.128000e+01 2.081870e+01 2.080503e+01
2.090000e+01 2.127500e+01 2.081801e+01 2.080128e+01 2.089500e+01 2.128000e+01 2.081870e+01 2.080503e+01
2.077000e+01 2.128500e+01 2.081823e+01 2.080160e+01 2.077500e+01 2.129000e+01 2.081806e+01 2.080613e+01
2.077500e+01 2.129000e+01 2.081806e+01 2.080613e+01 2.078500e+01 2.129000e+01 2.081814e+01 2.080584e+01
2.078500e+01 2.129000e+01 2.081814e+01 2.080584e+01 2.079500e+01 2.129000e+01 2.081821e+01 2.080573e+01
2.079500e+01 2.129000e+01 2.081821e+01 2.080573e+01 2.080500e+01 2.129000e+01 2.081827e+01 2.080580e+01
2.080500e+01 2.129000e+01 2.081827e+01 2.080580e+01 2.081500e+01 2.129000e+01 2.081834e+01 2.080605e+01
2.081500e+01 2.129000e+01 2.081834e+01 2.080605e+01 2.082500e+01 2.129000e+01 2.081843e+01 2.080648e+01
2.082500e+01 2.129000e+01 2.081843e+01 2.080648e+01 2.083500e+01 2.129000e+01 2.081855e+01 2.080709e+01
2.084000e+01 2.128500e+01 2.081823e+01 2.080270e+01 2.083500e+01 2.129000e+01 2.081855e+01 2.080709e+01
2.086128e+01 2.069184e+01 2.061640e+01 2.100370e+01 2.086128e+01 2.069184e+01 2.061547e+01 2.100308e+01
2.086128e+01 2.069184e+01 2.061547e+01 2.100308e+01 2.086128e+01 2.069184e+01 2.061450e+01 2.100242e+01
2.086128e+01 2.069184e+01 2.061450e+01 2.100242e+01 2.086128e+01 2.069184e+01 2.061350e+01 2.100174e+01
2.086128e+01 2.069184e+01 2.061350e+01 2.100174e+01 2.086128e+01 2.069184e+01 2.061246e+01 2.100102e+01
2.086128e+01 2.069184e+01 2.061246e+01 2.100102e+01 2.086128e+01 2.069184e+01 2.061140e+01 2.100028e+01
2.086128e+01 2.069184e+01 2.061140e+01 2.100028e+01 2.086128e+01 2.069184e+01 2.061031e+01 2.099952e+01
2.086128e+01 2.069184e+01 2.061031e+01 2.099952e+01 2.086128e+01 2.069184e+01 2.060921e+01 2.099873e+01
2.086128e+01 2.069184e+01 2.060921e+01 2.099873e+01 2.086128e+01 2.069184e+01 2.060810e+01 2.099793e+01
2.086128e+01 2.069184e+01 2.060810e+01 2.099793e+01 2.086128e+01 2.069184e+01 2.060698e+01 2.099712e+01
2.086128e+01 2.069184e+01 2.060698e+01 2.099712e+01 2.086128e+01 2.069184e+01 2.060586e+01 2.099629e+01
2.086128e+01 2.069184e+01 2.060586e+01 2.099629e+01 2.086128e+01 2.069184e+01 2.060474e+01 2.099546e+01
2.086128e+01 2.069184e+01 2.060474e+01 2.099546e+01 2.086128e+01 2.069184e+01 2.060362e+01 2.099463e+01
2.086128e+01 2.069184e+01 2.060362e+01 2.099463e+01 2.086128e+01 2.069184e+01 2.060252e+01 2.099379e+01
2.086128e+01 2.069184e+01 2.060252e+01 2.099379e+01 2.086128e+01 2.069184e+01 2.060143e+01 2.099296e+01
2.086128e+01 2.069184e+01 2.060143e+01 2.099296e+01 2.086128e+01 2.069184e+01 2.060036e+01 2.099214e+01
2.086128e+01 2.069184e+01 2.060036e+01 2.099214e+01 2.086128e+01 2.069184e+01 2.059932e+01 2.099132e+01
2.086128e+01 2.069184e+01 2.059932e+01 2.099132e+01 2.086128e+01 2.069184e+01 2.059830e+01 2.099052e+01
2.086128e+01 2.069184e+01 2.059830e+01 2.099052e+01 2.086128e+01 2.069184e+01 2.059732e+01 2.098974e+01
2.086128e+01 2.069184e+01 2.059732e+01 2.098974e+01 2.086128e+01 2.069184e+01 2.059637e+01 2.098898e+01
2.086128e+01 2.069184e+01 2.059637e+01 2.098898e+01 2.086128e+01 2.069184e+01 2.059547e+01 2.098824e+01
2.086128e+01 2.069184e+01 2.059547e+01 2.098824e+01 2.086128e+01 2.069184e+01 2.059460e+01 2.098753e+01
2.086128e+01 2.069184e+01 2.059460e+01 2.098753e+01 2.086128e+01 2.069184e+01 2.059379e+01 2.098685e+01
