2.071500e+01 2.024000e+01 2.080549e+01 2.071202e+01 2.071000e+01 2.024500e+01 2.080616e+01 2.071584e+01
2.071500e+01 2.024000e+01 2.080549e+01 2.071202e+01 2.072500e+01 2.024000e+01 2.080583e+01 2.071364e+01
2.072500e+01 2.024000e+01 2.080583e+01 2.071364e+01 2.073500e+01 2.024000e+01 2.080609e+01 2.071510e+01
2.073500e+01 2.024000e+01 2.080609e+01 2.071510e+01 2.074500e+01 2.024000e+01 2.080626e+01 2.071638e+01
2.074500e+01 2.024000e+01 2.080626e+01 2.071638e+01 2.075500e+01 2.024000e+01 2.080636e+01 2.071749e+01
2.075500e+01 2.024000e+01 2.080636e+01 2.071749e+01 2.076500e+01 2.024000e+01 2.080640e+01 2.071841e+01
2.076500e+01 2.024000e+01 2.080640e+01 2.071841e+01 2.077500e+01 2.024000e+01 2.080640e+01 2.071915e+01
2.077500e+01 2.024000e+01 2.080640e+01 2.071915e+01 2.078500e+01 2.024000e+01 2.080635e+01 2.071971e+01
2.078500e+01 2.024000e+01 2.080635e+01 2.071971e+01 2.079500e+01 2.024000e+01 2.080629e+01 2.072008e+01
2.079500e+01 2.024000e+01 2.080629e+01 2.072008e+01 2.080500e+01 2.024000e+01 2.080620e+01 2.072026e+01
2.080500e+01 2.024000e+01 2.080620e+01 2.072026e+01 2.081500e+01 2.024000e+01 2.080612e+01 2.072026e+01
2.081500e+01 2.024000e+01 2.080612e+01 2.072026e+01 2.082500e+01 2.024000e+01 2.080605e+01 2.072006e+01
2.082500e+01 2.024000e+01 2.080605e+01 2.072006e+01 2.083500e+01 2.024000e+01 2.080600e+01 2.071968e+01
2.083500e+01 2.024000e+01 2.080600e+01 2.071968e+01 2.084500e+01 2.024000e+01 2.080599e+01 2.071910e+01
2.084500e+01 2.024000e+01 2.080599e+01 2.071910e+01 2.085500e+01 2.024000e+01 2.080602e+01 2.071835e+01
2.085500e+01 2.024000e+01 2.080602e+01 2.071835e+01 2.086500e+01 2.024000e+01 2.080611e+01 2.071741e+01
2.086500e+01 2.024000e+01 2.080611e+01 2.071741e+01 2.087500e+01 2.024000e+01 2.080627e+01 2.071630e+01
2.087500e+01 2.024000e+01 2.080627e+01 2.071630e+01 2.088500e+01 2.024000e+01 2.080651e+01 2.071501e+01
2.088500e+01 2.024000e+01 2.080651e+01 2.071501e+01 2.089000e+01 2.024500e+01 2.080594e+01 2.071905e+01
2.068500e+01 2.025000e+01 2.080602e+01 2.071543e+01 2.068000e+01 2.025500e+01 2.080685e+01 2.071885e+01
2.068500e+01 2.025000e+01 2.080602e+01 2.071543e+01 2.069500e+01 2.025000e+01 2.080654e+01 2.071759e+01
2.069500e+01 2.025000e+01 2.080654e+01 2.071759e+01 2.070500e+01 2.025000e+01 2.080694e+01 2.071960e+01
2.071000e+01 2.024500e+01 2.080616e+01 2.071584e+01 2.070500e+01 2.025000e+01 2.080694e+01 2.071960e+01
2.089000e+01 2.024500e+01 2.080594e+01 2.071905e+01 2.089500e+01 2.025000e+01 2.080526e+01 2.072304e+01
2.089500e+01 2.025000e+01 2.080526e+01 2.072304e+01 2.090500e+01 2.025000e+01 2.080552e+01 2.072136e+01
2.090500e+01 2.025000e+01 2.080552e+01 2.072136e+01 2.091500e+01 2.025000e+01 2.080590e+01 2.071952e+01
2.091500e+01 2.025000e+01 2.080590e+01 2.071952e+01 2.092000e+01 2.025500e+01 2.080515e+01 2.072317e+01
2.065500e+01 2.026000e+01 2.080632e+01 2.071701e+01 2.065000e+01 2.026500e+01 2.080724e+01 2.072003e+01
2.065500e+01 2.026000e+01 2.080632e+01 2.071701e+01 2.066500e+01 2.026000e+01 2.080713e+01 2.071968e+01
2.066500e+01 2.026000e+01 2.080713e+01 2.071968e+01 2.067500e+01 2.026000e+01 2.080779e+01 2.072222e+01
2.068000e+01 2.025500e+01 2.080685e+01 2.071885e+01 2.067500e+01 2.026000e+01 2.080779e+01 2.072222e+01
2.092000e+01 2.025500e+01 2.080515e+01 2.072317e+01 2.092500e+01 2.026000e+01 2.080428e+01 2.072677e+01
2.092500e+01 2.026000e+01 2.080428e+01 2.072677e+01 2.093500e+01 2.026000e+01 2.080476e+01 2.072454e+01
2.093500e+01 2.026000e+01 2.080476e+01 2.072454e+01 2.094500e+01 2.026000e+01 2.080538e+01 2.072216e+01
2.094500e+01 2.026000e+01 2.080538e+01 2.072216e+01 2.095000e+01 2.026500e+01 2.080451e+01 2.072542e+01
2.063500e+01 2.027000e+01 2.080724e+01 2.071996e+01 2.063000e+01 2.027500e+01 2.080821e+01 2.072269e+01
2.063500e+01 2.027000e+01 2.080724e+01 2.071996e+01 2.064500e+01 2.027000e+01 2.080826e+01 2.072298e+01
2.065000e+01 2.026500e+01 2.080724e+01 2.072003e+01 2.064500e+01 2.027000e+01 2.080826e+01 2.072298e+01
2.095000e+01 2.026500e+01 2.080451e+01 2.072542e+01 2.095500e+01 2.027000e+01 2.080353e+01 2.072861e+01
2.095500e+01 2.027000e+01 2.080353e+01 2.072861e+01 2.096500e+01 2.027000e+01 2.080434e+01 2.072587e+01
2.096500e+01 2.027000e+01 2.080434e+01 2.072587e+01 2.097500e+01 2.027000e+01 2.080532e+01 2.072300e+01
2.097500e+01 2.027000e+01 2.080532e+01 2.072300e+01 2.098000e+01 2.027500e+01 2.080440e+01 2.072586e+01
2.061500e+01 2.028000e+01 2.080800e+01 2.072200e+01 2.061000e+01 2.028500e+01 2.080897e+01 2.072444e+01
2.061500e+01 2.028000e+01 2.080800e+01 2.072200e+01 2.062500e+01 2.028000e+01 2.080928e+01 2.072534e+01
2.063000e+01 2.027500e+01 2.080821e+01 2.072269e+01 2.062500e+01 2.028000e+01 2.080928e+01 2.072534e+01
2.098000e+01 2.027500e+01 2.080440e+01 2.072586e+01 2.098500e+01 2.028000e+01 2.080338e+01 2.072864e+01
2.098500e+01 2.028000e+01 2.080338e+01 2.072864e+01 2.099500e+01 2.028000e+01 2.080462e+01 2.072544e+01
2.099500e+01 2.028000e+01 2.080462e+01 2.072544e+01 2.100000e+01 2.028500e+01 2.080368e+01 2.072801e+01
2.059500e+01 2.029000e+01 2.080846e+01 2.072314e+01 2.059000e+01 2.029500e+01 2.080942e+01 2.072529e+01
2.059500e+01 2.029000e+01 2.080846e+01 2.072314e+01 2.060500e+01 2.029000e+01 2.081005e+01 2.072678e+01
2.061000e+01 2.028500e+01 2.080897e+01 2.072444e+01 2.060500e+01 2.029000e+01 2.081005e+01 2.072678e+01
2.100000e+01 2.028500e+01 2.080368e+01 2.072801e+01 2.100500e+01 2.029000e+01 2.080265e+01 2.073048e+01
2.100500e+01 2.029000e+01 2.080265e+01 2.073048e+01 2.101000e+01 2.029500e+01 2.080167e+01 2.073286e+01
2.057500e+01 2.030000e+01 2.080852e+01 2.072345e+01 2.057000e+01 2.030500e+01 2.080941e+01 2.072531e+01
2.057500e+01 2.030000e+01 2.080852e+01 2.072345e+01 2.058500e+01 2.030000e+01 2.081046e+01 2.072734e+01
2.059000e+01 2.029500e+01 2.080942e+01 2.072529e+01 2.058500e+01 2.030000e+01 2.081046e+01 2.072734e+01
2.101000e+01 2.029500e+01 2.080167e+01 2.073286e+01 2.101500e+01 2.030000e+01 2.080059e+01 2.073513e+01
2.101500e+01 2.030000e+01 2.080059e+01 2.073513e+01 2.102500e+01 2.030000e+01 2.080226e+01 2.073144e+01
2.102500e+01 2.030000e+01 2.080226e+01 2.073144e+01 2.103000e+01 2.030500e+01 2.080132e+01 2.073353e+01
2.056500e+01 2.031000e+01 2.081038e+01 2.072707e+01 2.056000e+01 2.031500e+01 2.081126e+01 2.072875e+01
2.057000e+01 2.030500e+01 2.080941e+01 2.072531e+01 2.056500e+01 2.031000e+01 2.081038e+01 2.072707e+01
2.103000e+01 2.030500e+01 2.080132e+01 2.073353e+01 2.103500e+01 2.031000e+01 2.080029e+01 2.073550e+01
2.103500e+01 2.031000e+01 2.080029e+01 2.073550e+01 2.104000e+01 2.031500e+01 2.079934e+01 2.073739e+01
2.054500e+01 2.032000e+01 2.080970e+01 2.072605e+01 2.054000e+01 2.032500e+01 2.081046e+01 2.072747e+01
2.054500e+01 2.032000e+01 2.080970e+01 2.072605e+01 2.055500e+01 2.032000e+01 2.081223e+01 2.073031e+01
2.056000e+01 2.031500e+01 2.081126e+01 2.072875e+01 2.055500e+01 2.032000e+01 2.081223e+01 2.073031e+01
2.104000e+01 2.031500e+01 2.079934e+01 2.073739e+01 2.104500e+01 2.032000e+01 2.079831e+01 2.073917e+01
2.104500e+01 2.032000e+01 2.079831e+01 2.073917e+01 2.105500e+01 2.032000e+01 2.080053e+01 2.073507e+01
2.105500e+01 2.032000e+01 2.080053e+01 2.073507e+01 2.106000e+01 2.032500e+01 2.079969e+01 2.073668e+01
2.053500e+01 2.033000e+01 2.081129e+01 2.072877e+01 2.053000e+01 2.033500e+01 2.081200e+01 2.073000e+01
2.054000e+01 2.032500e+01 2.081046e+01 2.072747e+01 2.053500e+01 2.033000e+01 2.081129e+01 2.072877e+01
2.106000e+01 2.032500e+01 2.079969e+01 2.073668e+01 2.106500e+01 2.033000e+01 2.079877e+01 2.073818e+01
2.106500e+01 2.033000e+01 2.079877e+01 2.073818e+01 2.107000e+01 2.033500e+01 2.079796e+01 2.073960e+01
2.052500e+01 2.034000e+01 2.081278e+01 2.073112e+01 2.052000e+01 2.034500e+01 2.081343e+01 2.073217e+01
2.053000e+01 2.033500e+01 2.081200e+01 2.073000e+01 2.052500e+01 2.034000e+01 2.081278e+01 2.073112e+01
2.107000e+01 2.033500e+01 2.079796e+01 2.073960e+01 2.107500e+01 2.034000e+01 2.079708e+01 2.074090e+01
2.107500e+01 2.034000e+01 2.079708e+01 2.074090e+01 2.108000e+01 2.034500e+01 2.079631e+01 2.074214e+01
2.051500e+01 2.035000e+01 2.081414e+01 2.073310e+01 2.051000e+01 2.035500e+01 2.081472e+01 2.073399e+01
2.052000e+01 2.034500e+01 2.081343e+01 2.073217e+01 2.051500e+01 2.035000e+01 2.081414e+01 2.073310e+01
2.108000e+01 2.034500e+01 2.079631e+01 2.074214e+01 2.108500e+01 2.035000e+01 2.079549e+01 2.074325e+01
2.108500e+01 2.035000e+01 2.079549e+01 2.074325e+01 2.109000e+01 2.035500e+01 2.079478e+01 2.074430e+01
2.050500e+01 2.036000e+01 2.081534e+01 2.073474e+01 2.050000e+01 2.036500e+01 2.081583e+01 2.073546e+01
2.051000e+01 2.035500e+01 2.081472e+01 2.073399e+01 2.050500e+01 2.036000e+01 2.081534e+01 2.073474e+01
2.109000e+01 2.035500e+01 2.079478e+01 2.074430e+01 2.109500e+01 2.036000e+01 2.079403e+01 2.074522e+01
2.109500e+01 2.036000e+01 2.079403e+01 2.074522e+01 2.110000e+01 2.036500e+01 2.079340e+01 2.074610e+01
2.049500e+01 2.037000e+01 2.081636e+01 2.073604e+01 2.049000e+01 2.037500e+01 2.081675e+01 2.073660e+01
2.050000e+01 2.036500e+01 2.081583e+01 2.073546e+01 2.049500e+01 2.037000e+01 2.081636e+01 2.073604e+01
2.110000e+01 2.036500e+01 2.079340e+01 2.074610e+01 2.110500e+01 2.037000e+01 2.079273e+01 2.074684e+01
2.110500e+01 2.037000e+01 2.079273e+01 2.074684e+01 2.111000e+01 2.037500e+01 2.079219e+01 2.074754e+01
2.048500e+01 2.038000e+01 2.081716e+01 2.073703e+01 2.048000e+01 2.038500e+01 2.081743e+01 2.073743e+01
2.049000e+01 2.037500e+01 2.081675e+01 2.073660e+01 2.048500e+01 2.038000e+01 2.081716e+01 2.073703e+01
2.111000e+01 2.037500e+01 2.079219e+01 2.074754e+01 2.111500e+01 2.038000e+01 2.079162e+01 2.074810e+01
2.111500e+01 2.038000e+01 2.079162e+01 2.074810e+01 2.112000e+01 2.038500e+01 2.079119e+01 2.074864e+01
2.047500e+01 2.039000e+01 2.081772e+01 2.073771e+01 2.047000e+01 2.039500e+01 2.081786e+01 2.073798e+01
2.048000e+01 2.038500e+01 2.081743e+01 2.073743e+01 2.047500e+01 2.039000e+01 2.081772e+01 2.073771e+01
2.112000e+01 2.038500e+01 2.079119e+01 2.074864e+01 2.112500e+01 2.039000e+01 2.079074e+01 2.074904e+01
2.112500e+01 2.039000e+01 2.079074e+01 2.074904e+01 2.113000e+01 2.039500e+01 2.079043e+01 2.074942e+01
2.046500e+01 2.040000e+01 2.081800e+01 2.073812e+01 2.046000e+01 2.040500e+01 2.081800e+01 2.073826e+01
2.047000e+01 2.039500e+01 2.081786e+01 2.073798e+01 2.046500e+01 2.040000e+01 2.081800e+01 2.073812e+01
2.113000e+01 2.039500e+01 2.079043e+01 2.074942e+01 2.113500e+01 2.040000e+01 2.079011e+01 2.074967e+01
2.113500e+01 2.040000e+01 2.079011e+01 2.074967e+01 2.114000e+01 2.040500e+01 2.078993e+01 2.074991e+01
2.046000e+01 2.040500e+01 2.081800e+01 2.073826e+01 2.046000e+01 2.041500e+01 2.082285e+01 2.074313e+01
2.114000e+01 2.040500e+01 2.078993e+01 2.074991e+01 2.114500e+01 2.041000e+01 2.078975e+01 2.075001e+01
2.114500e+01 2.041000e+01 2.078975e+01 2.075001e+01 2.115000e+01 2.041500e+01 2.078973e+01 2.075011e+01
2.045500e+01 2.042000e+01 2.082283e+01 2.074301e+01 2.045000e+01 2.042500e+01 2.082267e+01 2.074291e+01
2.046000e+01 2.041500e+01 2.082285e+01 2.074313e+01 2.045500e+01 2.042000e+01 2.082283e+01 2.074301e+01
2.115000e+01 2.041500e+01 2.078973e+01 2.075011e+01 2.115500e+01 2.042000e+01 2.078970e+01 2.075009e+01
2.115500e+01 2.042000e+01 2.078970e+01 2.075009e+01 2.116000e+01 2.042500e+01 2.078983e+01 2.075007e+01
2.044500e+01 2.043000e+01 2.082247e+01 2.074268e+01 2.044000e+01 2.043500e+01 2.082213e+01 2.074247e+01
2.045000e+01 2.042500e+01 2.082267e+01 2.074291e+01 2.044500e+01 2.043000e+01 2.082247e+01 2.074268e+01
2.116000e+01 2.042500e+01 2.078983e+01 2.075007e+01 2.116000e+01 2.043500e+01 2.078499e+01 2.075462e+01
2.044000e+01 2.043500e+01 2.082213e+01 2.074247e+01 2.044000e+01 2.044500e+01 2.082694e+01 2.074663e+01
2.116000e+01 2.043500e+01 2.078499e+01 2.075462e+01 2.116500e+01 2.044000e+01 2.078515e+01 2.075435e+01
2.116500e+01 2.044000e+01 2.078515e+01 2.075435e+01 2.117000e+01 2.044500e+01 2.078548e+01 2.075410e+01
2.043500e+01 2.045000e+01 2.082653e+01 2.074619e+01 2.043000e+01 2.045500e+01 2.082597e+01 2.074578e+01
2.044000e+01 2.044500e+01 2.082694e+01 2.074663e+01 2.043500e+01 2.045000e+01 2.082653e+01 2.074619e+01
2.117000e+01 2.044500e+01 2.078548e+01 2.075410e+01 2.117500e+01 2.045000e+01 2.078583e+01 2.075372e+01
2.117500e+01 2.045000e+01 2.078583e+01 2.075372e+01 2.118000e+01 2.045500e+01 2.078634e+01 2.075338e+01
2.042500e+01 2.046000e+01 2.082536e+01 2.074526e+01 2.042000e+01 2.046500e+01 2.082461e+01 2.074479e+01
2.043000e+01 2.045500e+01 2.082597e+01 2.074578e+01 2.042500e+01 2.046000e+01 2.082536e+01 2.074526e+01
2.118000e+01 2.045500e+01 2.078634e+01 2.075338e+01 2.118000e+01 2.046500e+01 2.078159e+01 2.075721e+01
2.042000e+01 2.046500e+01 2.082461e+01 2.074479e+01 2.042000e+01 2.047500e+01 2.082924e+01 2.074827e+01
2.118000e+01 2.046500e+01 2.078159e+01 2.075721e+01 2.118500e+01 2.047000e+01 2.078219e+01 2.075664e+01
2.118500e+01 2.047000e+01 2.078219e+01 2.075664e+01 2.119000e+01 2.047500e+01 2.078295e+01 2.075611e+01
2.041500e+01 2.048000e+01 2.082837e+01 2.074758e+01 2.041000e+01 2.048500e+01 2.082735e+01 2.074696e+01
2.042000e+01 2.047500e+01 2.082924e+01 2.074827e+01 2.041500e+01 2.048000e+01 2.082837e+01 2.074758e+01
2.119000e+01 2.047500e+01 2.078295e+01 2.075611e+01 2.119500e+01 2.048000e+01 2.078375e+01 2.075547e+01
2.119500e+01 2.048000e+01 2.078375e+01 2.075547e+01 2.120000e+01 2.048500e+01 2.078471e+01 2.075489e+01
2.041000e+01 2.048500e+01 2.082735e+01 2.074696e+01 2.041000e+01 2.049500e+01 2.083184e+01 2.075002e+01
2.120000e+01 2.048500e+01 2.078471e+01 2.075489e+01 2.120000e+01 2.049500e+01 2.078019e+01 2.075805e+01
2.040500e+01 2.050000e+01 2.083068e+01 2.074920e+01 2.040000e+01 2.050500e+01 2.082938e+01 2.074846e+01
2.041000e+01 2.049500e+01 2.083184e+01 2.075002e+01 2.040500e+01 2.050000e+01 2.083068e+01 2.074920e+01
2.120000e+01 2.049500e+01 2.078019e+01 2.075805e+01 2.120500e+01 2.050000e+01 2.078129e+01 2.075727e+01
2.120500e+01 2.050000e+01 2.078129e+01 2.075727e+01 2.121000e+01 2.050500e+01 2.078253e+01 2.075656e+01
2.040000e+01 2.050500e+01 2.082938e+01 2.074846e+01 2.040000e+01 2.051500e+01 2.083368e+01 2.075111e+01
2.121000e+01 2.050500e+01 2.078253e+01 2.075656e+01 2.121000e+01 2.051500e+01 2.077819e+01 2.075929e+01
2.039500e+01 2.052000e+01 2.083220e+01 2.075020e+01 2.039000e+01 2.052500e+01 2.083059e+01 2.074938e+01
2.040000e+01 2.051500e+01 2.083368e+01 2.075111e+01 2.039500e+01 2.052000e+01 2.083220e+01 2.075020e+01
2.121000e+01 2.051500e+01 2.077819e+01 2.075929e+01 2.121500e+01 2.052000e+01 2.077959e+01 2.075840e+01
2.121500e+01 2.052000e+01 2.077959e+01 2.075840e+01 2.122000e+01 2.052500e+01 2.078113e+01 2.075759e+01
2.039000e+01 2.052500e+01 2.083059e+01 2.074938e+01 2.039000e+01 2.053500e+01 2.083466e+01 2.075166e+01
2.122000e+01 2.052500e+01 2.078113e+01 2.075759e+01 2.122000e+01 2.053500e+01 2.077702e+01 2.075993e+01
2.039000e+01 2.053500e+01 2.083466e+01 2.075166e+01 2.039000e+01 2.054500e+01 2.083866e+01 2.075373e+01
2.122000e+01 2.053500e+01 2.077702e+01 2.075993e+01 2.122000e+01 2.054500e+01 2.077297e+01 2.076206e+01
2.038500e+01 2.055000e+01 2.083675e+01 2.075270e+01 2.038000e+01 2.055500e+01 2.083472e+01 2.075178e+01
2.039000e+01 2.054500e+01 2.083866e+01 2.075373e+01 2.038500e+01 2.055000e+01 2.083675e+01 2.075270e+01
2.122000e+01 2.054500e+01 2.077297e+01 2.076206e+01 2.122500e+01 2.055000e+01 2.077480e+01 2.076103e+01
2.122500e+01 2.055000e+01 2.077480e+01 2.076103e+01 2.123000e+01 2.055500e+01 2.077677e+01 2.076010e+01
2.038000e+01 2.055500e+01 2.083472e+01 2.075178e+01 2.038000e+01 2.056500e+01 2.083842e+01 2.075353e+01
2.123000e+01 2.055500e+01 2.077677e+01 2.076010e+01 2.123000e+01 2.056500e+01 2.077301e+01 2.076188e+01
2.038000e+01 2.056500e+01 2.083842e+01 2.075353e+01 2.038000e+01 2.057500e+01 2.084201e+01 2.075509e+01
2.123000e+01 2.056500e+01 2.077301e+01 2.076188e+01 2.123500e+01 2.057000e+01 2.077519e+01 2.076083e+01
2.123500e+01 2.057000e+01 2.077519e+01 2.076083e+01 2.124000e+01 2.057500e+01 2.077749e+01 2.075991e+01
2.037500e+01 2.058000e+01 2.083964e+01 2.075402e+01 2.037000e+01 2.058500e+01 2.083717e+01 2.075308e+01
2.038000e+01 2.057500e+01 2.084201e+01 2.075509e+01 2.037500e+01 2.058000e+01 2.083964e+01 2.075402e+01
2.124000e+01 2.057500e+01 2.077749e+01 2.075991e+01 2.124000e+01 2.058500e+01 2.077406e+01 2.076139e+01
2.037000e+01 2.058500e+01 2.083717e+01 2.075308e+01 2.037000e+01 2.059500e+01 2.084041e+01 2.075438e+01
2.124000e+01 2.058500e+01 2.077406e+01 2.076139e+01 2.124000e+01 2.059500e+01 2.077075e+01 2.076268e+01
2.037000e+01 2.059500e+01 2.084041e+01 2.075438e+01 2.037000e+01 2.060500e+01 2.084353e+01 2.075550e+01
2.124000e+01 2.059500e+01 2.077075e+01 2.076268e+01 2.124500e+01 2.060000e+01 2.077340e+01 2.076164e+01
2.124500e+01 2.060000e+01 2.077340e+01 2.076164e+01 2.125000e+01 2.060500e+01 2.077615e+01 2.076072e+01
2.037000e+01 2.060500e+01 2.084353e+01 2.075550e+01 2.037000e+01 2.061500e+01 2.084650e+01 2.075645e+01
2.125000e+01 2.060500e+01 2.077615e+01 2.076072e+01 2.125000e+01 2.061500e+01 2.077322e+01 2.076179e+01
2.036500e+01 2.062000e+01 2.084353e+01 2.075543e+01 2.036000e+01 2.062500e+01 2.084047e+01 2.075454e+01
2.037000e+01 2.061500e+01 2.084650e+01 2.075645e+01 2.036500e+01 2.062000e+01 2.084353e+01 2.075543e+01
2.125000e+01 2.061500e+01 2.077322e+01 2.076179e+01 2.125000e+01 2.062500e+01 2.077043e+01 2.076269e+01
2.036000e+01 2.062500e+01 2.084047e+01 2.075454e+01 2.036000e+01 2.063500e+01 2.084304e+01 2.075533e+01
2.125000e+01 2.062500e+01 2.077043e+01 2.076269e+01 2.125000e+01 2.063500e+01 2.076779e+01 2.076342e+01
2.036000e+01 2.063500e+01 2.084304e+01 2.075533e+01 2.036000e+01 2.064500e+01 2.084545e+01 2.075599e+01
2.125000e+01 2.063500e+01 2.076779e+01 2.076342e+01 2.125500e+01 2.064000e+01 2.077106e+01 2.076248e+01
2.125500e+01 2.064000e+01 2.077106e+01 2.076248e+01 2.126000e+01 2.064500e+01 2.077439e+01 2.076167e+01
2.036000e+01 2.064500e+01 2.084545e+01 2.075599e+01 2.036000e+01 2.065500e+01 2.084769e+01 2.075651e+01
2.126000e+01 2.064500e+01 2.077439e+01 2.076167e+01 2.126000e+01 2.065500e+01 2.077218e+01 2.076228e+01
2.036000e+01 2.065500e+01 2.084769e+01 2.075651e+01 2.036000e+01 2.066500e+01 2.084975e+01 2.075691e+01
2.126000e+01 2.065500e+01 2.077218e+01 2.076228e+01 2.126000e+01 2.066500e+01 2.077014e+01 2.076277e+01
2.036000e+01 2.066500e+01 2.084975e+01 2.075691e+01 2.036000e+01 2.067500e+01 2.085162e+01 2.075719e+01
2.126000e+01 2.066500e+01 2.077014e+01 2.076277e+01 2.126000e+01 2.067500e+01 2.076828e+01 2.076313e+01
2.035500e+01 2.068000e+01 2.084778e+01 2.075644e+01 2.035000e+01 2.068500e+01 2.084389e+01 2.075582e+01
2.036000e+01 2.067500e+01 2.085162e+01 2.075719e+01 2.035500e+01 2.068000e+01 2.084778e+01 2.075644e+01
2.079500e+01 2.068000e+01 2.087387e+01 2.108566e+01 2.079000e+01 2.068500e+01 2.090054e+01 2.107952e+01
2.079500e+01 2.068000e+01 2.087387e+01 2.108566e+01 2.080500e+01 2.068000e+01 2.082791e+01 2.109127e+01
2.080500e+01 2.068000e+01 2.082791e+01 2.109127e+01 2.081500e+01 2.068000e+01 2.078097e+01 2.109107e+01
2.081500e+01 2.068000e+01 2.078097e+01 2.109107e+01 2.082500e+01 2.068000e+01 2.073552e+01 2.108511e+01
2.082500e+01 2.068000e+01 2.073552e+01 2.108511e+01 2.083000e+01 2.068500e+01 2.070923e+01 2.107885e+01
2.126000e+01 2.067500e+01 2.076828e+01 2.076313e+01 2.126000e+01 2.068500e+01 2.076662e+01 2.076339e+01
2.035000e+01 2.068500e+01 2.084389e+01 2.075582e+01 2.035000e+01 2.069500e+01 2.084532e+01 2.075611e+01
2.077500e+01 2.069000e+01 2.097193e+01 2.105339e+01 2.077000e+01 2.069500e+01 2.099867e+01 2.103848e+01
2.077500e+01 2.069000e+01 2.097193e+01 2.105339e+01 2.078500e+01 2.069000e+01 2.093075e+01 2.107064e+01
2.079000e+01 2.068500e+01 2.090054e+01 2.107952e+01 2.078500e+01 2.069000e+01 2.093075e+01 2.107064e+01
2.083000e+01 2.068500e+01 2.070923e+01 2.107885e+01 2.083500e+01 2.069000e+01 2.067953e+01 2.106985e+01
2.083500e+01 2.069000e+01 2.067953e+01 2.106985e+01 2.084500e+01 2.069000e+01 2.063973e+01 2.105273e+01
2.084500e+01 2.069000e+01 2.063973e+01 2.105273e+01 2.085000e+01 2.069500e+01 2.061386e+01 2.103805e+01
2.126000e+01 2.068500e+01 2.076662e+01 2.076339e+01 2.126000e+01 2.069500e+01 2.076514e+01 2.076355e+01
2.035000e+01 2.069500e+01 2.084532e+01 2.075611e+01 2.035000e+01 2.070500e+01 2.084655e+01 2.075632e+01
2.076500e+01 2.070000e+01 2.102732e+01 2.101945e+01 2.076000e+01 2.070500e+01 2.105187e+01 2.099929e+01
2.077000e+01 2.069500e+01 2.099867e+01 2.103848e+01 2.076500e+01 2.070000e+01 2.102732e+01 2.101945e+01
2.085000e+01 2.069500e+01 2.061386e+01 2.103805e+01 2.085500e+01 2.070000e+01 2.058624e+01 2.101938e+01
2.085500e+01 2.070000e+01 2.058624e+01 2.101938e+01 2.086000e+01 2.070500e+01 2.056266e+01 2.099973e+01
2.126000e+01 2.069500e+01 2.076514e+01 2.076355e+01 2.126500e+01 2.070000e+01 2.076925e+01 2.076295e+01
2.126500e+01 2.070000e+01 2.076925e+01 2.076295e+01 2.127000e+01 2.070500e+01 2.077340e+01 2.076248e+01
2.035000e+01 2.070500e+01 2.084655e+01 2.075632e+01 2.035000e+01 2.071500e+01 2.084759e+01 2.075647e+01
2.075500e+01 2.071000e+01 2.107657e+01 2.097497e+01 2.075000e+01 2.071500e+01 2.109646e+01 2.095141e+01
2.076000e+01 2.070500e+01 2.105187e+01 2.099929e+01 2.075500e+01 2.071000e+01 2.107657e+01 2.097497e+01
2.086000e+01 2.070500e+01 2.056266e+01 2.099973e+01 2.086500e+01 2.071000e+01 2.053901e+01 2.097608e+01
2.086500e+01 2.071000e+01 2.053901e+01 2.097608e+01 2.087000e+01 2.071500e+01 2.051998e+01 2.095321e+01
2.127000e+01 2.070500e+01 2.077340e+01 2.076248e+01 2.127000e+01 2.071500e+01 2.077237e+01 2.076268e+01
2.035000e+01 2.071500e+01 2.084759e+01 2.075647e+01 2.035000e+01 2.072500e+01 2.084842e+01 2.075656e+01
2.074500e+01 2.072000e+01 2.111473e+01 2.092476e+01 2.074000e+01 2.072500e+01 2.112871e+01 2.090035e+01
2.075000e+01 2.071500e+01 2.109646e+01 2.095141e+01 2.074500e+01 2.072000e+01 2.111473e+01 2.092476e+01
2.087000e+01 2.071500e+01 2.051998e+01 2.095321e+01 2.087500e+01 2.072000e+01 2.050253e+01 2.092734e+01
2.087500e+01 2.072000e+01 2.050253e+01 2.092734e+01 2.088000e+01 2.072500e+01 2.048918e+01 2.090364e+01
2.127000e+01 2.071500e+01 2.077237e+01 2.076268e+01 2.127000e+01 2.072500e+01 2.077155e+01 2.076282e+01
2.035000e+01 2.072500e+01 2.084842e+01 2.075656e+01 2.035000e+01 2.073500e+01 2.084904e+01 2.075662e+01
2.074000e+01 2.072500e+01 2.112871e+01 2.090035e+01 2.074000e+01 2.073500e+01 2.114439e+01 2.086411e+01
2.088000e+01 2.072500e+01 2.048918e+01 2.090364e+01 2.088000e+01 2.073500e+01 2.047403e+01 2.086828e+01
2.127000e+01 2.072500e+01 2.077155e+01 2.076282e+01 2.127000e+01 2.073500e+01 2.077093e+01 2.076292e+01
2.035000e+01 2.073500e+01 2.084904e+01 2.075662e+01 2.035000e+01 2.074500e+01 2.084946e+01 2.075665e+01
2.073500e+01 2.074000e+01 2.115239e+01 2.083789e+01 2.073000e+01 2.074500e+01 2.115779e+01 2.081490e+01
2.074000e+01 2.073500e+01 2.114439e+01 2.086411e+01 2.073500e+01 2.074000e+01 2.115239e+01 2.083789e+01
2.088000e+01 2.073500e+01 2.047403e+01 2.086828e+01 2.088000e+01 2.074500e+01 2.046282e+01 2.082814e+01
2.127000e+01 2.073500e+01 2.077093e+01 2.076292e+01 2.127000e+01 2.074500e+01 2.077051e+01 2.076298e+01
2.035000e+01 2.074500e+01 2.084946e+01 2.075665e+01 2.035000e+01 2.075500e+01 2.084967e+01 2.075667e+01
2.073000e+01 2.074500e+01 2.115779e+01 2.081490e+01 2.073000e+01 2.075500e+01 2.116278e+01 2.077603e+01
2.088000e+01 2.074500e+01 2.046282e+01 2.082814e+01 2.088500e+01 2.075000e+01 2.045869e+01 2.080347e+01
2.088500e+01 2.075000e+01 2.045869e+01 2.080347e+01 2.089000e+01 2.075500e+01 2.045644e+01 2.078195e+01
2.127000e+01 2.074500e+01 2.077051e+01 2.076298e+01 2.127000e+01 2.075500e+01 2.077031e+01 2.076302e+01
2.035000e+01 2.075500e+01 2.084967e+01 2.075667e+01 2.035000e+01 2.076500e+01 2.084967e+01 2.075668e+01
2.073000e+01 2.075500e+01 2.116278e+01 2.077603e+01 2.073000e+01 2.076500e+01 2.116274e+01 2.073643e+01
2.089000e+01 2.075500e+01 2.045644e+01 2.078195e+01 2.089000e+01 2.076500e+01 2.045654e+01 2.074276e+01
2.127000e+01 2.075500e+01 2.077031e+01 2.076302e+01 2.127000e+01 2.076500e+01 2.077031e+01 2.076305e+01
2.035000e+01 2.076500e+01 2.084967e+01 2.075668e+01 2.035000e+01 2.077500e+01 2.084945e+01 2.075670e+01
2.073000e+01 2.076500e+01 2.116274e+01 2.073643e+01 2.073500e+01 2.077000e+01 2.116027e+01 2.071464e+01
2.073500e+01 2.077000e+01 2.116027e+01 2.071464e+01 2.074000e+01 2.077500e+01 2.115586e+01 2.068963e+01
2.088500e+01 2.077000e+01 2.045892e+01 2.072104e+01 2.088000e+01 2.077500e+01 2.046322e+01 2.069612e+01
2.089000e+01 2.076500e+01 2.045654e+01 2.074276e+01 2.088500e+01 2.077000e+01 2.045892e+01 2.072104e+01
2.127000e+01 2.076500e+01 2.077031e+01 2.076305e+01 2.127000e+01 2.077500e+01 2.077052e+01 2.076309e+01
2.035000e+01 2.077500e+01 2.084945e+01 2.075670e+01 2.035000e+01 2.078500e+01 2.084903e+01 2.075675e+01
2.074000e+01 2.077500e+01 2.115586e+01 2.068963e+01 2.074000e+01 2.078500e+01 2.114434e+01 2.064924e+01
2.088000e+01 2.077500e+01 2.046322e+01 2.069612e+01 2.088000e+01 2.078500e+01 2.047476e+01 2.065560e+01
2.127000e+01 2.077500e+01 2.077052e+01 2.076309e+01 2.127000e+01 2.078500e+01 2.077094e+01 2.076313e+01
2.035000e+01 2.078500e+01 2.084903e+01 2.075675e+01 2.035000e+01 2.079500e+01 2.084840e+01 2.075683e+01
2.074000e+01 2.078500e+01 2.114434e+01 2.064924e+01 2.074000e+01 2.079500e+01 2.112889e+01 2.061379e+01
2.088000e+01 2.078500e+01 2.047476e+01 2.065560e+01 2.088000e+01 2.079500e+01 2.049031e+01 2.061978e+01
2.127000e+01 2.078500e+01 2.077094e+01 2.076313e+01 2.127000e+01 2.079500e+01 2.077157e+01 2.076321e+01
2.035000e+01 2.079500e+01 2.084840e+01 2.075683e+01 2.035000e+01 2.080500e+01 2.084757e+01 2.075696e+01
2.074000e+01 2.079500e+01 2.112889e+01 2.061379e+01 2.074500e+01 2.080000e+01 2.111518e+01 2.058996e+01
2.074500e+01 2.080000e+01 2.111518e+01 2.058996e+01 2.075000e+01 2.080500e+01 2.109729e+01 2.056401e+01
2.087500e+01 2.080000e+01 2.050405e+01 2.059560e+01 2.087000e+01 2.080500e+01 2.052200e+01 2.056920e+01
2.088000e+01 2.079500e+01 2.049031e+01 2.061978e+01 2.087500e+01 2.080000e+01 2.050405e+01 2.059560e+01
2.127000e+01 2.079500e+01 2.077157e+01 2.076321e+01 2.127000e+01 2.080500e+01 2.077241e+01 2.076332e+01
2.035000e+01 2.080500e+01 2.084757e+01 2.075696e+01 2.035000e+01 2.081500e+01 2.084653e+01 2.075715e+01
2.075000e+01 2.080500e+01 2.109729e+01 2.056401e+01 2.075500e+01 2.081000e+01 2.107789e+01 2.054115e+01
2.075500e+01 2.081000e+01 2.107789e+01 2.054115e+01 2.076000e+01 2.081500e+01 2.105383e+01 2.051759e+01
2.086500e+01 2.081000e+01 2.054157e+01 2.054583e+01 2.086000e+01 2.081500e+01 2.056587e+01 2.052166e+01
2.087000e+01 2.080500e+01 2.052200e+01 2.056920e+01 2.086500e+01 2.081000e+01 2.054157e+01 2.054583e+01
2.127000e+01 2.080500e+01 2.077241e+01 2.076332e+01 2.127000e+01 2.081500e+01 2.077344e+01 2.076349e+01
2.035000e+01 2.081500e+01 2.084653e+01 2.075715e+01 2.035500e+01 2.082000e+01 2.085067e+01 2.075666e+01
2.035500e+01 2.082000e+01 2.085067e+01 2.075666e+01 2.036000e+01 2.082500e+01 2.085478e+01 2.075605e+01
2.076000e+01 2.081500e+01 2.105383e+01 2.051759e+01 2.076500e+01 2.082000e+01 2.102994e+01 2.049809e+01
2.076500e+01 2.082000e+01 2.102994e+01 2.049809e+01 2.077000e+01 2.082500e+01 2.100205e+01 2.047968e+01
2.085500e+01 2.082000e+01 2.059007e+01 2.050157e+01 2.085000e+01 2.082500e+01 2.061836e+01 2.048254e+01
2.086000e+01 2.081500e+01 2.056587e+01 2.052166e+01 2.085500e+01 2.082000e+01 2.059007e+01 2.050157e+01
2.127000e+01 2.081500e+01 2.077344e+01 2.076349e+01 2.127000e+01 2.082500e+01 2.077468e+01 2.076372e+01
2.036000e+01 2.082500e+01 2.085478e+01 2.075605e+01 2.036000e+01 2.083500e+01 2.085329e+01 2.075620e+01
2.077000e+01 2.082500e+01 2.100205e+01 2.047968e+01 2.077500e+01 2.083000e+01 2.097601e+01 2.046526e+01
2.077500e+01 2.083000e+01 2.097601e+01 2.046526e+01 2.078500e+01 2.083000e+01 2.093574e+01 2.044847e+01
2.078500e+01 2.083000e+01 2.093574e+01 2.044847e+01 2.079500e+01 2.083000e+01 2.088893e+01 2.043580e+01
2.079500e+01 2.083000e+01 2.088893e+01 2.043580e+01 2.080000e+01 2.083500e+01 2.085985e+01 2.043112e+01
2.082500e+01 2.083000e+01 2.073236e+01 2.043681e+01 2.082000e+01 2.083500e+01 2.076184e+01 2.043171e+01
2.082500e+01 2.083000e+01 2.073236e+01 2.043681e+01 2.083500e+01 2.083000e+01 2.068533e+01 2.045014e+01
2.083500e+01 2.083000e+01 2.068533e+01 2.045014e+01 2.084500e+01 2.083000e+01 2.064481e+01 2.046757e+01
2.085000e+01 2.082500e+01 2.061836e+01 2.048254e+01 2.084500e+01 2.083000e+01 2.064481e+01 2.046757e+01
2.127000e+01 2.082500e+01 2.077468e+01 2.076372e+01 2.127000e+01 2.083500e+01 2.077611e+01 2.076403e+01
2.036000e+01 2.083500e+01 2.085329e+01 2.075620e+01 2.036000e+01 2.084500e+01 2.085161e+01 2.075645e+01
2.080000e+01 2.083500e+01 2.085985e+01 2.043112e+01 2.080500e+01 2.084000e+01 2.083440e+01 2.042843e+01
2.080500e+01 2.084000e+01 2.083440e+01 2.042843e+01 2.081500e+01 2.084000e+01 2.078762e+01 2.042869e+01
2.082000e+01 2.083500e+01 2.076184e+01 2.043171e+01 2.081500e+01 2.084000e+01 2.078762e+01 2.042869e+01
2.126500e+01 2.084000e+01 2.077222e+01 2.076341e+01 2.126000e+01 2.084500e+01 2.076837e+01 2.076267e+01
2.127000e+01 2.083500e+01 2.077611e+01 2.076403e+01 2.126500e+01 2.084000e+01 2.077222e+01 2.076341e+01
2.036000e+01 2.084500e+01 2.085161e+01 2.075645e+01 2.036000e+01 2.085500e+01 2.084974e+01 2.075680e+01
2.126000e+01 2.084500e+01 2.076837e+01 2.076267e+01 2.126000e+01 2.085500e+01 2.077025e+01 2.076297e+01
2.036000e+01 2.085500e+01 2.084974e+01 2.075680e+01 2.036000e+01 2.086500e+01 2.084769e+01 2.075728e+01
2.126000e+01 2.085500e+01 2.077025e+01 2.076297e+01 2.126000e+01 2.086500e+01 2.077231e+01 2.076339e+01
2.036000e+01 2.086500e+01 2.084769e+01 2.075728e+01 2.036000e+01 2.087500e+01 2.084547e+01 2.075788e+01
2.126000e+01 2.086500e+01 2.077231e+01 2.076339e+01 2.126000e+01 2.087500e+01 2.077455e+01 2.076393e+01
2.036000e+01 2.087500e+01 2.084547e+01 2.075788e+01 2.036500e+01 2.088000e+01 2.084880e+01 2.075706e+01
2.036500e+01 2.088000e+01 2.084880e+01 2.075706e+01 2.037000e+01 2.088500e+01 2.085205e+01 2.075610e+01
2.126000e+01 2.087500e+01 2.077455e+01 2.076393e+01 2.126000e+01 2.088500e+01 2.077695e+01 2.076460e+01
2.037000e+01 2.088500e+01 2.085205e+01 2.075610e+01 2.037000e+01 2.089500e+01 2.084940e+01 2.075683e+01
2.126000e+01 2.088500e+01 2.077695e+01 2.076460e+01 2.126000e+01 2.089500e+01 2.077952e+01 2.076541e+01
2.037000e+01 2.089500e+01 2.084940e+01 2.075683e+01 2.037000e+01 2.090500e+01 2.084660e+01 2.075772e+01
2.125500e+01 2.090000e+01 2.077645e+01 2.076453e+01 2.125000e+01 2.090500e+01 2.077348e+01 2.076352e+01
2.126000e+01 2.089500e+01 2.077952e+01 2.076541e+01 2.125500e+01 2.090000e+01 2.077645e+01 2.076453e+01
2.037000e+01 2.090500e+01 2.084660e+01 2.075772e+01 2.037000e+01 2.091500e+01 2.084365e+01 2.075878e+01
2.125000e+01 2.090500e+01 2.077348e+01 2.076352e+01 2.125000e+01 2.091500e+01 2.077645e+01 2.076449e+01
2.037000e+01 2.091500e+01 2.084365e+01 2.075878e+01 2.037500e+01 2.092000e+01 2.084639e+01 2.075785e+01
2.037500e+01 2.092000e+01 2.084639e+01 2.075785e+01 2.038000e+01 2.092500e+01 2.084903e+01 2.075681e+01
2.125000e+01 2.091500e+01 2.077645e+01 2.076449e+01 2.125000e+01 2.092500e+01 2.077956e+01 2.076562e+01
2.038000e+01 2.092500e+01 2.084903e+01 2.075681e+01 2.038000e+01 2.093500e+01 2.084571e+01 2.075809e+01
2.125000e+01 2.092500e+01 2.077956e+01 2.076562e+01 2.125000e+01 2.093500e+01 2.078280e+01 2.076694e+01
2.038000e+01 2.093500e+01 2.084571e+01 2.075809e+01 2.038000e+01 2.094500e+01 2.084227e+01 2.075957e+01
2.124500e+01 2.094000e+01 2.078032e+01 2.076600e+01 2.124000e+01 2.094500e+01 2.077794e+01 2.076495e+01
2.125000e+01 2.093500e+01 2.078280e+01 2.076694e+01 2.124500e+01 2.094000e+01 2.078032e+01 2.076600e+01
2.038000e+01 2.094500e+01 2.084227e+01 2.075957e+01 2.038500e+01 2.095000e+01 2.084455e+01 2.075864e+01
2.038500e+01 2.095000e+01 2.084455e+01 2.075864e+01 2.039000e+01 2.095500e+01 2.084672e+01 2.075758e+01
2.124000e+01 2.094500e+01 2.077794e+01 2.076495e+01 2.124000e+01 2.095500e+01 2.078153e+01 2.076652e+01
2.039000e+01 2.095500e+01 2.084672e+01 2.075758e+01 2.039000e+01 2.096500e+01 2.084295e+01 2.075936e+01
2.124000e+01 2.095500e+01 2.078153e+01 2.076652e+01 2.124000e+01 2.096500e+01 2.078522e+01 2.076828e+01
2.039000e+01 2.096500e+01 2.084295e+01 2.075936e+01 2.039000e+01 2.097500e+01 2.083909e+01 2.076135e+01
2.123500e+01 2.097000e+01 2.078318e+01 2.076737e+01 2.123000e+01 2.097500e+01 2.078127e+01 2.076636e+01
2.124000e+01 2.096500e+01 2.078522e+01 2.076828e+01 2.123500e+01 2.097000e+01 2.078318e+01 2.076737e+01
2.039000e+01 2.097500e+01 2.083909e+01 2.076135e+01 2.039500e+01 2.098000e+01 2.084094e+01 2.076048e+01
2.039500e+01 2.098000e+01 2.084094e+01 2.076048e+01 2.040000e+01 2.098500e+01 2.084266e+01 2.075951e+01
2.123000e+01 2.097500e+01 2.078127e+01 2.076636e+01 2.123000e+01 2.098500e+01 2.078526e+01 2.076844e+01
2.040000e+01 2.098500e+01 2.084266e+01 2.075951e+01 2.040000e+01 2.099500e+01 2.083853e+01 2.076186e+01
2.122500e+01 2.099000e+01 2.078355e+01 2.076755e+01 2.122000e+01 2.099500e+01 2.078197e+01 2.076658e+01
2.123000e+01 2.098500e+01 2.078526e+01 2.076844e+01 2.122500e+01 2.099000e+01 2.078355e+01 2.076755e+01
2.040000e+01 2.099500e+01 2.083853e+01 2.076186e+01 2.040500e+01 2.100000e+01 2.084006e+01 2.076105e+01
2.040500e+01 2.100000e+01 2.084006e+01 2.076105e+01 2.041000e+01 2.100500e+01 2.084145e+01 2.076015e+01
2.122000e+01 2.099500e+01 2.078197e+01 2.076658e+01 2.122000e+01 2.100500e+01 2.078621e+01 2.076902e+01
2.041000e+01 2.100500e+01 2.084145e+01 2.076015e+01 2.041000e+01 2.101500e+01 2.083710e+01 2.076289e+01
2.122000e+01 2.100500e+01 2.078621e+01 2.076902e+01 2.122000e+01 2.101500e+01 2.079051e+01 2.077168e+01
2.041000e+01 2.101500e+01 2.083710e+01 2.076289e+01 2.041500e+01 2.102000e+01 2.083832e+01 2.076217e+01
2.041500e+01 2.102000e+01 2.083832e+01 2.076217e+01 2.042000e+01 2.102500e+01 2.083941e+01 2.076139e+01
2.121500e+01 2.102000e+01 2.078919e+01 2.077095e+01 2.121000e+01 2.102500e+01 2.078802e+01 2.077014e+01
2.122000e+01 2.101500e+01 2.079051e+01 2.077168e+01 2.121500e+01 2.102000e+01 2.078919e+01 2.077095e+01
2.042000e+01 2.102500e+01 2.083941e+01 2.076139e+01 2.042000e+01 2.103500e+01 2.083487e+01 2.076455e+01
2.121000e+01 2.102500e+01 2.078802e+01 2.077014e+01 2.121000e+01 2.103500e+01 2.079251e+01 2.077320e+01
2.042000e+01 2.103500e+01 2.083487e+01 2.076455e+01 2.042500e+01 2.104000e+01 2.083582e+01 2.076397e+01
2.042500e+01 2.104000e+01 2.083582e+01 2.076397e+01 2.043000e+01 2.104500e+01 2.083662e+01 2.076333e+01
2.120500e+01 2.104000e+01 2.079148e+01 2.077259e+01 2.120000e+01 2.104500e+01 2.079060e+01 2.077191e+01
2.121000e+01 2.103500e+01 2.079251e+01 2.077320e+01 2.120500e+01 2.104000e+01 2.079148e+01 2.077259e+01
2.043000e+01 2.104500e+01 2.083662e+01 2.076333e+01 2.043500e+01 2.105000e+01 2.083735e+01 2.076280e+01
2.043500e+01 2.105000e+01 2.083735e+01 2.076280e+01 2.044000e+01 2.105500e+01 2.083794e+01 2.076222e+01
2.119500e+01 2.105000e+01 2.078977e+01 2.077134e+01 2.119000e+01 2.105500e+01 2.078910e+01 2.077071e+01
2.120000e+01 2.104500e+01 2.079060e+01 2.077191e+01 2.119500e+01 2.105000e+01 2.078977e+01 2.077134e+01
2.044000e+01 2.105500e+01 2.083794e+01 2.076222e+01 2.044000e+01 2.106500e+01 2.083318e+01 2.076606e+01
2.119000e+01 2.105500e+01 2.078910e+01 2.077071e+01 2.119000e+01 2.106500e+01 2.079384e+01 2.077442e+01
2.044000e+01 2.106500e+01 2.083318e+01 2.076606e+01 2.044500e+01 2.107000e+01 2.083368e+01 2.076572e+01
2.044500e+01 2.107000e+01 2.083368e+01 2.076572e+01 2.045000e+01 2.107500e+01 2.083402e+01 2.076535e+01
2.118500e+01 2.107000e+01 2.079327e+01 2.077402e+01 2.118000e+01 2.107500e+01 2.079285e+01 2.077358e+01
2.119000e+01 2.106500e+01 2.079384e+01 2.077442e+01 2.118500e+01 2.107000e+01 2.079327e+01 2.077402e+01
2.045000e+01 2.107500e+01 2.083402e+01 2.076535e+01 2.045500e+01 2.108000e+01 2.083433e+01 2.076510e+01
2.045500e+01 2.108000e+01 2.083433e+01 2.076510e+01 2.046000e+01 2.108500e+01 2.083449e+01 2.076483e+01
2.118000e+01 2.107500e+01 2.079285e+01 2.077358e+01 2.118000e+01 2.108500e+01 2.079764e+01 2.077775e+01
2.046000e+01 2.108500e+01 2.083449e+01 2.076483e+01 2.046000e+01 2.109500e+01 2.082963e+01 2.076939e+01
2.117500e+01 2.109000e+01 2.079729e+01 2.077755e+01 2.117000e+01 2.109500e+01 2.079709e+01 2.077733e+01
2.118000e+01 2.108500e+01 2.079764e+01 2.077775e+01 2.117500e+01 2.109000e+01 2.079729e+01 2.077755e+01
2.046000e+01 2.109500e+01 2.082963e+01 2.076939e+01 2.046500e+01 2.110000e+01 2.082975e+01 2.076938e+01
2.046500e+01 2.110000e+01 2.082975e+01 2.076938e+01 2.047000e+01 2.110500e+01 2.082972e+01 2.076935e+01
2.116500e+01 2.110000e+01 2.079691e+01 2.077723e+01 2.116000e+01 2.110500e+01 2.079688e+01 2.077711e+01
2.117000e+01 2.109500e+01 2.079709e+01 2.077733e+01 2.116500e+01 2.110000e+01 2.079691e+01 2.077723e+01
2.047000e+01 2.110500e+01 2.082972e+01 2.076935e+01 2.047500e+01 2.111000e+01 2.082968e+01 2.076946e+01
2.047500e+01 2.111000e+01 2.082968e+01 2.076946e+01 2.048000e+01 2.111500e+01 2.082949e+01 2.076956e+01
2.115500e+01 2.111000e+01 2.079686e+01 2.077713e+01 2.115000e+01 2.111500e+01 2.079699e+01 2.077714e+01
2.116000e+01 2.110500e+01 2.079688e+01 2.077711e+01 2.115500e+01 2.111000e+01 2.079686e+01 2.077713e+01
2.048000e+01 2.111500e+01 2.082949e+01 2.076956e+01 2.048500e+01 2.112000e+01 2.082930e+01 2.076981e+01
2.048500e+01 2.112000e+01 2.082930e+01 2.076981e+01 2.049000e+01 2.112500e+01 2.082896e+01 2.077006e+01
2.115000e+01 2.111500e+01 2.079699e+01 2.077714e+01 2.115000e+01 2.112500e+01 2.080184e+01 2.078227e+01
2.049000e+01 2.112500e+01 2.082896e+01 2.077006e+01 2.049500e+01 2.113000e+01 2.082864e+01 2.077045e+01
2.049500e+01 2.113000e+01 2.082864e+01 2.077045e+01 2.050000e+01 2.113500e+01 2.082818e+01 2.077085e+01
2.114500e+01 2.113000e+01 2.080197e+01 2.078254e+01 2.114000e+01 2.113500e+01 2.080225e+01 2.078282e+01
2.115000e+01 2.112500e+01 2.080184e+01 2.078227e+01 2.114500e+01 2.113000e+01 2.080197e+01 2.078254e+01
2.050000e+01 2.113500e+01 2.082818e+01 2.077085e+01 2.050000e+01 2.114500e+01 2.082343e+01 2.077669e+01
2.113500e+01 2.114000e+01 2.080251e+01 2.078323e+01 2.113000e+01 2.114500e+01 2.080291e+01 2.078366e+01
2.114000e+01 2.113500e+01 2.080225e+01 2.078282e+01 2.113500e+01 2.114000e+01 2.080251e+01 2.078323e+01
2.050000e+01 2.114500e+01 2.082343e+01 2.077669e+01 2.050500e+01 2.115000e+01 2.082301e+01 2.077737e+01
2.050500e+01 2.115000e+01 2.082301e+01 2.077737e+01 2.051000e+01 2.115500e+01 2.082247e+01 2.077808e+01
2.112500e+01 2.115000e+01 2.080328e+01 2.078422e+01 2.112000e+01 2.115500e+01 2.080380e+01 2.078481e+01
2.113000e+01 2.114500e+01 2.080291e+01 2.078366e+01 2.112500e+01 2.115000e+01 2.080328e+01 2.078422e+01
2.051000e+01 2.115500e+01 2.082247e+01 2.077808e+01 2.051500e+01 2.116000e+01 2.082196e+01 2.077892e+01
2.051500e+01 2.116000e+01 2.082196e+01 2.077892e+01 2.052500e+01 2.116000e+01 2.082530e+01 2.077430e+01
2.052500e+01 2.116000e+01 2.082530e+01 2.077430e+01 2.053000e+01 2.116500e+01 2.082453e+01 2.077523e+01
2.111500e+01 2.116000e+01 2.080428e+01 2.078553e+01 2.111000e+01 2.116500e+01 2.080489e+01 2.078628e+01
2.112000e+01 2.115500e+01 2.080380e+01 2.078481e+01 2.111500e+01 2.116000e+01 2.080428e+01 2.078553e+01
2.053000e+01 2.116500e+01 2.082453e+01 2.077523e+01 2.053500e+01 2.117000e+01 2.082382e+01 2.077629e+01
2.053500e+01 2.117000e+01 2.082382e+01 2.077629e+01 2.054000e+01 2.117500e+01 2.082299e+01 2.077741e+01
2.110500e+01 2.117000e+01 2.080546e+01 2.078717e+01 2.110000e+01 2.117500e+01 2.080615e+01 2.078809e+01
2.111000e+01 2.116500e+01 2.080489e+01 2.078628e+01 2.110500e+01 2.117000e+01 2.080546e+01 2.078717e+01
2.054000e+01 2.117500e+01 2.082299e+01 2.077741e+01 2.054500e+01 2.118000e+01 2.082221e+01 2.077866e+01
2.054500e+01 2.118000e+01 2.082221e+01 2.077866e+01 2.055000e+01 2.118500e+01 2.082132e+01 2.077997e+01
2.109500e+01 2.118000e+01 2.080680e+01 2.078915e+01 2.109000e+01 2.118500e+01 2.080756e+01 2.079026e+01
2.110000e+01 2.117500e+01 2.080615e+01 2.078809e+01 2.109500e+01 2.118000e+01 2.080680e+01 2.078915e+01
2.055000e+01 2.118500e+01 2.082132e+01 2.077997e+01 2.055500e+01 2.119000e+01 2.082051e+01 2.078140e+01
2.055500e+01 2.119000e+01 2.082051e+01 2.078140e+01 2.056000e+01 2.119500e+01 2.081958e+01 2.078290e+01
2.107500e+01 2.119000e+01 2.080551e+01 2.078711e+01 2.107000e+01 2.119500e+01 2.080644e+01 2.078847e+01
2.107500e+01 2.119000e+01 2.080551e+01 2.078711e+01 2.108500e+01 2.119000e+01 2.080827e+01 2.079150e+01
2.109000e+01 2.118500e+01 2.080756e+01 2.079026e+01 2.108500e+01 2.119000e+01 2.080827e+01 2.079150e+01
2.056000e+01 2.119500e+01 2.081958e+01 2.078290e+01 2.056500e+01 2.120000e+01 2.081873e+01 2.078453e+01
2.056500e+01 2.120000e+01 2.081873e+01 2.078453e+01 2.057000e+01 2.120500e+01 2.081779e+01 2.078623e+01
2.106500e+01 2.120000e+01 2.080729e+01 2.078995e+01 2.106000e+01 2.120500e+01 2.080824e+01 2.079151e+01
2.107000e+01 2.119500e+01 2.080644e+01 2.078847e+01 2.106500e+01 2.120000e+01 2.080729e+01 2.078995e+01
2.057000e+01 2.120500e+01 2.081779e+01 2.078623e+01 2.057500e+01 2.121000e+01 2.081692e+01 2.078805e+01
2.057500e+01 2.121000e+01 2.081692e+01 2.078805e+01 2.058500e+01 2.121000e+01 2.081895e+01 2.078412e+01
2.058500e+01 2.121000e+01 2.081895e+01 2.078412e+01 2.059000e+01 2.121500e+01 2.081792e+01 2.078611e+01
2.105500e+01 2.121000e+01 2.080911e+01 2.079319e+01 2.105000e+01 2.121500e+01 2.081008e+01 2.079494e+01
2.106000e+01 2.120500e+01 2.080824e+01 2.079151e+01 2.105500e+01 2.121000e+01 2.080911e+01 2.079319e+01
2.059000e+01 2.121500e+01 2.081792e+01 2.078611e+01 2.059500e+01 2.122000e+01 2.081698e+01 2.078820e+01
2.059500e+01 2.122000e+01 2.081698e+01 2.078820e+01 2.060500e+01 2.122000e+01 2.081863e+01 2.078452e+01
2.060500e+01 2.122000e+01 2.081863e+01 2.078452e+01 2.061000e+01 2.122500e+01 2.081755e+01 2.078681e+01
2.103500e+01 2.122000e+01 2.080899e+01 2.079291e+01 2.103000e+01 2.122500e+01 2.081003e+01 2.079495e+01
2.103500e+01 2.122000e+01 2.080899e+01 2.079291e+01 2.104500e+01 2.122000e+01 2.081096e+01 2.079680e+01
2.105000e+01 2.121500e+01 2.081008e+01 2.079494e+01 2.104500e+01 2.122000e+01 2.081096e+01 2.079680e+01
2.061000e+01 2.122500e+01 2.081755e+01 2.078681e+01 2.061500e+01 2.123000e+01 2.081657e+01 2.078919e+01
2.061500e+01 2.123000e+01 2.081657e+01 2.078919e+01 2.062000e+01 2.123500e+01 2.081553e+01 2.079168e+01
2.101500e+01 2.123000e+01 2.080937e+01 2.079346e+01 2.101000e+01 2.123500e+01 2.081044e+01 2.079579e+01
2.101500e+01 2.123000e+01 2.080937e+01 2.079346e+01 2.102500e+01 2.123000e+01 2.081098e+01 2.079710e+01
2.103000e+01 2.122500e+01 2.081003e+01 2.079495e+01 2.102500e+01 2.123000e+01 2.081098e+01 2.079710e+01
2.062000e+01 2.123500e+01 2.081553e+01 2.079168e+01 2.062500e+01 2.124000e+01 2.081459e+01 2.079425e+01
2.062500e+01 2.124000e+01 2.081459e+01 2.079425e+01 2.063500e+01 2.124000e+01 2.081582e+01 2.079107e+01
2.063500e+01 2.124000e+01 2.081582e+01 2.079107e+01 2.064000e+01 2.124500e+01 2.081480e+01 2.079386e+01
2.099500e+01 2.124000e+01 2.081011e+01 2.079488e+01 2.099000e+01 2.124500e+01 2.081117e+01 2.079752e+01
2.099500e+01 2.124000e+01 2.081011e+01 2.079488e+01 2.100500e+01 2.124000e+01 2.081141e+01 2.079823e+01
2.101000e+01 2.123500e+01 2.081044e+01 2.079579e+01 2.100500e+01 2.124000e+01 2.081141e+01 2.079823e+01
2.064000e+01 2.124500e+01 2.081480e+01 2.079386e+01 2.064500e+01 2.125000e+01 2.081388e+01 2.079673e+01
2.064500e+01 2.125000e+01 2.081388e+01 2.079673e+01 2.065500e+01 2.125000e+01 2.081485e+01 2.079387e+01
2.065500e+01 2.125000e+01 2.081485e+01 2.079387e+01 2.066500e+01 2.125000e+01 2.081565e+01 2.079114e+01
2.066500e+01 2.125000e+01 2.081565e+01 2.079114e+01 2.067000e+01 2.125500e+01 2.081467e+01 2.079434e+01
2.097500e+01 2.125000e+01 2.081110e+01 2.079722e+01 2.097000e+01 2.125500e+01 2.081212e+01 2.080016e+01
2.097500e+01 2.125000e+01 2.081110e+01 2.079722e+01 2.098500e+01 2.125000e+01 2.081213e+01 2.080025e+01
2.099000e+01 2.124500e+01 2.081117e+01 2.079752e+01 2.098500e+01 2.125000e+01 2.081213e+01 2.080025e+01
2.067000e+01 2.125500e+01 2.081467e+01 2.079434e+01 2.067500e+01 2.126000e+01 2.081380e+01 2.079761e+01
2.067500e+01 2.126000e+01 2.081380e+01 2.079761e+01 2.068500e+01 2.126000e+01 2.081442e+01 2.079525e+01
2.068500e+01 2.126000e+01 2.081442e+01 2.079525e+01 2.069500e+01 2.126000e+01 2.081489e+01 2.079303e+01
2.069500e+01 2.126000e+01 2.081489e+01 2.079303e+01 2.070000e+01 2.126500e+01 2.081402e+01 2.079665e+01
2.094500e+01 2.126000e+01 2.081152e+01 2.079795e+01 2.094000e+01 2.126500e+01 2.081246e+01 2.080131e+01
2.094500e+01 2.126000e+01 2.081152e+01 2.079795e+01 2.095500e+01 2.126000e+01 2.081220e+01 2.080050e+01
2.095500e+01 2.126000e+01 2.081220e+01 2.080050e+01 2.096500e+01 2.126000e+01 2.081303e+01 2.080318e+01
2.097000e+01 2.125500e+01 2.081212e+01 2.080016e+01 2.096500e+01 2.126000e+01 2.081303e+01 2.080318e+01
2.070000e+01 2.126500e+01 2.081402e+01 2.079665e+01 2.070500e+01 2.127000e+01 2.081328e+01 2.080031e+01
2.070500e+01 2.127000e+01 2.081328e+01 2.080031e+01 2.071500e+01 2.127000e+01 2.081365e+01 2.079848e+01
2.071500e+01 2.127000e+01 2.081365e+01 2.079848e+01 2.072500e+01 2.127000e+01 2.081390e+01 2.079682e+01
2.072500e+01 2.127000e+01 2.081390e+01 2.079682e+01 2.073000e+01 2.127500e+01 2.081323e+01 2.080082e+01
2.090500e+01 2.127000e+01 2.081204e+01 2.079867e+01 2.090000e+01 2.127500e+01 2.081279e+01 2.080255e+01
2.090500e+01 2.127000e+01 2.081204e+01 2.079867e+01 2.091500e+01 2.127000e+01 2.081234e+01 2.080053e+01
2.091500e+01 2.127000e+01 2.081234e+01 2.080053e+01 2.092500e+01 2.127000e+01 2.081275e+01 2.080255e+01
2.092500e+01 2.127000e+01 2.081275e+01 2.080255e+01 2.093500e+01 2.127000e+01 2.081329e+01 2.080473e+01
2.094000e+01 2.126500e+01 2.081246e+01 2.080131e+01 2.093500e+01 2.127000e+01 2.081329e+01 2.080473e+01
2.073000e+01 2.127500e+01 2.081323e+01 2.080082e+01 2.073500e+01 2.128000e+01 2.081267e+01 2.080486e+01
2.073500e+01 2.128000e+01 2.081267e+01 2.080486e+01 2.074500e+01 2.128000e+01 2.081291e+01 2.080359e+01
2.074500e+01 2.128000e+01 2.081291e+01 2.080359e+01 2.075500e+01 2.128000e+01 2.081307e+01 2.080249e+01
2.075500e+01 2.128000e+01 2.081307e+01 2.080249e+01 2.076500e+01 2.128000e+01 2.081316e+01 2.080157e+01
2.076500e+01 2.128000e+01 2.081316e+01 2.080157e+01 2.077500e+01 2.128000e+01 2.081319e+01 2.080083e+01
2.077500e+01 2.128000e+01 2.081319e+01 2.080083e+01 2.078500e+01 2.128000e+01 2.081318e+01 2.080028e+01
2.078500e+01 2.128000e+01 2.081318e+01 2.080028e+01 2.079500e+01 2.128000e+01 2.081313e+01 2.079991e+01
2.079500e+01 2.128000e+01 2.081313e+01 2.079991e+01 2.080500e+01 2.128000e+01 2.081307e+01 2.079973e+01
2.080500e+01 2.128000e+01 2.081307e+01 2.079973e+01 2.081500e+01 2.128000e+01 2.081299e+01 2.079974e+01
2.081500e+01 2.128000e+01 2.081299e+01 2.079974e+01 2.082500e+01 2.128000e+01 2.081291e+01 2.079993e+01
2.082500e+01 2.128000e+01 2.081291e+01 2.079993e+01 2.083500e+01 2.128000e+01 2.081285e+01 2.080032e+01
2.083500e+01 2.128000e+01 2.081285e+01 2.080032e+01 2.084500e+01 2.128000e+01 2.081282e+01 2.080089e+01
2.084500e+01 2.128000e+01 2.081282e+01 2.080089e+01 2.085500e+01 2.128000e+01 2.081282e+01 2.080165e+01
2.085500e+01 2.128000e+01 2.081282e+01 2.080165e+01 2.086500e+01 2.128000e+01 2.081287e+01 2.080259e+01
2.086500e+01 2.128000e+01 2.081287e+01 2.080259e+01 2.087500e+01 2.128000e+01 2.081298e+01 2.080371e+01
2.087500e+01 2.128000e+01 2.081298e+01 2.080371e+01 2.088500e+01 2.128000e+01 2.081317e+01 2.080500e+01
2.088500e+01 2.128000e+01 2.081317e+01 2.080500e+01 2.089500e+01 2.128000e+01 2.081343e+01 2.080647e+01
2.090000e+01 2.127500e+01 2.081279e+01 2.080255e+01 2.089500e+01 2.128000e+01 2.081343e+01 2.080647e+01
