3.000000e-02 7.440756e+00
3.077000e-02 7.393795e+00
3.154000e-02 7.346359e+00
3.231000e-02 7.298503e+00
3.308000e-02 7.250272e+00
3.385000e-02 7.201737e+00
3.462000e-02 7.152942e+00
3.539000e-02 7.103936e+00
3.616000e-02 7.054768e+00
3.693000e-02 7.005483e+00
3.770000e-02 6.956126e+00
3.847000e-02 6.906738e+00
3.924000e-02 6.857360e+00
4.001000e-02 6.808028e+00
4.078000e-02 6.758778e+00
4.155000e-02 6.709643e+00
4.232000e-02 6.660647e+00
4.309000e-02 6.611832e+00
4.386000e-02 6.563220e+00
4.463000e-02 6.514834e+00
4.540000e-02 6.466697e+00
4.617000e-02 6.418831e+00
4.694000e-02 6.371207e+00
4.771000e-02 6.323938e+00
4.848000e-02 6.276992e+00
4.925000e-02 6.230385e+00
5.002000e-02 6.184129e+00
5.079000e-02 6.138237e+00
5.156000e-02 6.092719e+00
5.233000e-02 6.047585e+00
5.310000e-02 6.002841e+00
5.387000e-02 5.958497e+00
5.464000e-02 5.914557e+00
5.541000e-02 5.871028e+00
5.618000e-02 5.827913e+00
5.695000e-02 5.785216e+00
5.772000e-02 5.742936e+00
5.849000e-02 5.701083e+00
5.926000e-02 5.659655e+00
6.003000e-02 5.618653e+00
6.080000e-02 5.578078e+00
6.157000e-02 5.537928e+00
6.234000e-02 5.498204e+00
6.311000e-02 5.458905e+00
6.388000e-02 5.420030e+00
6.465000e-02 5.381576e+00
6.542000e-02 5.343542e+00
6.619000e-02 5.305925e+00
6.696000e-02 5.268724e+00
6.773000e-02 5.231935e+00
6.850000e-02 5.195556e+00
6.927000e-02 5.159582e+00
7.004000e-02 5.124012e+00
7.081000e-02 5.088841e+00
7.158000e-02 5.054065e+00
7.235000e-02 5.019682e+00
7.312000e-02 4.985686e+00
7.389000e-02 4.952075e+00
7.466000e-02 4.918844e+00
7.543000e-02 4.885989e+00
7.620000e-02 4.853506e+00
7.697000e-02 4.821391e+00
7.774000e-02 4.789639e+00
7.851000e-02 4.758247e+00
7.928000e-02 4.727209e+00
8.005000e-02 4.696522e+00
8.082000e-02 4.666182e+00
8.159000e-02 4.636183e+00
8.236000e-02 4.606522e+00
8.313000e-02 4.577195e+00
8.390000e-02 4.548194e+00
8.467000e-02 4.519520e+00
8.544000e-02 4.491167e+00
8.621000e-02 4.463131e+00
8.698000e-02 4.435406e+00
8.775000e-02 4.407990e+00
8.852000e-02 4.380877e+00
8.929000e-02 4.354065e+00
9.006000e-02 4.327530e+00
9.083000e-02 4.301304e+00
9.160000e-02 4.275366e+00
9.237000e-02 4.249712e+00
9.314000e-02 4.224338e+00
9.391000e-02 4.199240e+00
9.468000e-02 4.174413e+00
9.545000e-02 4.149856e+00
9.622000e-02 4.125563e+00
9.699000e-02 4.101531e+00
9.776000e-02 4.077756e+00
9.853000e-02 4.054236e+00
9.930000e-02 4.030965e+00
1.000700e-01 4.007941e+00
1.008400e-01 3.985161e+00
1.016100e-01 3.962621e+00
1.023800e-01 3.940317e+00
1.031500e-01 3.918246e+00
1.039200e-01 3.896406e+00
1.046900e-01 3.874792e+00
1.054600e-01 3.853402e+00
1.062300e-01 3.832233e+00
1.070000e-01 3.811281e+00
1.077700e-01 3.790544e+00
1.085400e-01 3.770019e+00
1.093100e-01 3.749702e+00
1.100800e-01 3.729590e+00
1.108500e-01 3.709682e+00
1.116200e-01 3.689973e+00
1.123900e-01 3.670462e+00
1.131600e-01 3.651146e+00
1.139300e-01 3.632022e+00
1.147000e-01 3.613087e+00
1.154700e-01 3.594338e+00
1.162400e-01 3.575774e+00
1.170100e-01 3.557392e+00
1.177800e-01 3.539189e+00
1.185500e-01 3.521163e+00
1.193200e-01 3.503311e+00
1.200900e-01 3.485631e+00
1.208600e-01 3.468121e+00
1.216300e-01 3.450779e+00
1.224000e-01 3.433601e+00
1.231700e-01 3.416587e+00
1.239400e-01 3.399734e+00
1.247100e-01 3.383040e+00
1.254800e-01 3.366502e+00
1.262500e-01 3.350118e+00
1.270200e-01 3.333888e+00
1.277900e-01 3.317808e+00
1.285600e-01 3.301876e+00
1.293300e-01 3.286091e+00
1.301000e-01 3.270451e+00
1.308700e-01 3.254953e+00
1.316400e-01 3.239597e+00
1.324100e-01 3.224380e+00
1.331800e-01 3.209300e+00
1.339500e-01 3.194356e+00
1.347200e-01 3.179546e+00
1.354900e-01 3.164868e+00
1.362600e-01 3.150319e+00
1.370300e-01 3.135900e+00
1.378000e-01 3.121608e+00
1.385700e-01 3.107443e+00
1.393400e-01 3.093401e+00
1.401100e-01 3.079481e+00
1.408800e-01 3.065683e+00
1.416500e-01 3.052004e+00
1.424200e-01 3.038443e+00
1.431900e-01 3.024999e+00
1.439600e-01 3.011669e+00
1.447300e-01 2.998454e+00
1.455000e-01 2.985350e+00
1.462700e-01 2.972358e+00
1.470400e-01 2.959475e+00
1.478100e-01 2.946700e+00
1.485800e-01 2.934032e+00
1.493500e-01 2.921470e+00
1.501200e-01 2.909013e+00
1.508900e-01 2.896658e+00
1.516600e-01 2.884405e+00
1.524300e-01 2.872253e+00
1.532000e-01 2.860200e+00
1.539700e-01 2.848246e+00
1.547400e-01 2.836389e+00
1.555100e-01 2.824627e+00
1.562800e-01 2.812961e+00
1.570500e-01 2.801388e+00
1.578200e-01 2.789908e+00
1.585900e-01 2.778520e+00
1.593600e-01 2.767222e+00
1.601300e-01 2.756014e+00
1.609000e-01 2.744894e+00
1.616700e-01 2.733861e+00
1.624400e-01 2.722915e+00
1.632100e-01 2.712055e+00
1.639800e-01 2.701279e+00
1.647500e-01 2.690586e+00
1.655200e-01 2.679976e+00
1.662900e-01 2.669448e+00
1.670600e-01 2.659001e+00
1.678300e-01 2.648633e+00
1.686000e-01 2.638344e+00
1.693700e-01 2.628134e+00
1.701400e-01 2.618000e+00
1.709100e-01 2.607943e+00
1.716800e-01 2.597962e+00
1.724500e-01 2.588055e+00
1.732200e-01 2.578222e+00
1.739900e-01 2.568463e+00
1.747600e-01 2.558775e+00
1.755300e-01 2.549159e+00
1.763000e-01 2.539614e+00
1.770700e-01 2.530139e+00
1.778400e-01 2.520733e+00
1.786100e-01 2.511395e+00
1.793800e-01 2.502126e+00
1.801500e-01 2.492923e+00
1.809200e-01 2.483787e+00
1.816900e-01 2.474716e+00
1.824600e-01 2.465710e+00
1.832300e-01 2.456769e+00
1.840000e-01 2.447891e+00
1.847700e-01 2.439076e+00
1.855400e-01 2.430323e+00
1.863100e-01 2.421632e+00
1.870800e-01 2.413002e+00
1.878500e-01 2.404432e+00
1.886200e-01 2.395922e+00
1.893900e-01 2.387471e+00
1.901600e-01 2.379079e+00
1.909300e-01 2.370744e+00
1.917000e-01 2.362467e+00
1.924700e-01 2.354247e+00
1.932400e-01 2.346083e+00
1.940100e-01 2.337974e+00
1.947800e-01 2.329921e+00
1.955500e-01 2.321922e+00
1.963200e-01 2.313977e+00
1.970900e-01 2.306086e+00
1.978600e-01 2.298248e+00
1.986300e-01 2.290462e+00
1.994000e-01 2.282727e+00
2.001700e-01 2.275045e+00
2.009400e-01 2.267413e+00
2.017100e-01 2.259831e+00
2.024800e-01 2.252299e+00
2.032500e-01 2.244817e+00
2.040200e-01 2.237384e+00
2.047900e-01 2.229999e+00
2.055600e-01 2.222662e+00
2.063300e-01 2.215373e+00
2.071000e-01 2.208131e+00
2.078700e-01 2.200935e+00
2.086400e-01 2.193785e+00
2.094100e-01 2.186682e+00
2.101800e-01 2.179623e+00
2.109500e-01 2.172610e+00
2.117200e-01 2.165641e+00
2.124900e-01 2.158716e+00
2.132600e-01 2.151835e+00
2.140300e-01 2.144997e+00
2.148000e-01 2.138201e+00
2.155700e-01 2.131449e+00
2.163400e-01 2.124738e+00
2.171100e-01 2.118069e+00
2.178800e-01 2.111441e+00
2.186500e-01 2.104854e+00
2.194200e-01 2.098308e+00
2.201900e-01 2.091802e+00
2.209600e-01 2.085336e+00
2.217300e-01 2.078909e+00
2.225000e-01 2.072521e+00
2.232700e-01 2.066172e+00
2.240400e-01 2.059861e+00
2.248100e-01 2.053589e+00
2.255800e-01 2.047354e+00
2.263500e-01 2.041156e+00
2.271200e-01 2.034996e+00
2.278900e-01 2.028872e+00
2.286600e-01 2.022784e+00
2.294300e-01 2.016733e+00
2.302000e-01 2.010718e+00
2.309700e-01 2.004737e+00
2.317400e-01 1.998792e+00
2.325100e-01 1.992882e+00
2.332800e-01 1.987007e+00
2.340500e-01 1.981165e+00
2.348200e-01 1.975358e+00
2.355900e-01 1.969584e+00
2.363600e-01 1.963844e+00
2.371300e-01 1.958136e+00
2.379000e-01 1.952462e+00
2.386700e-01 1.946819e+00
2.394400e-01 1.941210e+00
2.402100e-01 1.935628e+00
2.409800e-01 1.930081e+00
2.417500e-01 1.924567e+00
2.425200e-01 1.919083e+00
2.432900e-01 1.913630e+00
2.440600e-01 1.908208e+00
2.448300e-01 1.902816e+00
2.456000e-01 1.897455e+00
2.463700e-01 1.892123e+00
2.471400e-01 1.886821e+00
2.479100e-01 1.881548e+00
2.486800e-01 1.876305e+00
2.494500e-01 1.871090e+00
2.502200e-01 1.865904e+00
2.509900e-01 1.860747e+00
2.517600e-01 1.855617e+00
2.525300e-01 1.850516e+00
2.533000e-01 1.845443e+00
2.540700e-01 1.840397e+00
2.548400e-01 1.835378e+00
2.556100e-01 1.830386e+00
2.563800e-01 1.825422e+00
2.571500e-01 1.820483e+00
2.579200e-01 1.815572e+00
2.586900e-01 1.810686e+00
2.594600e-01 1.805827e+00
2.602300e-01 1.800994e+00
2.610000e-01 1.796186e+00
2.617700e-01 1.791403e+00
2.625400e-01 1.786646e+00
2.633100e-01 1.781913e+00
2.640800e-01 1.777206e+00
2.648500e-01 1.772523e+00
2.656200e-01 1.767865e+00
2.663900e-01 1.763231e+00
2.671600e-01 1.758621e+00
2.679300e-01 1.754034e+00
2.687000e-01 1.749472e+00
2.694700e-01 1.744933e+00
2.702400e-01 1.740418e+00
2.710100e-01 1.735925e+00
2.717800e-01 1.731456e+00
2.725500e-01 1.727009e+00
2.733200e-01 1.722585e+00
2.740900e-01 1.718183e+00
2.748600e-01 1.713804e+00
2.756300e-01 1.709447e+00
2.764000e-01 1.705112e+00
2.771700e-01 1.700799e+00
2.779400e-01 1.696507e+00
2.787100e-01 1.692237e+00
2.794800e-01 1.687988e+00
2.802500e-01 1.683760e+00
2.810200e-01 1.679553e+00
2.817900e-01 1.675367e+00
2.825600e-01 1.671202e+00
2.833300e-01 1.667057e+00
2.841000e-01 1.662933e+00
2.848700e-01 1.658829e+00
2.856400e-01 1.654744e+00
2.864100e-01 1.650680e+00
2.871800e-01 1.646636e+00
2.879500e-01 1.642611e+00
2.887200e-01 1.638606e+00
2.894900e-01 1.634621e+00
2.902600e-01 1.630654e+00
2.910300e-01 1.626707e+00
2.918000e-01 1.622778e+00
2.925700e-01 1.618869e+00
2.933400e-01 1.614978e+00
2.941100e-01 1.611105e+00
2.948800e-01 1.607251e+00
2.956500e-01 1.603416e+00
2.964200e-01 1.599598e+00
2.971900e-01 1.595799e+00
2.979600e-01 1.592017e+00
2.987300e-01 1.588253e+00
2.995000e-01 1.584507e+00
3.002700e-01 1.580779e+00
3.010400e-01 1.577068e+00
3.018100e-01 1.573374e+00
3.025800e-01 1.569697e+00
3.033500e-01 1.566037e+00
3.041200e-01 1.562395e+00
3.048900e-01 1.558769e+00
3.056600e-01 1.555160e+00
3.064300e-01 1.551567e+00
3.072000e-01 1.547991e+00
3.079700e-01 1.544431e+00
3.087400e-01 1.540888e+00
3.095100e-01 1.537360e+00
3.102800e-01 1.533849e+00
3.110500e-01 1.530354e+00
3.118200e-01 1.526874e+00
3.125900e-01 1.523410e+00
3.133600e-01 1.519962e+00
3.141300e-01 1.516529e+00
3.149000e-01 1.513112e+00
3.156700e-01 1.509710e+00
3.164400e-01 1.506323e+00
3.172100e-01 1.502951e+00
3.179800e-01 1.499595e+00
3.187500e-01 1.496253e+00
3.195200e-01 1.492926e+00
3.202900e-01 1.489613e+00
3.210600e-01 1.486316e+00
3.218300e-01 1.483032e+00
3.226000e-01 1.479763e+00
3.233700e-01 1.476509e+00
3.241400e-01 1.473269e+00
3.249100e-01 1.470042e+00
3.256800e-01 1.466830e+00
3.264500e-01 1.463632e+00
3.272200e-01 1.460448e+00
3.279900e-01 1.457277e+00
3.287600e-01 1.454120e+00
3.295300e-01 1.450977e+00
3.303000e-01 1.447847e+00
3.310700e-01 1.444730e+00
3.318400e-01 1.441627e+00
3.326100e-01 1.438538e+00
3.333800e-01 1.435461e+00
3.341500e-01 1.432397e+00
3.349200e-01 1.429347e+00
3.356900e-01 1.426309e+00
3.364600e-01 1.423284e+00
3.372300e-01 1.420272e+00
3.380000e-01 1.417273e+00
3.387700e-01 1.414286e+00
3.395400e-01 1.411311e+00
3.403100e-01 1.408349e+00
3.410800e-01 1.405400e+00
3.418500e-01 1.402463e+00
3.426200e-01 1.399538e+00
3.433900e-01 1.396625e+00
3.441600e-01 1.393724e+00
3.449300e-01 1.390835e+00
3.457000e-01 1.387958e+00
3.464700e-01 1.385093e+00
3.472400e-01 1.382239e+00
3.480100e-01 1.379398e+00
3.487800e-01 1.376568e+00
3.495500e-01 1.373749e+00
3.503200e-01 1.370942e+00
3.510900e-01 1.368146e+00
3.518600e-01 1.365362e+00
3.526300e-01 1.362589e+00
3.534000e-01 1.359827e+00
3.541700e-01 1.357076e+00
3.549400e-01 1.354337e+00
3.557100e-01 1.351608e+00
3.564800e-01 1.348890e+00
3.572500e-01 1.346183e+00
3.580200e-01 1.343487e+00
3.587900e-01 1.340802e+00
3.595600e-01 1.338127e+00
3.603300e-01 1.335463e+00
3.611000e-01 1.332810e+00
3.618700e-01 1.330167e+00
3.626400e-01 1.327534e+00
3.634100e-01 1.324912e+00
3.641800e-01 1.322300e+00
3.649500e-01 1.319699e+00
3.657200e-01 1.317107e+00
3.664900e-01 1.314526e+00
3.672600e-01 1.311954e+00
3.680300e-01 1.309393e+00
3.688000e-01 1.306842e+00
3.695700e-01 1.304300e+00
3.703400e-01 1.301769e+00
3.711100e-01 1.299247e+00
3.718800e-01 1.296735e+00
3.726500e-01 1.294232e+00
3.734200e-01 1.291740e+00
3.741900e-01 1.289256e+00
3.749600e-01 1.286783e+00
3.757300e-01 1.284318e+00
3.765000e-01 1.281863e+00
3.772700e-01 1.279418e+00
3.780400e-01 1.276981e+00
3.788100e-01 1.274554e+00
3.795800e-01 1.272136e+00
3.803500e-01 1.269727e+00
3.811200e-01 1.267328e+00
3.818900e-01 1.264937e+00
3.826600e-01 1.262555e+00
3.834300e-01 1.260183e+00
3.842000e-01 1.257819e+00
3.849700e-01 1.255464e+00
3.857400e-01 1.253117e+00
3.865100e-01 1.250780e+00
3.872800e-01 1.248451e+00
3.880500e-01 1.246130e+00
3.888200e-01 1.243819e+00
3.895900e-01 1.241516e+00
3.903600e-01 1.239221e+00
3.911300e-01 1.236935e+00
3.919000e-01 1.234657e+00
3.926700e-01 1.232387e+00
3.934400e-01 1.230126e+00
3.942100e-01 1.227873e+00
3.949800e-01 1.225629e+00
3.957500e-01 1.223392e+00
3.965200e-01 1.221164e+00
3.972900e-01 1.218943e+00
3.980600e-01 1.216731e+00
3.988300e-01 1.214527e+00
3.996000e-01 1.212330e+00
4.003700e-01 1.210142e+00
4.011400e-01 1.207961e+00
4.019100e-01 1.205789e+00
4.026800e-01 1.203624e+00
4.034500e-01 1.201466e+00
4.042200e-01 1.199317e+00
4.049900e-01 1.197175e+00
4.057600e-01 1.195041e+00
4.065300e-01 1.192914e+00
4.073000e-01 1.190795e+00
4.080700e-01 1.188683e+00
4.088400e-01 1.186579e+00
4.096100e-01 1.184482e+00
4.103800e-01 1.182393e+00
4.111500e-01 1.180311e+00
4.119200e-01 1.178236e+00
4.126900e-01 1.176168e+00
4.134600e-01 1.174108e+00
4.142300e-01 1.172055e+00
4.150000e-01 1.170009e+00
4.157700e-01 1.167970e+00
4.165400e-01 1.165938e+00
4.173100e-01 1.163914e+00
4.180800e-01 1.161896e+00
4.188500e-01 1.159885e+00
4.196200e-01 1.157881e+00
4.203900e-01 1.155884e+00
4.211600e-01 1.153894e+00
4.219300e-01 1.151911e+00
4.227000e-01 1.149935e+00
4.234700e-01 1.147965e+00
4.242400e-01 1.146002e+00
4.250100e-01 1.144046e+00
4.257800e-01 1.142096e+00
4.265500e-01 1.140153e+00
4.273200e-01 1.138216e+00
4.280900e-01 1.136287e+00
4.288600e-01 1.134363e+00
4.296300e-01 1.132446e+00
4.304000e-01 1.130536e+00
4.311700e-01 1.128632e+00
4.319400e-01 1.126734e+00
4.327100e-01 1.124843e+00
4.334800e-01 1.122958e+00
4.342500e-01 1.121079e+00
4.350200e-01 1.119207e+00
4.357900e-01 1.117341e+00
4.365600e-01 1.115481e+00
4.373300e-01 1.113627e+00
4.381000e-01 1.111779e+00
4.388700e-01 1.109938e+00
4.396400e-01 1.108102e+00
4.404100e-01 1.106273e+00
4.411800e-01 1.104449e+00
4.419500e-01 1.102632e+00
4.427200e-01 1.100820e+00
4.434900e-01 1.099015e+00
4.442600e-01 1.097215e+00
4.450300e-01 1.095421e+00
4.458000e-01 1.093633e+00
4.465700e-01 1.091851e+00
4.473400e-01 1.090075e+00
4.481100e-01 1.088304e+00
4.488800e-01 1.086539e+00
4.496500e-01 1.084780e+00
4.504200e-01 1.083027e+00
4.511900e-01 1.081279e+00
4.519600e-01 1.079537e+00
4.527300e-01 1.077800e+00
4.535000e-01 1.076069e+00
4.542700e-01 1.074343e+00
4.550400e-01 1.072623e+00
4.558100e-01 1.070909e+00
4.565800e-01 1.069200e+00
4.573500e-01 1.067496e+00
4.581200e-01 1.065798e+00
4.588900e-01 1.064105e+00
4.596600e-01 1.062418e+00
4.604300e-01 1.060736e+00
4.612000e-01 1.059059e+00
4.619700e-01 1.057387e+00
4.627400e-01 1.055721e+00
4.635100e-01 1.054060e+00
4.642800e-01 1.052404e+00
4.650500e-01 1.050753e+00
4.658200e-01 1.049108e+00
4.665900e-01 1.047467e+00
4.673600e-01 1.045832e+00
4.681300e-01 1.044202e+00
4.689000e-01 1.042577e+00
4.696700e-01 1.040957e+00
4.704400e-01 1.039342e+00
4.712100e-01 1.037732e+00
4.719800e-01 1.036127e+00
4.727500e-01 1.034526e+00
4.735200e-01 1.032931e+00
4.742900e-01 1.031341e+00
4.750600e-01 1.029755e+00
4.758300e-01 1.028175e+00
4.766000e-01 1.026599e+00
4.773700e-01 1.025028e+00
4.781400e-01 1.023462e+00
4.789100e-01 1.021901e+00
4.796800e-01 1.020344e+00
4.804500e-01 1.018792e+00
4.812200e-01 1.017245e+00
4.819900e-01 1.015702e+00
4.827600e-01 1.014165e+00
4.835300e-01 1.012631e+00
4.843000e-01 1.011103e+00
4.850700e-01 1.009579e+00
4.858400e-01 1.008059e+00
4.866100e-01 1.006544e+00
4.873800e-01 1.005034e+00
4.881500e-01 1.003528e+00
4.889200e-01 1.002027e+00
4.896900e-01 1.000530e+00
4.904600e-01 9.990378e-01
4.912300e-01 9.975499e-01
4.920000e-01 9.960664e-01
4.927700e-01 9.945873e-01
4.935400e-01 9.931125e-01
4.943100e-01 9.916421e-01
4.950800e-01 9.901761e-01
4.958500e-01 9.887144e-01
4.966200e-01 9.872570e-01
4.973900e-01 9.858038e-01
4.981600e-01 9.843550e-01
4.989300e-01 9.829103e-01
4.997000e-01 9.814699e-01
5.004700e-01 9.800337e-01
5.012400e-01 9.786017e-01
5.020100e-01 9.771739e-01
5.027800e-01 9.757502e-01
5.035500e-01 9.743307e-01
5.043200e-01 9.729153e-01
5.050900e-01 9.715039e-01
5.058600e-01 9.700967e-01
5.066300e-01 9.686935e-01
5.074000e-01 9.672944e-01
5.081700e-01 9.658993e-01
5.089400e-01 9.645082e-01
5.097100e-01 9.631211e-01
5.104800e-01 9.617380e-01
5.112500e-01 9.603588e-01
5.120200e-01 9.589836e-01
5.127900e-01 9.576123e-01
5.135600e-01 9.562449e-01
5.143300e-01 9.548814e-01
5.151000e-01 9.535218e-01
5.158700e-01 9.521661e-01
5.166400e-01 9.508141e-01
5.174100e-01 9.494661e-01
5.181800e-01 9.481218e-01
5.189500e-01 9.467813e-01
5.197200e-01 9.454446e-01
5.204900e-01 9.441117e-01
5.212600e-01 9.427825e-01
5.220300e-01 9.414570e-01
5.228000e-01 9.401353e-01
5.235700e-01 9.388173e-01
5.243400e-01 9.375029e-01
5.251100e-01 9.361922e-01
5.258800e-01 9.348852e-01
5.266500e-01 9.335818e-01
5.274200e-01 9.322820e-01
5.281900e-01 9.309859e-01
5.289600e-01 9.296933e-01
5.297300e-01 9.284043e-01
5.305000e-01 9.271189e-01
5.312700e-01 9.258370e-01
5.320400e-01 9.245587e-01
5.328100e-01 9.232838e-01
5.335800e-01 9.220125e-01
5.343500e-01 9.207447e-01
5.351200e-01 9.194804e-01
5.358900e-01 9.182195e-01
5.366600e-01 9.169620e-01
5.374300e-01 9.157080e-01
5.382000e-01 9.144574e-01
5.389700e-01 9.132103e-01
5.397400e-01 9.119665e-01
5.405100e-01 9.107261e-01
5.412800e-01 9.094890e-01
5.420500e-01 9.082553e-01
5.428200e-01 9.070250e-01
5.435900e-01 9.057980e-01
5.443600e-01 9.045743e-01
5.451300e-01 9.033538e-01
5.459000e-01 9.021367e-01
5.466700e-01 9.009228e-01
5.474400e-01 8.997122e-01
5.482100e-01 8.985049e-01
5.489800e-01 8.973007e-01
5.497500e-01 8.960998e-01
5.505200e-01 8.949021e-01
5.512900e-01 8.937076e-01
5.520600e-01 8.925163e-01
5.528300e-01 8.913281e-01
5.536000e-01 8.901431e-01
5.543700e-01 8.889612e-01
5.551400e-01 8.877825e-01
5.559100e-01 8.866068e-01
5.566800e-01 8.854343e-01
5.574500e-01 8.842649e-01
5.582200e-01 8.830986e-01
5.589900e-01 8.819353e-01
5.597600e-01 8.807751e-01
5.605300e-01 8.796179e-01
5.613000e-01 8.784638e-01
5.620700e-01 8.773126e-01
5.628400e-01 8.761645e-01
5.636100e-01 8.750194e-01
5.643800e-01 8.738773e-01
5.651500e-01 8.727381e-01
5.659200e-01 8.716019e-01
5.666900e-01 8.704687e-01
5.674600e-01 8.693384e-01
5.682300e-01 8.682110e-01
5.690000e-01 8.670866e-01
5.697700e-01 8.659650e-01
5.705400e-01 8.648464e-01
5.713100e-01 8.637306e-01
5.720800e-01 8.626177e-01
5.728500e-01 8.615076e-01
5.736200e-01 8.604005e-01
5.743900e-01 8.592961e-01
5.751600e-01 8.581946e-01
5.759300e-01 8.570959e-01
5.767000e-01 8.560000e-01
5.774700e-01 8.549069e-01
5.782400e-01 8.538165e-01
5.790100e-01 8.527290e-01
5.797800e-01 8.516442e-01
5.805500e-01 8.505622e-01
5.813200e-01 8.494829e-01
5.820900e-01 8.484063e-01
5.828600e-01 8.473325e-01
5.836300e-01 8.462614e-01
5.844000e-01 8.451930e-01
5.851700e-01 8.441272e-01
5.859400e-01 8.430642e-01
5.867100e-01 8.420038e-01
5.874800e-01 8.409461e-01
5.882500e-01 8.398910e-01
5.890200e-01 8.388386e-01
5.897900e-01 8.377888e-01
5.905600e-01 8.367416e-01
5.913300e-01 8.356971e-01
5.921000e-01 8.346551e-01
5.928700e-01 8.336157e-01
5.936400e-01 8.325790e-01
5.944100e-01 8.315448e-01
5.951800e-01 8.305131e-01
5.959500e-01 8.294840e-01
5.967200e-01 8.284575e-01
5.974900e-01 8.274334e-01
5.982600e-01 8.264120e-01
5.990300e-01 8.253930e-01
5.998000e-01 8.243765e-01
6.005700e-01 8.233626e-01
6.013400e-01 8.223511e-01
6.021100e-01 8.213421e-01
6.028800e-01 8.203355e-01
6.036500e-01 8.193315e-01
6.044200e-01 8.183299e-01
6.051900e-01 8.173307e-01
6.059600e-01 8.163340e-01
6.067300e-01 8.153396e-01
6.075000e-01 8.143477e-01
6.082700e-01 8.133583e-01
6.090400e-01 8.123712e-01
6.098100e-01 8.113865e-01
6.105800e-01 8.104042e-01
6.113500e-01 8.094242e-01
6.121200e-01 8.084466e-01
6.128900e-01 8.074714e-01
6.136600e-01 8.064985e-01
6.144300e-01 8.055280e-01
6.152000e-01 8.045598e-01
6.159700e-01 8.035939e-01
6.167400e-01 8.026304e-01
6.175100e-01 8.016691e-01
6.182800e-01 8.007101e-01
6.190500e-01 7.997535e-01
6.198200e-01 7.987991e-01
6.205900e-01 7.978469e-01
6.213600e-01 7.968971e-01
6.221300e-01 7.959495e-01
6.229000e-01 7.950041e-01
6.236700e-01 7.940610e-01
6.244400e-01 7.931201e-01
6.252100e-01 7.921815e-01
6.259800e-01 7.912451e-01
6.267500e-01 7.903108e-01
6.275200e-01 7.893788e-01
6.282900e-01 7.884490e-01
6.290600e-01 7.875213e-01
6.298300e-01 7.865959e-01
6.306000e-01 7.856726e-01
6.313700e-01 7.847514e-01
6.321400e-01 7.838325e-01
6.329100e-01 7.829156e-01
6.336800e-01 7.820009e-01
6.344500e-01 7.810884e-01
6.352200e-01 7.801780e-01
6.359900e-01 7.792696e-01
6.367600e-01 7.783634e-01
6.375300e-01 7.774593e-01
6.383000e-01 7.765573e-01
6.390700e-01 7.756574e-01
6.398400e-01 7.747596e-01
6.406100e-01 7.738638e-01
6.413800e-01 7.729701e-01
6.421500e-01 7.720785e-01
6.429200e-01 7.711889e-01
6.436900e-01 7.703014e-01
6.444600e-01 7.694159e-01
6.452300e-01 7.685324e-01
6.460000e-01 7.676510e-01
6.467700e-01 7.667716e-01
6.475400e-01 7.658942e-01
6.483100e-01 7.650188e-01
6.490800e-01 7.641454e-01
6.498500e-01 7.632739e-01
6.506200e-01 7.624045e-01
6.513900e-01 7.615370e-01
6.521600e-01 7.606716e-01
6.529300e-01 7.598080e-01
6.537000e-01 7.589465e-01
6.544700e-01 7.580868e-01
6.552400e-01 7.572292e-01
6.560100e-01 7.563734e-01
6.567800e-01 7.555196e-01
6.575500e-01 7.546677e-01
6.583200e-01 7.538178e-01
6.590900e-01 7.529697e-01
6.598600e-01 7.521236e-01
6.606300e-01 7.512793e-01
6.614000e-01 7.504370e-01
6.621700e-01 7.495965e-01
6.629400e-01 7.487579e-01
6.637100e-01 7.479212e-01
6.644800e-01 7.470863e-01
6.652500e-01 7.462533e-01
6.660200e-01 7.454222e-01
6.667900e-01 7.445929e-01
6.675600e-01 7.437654e-01
6.683300e-01 7.429398e-01
6.691000e-01 7.421160e-01
6.698700e-01 7.412940e-01
6.706400e-01 7.404739e-01
6.714100e-01 7.396556e-01
6.721800e-01 7.388390e-01
6.729500e-01 7.380243e-01
6.737200e-01 7.372114e-01
6.744900e-01 7.364002e-01
6.752600e-01 7.355908e-01
6.760300e-01 7.347832e-01
6.768000e-01 7.339774e-01
6.775700e-01 7.331734e-01
6.783400e-01 7.323711e-01
6.791100e-01 7.315705e-01
6.798800e-01 7.307717e-01
6.806500e-01 7.299747e-01
6.814200e-01 7.291793e-01
6.821900e-01 7.283857e-01
6.829600e-01 7.275939e-01
6.837300e-01 7.268037e-01
6.845000e-01 7.260153e-01
6.852700e-01 7.252285e-01
6.860400e-01 7.244435e-01
6.868100e-01 7.236602e-01
6.875800e-01 7.228785e-01
6.883500e-01 7.220986e-01
6.891200e-01 7.213203e-01
6.898900e-01 7.205437e-01
6.906600e-01 7.197688e-01
6.914300e-01 7.189955e-01
6.922000e-01 7.182239e-01
6.929700e-01 7.174539e-01
6.937400e-01 7.166856e-01
6.945100e-01 7.159190e-01
6.952800e-01 7.151539e-01
6.960500e-01 7.143905e-01
6.968200e-01 7.136288e-01
6.975900e-01 7.128686e-01
6.983600e-01 7.121101e-01
6.991300e-01 7.113531e-01
6.999000e-01 7.105978e-01
7.006700e-01 7.098441e-01
7.014400e-01 7.090920e-01
7.022100e-01 7.083415e-01
7.029800e-01 7.075925e-01
7.037500e-01 7.068452e-01
7.045200e-01 7.060993e-01
7.052900e-01 7.053551e-01
7.060600e-01 7.046124e-01
7.068300e-01 7.038713e-01
7.076000e-01 7.031318e-01
7.083700e-01 7.023938e-01
7.091400e-01 7.016574e-01
7.099100e-01 7.009225e-01
7.106800e-01 7.001891e-01
7.114500e-01 6.994573e-01
7.122200e-01 6.987270e-01
7.129900e-01 6.979982e-01
7.137600e-01 6.972710e-01
7.145300e-01 6.965452e-01
7.153000e-01 6.958210e-01
7.160700e-01 6.950983e-01
7.168400e-01 6.943770e-01
7.176100e-01 6.936573e-01
7.183800e-01 6.929391e-01
7.191500e-01 6.922223e-01
7.199200e-01 6.915070e-01
7.206900e-01 6.907932e-01
7.214600e-01 6.900809e-01
7.222300e-01 6.893700e-01
7.230000e-01 6.886606e-01
7.237700e-01 6.879526e-01
7.245400e-01 6.872461e-01
7.253100e-01 6.865411e-01
7.260800e-01 6.858375e-01
7.268500e-01 6.851353e-01
7.276200e-01 6.844346e-01
7.283900e-01 6.837353e-01
7.291600e-01 6.830374e-01
7.299300e-01 6.823409e-01
7.307000e-01 6.816459e-01
7.314700e-01 6.809523e-01
7.322400e-01 6.802601e-01
7.330100e-01 6.795693e-01
7.337800e-01 6.788799e-01
7.345500e-01 6.781918e-01
7.353200e-01 6.775052e-01
7.360900e-01 6.768200e-01
7.368600e-01 6.761362e-01
7.376300e-01 6.754537e-01
7.384000e-01 6.747726e-01
7.391700e-01 6.740929e-01
7.399400e-01 6.734145e-01
7.407100e-01 6.727375e-01
7.414800e-01 6.720619e-01
7.422500e-01 6.713876e-01
7.430200e-01 6.707147e-01
7.437900e-01 6.700431e-01
7.445600e-01 6.693729e-01
7.453300e-01 6.687040e-01
7.461000e-01 6.680364e-01
7.468700e-01 6.673702e-01
7.476400e-01 6.667053e-01
7.484100e-01 6.660417e-01
7.491800e-01 6.653794e-01
7.499500e-01 6.647185e-01
7.507200e-01 6.640588e-01
7.514900e-01 6.634005e-01
7.522600e-01 6.627435e-01
7.530300e-01 6.620877e-01
7.538000e-01 6.614333e-01
7.545700e-01 6.607802e-01
7.553400e-01 6.601283e-01
7.561100e-01 6.594777e-01
7.568800e-01 6.588285e-01
7.576500e-01 6.581804e-01
7.584200e-01 6.575337e-01
7.591900e-01 6.568882e-01
7.599600e-01 6.562440e-01
7.607300e-01 6.556011e-01
7.615000e-01 6.549594e-01
7.622700e-01 6.543189e-01
7.630400e-01 6.536798e-01
7.638100e-01 6.530418e-01
7.645800e-01 6.524051e-01
7.653500e-01 6.517697e-01
7.661200e-01 6.511354e-01
7.668900e-01 6.505025e-01
7.676600e-01 6.498707e-01
7.684300e-01 6.492402e-01
7.692000e-01 6.486108e-01
7.699700e-01 6.479828e-01
7.707400e-01 6.473559e-01
7.715100e-01 6.467302e-01
7.722800e-01 6.461057e-01
7.730500e-01 6.454825e-01
7.738200e-01 6.448604e-01
7.745900e-01 6.442396e-01
7.753600e-01 6.436199e-01
7.761300e-01 6.430014e-01
7.769000e-01 6.423841e-01
7.776700e-01 6.417680e-01
7.784400e-01 6.411531e-01
7.792100e-01 6.405393e-01
7.799800e-01 6.399268e-01
7.807500e-01 6.393153e-01
7.815200e-01 6.387051e-01
7.822900e-01 6.380960e-01
7.830600e-01 6.374881e-01
7.838300e-01 6.368813e-01
7.846000e-01 6.362757e-01
7.853700e-01 6.356713e-01
7.861400e-01 6.350680e-01
7.869100e-01 6.344658e-01
7.876800e-01 6.338648e-01
7.884500e-01 6.332649e-01
7.892200e-01 6.326661e-01
7.899900e-01 6.320685e-01
7.907600e-01 6.314720e-01
7.915300e-01 6.308766e-01
7.923000e-01 6.302823e-01
7.930700e-01 6.296892e-01
7.938400e-01 6.290972e-01
7.946100e-01 6.285063e-01
7.953800e-01 6.279164e-01
7.961500e-01 6.273277e-01
7.969200e-01 6.267401e-01
7.976900e-01 6.261536e-01
7.984600e-01 6.255682e-01
7.992300e-01 6.249839e-01
8.000000e-01 6.244007e-01
