3.000000e-02 4.773177e+00
3.077000e-02 4.758804e+00
3.154000e-02 4.744206e+00
3.231000e-02 4.729414e+00
3.308000e-02 4.714425e+00
3.385000e-02 4.699236e+00
3.462000e-02 4.683881e+00
3.539000e-02 4.668220e+00
3.616000e-02 4.652523e+00
3.693000e-02 4.636675e+00
3.770000e-02 4.620682e+00
3.847000e-02 4.604551e+00
3.924000e-02 4.588277e+00
4.001000e-02 4.571894e+00
4.078000e-02 4.555397e+00
4.155000e-02 4.538794e+00
4.232000e-02 4.522092e+00
4.309000e-02 4.505285e+00
4.386000e-02 4.488406e+00
4.463000e-02 4.471449e+00
4.540000e-02 4.454422e+00
4.617000e-02 4.437330e+00
4.694000e-02 4.420180e+00
4.771000e-02 4.402893e+00
4.848000e-02 4.385638e+00
4.925000e-02 4.368348e+00
5.002000e-02 4.351025e+00
5.079000e-02 4.333673e+00
5.156000e-02 4.316299e+00
5.233000e-02 4.298907e+00
5.310000e-02 4.281502e+00
5.387000e-02 4.264091e+00
5.464000e-02 4.246676e+00
5.541000e-02 4.229263e+00
5.618000e-02 4.211846e+00
5.695000e-02 4.194449e+00
5.772000e-02 4.177068e+00
5.849000e-02 4.159704e+00
5.926000e-02 4.142363e+00
6.003000e-02 4.125048e+00
6.080000e-02 4.107763e+00
6.157000e-02 4.090510e+00
6.234000e-02 4.073293e+00
6.311000e-02 4.056116e+00
6.388000e-02 4.038980e+00
6.465000e-02 4.021890e+00
6.542000e-02 4.004839e+00
6.619000e-02 3.987846e+00
6.696000e-02 3.970905e+00
6.773000e-02 3.954020e+00
6.850000e-02 3.937192e+00
6.927000e-02 3.920423e+00
7.004000e-02 3.903665e+00
7.081000e-02 3.887023e+00
7.158000e-02 3.870442e+00
7.235000e-02 3.853927e+00
7.312000e-02 3.837481e+00
7.389000e-02 3.821105e+00
7.466000e-02 3.804799e+00
7.543000e-02 3.788566e+00
7.620000e-02 3.772407e+00
7.697000e-02 3.756322e+00
7.774000e-02 3.740313e+00
7.851000e-02 3.724381e+00
7.928000e-02 3.708521e+00
8.005000e-02 3.692745e+00
8.082000e-02 3.677049e+00
8.159000e-02 3.661434e+00
8.236000e-02 3.645899e+00
8.313000e-02 3.630447e+00
8.390000e-02 3.615076e+00
8.467000e-02 3.599788e+00
8.544000e-02 3.584583e+00
8.621000e-02 3.569462e+00
8.698000e-02 3.554424e+00
8.775000e-02 3.539471e+00
8.852000e-02 3.524603e+00
8.929000e-02 3.509819e+00
9.006000e-02 3.495120e+00
9.083000e-02 3.480507e+00
9.160000e-02 3.465978e+00
9.237000e-02 3.451535e+00
9.314000e-02 3.437177e+00
9.391000e-02 3.422905e+00
9.468000e-02 3.408718e+00
9.545000e-02 3.394617e+00
9.622000e-02 3.380600e+00
9.699000e-02 3.366669e+00
9.776000e-02 3.352823e+00
9.853000e-02 3.339057e+00
9.930000e-02 3.325380e+00
1.000700e-01 3.311789e+00
1.008400e-01 3.298281e+00
1.016100e-01 3.284858e+00
1.023800e-01 3.271518e+00
1.031500e-01 3.258263e+00
1.039200e-01 3.245090e+00
1.046900e-01 3.232001e+00
1.054600e-01 3.218994e+00
1.062300e-01 3.206070e+00
1.070000e-01 3.193227e+00
1.077700e-01 3.180467e+00
1.085400e-01 3.167788e+00
1.093100e-01 3.155190e+00
1.100800e-01 3.142672e+00
1.108500e-01 3.130235e+00
1.116200e-01 3.117877e+00
1.123900e-01 3.105599e+00
1.131600e-01 3.093375e+00
1.139300e-01 3.081254e+00
1.147000e-01 3.069211e+00
1.154700e-01 3.057248e+00
1.162400e-01 3.045360e+00
1.170100e-01 3.033549e+00
1.177800e-01 3.021814e+00
1.185500e-01 3.010155e+00
1.193200e-01 2.998572e+00
1.200900e-01 2.987063e+00
1.208600e-01 2.975629e+00
1.216300e-01 2.964269e+00
1.224000e-01 2.952982e+00
1.231700e-01 2.941769e+00
1.239400e-01 2.930628e+00
1.247100e-01 2.919559e+00
1.254800e-01 2.908561e+00
1.262500e-01 2.897635e+00
1.270200e-01 2.886780e+00
1.277900e-01 2.875990e+00
1.285600e-01 2.865274e+00
1.293300e-01 2.854627e+00
1.301000e-01 2.844049e+00
1.308700e-01 2.833539e+00
1.316400e-01 2.823097e+00
1.324100e-01 2.812722e+00
1.331800e-01 2.802413e+00
1.339500e-01 2.792171e+00
1.347200e-01 2.781995e+00
1.354900e-01 2.771884e+00
1.362600e-01 2.761837e+00
1.370300e-01 2.751855e+00
1.378000e-01 2.741937e+00
1.385700e-01 2.732082e+00
1.393400e-01 2.722289e+00
1.401100e-01 2.712560e+00
1.408800e-01 2.702892e+00
1.416500e-01 2.693285e+00
1.424200e-01 2.683740e+00
1.431900e-01 2.674255e+00
1.439600e-01 2.664830e+00
1.447300e-01 2.655464e+00
1.455000e-01 2.646158e+00
1.462700e-01 2.636910e+00
1.470400e-01 2.627721e+00
1.478100e-01 2.618589e+00
1.485800e-01 2.609515e+00
1.493500e-01 2.600497e+00
1.501200e-01 2.591536e+00
1.508900e-01 2.582631e+00
1.516600e-01 2.573781e+00
1.524300e-01 2.564986e+00
1.532000e-01 2.556246e+00
1.539700e-01 2.547561e+00
1.547400e-01 2.538929e+00
1.555100e-01 2.530350e+00
1.562800e-01 2.521824e+00
1.570500e-01 2.513351e+00
1.578200e-01 2.504930e+00
1.585900e-01 2.496561e+00
1.593600e-01 2.488243e+00
1.601300e-01 2.479976e+00
1.609000e-01 2.471759e+00
1.616700e-01 2.463592e+00
1.624400e-01 2.455475e+00
1.632100e-01 2.447408e+00
1.639800e-01 2.439389e+00
1.647500e-01 2.431419e+00
1.655200e-01 2.423497e+00
1.662900e-01 2.415622e+00
1.670600e-01 2.407795e+00
1.678300e-01 2.400015e+00
1.686000e-01 2.392282e+00
1.693700e-01 2.384594e+00
1.701400e-01 2.376953e+00
1.709100e-01 2.369357e+00
1.716800e-01 2.361807e+00
1.724500e-01 2.354301e+00
1.732200e-01 2.346839e+00
1.739900e-01 2.339419e+00
1.747600e-01 2.332046e+00
1.755300e-01 2.324715e+00
1.763000e-01 2.317428e+00
1.770700e-01 2.310183e+00
1.778400e-01 2.302981e+00
1.786100e-01 2.295821e+00
1.793800e-01 2.288703e+00
1.801500e-01 2.281625e+00
1.809200e-01 2.274589e+00
1.816900e-01 2.267594e+00
1.824600e-01 2.260639e+00
1.832300e-01 2.253724e+00
1.840000e-01 2.246849e+00
1.847700e-01 2.240013e+00
1.855400e-01 2.233217e+00
1.863100e-01 2.226459e+00
1.870800e-01 2.219740e+00
1.878500e-01 2.213059e+00
1.886200e-01 2.206416e+00
1.893900e-01 2.199811e+00
1.901600e-01 2.193243e+00
1.909300e-01 2.186712e+00
1.917000e-01 2.180218e+00
1.924700e-01 2.173760e+00
1.932400e-01 2.167338e+00
1.940100e-01 2.160953e+00
1.947800e-01 2.154603e+00
1.955500e-01 2.148288e+00
1.963200e-01 2.142009e+00
1.970900e-01 2.135764e+00
1.978600e-01 2.129554e+00
1.986300e-01 2.123378e+00
1.994000e-01 2.117236e+00
2.001700e-01 2.111128e+00
2.009400e-01 2.105053e+00
2.017100e-01 2.099012e+00
2.024800e-01 2.093004e+00
2.032500e-01 2.087028e+00
2.040200e-01 2.081085e+00
2.047900e-01 2.075174e+00
2.055600e-01 2.069295e+00
2.063300e-01 2.063448e+00
2.071000e-01 2.057632e+00
2.078700e-01 2.051848e+00
2.086400e-01 2.046095e+00
2.094100e-01 2.040372e+00
2.101800e-01 2.034681e+00
2.109500e-01 2.029019e+00
2.117200e-01 2.023388e+00
2.124900e-01 2.017786e+00
2.132600e-01 2.012214e+00
2.140300e-01 2.006672e+00
2.148000e-01 2.001159e+00
2.155700e-01 1.995674e+00
2.163400e-01 1.990219e+00
2.171100e-01 1.984792e+00
2.178800e-01 1.979385e+00
2.186500e-01 1.974014e+00
2.194200e-01 1.968672e+00
2.201900e-01 1.963357e+00
2.209600e-01 1.958070e+00
2.217300e-01 1.952810e+00
2.225000e-01 1.947579e+00
2.232700e-01 1.942373e+00
2.240400e-01 1.937194e+00
2.248100e-01 1.932042e+00
2.255800e-01 1.926916e+00
2.263500e-01 1.921816e+00
2.271200e-01 1.916742e+00
2.278900e-01 1.911694e+00
2.286600e-01 1.906671e+00
2.294300e-01 1.901674e+00
2.302000e-01 1.896702e+00
2.309700e-01 1.891756e+00
2.317400e-01 1.886834e+00
2.325100e-01 1.881936e+00
2.332800e-01 1.877064e+00
2.340500e-01 1.872215e+00
2.348200e-01 1.867391e+00
2.355900e-01 1.862591e+00
2.363600e-01 1.857814e+00
2.371300e-01 1.853062e+00
2.379000e-01 1.848332e+00
2.386700e-01 1.843627e+00
2.394400e-01 1.838944e+00
2.402100e-01 1.834284e+00
2.409800e-01 1.829647e+00
2.417500e-01 1.825033e+00
2.425200e-01 1.820441e+00
2.432900e-01 1.815871e+00
2.440600e-01 1.811324e+00
2.448300e-01 1.806799e+00
2.456000e-01 1.802296e+00
2.463700e-01 1.797814e+00
2.471400e-01 1.793354e+00
2.479100e-01 1.788915e+00
2.486800e-01 1.784498e+00
2.494500e-01 1.780102e+00
2.502200e-01 1.775727e+00
2.509900e-01 1.771373e+00
2.517600e-01 1.767039e+00
2.525300e-01 1.762726e+00
2.533000e-01 1.758433e+00
2.540700e-01 1.754160e+00
2.548400e-01 1.749907e+00
2.556100e-01 1.745675e+00
2.563800e-01 1.741463e+00
2.571500e-01 1.737270e+00
2.579200e-01 1.733097e+00
2.586900e-01 1.728944e+00
2.594600e-01 1.724810e+00
2.602300e-01 1.720695e+00
2.610000e-01 1.716599e+00
2.617700e-01 1.712522e+00
2.625400e-01 1.708464e+00
2.633100e-01 1.704425e+00
2.640800e-01 1.700404e+00
2.648500e-01 1.696402e+00
2.656200e-01 1.692418e+00
2.663900e-01 1.688452e+00
2.671600e-01 1.684504e+00
2.679300e-01 1.680574e+00
2.687000e-01 1.676663e+00
2.694700e-01 1.672768e+00
2.702400e-01 1.668892e+00
2.710100e-01 1.665033e+00
2.717800e-01 1.661191e+00
2.725500e-01 1.657367e+00
2.733200e-01 1.653560e+00
2.740900e-01 1.649769e+00
2.748600e-01 1.645996e+00
2.756300e-01 1.642240e+00
2.764000e-01 1.638500e+00
2.771700e-01 1.634777e+00
2.779400e-01 1.631070e+00
2.787100e-01 1.627380e+00
2.794800e-01 1.623706e+00
2.802500e-01 1.620049e+00
2.810200e-01 1.616407e+00
2.817900e-01 1.612781e+00
2.825600e-01 1.609172e+00
2.833300e-01 1.605578e+00
2.841000e-01 1.601999e+00
2.848700e-01 1.598437e+00
2.856400e-01 1.594889e+00
2.864100e-01 1.591357e+00
2.871800e-01 1.587841e+00
2.879500e-01 1.584339e+00
2.887200e-01 1.580853e+00
2.894900e-01 1.577382e+00
2.902600e-01 1.573925e+00
2.910300e-01 1.570484e+00
2.918000e-01 1.567057e+00
2.925700e-01 1.563645e+00
2.933400e-01 1.560247e+00
2.941100e-01 1.556864e+00
2.948800e-01 1.553495e+00
2.956500e-01 1.550140e+00
2.964200e-01 1.546800e+00
2.971900e-01 1.543473e+00
2.979600e-01 1.540161e+00
2.987300e-01 1.536862e+00
2.995000e-01 1.533578e+00
3.002700e-01 1.530307e+00
3.010400e-01 1.527049e+00
3.018100e-01 1.523806e+00
3.025800e-01 1.520576e+00
3.033500e-01 1.517359e+00
3.041200e-01 1.514155e+00
3.048900e-01 1.510965e+00
3.056600e-01 1.507788e+00
3.064300e-01 1.504624e+00
3.072000e-01 1.501473e+00
3.079700e-01 1.498335e+00
3.087400e-01 1.495210e+00
3.095100e-01 1.492098e+00
3.102800e-01 1.488998e+00
3.110500e-01 1.485911e+00
3.118200e-01 1.482837e+00
3.125900e-01 1.479775e+00
3.133600e-01 1.476725e+00
3.141300e-01 1.473688e+00
3.149000e-01 1.470663e+00
3.156700e-01 1.467650e+00
3.164400e-01 1.464650e+00
3.172100e-01 1.461661e+00
3.179800e-01 1.458684e+00
3.187500e-01 1.455719e+00
3.195200e-01 1.452767e+00
3.202900e-01 1.449825e+00
3.210600e-01 1.446896e+00
3.218300e-01 1.443978e+00
3.226000e-01 1.441072e+00
3.233700e-01 1.438177e+00
3.241400e-01 1.435293e+00
3.249100e-01 1.432421e+00
3.256800e-01 1.429561e+00
3.264500e-01 1.426711e+00
3.272200e-01 1.423873e+00
3.279900e-01 1.421045e+00
3.287600e-01 1.418229e+00
3.295300e-01 1.415424e+00
3.303000e-01 1.412629e+00
3.310700e-01 1.409846e+00
3.318400e-01 1.407073e+00
3.326100e-01 1.404311e+00
3.333800e-01 1.401560e+00
3.341500e-01 1.398819e+00
3.349200e-01 1.396089e+00
3.356900e-01 1.393369e+00
3.364600e-01 1.390660e+00
3.372300e-01 1.387961e+00
3.380000e-01 1.385272e+00
3.387700e-01 1.382594e+00
3.395400e-01 1.379925e+00
3.403100e-01 1.377267e+00
3.410800e-01 1.374619e+00
3.418500e-01 1.371981e+00
3.426200e-01 1.369353e+00
3.433900e-01 1.366735e+00
3.441600e-01 1.364127e+00
3.449300e-01 1.361528e+00
3.457000e-01 1.358940e+00
3.464700e-01 1.356361e+00
3.472400e-01 1.353791e+00
3.480100e-01 1.351231e+00
3.487800e-01 1.348681e+00
3.495500e-01 1.346140e+00
3.503200e-01 1.343609e+00
3.510900e-01 1.341087e+00
3.518600e-01 1.338574e+00
3.526300e-01 1.336071e+00
3.534000e-01 1.333576e+00
3.541700e-01 1.331091e+00
3.549400e-01 1.328616e+00
3.557100e-01 1.326149e+00
3.564800e-01 1.323691e+00
3.572500e-01 1.321242e+00
3.580200e-01 1.318802e+00
3.587900e-01 1.316371e+00
3.595600e-01 1.313949e+00
3.603300e-01 1.311536e+00
3.611000e-01 1.309131e+00
3.618700e-01 1.306735e+00
3.626400e-01 1.304348e+00
3.634100e-01 1.301969e+00
3.641800e-01 1.299599e+00
3.649500e-01 1.297237e+00
3.657200e-01 1.294884e+00
3.664900e-01 1.292539e+00
3.672600e-01 1.290203e+00
3.680300e-01 1.287875e+00
3.688000e-01 1.285555e+00
3.695700e-01 1.283243e+00
3.703400e-01 1.280940e+00
3.711100e-01 1.278645e+00
3.718800e-01 1.276358e+00
3.726500e-01 1.274079e+00
3.734200e-01 1.271808e+00
3.741900e-01 1.269545e+00
3.749600e-01 1.267290e+00
3.757300e-01 1.265042e+00
3.765000e-01 1.262803e+00
3.772700e-01 1.260572e+00
3.780400e-01 1.258348e+00
3.788100e-01 1.256132e+00
3.795800e-01 1.253924e+00
3.803500e-01 1.251723e+00
3.811200e-01 1.249530e+00
3.818900e-01 1.247345e+00
3.826600e-01 1.245167e+00
3.834300e-01 1.242997e+00
3.842000e-01 1.240834e+00
3.849700e-01 1.238679e+00
3.857400e-01 1.236531e+00
3.865100e-01 1.234390e+00
3.872800e-01 1.232257e+00
3.880500e-01 1.230131e+00
3.888200e-01 1.228012e+00
3.895900e-01 1.225900e+00
3.903600e-01 1.223796e+00
3.911300e-01 1.221698e+00
3.919000e-01 1.219608e+00
3.926700e-01 1.217525e+00
3.934400e-01 1.215449e+00
3.942100e-01 1.213380e+00
3.949800e-01 1.211318e+00
3.957500e-01 1.209263e+00
3.965200e-01 1.207214e+00
3.972900e-01 1.205173e+00
3.980600e-01 1.203138e+00
3.988300e-01 1.201110e+00
3.996000e-01 1.199089e+00
4.003700e-01 1.197075e+00
4.011400e-01 1.195067e+00
4.019100e-01 1.193066e+00
4.026800e-01 1.191072e+00
4.034500e-01 1.189084e+00
4.042200e-01 1.187103e+00
4.049900e-01 1.185128e+00
4.057600e-01 1.183160e+00
4.065300e-01 1.181198e+00
4.073000e-01 1.179242e+00
4.080700e-01 1.177294e+00
4.088400e-01 1.175351e+00
4.096100e-01 1.173415e+00
4.103800e-01 1.171485e+00
4.111500e-01 1.169561e+00
4.119200e-01 1.167644e+00
4.126900e-01 1.165732e+00
4.134600e-01 1.163827e+00
4.142300e-01 1.161928e+00
4.150000e-01 1.160035e+00
4.157700e-01 1.158149e+00
4.165400e-01 1.156268e+00
4.173100e-01 1.154394e+00
4.180800e-01 1.152525e+00
4.188500e-01 1.150663e+00
4.196200e-01 1.148806e+00
4.203900e-01 1.146956e+00
4.211600e-01 1.145111e+00
4.219300e-01 1.143272e+00
4.227000e-01 1.141439e+00
4.234700e-01 1.139612e+00
4.242400e-01 1.137790e+00
4.250100e-01 1.135975e+00
4.257800e-01 1.134165e+00
4.265500e-01 1.132361e+00
4.273200e-01 1.130562e+00
4.280900e-01 1.128769e+00
4.288600e-01 1.126982e+00
4.296300e-01 1.125200e+00
4.304000e-01 1.123424e+00
4.311700e-01 1.121654e+00
4.319400e-01 1.119889e+00
4.327100e-01 1.118129e+00
4.334800e-01 1.116375e+00
4.342500e-01 1.114627e+00
4.350200e-01 1.112884e+00
4.357900e-01 1.111146e+00
4.365600e-01 1.109413e+00
4.373300e-01 1.107686e+00
4.381000e-01 1.105965e+00
4.388700e-01 1.104248e+00
4.396400e-01 1.102537e+00
4.404100e-01 1.100831e+00
4.411800e-01 1.099131e+00
4.419500e-01 1.097435e+00
4.427200e-01 1.095745e+00
4.434900e-01 1.094060e+00
4.442600e-01 1.092380e+00
4.450300e-01 1.090705e+00
4.458000e-01 1.089035e+00
4.465700e-01 1.087371e+00
4.473400e-01 1.085711e+00
4.481100e-01 1.084056e+00
4.488800e-01 1.082407e+00
4.496500e-01 1.080762e+00
4.504200e-01 1.079122e+00
4.511900e-01 1.077487e+00
4.519600e-01 1.075858e+00
4.527300e-01 1.074233e+00
4.535000e-01 1.072612e+00
4.542700e-01 1.070997e+00
4.550400e-01 1.069387e+00
4.558100e-01 1.067781e+00
4.565800e-01 1.066180e+00
4.573500e-01 1.064584e+00
4.581200e-01 1.062992e+00
4.588900e-01 1.061406e+00
4.596600e-01 1.059824e+00
4.604300e-01 1.058246e+00
4.612000e-01 1.056674e+00
4.619700e-01 1.055106e+00
4.627400e-01 1.053542e+00
4.635100e-01 1.051983e+00
4.642800e-01 1.050429e+00
4.650500e-01 1.048880e+00
4.658200e-01 1.047334e+00
4.665900e-01 1.045794e+00
4.673600e-01 1.044258e+00
4.681300e-01 1.042726e+00
4.689000e-01 1.041199e+00
4.696700e-01 1.039676e+00
4.704400e-01 1.038157e+00
4.712100e-01 1.036643e+00
4.719800e-01 1.035134e+00
4.727500e-01 1.033629e+00
4.735200e-01 1.032128e+00
4.742900e-01 1.030631e+00
4.750600e-01 1.029139e+00
4.758300e-01 1.027651e+00
4.766000e-01 1.026167e+00
4.773700e-01 1.024688e+00
4.781400e-01 1.023212e+00
4.789100e-01 1.021741e+00
4.796800e-01 1.020274e+00
4.804500e-01 1.018812e+00
4.812200e-01 1.017353e+00
4.819900e-01 1.015899e+00
4.827600e-01 1.014449e+00
4.835300e-01 1.013002e+00
4.843000e-01 1.011560e+00
4.850700e-01 1.010122e+00
4.858400e-01 1.008689e+00
4.866100e-01 1.007259e+00
4.873800e-01 1.005833e+00
4.881500e-01 1.004411e+00
4.889200e-01 1.002993e+00
4.896900e-01 1.001579e+00
4.904600e-01 1.000169e+00
4.912300e-01 9.987632e-01
4.920000e-01 9.973612e-01
4.927700e-01 9.959630e-01
4.935400e-01 9.945687e-01
4.943100e-01 9.931783e-01
4.950800e-01 9.917917e-01
4.958500e-01 9.904090e-01
4.966200e-01 9.890301e-01
4.973900e-01 9.876551e-01
4.981600e-01 9.862838e-01
4.989300e-01 9.849163e-01
4.997000e-01 9.835525e-01
5.004700e-01 9.821925e-01
5.012400e-01 9.808363e-01
5.020100e-01 9.794837e-01
5.027800e-01 9.781349e-01
5.035500e-01 9.767897e-01
5.043200e-01 9.754483e-01
5.050900e-01 9.741104e-01
5.058600e-01 9.727763e-01
5.066300e-01 9.714457e-01
5.074000e-01 9.701188e-01
5.081700e-01 9.687954e-01
5.089400e-01 9.674757e-01
5.097100e-01 9.661595e-01
5.104800e-01 9.648468e-01
5.112500e-01 9.635377e-01
5.120200e-01 9.622322e-01
5.127900e-01 9.609301e-01
5.135600e-01 9.596316e-01
5.143300e-01 9.583365e-01
5.151000e-01 9.570449e-01
5.158700e-01 9.557567e-01
5.166400e-01 9.544720e-01
5.174100e-01 9.531908e-01
5.181800e-01 9.519129e-01
5.189500e-01 9.506385e-01
5.197200e-01 9.493674e-01
5.204900e-01 9.480997e-01
5.212600e-01 9.468354e-01
5.220300e-01 9.455744e-01
5.228000e-01 9.443167e-01
5.235700e-01 9.430624e-01
5.243400e-01 9.418114e-01
5.251100e-01 9.405637e-01
5.258800e-01 9.393192e-01
5.266500e-01 9.380781e-01
5.274200e-01 9.368402e-01
5.281900e-01 9.356055e-01
5.289600e-01 9.343741e-01
5.297300e-01 9.331459e-01
5.305000e-01 9.319208e-01
5.312700e-01 9.306990e-01
5.320400e-01 9.294804e-01
5.328100e-01 9.282649e-01
5.335800e-01 9.270526e-01
5.343500e-01 9.258435e-01
5.351200e-01 9.246375e-01
5.358900e-01 9.234346e-01
5.366600e-01 9.222348e-01
5.374300e-01 9.210381e-01
5.382000e-01 9.198445e-01
5.389700e-01 9.186539e-01
5.397400e-01 9.174664e-01
5.405100e-01 9.162820e-01
5.412800e-01 9.151006e-01
5.420500e-01 9.139223e-01
5.428200e-01 9.127469e-01
5.435900e-01 9.115746e-01
5.443600e-01 9.104052e-01
5.451300e-01 9.092389e-01
5.459000e-01 9.080755e-01
5.466700e-01 9.069150e-01
5.474400e-01 9.057575e-01
5.482100e-01 9.046030e-01
5.489800e-01 9.034513e-01
5.497500e-01 9.023026e-01
5.505200e-01 9.011568e-01
5.512900e-01 9.000138e-01
5.520600e-01 8.988738e-01
5.528300e-01 8.977366e-01
5.536000e-01 8.966023e-01
5.543700e-01 8.954708e-01
5.551400e-01 8.943422e-01
5.559100e-01 8.932164e-01
5.566800e-01 8.920934e-01
5.574500e-01 8.909732e-01
5.582200e-01 8.898558e-01
5.589900e-01 8.887412e-01
5.597600e-01 8.876294e-01
5.605300e-01 8.865204e-01
5.613000e-01 8.854141e-01
5.620700e-01 8.843105e-01
5.628400e-01 8.832097e-01
5.636100e-01 8.821116e-01
5.643800e-01 8.810162e-01
5.651500e-01 8.799235e-01
5.659200e-01 8.788335e-01
5.666900e-01 8.777462e-01
5.674600e-01 8.766616e-01
5.682300e-01 8.755796e-01
5.690000e-01 8.745003e-01
5.697700e-01 8.734236e-01
5.705400e-01 8.723496e-01
5.713100e-01 8.712782e-01
5.720800e-01 8.702094e-01
5.728500e-01 8.691432e-01
5.736200e-01 8.680796e-01
5.743900e-01 8.670186e-01
5.751600e-01 8.659602e-01
5.759300e-01 8.649044e-01
5.767000e-01 8.638511e-01
5.774700e-01 8.628003e-01
5.782400e-01 8.617521e-01
5.790100e-01 8.607065e-01
5.797800e-01 8.596633e-01
5.805500e-01 8.586227e-01
5.813200e-01 8.575846e-01
5.820900e-01 8.565489e-01
5.828600e-01 8.555137e-01
5.836300e-01 8.544831e-01
5.844000e-01 8.534549e-01
5.851700e-01 8.524291e-01
5.859400e-01 8.514058e-01
5.867100e-01 8.503850e-01
5.874800e-01 8.493666e-01
5.882500e-01 8.483506e-01
5.890200e-01 8.473370e-01
5.897900e-01 8.463259e-01
5.905600e-01 8.453171e-01
5.913300e-01 8.443107e-01
5.921000e-01 8.433068e-01
5.928700e-01 8.423051e-01
5.936400e-01 8.413059e-01
5.944100e-01 8.403092e-01
5.951800e-01 8.393146e-01
5.959500e-01 8.383224e-01
5.967200e-01 8.373326e-01
5.974900e-01 8.363450e-01
5.982600e-01 8.353598e-01
5.990300e-01 8.343769e-01
5.998000e-01 8.333963e-01
6.005700e-01 8.324180e-01
6.013400e-01 8.314419e-01
6.021100e-01 8.304682e-01
6.028800e-01 8.294967e-01
6.036500e-01 8.285275e-01
6.044200e-01 8.275605e-01
6.051900e-01 8.265958e-01
6.059600e-01 8.256333e-01
6.067300e-01 8.246730e-01
6.075000e-01 8.237149e-01
6.082700e-01 8.227591e-01
6.090400e-01 8.218055e-01
6.098100e-01 8.208541e-01
6.105800e-01 8.199048e-01
6.113500e-01 8.189578e-01
6.121200e-01 8.180129e-01
6.128900e-01 8.170702e-01
6.136600e-01 8.161297e-01
6.144300e-01 8.151913e-01
6.152000e-01 8.142551e-01
6.159700e-01 8.133210e-01
6.167400e-01 8.123890e-01
6.175100e-01 8.114591e-01
6.182800e-01 8.105314e-01
6.190500e-01 8.096058e-01
6.198200e-01 8.086823e-01
6.205900e-01 8.077609e-01
6.213600e-01 8.068416e-01
6.221300e-01 8.059243e-01
6.229000e-01 8.050091e-01
6.236700e-01 8.040960e-01
6.244400e-01 8.031850e-01
6.252100e-01 8.022760e-01
6.259800e-01 8.013691e-01
6.267500e-01 8.004642e-01
6.275200e-01 7.995613e-01
6.282900e-01 7.986605e-01
6.290600e-01 7.977617e-01
6.298300e-01 7.968648e-01
6.306000e-01 7.959700e-01
6.313700e-01 7.950772e-01
6.321400e-01 7.941864e-01
6.329100e-01 7.932976e-01
6.336800e-01 7.924108e-01
6.344500e-01 7.915259e-01
6.352200e-01 7.906430e-01
6.359900e-01 7.897621e-01
6.367600e-01 7.888831e-01
6.375300e-01 7.880060e-01
6.383000e-01 7.871309e-01
6.390700e-01 7.862578e-01
6.398400e-01 7.853865e-01
6.406100e-01 7.845172e-01
6.413800e-01 7.836498e-01
6.421500e-01 7.827843e-01
6.429200e-01 7.819207e-01
6.436900e-01 7.810590e-01
6.444600e-01 7.801992e-01
6.452300e-01 7.793413e-01
6.460000e-01 7.784853e-01
6.467700e-01 7.776311e-01
6.475400e-01 7.767788e-01
6.483100e-01 7.759284e-01
6.490800e-01 7.750798e-01
6.498500e-01 7.742330e-01
6.506200e-01 7.733881e-01
6.513900e-01 7.725451e-01
6.521600e-01 7.717038e-01
6.529300e-01 7.708644e-01
6.537000e-01 7.700268e-01
6.544700e-01 7.691910e-01
6.552400e-01 7.683571e-01
6.560100e-01 7.675249e-01
6.567800e-01 7.666945e-01
6.575500e-01 7.658659e-01
6.583200e-01 7.650391e-01
6.590900e-01 7.642141e-01
6.598600e-01 7.633908e-01
6.606300e-01 7.625693e-01
6.614000e-01 7.617496e-01
6.621700e-01 7.609316e-01
6.629400e-01 7.601153e-01
6.637100e-01 7.593009e-01
6.644800e-01 7.584881e-01
6.652500e-01 7.576771e-01
6.660200e-01 7.568678e-01
6.667900e-01 7.560602e-01
6.675600e-01 7.552544e-01
6.683300e-01 7.544502e-01
6.691000e-01 7.536478e-01
6.698700e-01 7.528470e-01
6.706400e-01 7.520480e-01
6.714100e-01 7.512506e-01
6.721800e-01 7.504549e-01
6.729500e-01 7.496609e-01
6.737200e-01 7.488686e-01
6.744900e-01 7.480780e-01
6.752600e-01 7.472890e-01
6.760300e-01 7.465016e-01
6.768000e-01 7.457159e-01
6.775700e-01 7.449319e-01
6.783400e-01 7.441495e-01
6.791100e-01 7.433687e-01
6.798800e-01 7.425896e-01
6.806500e-01 7.418121e-01
6.814200e-01 7.410362e-01
6.821900e-01 7.402619e-01
6.829600e-01 7.394893e-01
6.837300e-01 7.387182e-01
6.845000e-01 7.379488e-01
6.852700e-01 7.371809e-01
6.860400e-01 7.364147e-01
6.868100e-01 7.356500e-01
6.875800e-01 7.348869e-01
6.883500e-01 7.341254e-01
6.891200e-01 7.333654e-01
6.898900e-01 7.326070e-01
6.906600e-01 7.318502e-01
6.914300e-01 7.310950e-01
6.922000e-01 7.303413e-01
6.929700e-01 7.295891e-01
6.937400e-01 7.288385e-01
6.945100e-01 7.280894e-01
6.952800e-01 7.273419e-01
6.960500e-01 7.265958e-01
6.968200e-01 7.258513e-01
6.975900e-01 7.251084e-01
6.983600e-01 7.243669e-01
6.991300e-01 7.236270e-01
6.999000e-01 7.228885e-01
7.006700e-01 7.221516e-01
7.014400e-01 7.214161e-01
7.022100e-01 7.206822e-01
7.029800e-01 7.199497e-01
7.037500e-01 7.192187e-01
7.045200e-01 7.184892e-01
7.052900e-01 7.177612e-01
7.060600e-01 7.170346e-01
7.068300e-01 7.163095e-01
7.076000e-01 7.155859e-01
7.083700e-01 7.148637e-01
7.091400e-01 7.141430e-01
7.099100e-01 7.134237e-01
7.106800e-01 7.127059e-01
7.114500e-01 7.119895e-01
7.122200e-01 7.112745e-01
7.129900e-01 7.105610e-01
7.137600e-01 7.098488e-01
7.145300e-01 7.091382e-01
7.153000e-01 7.084289e-01
7.160700e-01 7.077210e-01
7.168400e-01 7.070146e-01
7.176100e-01 7.063095e-01
7.183800e-01 7.056059e-01
7.191500e-01 7.049037e-01
7.199200e-01 7.042028e-01
7.206900e-01 7.035033e-01
7.214600e-01 7.028053e-01
7.222300e-01 7.021086e-01
7.230000e-01 7.014132e-01
7.237700e-01 7.007193e-01
7.245400e-01 7.000267e-01
7.253100e-01 6.993355e-01
7.260800e-01 6.986456e-01
7.268500e-01 6.979571e-01
7.276200e-01 6.972700e-01
7.283900e-01 6.965842e-01
7.291600e-01 6.958997e-01
7.299300e-01 6.952166e-01
7.307000e-01 6.945348e-01
7.314700e-01 6.938543e-01
7.322400e-01 6.931752e-01
7.330100e-01 6.924974e-01
7.337800e-01 6.918209e-01
7.345500e-01 6.911458e-01
7.353200e-01 6.904719e-01
7.360900e-01 6.897994e-01
7.368600e-01 6.891281e-01
7.376300e-01 6.884582e-01
7.384000e-01 6.877896e-01
7.391700e-01 6.871222e-01
7.399400e-01 6.864562e-01
7.407100e-01 6.857914e-01
7.414800e-01 6.851279e-01
7.422500e-01 6.844657e-01
7.430200e-01 6.838048e-01
7.437900e-01 6.831451e-01
7.445600e-01 6.824867e-01
7.453300e-01 6.818296e-01
7.461000e-01 6.811738e-01
7.468700e-01 6.805191e-01
7.476400e-01 6.798658e-01
7.484100e-01 6.792137e-01
7.491800e-01 6.785628e-01
7.499500e-01 6.779132e-01
7.507200e-01 6.772648e-01
7.514900e-01 6.766177e-01
7.522600e-01 6.759718e-01
7.530300e-01 6.753271e-01
7.538000e-01 6.746837e-01
7.545700e-01 6.740414e-01
7.553400e-01 6.734004e-01
7.561100e-01 6.727606e-01
7.568800e-01 6.721220e-01
7.576500e-01 6.714847e-01
7.584200e-01 6.708485e-01
7.591900e-01 6.702135e-01
7.599600e-01 6.695798e-01
7.607300e-01 6.689472e-01
7.615000e-01 6.683158e-01
7.622700e-01 6.676856e-01
7.630400e-01 6.670566e-01
7.638100e-01 6.664287e-01
7.645800e-01 6.658021e-01
7.653500e-01 6.651766e-01
7.661200e-01 6.645523e-01
7.668900e-01 6.639291e-01
7.676600e-01 6.633072e-01
7.684300e-01 6.626863e-01
7.692000e-01 6.620667e-01
7.699700e-01 6.614482e-01
7.707400e-01 6.608308e-01
7.715100e-01 6.602146e-01
7.722800e-01 6.595995e-01
7.730500e-01 6.589856e-01
7.738200e-01 6.583728e-01
7.745900e-01 6.577612e-01
7.753600e-01 6.571507e-01
7.761300e-01 6.565413e-01
7.769000e-01 6.559331e-01
7.776700e-01 6.553259e-01
7.784400e-01 6.547199e-01
7.792100e-01 6.541150e-01
7.799800e-01 6.535112e-01
7.807500e-01 6.529086e-01
7.815200e-01 6.523070e-01
7.822900e-01 6.517066e-01
7.830600e-01 6.511072e-01
7.838300e-01 6.505089e-01
7.846000e-01 6.499118e-01
7.853700e-01 6.493157e-01
7.861400e-01 6.487207e-01
7.869100e-01 6.481268e-01
7.876800e-01 6.475340e-01
7.884500e-01 6.469423e-01
7.892200e-01 6.463517e-01
7.899900e-01 6.457621e-01
7.907600e-01 6.451736e-01
7.915300e-01 6.445861e-01
7.923000e-01 6.439998e-01
7.930700e-01 6.434145e-01
7.938400e-01 6.428302e-01
7.946100e-01 6.422470e-01
7.953800e-01 6.416649e-01
7.961500e-01 6.410838e-01
7.969200e-01 6.405035e-01
7.976900e-01 6.399246e-01
7.984600e-01 6.393466e-01
7.992300e-01 6.387697e-01
8.000000e-01 6.381939e-01
