2.077500e+01 2.023000e+01 2.080599e+01 2.071152e+01 2.077000e+01 2.023500e+01 2.080627e+01 2.071586e+01
2.077500e+01 2.023000e+01 2.080599e+01 2.071152e+01 2.078500e+01 2.023000e+01 2.080609e+01 2.071204e+01
2.078500e+01 2.023000e+01 2.080609e+01 2.071204e+01 2.079500e+01 2.023000e+01 2.080617e+01 2.071239e+01
2.079500e+01 2.023000e+01 2.080617e+01 2.071239e+01 2.080500e+01 2.023000e+01 2.080624e+01 2.071256e+01
2.080500e+01 2.023000e+01 2.080624e+01 2.071256e+01 2.081500e+01 2.023000e+01 2.080631e+01 2.071255e+01
2.081500e+01 2.023000e+01 2.080631e+01 2.071255e+01 2.082500e+01 2.023000e+01 2.080638e+01 2.071237e+01
2.082500e+01 2.023000e+01 2.080638e+01 2.071237e+01 2.083000e+01 2.023500e+01 2.080625e+01 2.071690e+01
2.071500e+01 2.024000e+01 2.080593e+01 2.071397e+01 2.071000e+01 2.024500e+01 2.080659e+01 2.071765e+01
2.071500e+01 2.024000e+01 2.080593e+01 2.071397e+01 2.072500e+01 2.024000e+01 2.080623e+01 2.071555e+01
2.072500e+01 2.024000e+01 2.080623e+01 2.071555e+01 2.073500e+01 2.024000e+01 2.080644e+01 2.071696e+01
2.073500e+01 2.024000e+01 2.080644e+01 2.071696e+01 2.074500e+01 2.024000e+01 2.080657e+01 2.071820e+01
2.074500e+01 2.024000e+01 2.080657e+01 2.071820e+01 2.075500e+01 2.024000e+01 2.080664e+01 2.071927e+01
2.075500e+01 2.024000e+01 2.080664e+01 2.071927e+01 2.076500e+01 2.024000e+01 2.080665e+01 2.072017e+01
2.077000e+01 2.023500e+01 2.080627e+01 2.071586e+01 2.076500e+01 2.024000e+01 2.080665e+01 2.072017e+01
2.083000e+01 2.023500e+01 2.080625e+01 2.071690e+01 2.083500e+01 2.024000e+01 2.080603e+01 2.072140e+01
2.083500e+01 2.024000e+01 2.080603e+01 2.072140e+01 2.084500e+01 2.024000e+01 2.080598e+01 2.072085e+01
2.084500e+01 2.024000e+01 2.080598e+01 2.072085e+01 2.085500e+01 2.024000e+01 2.080598e+01 2.072012e+01
2.085500e+01 2.024000e+01 2.080598e+01 2.072012e+01 2.086500e+01 2.024000e+01 2.080603e+01 2.071921e+01
2.086500e+01 2.024000e+01 2.080603e+01 2.071921e+01 2.087500e+01 2.024000e+01 2.080615e+01 2.071813e+01
2.087500e+01 2.024000e+01 2.080615e+01 2.071813e+01 2.088500e+01 2.024000e+01 2.080635e+01 2.071689e+01
2.088500e+01 2.024000e+01 2.080635e+01 2.071689e+01 2.089500e+01 2.024000e+01 2.080663e+01 2.071547e+01
2.089500e+01 2.024000e+01 2.080663e+01 2.071547e+01 2.090000e+01 2.024500e+01 2.080603e+01 2.071926e+01
2.067500e+01 2.025000e+01 2.080593e+01 2.071499e+01 2.067000e+01 2.025500e+01 2.080675e+01 2.071818e+01
2.067500e+01 2.025000e+01 2.080593e+01 2.071499e+01 2.068500e+01 2.025000e+01 2.080654e+01 2.071723e+01
2.068500e+01 2.025000e+01 2.080654e+01 2.071723e+01 2.069500e+01 2.025000e+01 2.080701e+01 2.071933e+01
2.069500e+01 2.025000e+01 2.080701e+01 2.071933e+01 2.070500e+01 2.025000e+01 2.080737e+01 2.072128e+01
2.071000e+01 2.024500e+01 2.080659e+01 2.071765e+01 2.070500e+01 2.025000e+01 2.080737e+01 2.072128e+01
2.090000e+01 2.024500e+01 2.080603e+01 2.071926e+01 2.090500e+01 2.025000e+01 2.080533e+01 2.072300e+01
2.090500e+01 2.025000e+01 2.080533e+01 2.072300e+01 2.091500e+01 2.025000e+01 2.080566e+01 2.072121e+01
2.091500e+01 2.025000e+01 2.080566e+01 2.072121e+01 2.092500e+01 2.025000e+01 2.080611e+01 2.071927e+01
2.092500e+01 2.025000e+01 2.080611e+01 2.071927e+01 2.093000e+01 2.025500e+01 2.080535e+01 2.072269e+01
2.064500e+01 2.026000e+01 2.080601e+01 2.071600e+01 2.064000e+01 2.026500e+01 2.080689e+01 2.071881e+01
2.064500e+01 2.026000e+01 2.080601e+01 2.071600e+01 2.065500e+01 2.026000e+01 2.080693e+01 2.071872e+01
2.065500e+01 2.026000e+01 2.080693e+01 2.071872e+01 2.066500e+01 2.026000e+01 2.080768e+01 2.072131e+01
2.067000e+01 2.025500e+01 2.080675e+01 2.071818e+01 2.066500e+01 2.026000e+01 2.080768e+01 2.072131e+01
2.093000e+01 2.025500e+01 2.080535e+01 2.072269e+01 2.093500e+01 2.026000e+01 2.080449e+01 2.072604e+01
2.093500e+01 2.026000e+01 2.080449e+01 2.072604e+01 2.094500e+01 2.026000e+01 2.080506e+01 2.072374e+01
2.094500e+01 2.026000e+01 2.080506e+01 2.072374e+01 2.095500e+01 2.026000e+01 2.080578e+01 2.072130e+01
2.095500e+01 2.026000e+01 2.080578e+01 2.072130e+01 2.096000e+01 2.026500e+01 2.080494e+01 2.072433e+01
2.062500e+01 2.027000e+01 2.080674e+01 2.071850e+01 2.062000e+01 2.027500e+01 2.080766e+01 2.072103e+01
2.062500e+01 2.027000e+01 2.080674e+01 2.071850e+01 2.063500e+01 2.027000e+01 2.080788e+01 2.072154e+01
2.064000e+01 2.026500e+01 2.080689e+01 2.071881e+01 2.063500e+01 2.027000e+01 2.080788e+01 2.072154e+01
2.096000e+01 2.026500e+01 2.080494e+01 2.072433e+01 2.096500e+01 2.027000e+01 2.080398e+01 2.072729e+01
2.096500e+01 2.027000e+01 2.080398e+01 2.072729e+01 2.097500e+01 2.027000e+01 2.080490e+01 2.072451e+01
2.097500e+01 2.027000e+01 2.080490e+01 2.072451e+01 2.098000e+01 2.027500e+01 2.080400e+01 2.072726e+01
2.060500e+01 2.028000e+01 2.080727e+01 2.072013e+01 2.060000e+01 2.028500e+01 2.080818e+01 2.072238e+01
2.060500e+01 2.028000e+01 2.080727e+01 2.072013e+01 2.061500e+01 2.028000e+01 2.080867e+01 2.072346e+01
2.062000e+01 2.027500e+01 2.080766e+01 2.072103e+01 2.061500e+01 2.028000e+01 2.080867e+01 2.072346e+01
2.098000e+01 2.027500e+01 2.080400e+01 2.072726e+01 2.098500e+01 2.028000e+01 2.080300e+01 2.072992e+01
2.098500e+01 2.028000e+01 2.080300e+01 2.072992e+01 2.099500e+01 2.028000e+01 2.080416e+01 2.072683e+01
2.099500e+01 2.028000e+01 2.080416e+01 2.072683e+01 2.100000e+01 2.028500e+01 2.080324e+01 2.072930e+01
2.059500e+01 2.029000e+01 2.080918e+01 2.072453e+01 2.059000e+01 2.029500e+01 2.081012e+01 2.072659e+01
2.060000e+01 2.028500e+01 2.080818e+01 2.072238e+01 2.059500e+01 2.029000e+01 2.080918e+01 2.072453e+01
2.100000e+01 2.028500e+01 2.080324e+01 2.072930e+01 2.100500e+01 2.029000e+01 2.080223e+01 2.073167e+01
2.100500e+01 2.029000e+01 2.080223e+01 2.073167e+01 2.101500e+01 2.029000e+01 2.080368e+01 2.072829e+01
2.101500e+01 2.029000e+01 2.080368e+01 2.072829e+01 2.102000e+01 2.029500e+01 2.080278e+01 2.073047e+01
2.057500e+01 2.030000e+01 2.080929e+01 2.072478e+01 2.057000e+01 2.030500e+01 2.081016e+01 2.072657e+01
2.057500e+01 2.030000e+01 2.080929e+01 2.072478e+01 2.058500e+01 2.030000e+01 2.081114e+01 2.072855e+01
2.059000e+01 2.029500e+01 2.081012e+01 2.072659e+01 2.058500e+01 2.030000e+01 2.081114e+01 2.072855e+01
2.102000e+01 2.029500e+01 2.080278e+01 2.073047e+01 2.102500e+01 2.030000e+01 2.080179e+01 2.073256e+01
2.102500e+01 2.030000e+01 2.080179e+01 2.073256e+01 2.103000e+01 2.030500e+01 2.080087e+01 2.073455e+01
2.056500e+01 2.031000e+01 2.081112e+01 2.072825e+01 2.056000e+01 2.031500e+01 2.081199e+01 2.072985e+01
2.057000e+01 2.030500e+01 2.081016e+01 2.072657e+01 2.056500e+01 2.031000e+01 2.081112e+01 2.072825e+01
2.103000e+01 2.030500e+01 2.080087e+01 2.073455e+01 2.103500e+01 2.031000e+01 2.079986e+01 2.073644e+01
2.103500e+01 2.031000e+01 2.079986e+01 2.073644e+01 2.104500e+01 2.031000e+01 2.080180e+01 2.073264e+01
2.104500e+01 2.031000e+01 2.080180e+01 2.073264e+01 2.105000e+01 2.031500e+01 2.080096e+01 2.073437e+01
2.054500e+01 2.032000e+01 2.081051e+01 2.072722e+01 2.054000e+01 2.032500e+01 2.081126e+01 2.072858e+01
2.054500e+01 2.032000e+01 2.081051e+01 2.072722e+01 2.055500e+01 2.032000e+01 2.081293e+01 2.073134e+01
2.056000e+01 2.031500e+01 2.081199e+01 2.072985e+01 2.055500e+01 2.032000e+01 2.081293e+01 2.073134e+01
2.105000e+01 2.031500e+01 2.080096e+01 2.073437e+01 2.105500e+01 2.032000e+01 2.080004e+01 2.073598e+01
2.105500e+01 2.032000e+01 2.080004e+01 2.073598e+01 2.106000e+01 2.032500e+01 2.079921e+01 2.073752e+01
2.053500e+01 2.033000e+01 2.081207e+01 2.072981e+01 2.053000e+01 2.033500e+01 2.081278e+01 2.073099e+01
2.054000e+01 2.032500e+01 2.081126e+01 2.072858e+01 2.053500e+01 2.033000e+01 2.081207e+01 2.072981e+01
2.106000e+01 2.032500e+01 2.079921e+01 2.073752e+01 2.106500e+01 2.033000e+01 2.079831e+01 2.073895e+01
2.106500e+01 2.033000e+01 2.079831e+01 2.073895e+01 2.107000e+01 2.033500e+01 2.079751e+01 2.074031e+01
2.052500e+01 2.034000e+01 2.081354e+01 2.073204e+01 2.052000e+01 2.034500e+01 2.081419e+01 2.073304e+01
2.053000e+01 2.033500e+01 2.081278e+01 2.073099e+01 2.052500e+01 2.034000e+01 2.081354e+01 2.073204e+01
2.107000e+01 2.033500e+01 2.079751e+01 2.074031e+01 2.107500e+01 2.034000e+01 2.079665e+01 2.074154e+01
2.107500e+01 2.034000e+01 2.079665e+01 2.074154e+01 2.108500e+01 2.034000e+01 2.079940e+01 2.073728e+01
2.108500e+01 2.034000e+01 2.079940e+01 2.073728e+01 2.109000e+01 2.034500e+01 2.079876e+01 2.073841e+01
2.051500e+01 2.035000e+01 2.081488e+01 2.073392e+01 2.051000e+01 2.035500e+01 2.081545e+01 2.073476e+01
2.052000e+01 2.034500e+01 2.081419e+01 2.073304e+01 2.051500e+01 2.035000e+01 2.081488e+01 2.073392e+01
2.109000e+01 2.034500e+01 2.079876e+01 2.073841e+01 2.109500e+01 2.035000e+01 2.079807e+01 2.073940e+01
2.109500e+01 2.035000e+01 2.079807e+01 2.073940e+01 2.110000e+01 2.035500e+01 2.079749e+01 2.074036e+01
2.050500e+01 2.036000e+01 2.081607e+01 2.073546e+01 2.050000e+01 2.036500e+01 2.081655e+01 2.073614e+01
2.051000e+01 2.035500e+01 2.081545e+01 2.073476e+01 2.050500e+01 2.036000e+01 2.081607e+01 2.073546e+01
2.110000e+01 2.035500e+01 2.079749e+01 2.074036e+01 2.110500e+01 2.036000e+01 2.079687e+01 2.074118e+01
2.110500e+01 2.036000e+01 2.079687e+01 2.074118e+01 2.111000e+01 2.036500e+01 2.079638e+01 2.074197e+01
2.049500e+01 2.037000e+01 2.081707e+01 2.073668e+01 2.049000e+01 2.037500e+01 2.081745e+01 2.073720e+01
2.050000e+01 2.036500e+01 2.081655e+01 2.073614e+01 2.049500e+01 2.037000e+01 2.081707e+01 2.073668e+01
2.111000e+01 2.036500e+01 2.079638e+01 2.074197e+01 2.111500e+01 2.037000e+01 2.079585e+01 2.074263e+01
2.111500e+01 2.037000e+01 2.079585e+01 2.074263e+01 2.112000e+01 2.037500e+01 2.079545e+01 2.074326e+01
2.048500e+01 2.038000e+01 2.081786e+01 2.073760e+01 2.048000e+01 2.038500e+01 2.081813e+01 2.073797e+01
2.049000e+01 2.037500e+01 2.081745e+01 2.073720e+01 2.048500e+01 2.038000e+01 2.081786e+01 2.073760e+01
2.112000e+01 2.037500e+01 2.079545e+01 2.074326e+01 2.112500e+01 2.038000e+01 2.079503e+01 2.074376e+01
2.112500e+01 2.038000e+01 2.079503e+01 2.074376e+01 2.113000e+01 2.038500e+01 2.079474e+01 2.074424e+01
2.047500e+01 2.039000e+01 2.081842e+01 2.073822e+01 2.047000e+01 2.039500e+01 2.081856e+01 2.073846e+01
2.048000e+01 2.038500e+01 2.081813e+01 2.073797e+01 2.047500e+01 2.039000e+01 2.081842e+01 2.073822e+01
2.113000e+01 2.038500e+01 2.079474e+01 2.074424e+01 2.113000e+01 2.039500e+01 2.079012e+01 2.074956e+01
2.046500e+01 2.040000e+01 2.081871e+01 2.073858e+01 2.046000e+01 2.040500e+01 2.081872e+01 2.073870e+01
2.047000e+01 2.039500e+01 2.081856e+01 2.073846e+01 2.046500e+01 2.040000e+01 2.081871e+01 2.073858e+01
2.113000e+01 2.039500e+01 2.079012e+01 2.074956e+01 2.113500e+01 2.040000e+01 2.078980e+01 2.074978e+01
2.113500e+01 2.040000e+01 2.078980e+01 2.074978e+01 2.114000e+01 2.040500e+01 2.078962e+01 2.074999e+01
2.046000e+01 2.040500e+01 2.081872e+01 2.073870e+01 2.046000e+01 2.041500e+01 2.082339e+01 2.074336e+01
2.114000e+01 2.040500e+01 2.078962e+01 2.074999e+01 2.114500e+01 2.041000e+01 2.078944e+01 2.075007e+01
2.114500e+01 2.041000e+01 2.078944e+01 2.075007e+01 2.115000e+01 2.041500e+01 2.078941e+01 2.075016e+01
2.045500e+01 2.042000e+01 2.082338e+01 2.074323e+01 2.045000e+01 2.042500e+01 2.082323e+01 2.074311e+01
2.046000e+01 2.041500e+01 2.082339e+01 2.074336e+01 2.045500e+01 2.042000e+01 2.082338e+01 2.074323e+01
2.115000e+01 2.041500e+01 2.078941e+01 2.075016e+01 2.115500e+01 2.042000e+01 2.078938e+01 2.075011e+01
2.115500e+01 2.042000e+01 2.078938e+01 2.075011e+01 2.116000e+01 2.042500e+01 2.078950e+01 2.075008e+01
2.044500e+01 2.043000e+01 2.082305e+01 2.074288e+01 2.044000e+01 2.043500e+01 2.082273e+01 2.074266e+01
2.045000e+01 2.042500e+01 2.082323e+01 2.074311e+01 2.044500e+01 2.043000e+01 2.082305e+01 2.074288e+01
2.116000e+01 2.042500e+01 2.078950e+01 2.075008e+01 2.116500e+01 2.043000e+01 2.078963e+01 2.074993e+01
2.116500e+01 2.043000e+01 2.078963e+01 2.074993e+01 2.117000e+01 2.043500e+01 2.078991e+01 2.074979e+01
2.044000e+01 2.043500e+01 2.082273e+01 2.074266e+01 2.044000e+01 2.044500e+01 2.082735e+01 2.074664e+01
2.117000e+01 2.043500e+01 2.078991e+01 2.074979e+01 2.117000e+01 2.044500e+01 2.078530e+01 2.075389e+01
2.043500e+01 2.045000e+01 2.082697e+01 2.074619e+01 2.043000e+01 2.045500e+01 2.082643e+01 2.074579e+01
2.044000e+01 2.044500e+01 2.082735e+01 2.074664e+01 2.043500e+01 2.045000e+01 2.082697e+01 2.074619e+01
2.117000e+01 2.044500e+01 2.078530e+01 2.075389e+01 2.117500e+01 2.045000e+01 2.078564e+01 2.075352e+01
2.117500e+01 2.045000e+01 2.078564e+01 2.075352e+01 2.118000e+01 2.045500e+01 2.078612e+01 2.075318e+01
2.042500e+01 2.046000e+01 2.082585e+01 2.074527e+01 2.042000e+01 2.046500e+01 2.082513e+01 2.074481e+01
2.043000e+01 2.045500e+01 2.082643e+01 2.074579e+01 2.042500e+01 2.046000e+01 2.082585e+01 2.074527e+01
2.118000e+01 2.045500e+01 2.078612e+01 2.075318e+01 2.118500e+01 2.046000e+01 2.078665e+01 2.075273e+01
2.118500e+01 2.046000e+01 2.078665e+01 2.075273e+01 2.119000e+01 2.046500e+01 2.078732e+01 2.075232e+01
2.042000e+01 2.046500e+01 2.082513e+01 2.074481e+01 2.042000e+01 2.047500e+01 2.082958e+01 2.074812e+01
2.119000e+01 2.046500e+01 2.078732e+01 2.075232e+01 2.119000e+01 2.047500e+01 2.078286e+01 2.075574e+01
2.041500e+01 2.048000e+01 2.082875e+01 2.074745e+01 2.041000e+01 2.048500e+01 2.082777e+01 2.074684e+01
2.042000e+01 2.047500e+01 2.082958e+01 2.074812e+01 2.041500e+01 2.048000e+01 2.082875e+01 2.074745e+01
2.119000e+01 2.047500e+01 2.078286e+01 2.075574e+01 2.119500e+01 2.048000e+01 2.078363e+01 2.075512e+01
2.119500e+01 2.048000e+01 2.078363e+01 2.075512e+01 2.120000e+01 2.048500e+01 2.078455e+01 2.075455e+01
2.041000e+01 2.048500e+01 2.082777e+01 2.074684e+01 2.041000e+01 2.049500e+01 2.083208e+01 2.074974e+01
2.120000e+01 2.048500e+01 2.078455e+01 2.075455e+01 2.120000e+01 2.049500e+01 2.078022e+01 2.075755e+01
2.040500e+01 2.050000e+01 2.083097e+01 2.074895e+01 2.040000e+01 2.050500e+01 2.082971e+01 2.074822e+01
2.041000e+01 2.049500e+01 2.083208e+01 2.074974e+01 2.040500e+01 2.050000e+01 2.083097e+01 2.074895e+01
2.120000e+01 2.049500e+01 2.078022e+01 2.075755e+01 2.120500e+01 2.050000e+01 2.078127e+01 2.075679e+01
2.120500e+01 2.050000e+01 2.078127e+01 2.075679e+01 2.121000e+01 2.050500e+01 2.078246e+01 2.075610e+01
2.040000e+01 2.050500e+01 2.082971e+01 2.074822e+01 2.040000e+01 2.051500e+01 2.083384e+01 2.075074e+01
2.121000e+01 2.050500e+01 2.078246e+01 2.075610e+01 2.121000e+01 2.051500e+01 2.077830e+01 2.075869e+01
2.039500e+01 2.052000e+01 2.083243e+01 2.074986e+01 2.039000e+01 2.052500e+01 2.083088e+01 2.074906e+01
2.040000e+01 2.051500e+01 2.083384e+01 2.075074e+01 2.039500e+01 2.052000e+01 2.083243e+01 2.074986e+01
2.121000e+01 2.051500e+01 2.077830e+01 2.075869e+01 2.121500e+01 2.052000e+01 2.077965e+01 2.075783e+01
2.121500e+01 2.052000e+01 2.077965e+01 2.075783e+01 2.122000e+01 2.052500e+01 2.078113e+01 2.075704e+01
2.039000e+01 2.052500e+01 2.083088e+01 2.074906e+01 2.039000e+01 2.053500e+01 2.083478e+01 2.075122e+01
2.122000e+01 2.052500e+01 2.078113e+01 2.075704e+01 2.122000e+01 2.053500e+01 2.077719e+01 2.075927e+01
2.039000e+01 2.053500e+01 2.083478e+01 2.075122e+01 2.039000e+01 2.054500e+01 2.083860e+01 2.075319e+01
2.122000e+01 2.053500e+01 2.077719e+01 2.075927e+01 2.122500e+01 2.054000e+01 2.077885e+01 2.075834e+01
2.122500e+01 2.054000e+01 2.077885e+01 2.075834e+01 2.123000e+01 2.054500e+01 2.078064e+01 2.075750e+01
2.038500e+01 2.055000e+01 2.083677e+01 2.075219e+01 2.038000e+01 2.055500e+01 2.083482e+01 2.075130e+01
2.039000e+01 2.054500e+01 2.083860e+01 2.075319e+01 2.038500e+01 2.055000e+01 2.083677e+01 2.075219e+01
2.123000e+01 2.054500e+01 2.078064e+01 2.075750e+01 2.123000e+01 2.055500e+01 2.077696e+01 2.075938e+01
2.038000e+01 2.055500e+01 2.083482e+01 2.075130e+01 2.038000e+01 2.056500e+01 2.083836e+01 2.075296e+01
2.123000e+01 2.055500e+01 2.077696e+01 2.075938e+01 2.123000e+01 2.056500e+01 2.077337e+01 2.076106e+01
2.038000e+01 2.056500e+01 2.083836e+01 2.075296e+01 2.038000e+01 2.057500e+01 2.084180e+01 2.075442e+01
2.123000e+01 2.056500e+01 2.077337e+01 2.076106e+01 2.123500e+01 2.057000e+01 2.077546e+01 2.076006e+01
2.123500e+01 2.057000e+01 2.077546e+01 2.076006e+01 2.124000e+01 2.057500e+01 2.077767e+01 2.075916e+01
2.037500e+01 2.058000e+01 2.083952e+01 2.075340e+01 2.037000e+01 2.058500e+01 2.083714e+01 2.075249e+01
2.038000e+01 2.057500e+01 2.084180e+01 2.075442e+01 2.037500e+01 2.058000e+01 2.083952e+01 2.075340e+01
2.124000e+01 2.057500e+01 2.077767e+01 2.075916e+01 2.124000e+01 2.058500e+01 2.077440e+01 2.076056e+01
2.037000e+01 2.058500e+01 2.083714e+01 2.075249e+01 2.037000e+01 2.059500e+01 2.084024e+01 2.075371e+01
2.124000e+01 2.058500e+01 2.077440e+01 2.076056e+01 2.124000e+01 2.059500e+01 2.077124e+01 2.076178e+01
2.037000e+01 2.059500e+01 2.084024e+01 2.075371e+01 2.037000e+01 2.060500e+01 2.084321e+01 2.075477e+01
2.124000e+01 2.059500e+01 2.077124e+01 2.076178e+01 2.124500e+01 2.060000e+01 2.077378e+01 2.076078e+01
2.124500e+01 2.060000e+01 2.077378e+01 2.076078e+01 2.125000e+01 2.060500e+01 2.077643e+01 2.075990e+01
2.037000e+01 2.060500e+01 2.084321e+01 2.075477e+01 2.037000e+01 2.061500e+01 2.084605e+01 2.075566e+01
2.125000e+01 2.060500e+01 2.077643e+01 2.075990e+01 2.125000e+01 2.061500e+01 2.077363e+01 2.076090e+01
2.036500e+01 2.062000e+01 2.084320e+01 2.075468e+01 2.036000e+01 2.062500e+01 2.084026e+01 2.075383e+01
2.037000e+01 2.061500e+01 2.084605e+01 2.075566e+01 2.036500e+01 2.062000e+01 2.084320e+01 2.075468e+01
2.125000e+01 2.061500e+01 2.077363e+01 2.076090e+01 2.125000e+01 2.062500e+01 2.077098e+01 2.076175e+01
2.036000e+01 2.062500e+01 2.084026e+01 2.075383e+01 2.036000e+01 2.063500e+01 2.084271e+01 2.075457e+01
2.125000e+01 2.062500e+01 2.077098e+01 2.076175e+01 2.125000e+01 2.063500e+01 2.076847e+01 2.076244e+01
2.036000e+01 2.063500e+01 2.084271e+01 2.075457e+01 2.036000e+01 2.064500e+01 2.084500e+01 2.075518e+01
2.125000e+01 2.063500e+01 2.076847e+01 2.076244e+01 2.125500e+01 2.064000e+01 2.077160e+01 2.076153e+01
2.125500e+01 2.064000e+01 2.077160e+01 2.076153e+01 2.126000e+01 2.064500e+01 2.077480e+01 2.076076e+01
2.036000e+01 2.064500e+01 2.084500e+01 2.075518e+01 2.036000e+01 2.065500e+01 2.084713e+01 2.075567e+01
2.077500e+01 2.065000e+01 2.090026e+01 2.101439e+01 2.077000e+01 2.065500e+01 2.091615e+01 2.100888e+01
2.077500e+01 2.065000e+01 2.090026e+01 2.101439e+01 2.078500e+01 2.065000e+01 2.087486e+01 2.102125e+01
2.078500e+01 2.065000e+01 2.087486e+01 2.102125e+01 2.079500e+01 2.065000e+01 2.084778e+01 2.102605e+01
2.079500e+01 2.065000e+01 2.084778e+01 2.102605e+01 2.080500e+01 2.065000e+01 2.081968e+01 2.102850e+01
2.080500e+01 2.065000e+01 2.081968e+01 2.102850e+01 2.081500e+01 2.065000e+01 2.079129e+01 2.102845e+01
2.081500e+01 2.065000e+01 2.079129e+01 2.102845e+01 2.082500e+01 2.065000e+01 2.076340e+01 2.102592e+01
2.082500e+01 2.065000e+01 2.076340e+01 2.102592e+01 2.083500e+01 2.065000e+01 2.073671e+01 2.102108e+01
2.083500e+01 2.065000e+01 2.073671e+01 2.102108e+01 2.084500e+01 2.065000e+01 2.071184e+01 2.101425e+01
2.084500e+01 2.065000e+01 2.071184e+01 2.101425e+01 2.085000e+01 2.065500e+01 2.069631e+01 2.100882e+01
2.126000e+01 2.064500e+01 2.077480e+01 2.076076e+01 2.126000e+01 2.065500e+01 2.077270e+01 2.076133e+01
2.036000e+01 2.065500e+01 2.084713e+01 2.075567e+01 2.036000e+01 2.066500e+01 2.084909e+01 2.075603e+01
2.075500e+01 2.066000e+01 2.095510e+01 2.099120e+01 2.075000e+01 2.066500e+01 2.097029e+01 2.098232e+01
2.075500e+01 2.066000e+01 2.095510e+01 2.099120e+01 2.076500e+01 2.066000e+01 2.093323e+01 2.100193e+01
2.077000e+01 2.065500e+01 2.091615e+01 2.100888e+01 2.076500e+01 2.066000e+01 2.093323e+01 2.100193e+01
2.085000e+01 2.065500e+01 2.069631e+01 2.100882e+01 2.085500e+01 2.066000e+01 2.067965e+01 2.100197e+01
2.085500e+01 2.066000e+01 2.067965e+01 2.100197e+01 2.086500e+01 2.066000e+01 2.065851e+01 2.099146e+01
2.086500e+01 2.066000e+01 2.065851e+01 2.099146e+01 2.087000e+01 2.066500e+01 2.064381e+01 2.098280e+01
2.126000e+01 2.065500e+01 2.077270e+01 2.076133e+01 2.126000e+01 2.066500e+01 2.077076e+01 2.076178e+01
2.035500e+01 2.067000e+01 2.084553e+01 2.075528e+01 2.035000e+01 2.067500e+01 2.084192e+01 2.075464e+01
2.036000e+01 2.066500e+01 2.084909e+01 2.075603e+01 2.035500e+01 2.067000e+01 2.084553e+01 2.075528e+01
2.074500e+01 2.067000e+01 2.098612e+01 2.097180e+01 2.074000e+01 2.067500e+01 2.100043e+01 2.096083e+01
2.075000e+01 2.066500e+01 2.097029e+01 2.098232e+01 2.074500e+01 2.067000e+01 2.098612e+01 2.097180e+01
2.087000e+01 2.066500e+01 2.064381e+01 2.098280e+01 2.087500e+01 2.067000e+01 2.062852e+01 2.097255e+01
2.087500e+01 2.067000e+01 2.062852e+01 2.097255e+01 2.088000e+01 2.067500e+01 2.061474e+01 2.096189e+01
2.126000e+01 2.066500e+01 2.077076e+01 2.076178e+01 2.126000e+01 2.067500e+01 2.076901e+01 2.076212e+01
2.035000e+01 2.067500e+01 2.084192e+01 2.075464e+01 2.035000e+01 2.068500e+01 2.084345e+01 2.075499e+01
2.073500e+01 2.068000e+01 2.101495e+01 2.094824e+01 2.073000e+01 2.068500e+01 2.102767e+01 2.093567e+01
2.074000e+01 2.067500e+01 2.100043e+01 2.096083e+01 2.073500e+01 2.068000e+01 2.101495e+01 2.094824e+01
2.088000e+01 2.067500e+01 2.061474e+01 2.096189e+01 2.088500e+01 2.068000e+01 2.060077e+01 2.094967e+01
2.088500e+01 2.068000e+01 2.060077e+01 2.094967e+01 2.089000e+01 2.068500e+01 2.058856e+01 2.093748e+01
2.126000e+01 2.067500e+01 2.076901e+01 2.076212e+01 2.126000e+01 2.068500e+01 2.076743e+01 2.076236e+01
2.035000e+01 2.068500e+01 2.084345e+01 2.075499e+01 2.035000e+01 2.069500e+01 2.084480e+01 2.075526e+01
2.072500e+01 2.069000e+01 2.104013e+01 2.092167e+01 2.072000e+01 2.069500e+01 2.105073e+01 2.090814e+01
2.073000e+01 2.068500e+01 2.102767e+01 2.093567e+01 2.072500e+01 2.069000e+01 2.104013e+01 2.092167e+01
2.089000e+01 2.068500e+01 2.058856e+01 2.093748e+01 2.089500e+01 2.069000e+01 2.057660e+01 2.092390e+01
2.089500e+01 2.069000e+01 2.057660e+01 2.092390e+01 2.090000e+01 2.069500e+01 2.056645e+01 2.091078e+01
2.126000e+01 2.068500e+01 2.076743e+01 2.076236e+01 2.126000e+01 2.069500e+01 2.076604e+01 2.076250e+01
2.035000e+01 2.069500e+01 2.084480e+01 2.075526e+01 2.035000e+01 2.070500e+01 2.084596e+01 2.075545e+01
2.071500e+01 2.070000e+01 2.106066e+01 2.089353e+01 2.071000e+01 2.070500e+01 2.106886e+01 2.087975e+01
2.072000e+01 2.069500e+01 2.105073e+01 2.090814e+01 2.071500e+01 2.070000e+01 2.106066e+01 2.089353e+01
2.090000e+01 2.069500e+01 2.056645e+01 2.091078e+01 2.090500e+01 2.070000e+01 2.055694e+01 2.089661e+01
2.090500e+01 2.070000e+01 2.055694e+01 2.089661e+01 2.091000e+01 2.070500e+01 2.054909e+01 2.088323e+01
2.126000e+01 2.069500e+01 2.076604e+01 2.076250e+01 2.126500e+01 2.070000e+01 2.076997e+01 2.076193e+01
2.126500e+01 2.070000e+01 2.076997e+01 2.076193e+01 2.127000e+01 2.070500e+01 2.077395e+01 2.076149e+01
2.035000e+01 2.070500e+01 2.084596e+01 2.075545e+01 2.035000e+01 2.071500e+01 2.084694e+01 2.075559e+01
2.071000e+01 2.070500e+01 2.106886e+01 2.087975e+01 2.071000e+01 2.071500e+01 2.107853e+01 2.086051e+01
2.091000e+01 2.070500e+01 2.054909e+01 2.088323e+01 2.091000e+01 2.071500e+01 2.053973e+01 2.086447e+01
2.127000e+01 2.070500e+01 2.077395e+01 2.076149e+01 2.127000e+01 2.071500e+01 2.077299e+01 2.076167e+01
2.035000e+01 2.071500e+01 2.084694e+01 2.075559e+01 2.035000e+01 2.072500e+01 2.084771e+01 2.075568e+01
2.070500e+01 2.072000e+01 2.108467e+01 2.084569e+01 2.070000e+01 2.072500e+01 2.108939e+01 2.083205e+01
2.071000e+01 2.071500e+01 2.107853e+01 2.086051e+01 2.070500e+01 2.072000e+01 2.108467e+01 2.084569e+01
2.091000e+01 2.071500e+01 2.053973e+01 2.086447e+01 2.091000e+01 2.072500e+01 2.053168e+01 2.084360e+01
2.127000e+01 2.071500e+01 2.077299e+01 2.076167e+01 2.127000e+01 2.072500e+01 2.077222e+01 2.076181e+01
2.035000e+01 2.072500e+01 2.084771e+01 2.075568e+01 2.035000e+01 2.073500e+01 2.084829e+01 2.075573e+01
2.070000e+01 2.072500e+01 2.108939e+01 2.083205e+01 2.070000e+01 2.073500e+01 2.109527e+01 2.081070e+01
2.091000e+01 2.072500e+01 2.053168e+01 2.084360e+01 2.091500e+01 2.073000e+01 2.052705e+01 2.082907e+01
2.091500e+01 2.073000e+01 2.052705e+01 2.082907e+01 2.092000e+01 2.073500e+01 2.052368e+01 2.081576e+01
2.127000e+01 2.072500e+01 2.077222e+01 2.076181e+01 2.127000e+01 2.073500e+01 2.077164e+01 2.076189e+01
2.035000e+01 2.073500e+01 2.084829e+01 2.075573e+01 2.035000e+01 2.074500e+01 2.084867e+01 2.075575e+01
2.070000e+01 2.073500e+01 2.109527e+01 2.081070e+01 2.070000e+01 2.074500e+01 2.109927e+01 2.078822e+01
2.092000e+01 2.073500e+01 2.052368e+01 2.081576e+01 2.092000e+01 2.074500e+01 2.051981e+01 2.079362e+01
2.127000e+01 2.073500e+01 2.077164e+01 2.076189e+01 2.127000e+01 2.074500e+01 2.077127e+01 2.076195e+01
2.035000e+01 2.074500e+01 2.084867e+01 2.075575e+01 2.035000e+01 2.075500e+01 2.084885e+01 2.075577e+01
2.070000e+01 2.074500e+01 2.109927e+01 2.078822e+01 2.070000e+01 2.075500e+01 2.110122e+01 2.076508e+01
2.092000e+01 2.074500e+01 2.051981e+01 2.079362e+01 2.092000e+01 2.075500e+01 2.051797e+01 2.077074e+01
2.127000e+01 2.074500e+01 2.077127e+01 2.076195e+01 2.127000e+01 2.075500e+01 2.077109e+01 2.076199e+01
2.035000e+01 2.075500e+01 2.084885e+01 2.075577e+01 2.035000e+01 2.076500e+01 2.084883e+01 2.075578e+01
2.070000e+01 2.075500e+01 2.110122e+01 2.076508e+01 2.070000e+01 2.076500e+01 2.110102e+01 2.074179e+01
2.092000e+01 2.075500e+01 2.051797e+01 2.077074e+01 2.092000e+01 2.076500e+01 2.051825e+01 2.074759e+01
2.127000e+01 2.075500e+01 2.077109e+01 2.076199e+01 2.127000e+01 2.076500e+01 2.077111e+01 2.076201e+01
2.035000e+01 2.076500e+01 2.084883e+01 2.075578e+01 2.035000e+01 2.077500e+01 2.084861e+01 2.075580e+01
2.070000e+01 2.076500e+01 2.110102e+01 2.074179e+01 2.070000e+01 2.077500e+01 2.109869e+01 2.071886e+01
2.092000e+01 2.076500e+01 2.051825e+01 2.074759e+01 2.092000e+01 2.077500e+01 2.052064e+01 2.072472e+01
2.127000e+01 2.076500e+01 2.077111e+01 2.076201e+01 2.127000e+01 2.077500e+01 2.077134e+01 2.076204e+01
2.035000e+01 2.077500e+01 2.084861e+01 2.075580e+01 2.035000e+01 2.078500e+01 2.084819e+01 2.075585e+01
2.070000e+01 2.077500e+01 2.109869e+01 2.071886e+01 2.070000e+01 2.078500e+01 2.109436e+01 2.069681e+01
2.092000e+01 2.077500e+01 2.052064e+01 2.072472e+01 2.092000e+01 2.078500e+01 2.052504e+01 2.070261e+01
2.127000e+01 2.077500e+01 2.077134e+01 2.076204e+01 2.127000e+01 2.078500e+01 2.077176e+01 2.076209e+01
2.035000e+01 2.078500e+01 2.084819e+01 2.075585e+01 2.035000e+01 2.079500e+01 2.084756e+01 2.075593e+01
2.070000e+01 2.078500e+01 2.109436e+01 2.069681e+01 2.070000e+01 2.079500e+01 2.108824e+01 2.067605e+01
2.091500e+01 2.079000e+01 2.052878e+01 2.068906e+01 2.091000e+01 2.079500e+01 2.053382e+01 2.067428e+01
2.092000e+01 2.078500e+01 2.052504e+01 2.070261e+01 2.091500e+01 2.079000e+01 2.052878e+01 2.068906e+01
2.127000e+01 2.078500e+01 2.077176e+01 2.076209e+01 2.127000e+01 2.079500e+01 2.077238e+01 2.076216e+01
2.035000e+01 2.079500e+01 2.084756e+01 2.075593e+01 2.035000e+01 2.080500e+01 2.084675e+01 2.075606e+01
2.070000e+01 2.079500e+01 2.108824e+01 2.067605e+01 2.070500e+01 2.080000e+01 2.108341e+01 2.066268e+01
2.070500e+01 2.080000e+01 2.108341e+01 2.066268e+01 2.071000e+01 2.080500e+01 2.107717e+01 2.064822e+01
2.091000e+01 2.079500e+01 2.053382e+01 2.067428e+01 2.091000e+01 2.080500e+01 2.054240e+01 2.065349e+01
2.127000e+01 2.079500e+01 2.077238e+01 2.076216e+01 2.127000e+01 2.080500e+01 2.077320e+01 2.076228e+01
2.035000e+01 2.080500e+01 2.084675e+01 2.075606e+01 2.035000e+01 2.081500e+01 2.084574e+01 2.075625e+01
2.071000e+01 2.080500e+01 2.107717e+01 2.064822e+01 2.071000e+01 2.081500e+01 2.106750e+01 2.062988e+01
2.091000e+01 2.080500e+01 2.054240e+01 2.065349e+01 2.091000e+01 2.081500e+01 2.055225e+01 2.063483e+01
2.127000e+01 2.080500e+01 2.077320e+01 2.076228e+01 2.127000e+01 2.081500e+01 2.077421e+01 2.076244e+01
2.035000e+01 2.081500e+01 2.084574e+01 2.075625e+01 2.035500e+01 2.082000e+01 2.084969e+01 2.075578e+01
2.035500e+01 2.082000e+01 2.084969e+01 2.075578e+01 2.036000e+01 2.082500e+01 2.085360e+01 2.075519e+01
2.071000e+01 2.081500e+01 2.106750e+01 2.062988e+01 2.071500e+01 2.082000e+01 2.105936e+01 2.061661e+01
2.071500e+01 2.082000e+01 2.105936e+01 2.061661e+01 2.072000e+01 2.082500e+01 2.104955e+01 2.060261e+01
2.090500e+01 2.082000e+01 2.056051e+01 2.062128e+01 2.090000e+01 2.082500e+01 2.057047e+01 2.060696e+01
2.091000e+01 2.081500e+01 2.055225e+01 2.063483e+01 2.090500e+01 2.082000e+01 2.056051e+01 2.062128e+01
2.127000e+01 2.081500e+01 2.077421e+01 2.076244e+01 2.127000e+01 2.082500e+01 2.077541e+01 2.076267e+01
2.036000e+01 2.082500e+01 2.085360e+01 2.075519e+01 2.036000e+01 2.083500e+01 2.085216e+01 2.075534e+01
2.072000e+01 2.082500e+01 2.104955e+01 2.060261e+01 2.072500e+01 2.083000e+01 2.103915e+01 2.058971e+01
2.072500e+01 2.083000e+01 2.103915e+01 2.058971e+01 2.073000e+01 2.083500e+01 2.102698e+01 2.057641e+01
2.089500e+01 2.083000e+01 2.058105e+01 2.059373e+01 2.089000e+01 2.083500e+01 2.059344e+01 2.058007e+01
2.090000e+01 2.082500e+01 2.057047e+01 2.060696e+01 2.089500e+01 2.083000e+01 2.058105e+01 2.059373e+01
2.127000e+01 2.082500e+01 2.077541e+01 2.076267e+01 2.127000e+01 2.083500e+01 2.077680e+01 2.076296e+01
2.036000e+01 2.083500e+01 2.085216e+01 2.075534e+01 2.036000e+01 2.084500e+01 2.085053e+01 2.075558e+01
2.073000e+01 2.083500e+01 2.102698e+01 2.057641e+01 2.073500e+01 2.084000e+01 2.101461e+01 2.056452e+01
2.073500e+01 2.084000e+01 2.101461e+01 2.056452e+01 2.074000e+01 2.084500e+01 2.100053e+01 2.055267e+01
2.088500e+01 2.084000e+01 2.060606e+01 2.056782e+01 2.088000e+01 2.084500e+01 2.062041e+01 2.055559e+01
2.089000e+01 2.083500e+01 2.059344e+01 2.058007e+01 2.088500e+01 2.084000e+01 2.060606e+01 2.056782e+01
2.126500e+01 2.084000e+01 2.077309e+01 2.076237e+01 2.126000e+01 2.084500e+01 2.076943e+01 2.076165e+01
2.127000e+01 2.083500e+01 2.077680e+01 2.076296e+01 2.126500e+01 2.084000e+01 2.077309e+01 2.076237e+01
2.036000e+01 2.084500e+01 2.085053e+01 2.075558e+01 2.036000e+01 2.085500e+01 2.084873e+01 2.075593e+01
2.074000e+01 2.084500e+01 2.100053e+01 2.055267e+01 2.074500e+01 2.085000e+01 2.098670e+01 2.054237e+01
2.074500e+01 2.085000e+01 2.098670e+01 2.054237e+01 2.075000e+01 2.085500e+01 2.097143e+01 2.053254e+01
2.087500e+01 2.085000e+01 2.063453e+01 2.054495e+01 2.087000e+01 2.085500e+01 2.065012e+01 2.053476e+01
2.088000e+01 2.084500e+01 2.062041e+01 2.055559e+01 2.087500e+01 2.085000e+01 2.063453e+01 2.054495e+01
2.126000e+01 2.084500e+01 2.076943e+01 2.076165e+01 2.126000e+01 2.085500e+01 2.077125e+01 2.076195e+01
2.036000e+01 2.085500e+01 2.084873e+01 2.075593e+01 2.036000e+01 2.086500e+01 2.084675e+01 2.075640e+01
2.075000e+01 2.085500e+01 2.097143e+01 2.053254e+01 2.075500e+01 2.086000e+01 2.095679e+01 2.052426e+01
2.075500e+01 2.086000e+01 2.095679e+01 2.052426e+01 2.076500e+01 2.086000e+01 2.093565e+01 2.051402e+01
2.076500e+01 2.086000e+01 2.093565e+01 2.051402e+01 2.077500e+01 2.086000e+01 2.091169e+01 2.050502e+01
2.077500e+01 2.086000e+01 2.091169e+01 2.050502e+01 2.078000e+01 2.086500e+01 2.089482e+01 2.049987e+01
2.084500e+01 2.086000e+01 2.071070e+01 2.050620e+01 2.084000e+01 2.086500e+01 2.072786e+01 2.050080e+01
2.084500e+01 2.086000e+01 2.071070e+01 2.050620e+01 2.085500e+01 2.086000e+01 2.068648e+01 2.051556e+01
2.085500e+01 2.086000e+01 2.068648e+01 2.051556e+01 2.086500e+01 2.086000e+01 2.066507e+01 2.052616e+01
2.087000e+01 2.085500e+01 2.065012e+01 2.053476e+01 2.086500e+01 2.086000e+01 2.066507e+01 2.052616e+01
2.126000e+01 2.085500e+01 2.077125e+01 2.076195e+01 2.126000e+01 2.086500e+01 2.077324e+01 2.076236e+01
2.036000e+01 2.086500e+01 2.084675e+01 2.075640e+01 2.036000e+01 2.087500e+01 2.084461e+01 2.075699e+01
2.078000e+01 2.086500e+01 2.089482e+01 2.049987e+01 2.078500e+01 2.087000e+01 2.087926e+01 2.049600e+01
2.078500e+01 2.087000e+01 2.087926e+01 2.049600e+01 2.079500e+01 2.087000e+01 2.085294e+01 2.049145e+01
2.079500e+01 2.087000e+01 2.085294e+01 2.049145e+01 2.080500e+01 2.087000e+01 2.082552e+01 2.048916e+01
2.080500e+01 2.087000e+01 2.082552e+01 2.048916e+01 2.081500e+01 2.087000e+01 2.079768e+01 2.048930e+01
2.081500e+01 2.087000e+01 2.079768e+01 2.048930e+01 2.082500e+01 2.087000e+01 2.077017e+01 2.049187e+01
2.082500e+01 2.087000e+01 2.077017e+01 2.049187e+01 2.083500e+01 2.087000e+01 2.074369e+01 2.049671e+01
2.084000e+01 2.086500e+01 2.072786e+01 2.050080e+01 2.083500e+01 2.087000e+01 2.074369e+01 2.049671e+01
2.126000e+01 2.086500e+01 2.077324e+01 2.076236e+01 2.126000e+01 2.087500e+01 2.077539e+01 2.076288e+01
2.036000e+01 2.087500e+01 2.084461e+01 2.075699e+01 2.036500e+01 2.088000e+01 2.084778e+01 2.075620e+01
2.036500e+01 2.088000e+01 2.084778e+01 2.075620e+01 2.037000e+01 2.088500e+01 2.085087e+01 2.075528e+01
2.126000e+01 2.087500e+01 2.077539e+01 2.076288e+01 2.126000e+01 2.088500e+01 2.077772e+01 2.076354e+01
2.037000e+01 2.088500e+01 2.085087e+01 2.075528e+01 2.037000e+01 2.089500e+01 2.084832e+01 2.075599e+01
2.126000e+01 2.088500e+01 2.077772e+01 2.076354e+01 2.126000e+01 2.089500e+01 2.078019e+01 2.076432e+01
2.037000e+01 2.089500e+01 2.084832e+01 2.075599e+01 2.037000e+01 2.090500e+01 2.084563e+01 2.075686e+01
2.125500e+01 2.090000e+01 2.077727e+01 2.076348e+01 2.125000e+01 2.090500e+01 2.077444e+01 2.076251e+01
2.126000e+01 2.089500e+01 2.078019e+01 2.076432e+01 2.125500e+01 2.090000e+01 2.077727e+01 2.076348e+01
2.037000e+01 2.090500e+01 2.084563e+01 2.075686e+01 2.037000e+01 2.091500e+01 2.084279e+01 2.075789e+01
2.125000e+01 2.090500e+01 2.077444e+01 2.076251e+01 2.125000e+01 2.091500e+01 2.077730e+01 2.076345e+01
2.037000e+01 2.091500e+01 2.084279e+01 2.075789e+01 2.037500e+01 2.092000e+01 2.084540e+01 2.075700e+01
2.037500e+01 2.092000e+01 2.084540e+01 2.075700e+01 2.038000e+01 2.092500e+01 2.084792e+01 2.075600e+01
2.125000e+01 2.091500e+01 2.077730e+01 2.076345e+01 2.125000e+01 2.092500e+01 2.078029e+01 2.076455e+01
2.038000e+01 2.092500e+01 2.084792e+01 2.075600e+01 2.038000e+01 2.093500e+01 2.084472e+01 2.075725e+01
2.125000e+01 2.092500e+01 2.078029e+01 2.076455e+01 2.125000e+01 2.093500e+01 2.078341e+01 2.076582e+01
2.038000e+01 2.093500e+01 2.084472e+01 2.075725e+01 2.038000e+01 2.094500e+01 2.084142e+01 2.075868e+01
2.124500e+01 2.094000e+01 2.078105e+01 2.076493e+01 2.124000e+01 2.094500e+01 2.077879e+01 2.076392e+01
2.125000e+01 2.093500e+01 2.078341e+01 2.076582e+01 2.124500e+01 2.094000e+01 2.078105e+01 2.076493e+01
2.038000e+01 2.094500e+01 2.084142e+01 2.075868e+01 2.038500e+01 2.095000e+01 2.084359e+01 2.075779e+01
2.038500e+01 2.095000e+01 2.084359e+01 2.075779e+01 2.039000e+01 2.095500e+01 2.084565e+01 2.075679e+01
2.124000e+01 2.094500e+01 2.077879e+01 2.076392e+01 2.124000e+01 2.095500e+01 2.078224e+01 2.076543e+01
2.039000e+01 2.095500e+01 2.084565e+01 2.075679e+01 2.039000e+01 2.096500e+01 2.084203e+01 2.075851e+01
2.124000e+01 2.095500e+01 2.078224e+01 2.076543e+01 2.124000e+01 2.096500e+01 2.078580e+01 2.076714e+01
2.039000e+01 2.096500e+01 2.084203e+01 2.075851e+01 2.039500e+01 2.097000e+01 2.084388e+01 2.075762e+01
2.039500e+01 2.097000e+01 2.084388e+01 2.075762e+01 2.040000e+01 2.097500e+01 2.084561e+01 2.075663e+01
2.123500e+01 2.097000e+01 2.078386e+01 2.076627e+01 2.123000e+01 2.097500e+01 2.078204e+01 2.076530e+01
2.124000e+01 2.096500e+01 2.078580e+01 2.076714e+01 2.123500e+01 2.097000e+01 2.078386e+01 2.076627e+01
2.040000e+01 2.097500e+01 2.084561e+01 2.075663e+01 2.040000e+01 2.098500e+01 2.084171e+01 2.075868e+01
2.123000e+01 2.097500e+01 2.078204e+01 2.076530e+01 2.123000e+01 2.098500e+01 2.078587e+01 2.076731e+01
2.040000e+01 2.098500e+01 2.084171e+01 2.075868e+01 2.040000e+01 2.099500e+01 2.083775e+01 2.076094e+01
2.122500e+01 2.099000e+01 2.078425e+01 2.076646e+01 2.122000e+01 2.099500e+01 2.078275e+01 2.076553e+01
2.123000e+01 2.098500e+01 2.078587e+01 2.076731e+01 2.122500e+01 2.099000e+01 2.078425e+01 2.076646e+01
2.040000e+01 2.099500e+01 2.083775e+01 2.076094e+01 2.040500e+01 2.100000e+01 2.083920e+01 2.076017e+01
2.040500e+01 2.100000e+01 2.083920e+01 2.076017e+01 2.041000e+01 2.100500e+01 2.084052e+01 2.075932e+01
2.122000e+01 2.099500e+01 2.078275e+01 2.076553e+01 2.122000e+01 2.100500e+01 2.078683e+01 2.076789e+01
2.041000e+01 2.100500e+01 2.084052e+01 2.075932e+01 2.041000e+01 2.101500e+01 2.083635e+01 2.076196e+01
2.122000e+01 2.100500e+01 2.078683e+01 2.076789e+01 2.122000e+01 2.101500e+01 2.079096e+01 2.077045e+01
2.041000e+01 2.101500e+01 2.083635e+01 2.076196e+01 2.041500e+01 2.102000e+01 2.083751e+01 2.076128e+01
2.041500e+01 2.102000e+01 2.083751e+01 2.076128e+01 2.042000e+01 2.102500e+01 2.083853e+01 2.076053e+01
2.121500e+01 2.102000e+01 2.078971e+01 2.076976e+01 2.121000e+01 2.102500e+01 2.078860e+01 2.076899e+01
2.122000e+01 2.101500e+01 2.079096e+01 2.077045e+01 2.121500e+01 2.102000e+01 2.078971e+01 2.076976e+01
2.042000e+01 2.102500e+01 2.083853e+01 2.076053e+01 2.042000e+01 2.103500e+01 2.083419e+01 2.076358e+01
2.121000e+01 2.102500e+01 2.078860e+01 2.076899e+01 2.121000e+01 2.103500e+01 2.079292e+01 2.077194e+01
2.042000e+01 2.103500e+01 2.083419e+01 2.076358e+01 2.042500e+01 2.104000e+01 2.083508e+01 2.076303e+01
2.042500e+01 2.104000e+01 2.083508e+01 2.076303e+01 2.043000e+01 2.104500e+01 2.083583e+01 2.076243e+01
2.120500e+01 2.104000e+01 2.079194e+01 2.077136e+01 2.120000e+01 2.104500e+01 2.079111e+01 2.077071e+01
2.121000e+01 2.103500e+01 2.079292e+01 2.077194e+01 2.120500e+01 2.104000e+01 2.079194e+01 2.077136e+01
2.043000e+01 2.104500e+01 2.083583e+01 2.076243e+01 2.043500e+01 2.105000e+01 2.083653e+01 2.076193e+01
2.043500e+01 2.105000e+01 2.083653e+01 2.076193e+01 2.044000e+01 2.105500e+01 2.083708e+01 2.076138e+01
2.119500e+01 2.105000e+01 2.079033e+01 2.077017e+01 2.119000e+01 2.105500e+01 2.078970e+01 2.076957e+01
2.120000e+01 2.104500e+01 2.079111e+01 2.077071e+01 2.119500e+01 2.105000e+01 2.079033e+01 2.077017e+01
2.044000e+01 2.105500e+01 2.083708e+01 2.076138e+01 2.044000e+01 2.106500e+01 2.083252e+01 2.076508e+01
2.119000e+01 2.105500e+01 2.078970e+01 2.076957e+01 2.119000e+01 2.106500e+01 2.079425e+01 2.077315e+01
2.044000e+01 2.106500e+01 2.083252e+01 2.076508e+01 2.044500e+01 2.107000e+01 2.083298e+01 2.076477e+01
2.044500e+01 2.107000e+01 2.083298e+01 2.076477e+01 2.045000e+01 2.107500e+01 2.083330e+01 2.076442e+01
2.118500e+01 2.107000e+01 2.079371e+01 2.077277e+01 2.118000e+01 2.107500e+01 2.079332e+01 2.077236e+01
2.119000e+01 2.106500e+01 2.079425e+01 2.077315e+01 2.118500e+01 2.107000e+01 2.079371e+01 2.077277e+01
2.045000e+01 2.107500e+01 2.083330e+01 2.076442e+01 2.045500e+01 2.108000e+01 2.083359e+01 2.076419e+01
2.045500e+01 2.108000e+01 2.083359e+01 2.076419e+01 2.046000e+01 2.108500e+01 2.083373e+01 2.076393e+01
2.118000e+01 2.107500e+01 2.079332e+01 2.077236e+01 2.118000e+01 2.108500e+01 2.079794e+01 2.077637e+01
2.046000e+01 2.108500e+01 2.083373e+01 2.076393e+01 2.046000e+01 2.109500e+01 2.082907e+01 2.076833e+01
2.117500e+01 2.109000e+01 2.079761e+01 2.077619e+01 2.117000e+01 2.109500e+01 2.079743e+01 2.077598e+01
2.118000e+01 2.108500e+01 2.079794e+01 2.077637e+01 2.117500e+01 2.109000e+01 2.079761e+01 2.077619e+01
2.046000e+01 2.109500e+01 2.082907e+01 2.076833e+01 2.046500e+01 2.110000e+01 2.082917e+01 2.076832e+01
2.046500e+01 2.110000e+01 2.082917e+01 2.076832e+01 2.047000e+01 2.110500e+01 2.082913e+01 2.076831e+01
2.116500e+01 2.110000e+01 2.079726e+01 2.077590e+01 2.116000e+01 2.110500e+01 2.079725e+01 2.077579e+01
2.117000e+01 2.109500e+01 2.079743e+01 2.077598e+01 2.116500e+01 2.110000e+01 2.079726e+01 2.077590e+01
2.047000e+01 2.110500e+01 2.082913e+01 2.076831e+01 2.047500e+01 2.111000e+01 2.082909e+01 2.076842e+01
2.047500e+01 2.111000e+01 2.082909e+01 2.076842e+01 2.048000e+01 2.111500e+01 2.082890e+01 2.076853e+01
2.115500e+01 2.111000e+01 2.079724e+01 2.077582e+01 2.115000e+01 2.111500e+01 2.079737e+01 2.077583e+01
2.116000e+01 2.110500e+01 2.079725e+01 2.077579e+01 2.115500e+01 2.111000e+01 2.079724e+01 2.077582e+01
2.048000e+01 2.111500e+01 2.082890e+01 2.076853e+01 2.048500e+01 2.112000e+01 2.082871e+01 2.076877e+01
2.048500e+01 2.112000e+01 2.082871e+01 2.076877e+01 2.049000e+01 2.112500e+01 2.082838e+01 2.076902e+01
2.115000e+01 2.111500e+01 2.079737e+01 2.077583e+01 2.115000e+01 2.112500e+01 2.080204e+01 2.078079e+01
2.049000e+01 2.112500e+01 2.082838e+01 2.076902e+01 2.049500e+01 2.113000e+01 2.082807e+01 2.076941e+01
2.049500e+01 2.113000e+01 2.082807e+01 2.076941e+01 2.050000e+01 2.113500e+01 2.082762e+01 2.076981e+01
2.114500e+01 2.113000e+01 2.080217e+01 2.078105e+01 2.114000e+01 2.113500e+01 2.080245e+01 2.078133e+01
2.115000e+01 2.112500e+01 2.080204e+01 2.078079e+01 2.114500e+01 2.113000e+01 2.080217e+01 2.078105e+01
2.050000e+01 2.113500e+01 2.082762e+01 2.076981e+01 2.050000e+01 2.114500e+01 2.082305e+01 2.077543e+01
2.113500e+01 2.114000e+01 2.080270e+01 2.078173e+01 2.113000e+01 2.114500e+01 2.080310e+01 2.078215e+01
2.114000e+01 2.113500e+01 2.080245e+01 2.078133e+01 2.113500e+01 2.114000e+01 2.080270e+01 2.078173e+01
2.050000e+01 2.114500e+01 2.082305e+01 2.077543e+01 2.050500e+01 2.115000e+01 2.082265e+01 2.077609e+01
2.050500e+01 2.115000e+01 2.082265e+01 2.077609e+01 2.051000e+01 2.115500e+01 2.082212e+01 2.077679e+01
2.112500e+01 2.115000e+01 2.080347e+01 2.078270e+01 2.112000e+01 2.115500e+01 2.080397e+01 2.078327e+01
2.113000e+01 2.114500e+01 2.080310e+01 2.078215e+01 2.112500e+01 2.115000e+01 2.080347e+01 2.078270e+01
2.051000e+01 2.115500e+01 2.082212e+01 2.077679e+01 2.051500e+01 2.116000e+01 2.082162e+01 2.077760e+01
2.051500e+01 2.116000e+01 2.082162e+01 2.077760e+01 2.052500e+01 2.116000e+01 2.082482e+01 2.077317e+01
2.052500e+01 2.116000e+01 2.082482e+01 2.077317e+01 2.053000e+01 2.116500e+01 2.082408e+01 2.077407e+01
2.111500e+01 2.116000e+01 2.080444e+01 2.078397e+01 2.111000e+01 2.116500e+01 2.080503e+01 2.078471e+01
2.112000e+01 2.115500e+01 2.080397e+01 2.078327e+01 2.111500e+01 2.116000e+01 2.080444e+01 2.078397e+01
2.053000e+01 2.116500e+01 2.082408e+01 2.077407e+01 2.053500e+01 2.117000e+01 2.082339e+01 2.077510e+01
2.053500e+01 2.117000e+01 2.082339e+01 2.077510e+01 2.054000e+01 2.117500e+01 2.082259e+01 2.077618e+01
2.110500e+01 2.117000e+01 2.080559e+01 2.078557e+01 2.110000e+01 2.117500e+01 2.080626e+01 2.078647e+01
2.111000e+01 2.116500e+01 2.080503e+01 2.078471e+01 2.110500e+01 2.117000e+01 2.080559e+01 2.078557e+01
2.054000e+01 2.117500e+01 2.082259e+01 2.077618e+01 2.054500e+01 2.118000e+01 2.082184e+01 2.077739e+01
2.054500e+01 2.118000e+01 2.082184e+01 2.077739e+01 2.055000e+01 2.118500e+01 2.082098e+01 2.077866e+01
2.109500e+01 2.118000e+01 2.080689e+01 2.078750e+01 2.109000e+01 2.118500e+01 2.080763e+01 2.078857e+01
2.110000e+01 2.117500e+01 2.080626e+01 2.078647e+01 2.109500e+01 2.118000e+01 2.080689e+01 2.078750e+01
2.055000e+01 2.118500e+01 2.082098e+01 2.077866e+01 2.055500e+01 2.119000e+01 2.082019e+01 2.078005e+01
2.055500e+01 2.119000e+01 2.082019e+01 2.078005e+01 2.056000e+01 2.119500e+01 2.081930e+01 2.078150e+01
2.107500e+01 2.119000e+01 2.080567e+01 2.078555e+01 2.107000e+01 2.119500e+01 2.080656e+01 2.078687e+01
2.107500e+01 2.119000e+01 2.080567e+01 2.078555e+01 2.108500e+01 2.119000e+01 2.080831e+01 2.078977e+01
2.109000e+01 2.118500e+01 2.080763e+01 2.078857e+01 2.108500e+01 2.119000e+01 2.080831e+01 2.078977e+01
2.056000e+01 2.119500e+01 2.081930e+01 2.078150e+01 2.056500e+01 2.120000e+01 2.081848e+01 2.078308e+01
2.056500e+01 2.120000e+01 2.081848e+01 2.078308e+01 2.057000e+01 2.120500e+01 2.081757e+01 2.078472e+01
2.106500e+01 2.120000e+01 2.080739e+01 2.078831e+01 2.106000e+01 2.120500e+01 2.080831e+01 2.078982e+01
2.107000e+01 2.119500e+01 2.080656e+01 2.078687e+01 2.106500e+01 2.120000e+01 2.080739e+01 2.078831e+01
2.057000e+01 2.120500e+01 2.081757e+01 2.078472e+01 2.057500e+01 2.121000e+01 2.081673e+01 2.078648e+01
2.057500e+01 2.121000e+01 2.081673e+01 2.078648e+01 2.058500e+01 2.121000e+01 2.081867e+01 2.078271e+01
2.058500e+01 2.121000e+01 2.081867e+01 2.078271e+01 2.059000e+01 2.121500e+01 2.081768e+01 2.078463e+01
2.105500e+01 2.121000e+01 2.080916e+01 2.079144e+01 2.105000e+01 2.121500e+01 2.081009e+01 2.079314e+01
2.106000e+01 2.120500e+01 2.080831e+01 2.078982e+01 2.105500e+01 2.121000e+01 2.080916e+01 2.079144e+01
2.059000e+01 2.121500e+01 2.081768e+01 2.078463e+01 2.059500e+01 2.122000e+01 2.081677e+01 2.078665e+01
2.059500e+01 2.122000e+01 2.081677e+01 2.078665e+01 2.060500e+01 2.122000e+01 2.081835e+01 2.078312e+01
2.060500e+01 2.122000e+01 2.081835e+01 2.078312e+01 2.061000e+01 2.122500e+01 2.081731e+01 2.078532e+01
2.103500e+01 2.122000e+01 2.080905e+01 2.079120e+01 2.103000e+01 2.122500e+01 2.081006e+01 2.079317e+01
2.103500e+01 2.122000e+01 2.080905e+01 2.079120e+01 2.104500e+01 2.122000e+01 2.081094e+01 2.079494e+01
2.105000e+01 2.121500e+01 2.081009e+01 2.079314e+01 2.104500e+01 2.122000e+01 2.081094e+01 2.079494e+01
2.061000e+01 2.122500e+01 2.081731e+01 2.078532e+01 2.061500e+01 2.123000e+01 2.081637e+01 2.078763e+01
2.061500e+01 2.123000e+01 2.081637e+01 2.078763e+01 2.062000e+01 2.123500e+01 2.081537e+01 2.079003e+01
2.101500e+01 2.123000e+01 2.080942e+01 2.079174e+01 2.101000e+01 2.123500e+01 2.081046e+01 2.079400e+01
2.101500e+01 2.123000e+01 2.080942e+01 2.079174e+01 2.102500e+01 2.123000e+01 2.081097e+01 2.079524e+01
2.103000e+01 2.122500e+01 2.081006e+01 2.079317e+01 2.102500e+01 2.123000e+01 2.081097e+01 2.079524e+01
2.062000e+01 2.123500e+01 2.081537e+01 2.079003e+01 2.062500e+01 2.124000e+01 2.081447e+01 2.079252e+01
2.062500e+01 2.124000e+01 2.081447e+01 2.079252e+01 2.063500e+01 2.124000e+01 2.081564e+01 2.078946e+01
2.063500e+01 2.124000e+01 2.081564e+01 2.078946e+01 2.064000e+01 2.124500e+01 2.081466e+01 2.079215e+01
2.099500e+01 2.124000e+01 2.081015e+01 2.079313e+01 2.099000e+01 2.124500e+01 2.081117e+01 2.079569e+01
2.099500e+01 2.124000e+01 2.081015e+01 2.079313e+01 2.100500e+01 2.124000e+01 2.081140e+01 2.079636e+01
2.101000e+01 2.123500e+01 2.081046e+01 2.079400e+01 2.100500e+01 2.124000e+01 2.081140e+01 2.079636e+01
2.064000e+01 2.124500e+01 2.081466e+01 2.079215e+01 2.064500e+01 2.125000e+01 2.081378e+01 2.079493e+01
2.064500e+01 2.125000e+01 2.081378e+01 2.079493e+01 2.065500e+01 2.125000e+01 2.081471e+01 2.079218e+01
2.065500e+01 2.125000e+01 2.081471e+01 2.079218e+01 2.066500e+01 2.125000e+01 2.081547e+01 2.078955e+01
2.066500e+01 2.125000e+01 2.081547e+01 2.078955e+01 2.067000e+01 2.125500e+01 2.081453e+01 2.079265e+01
2.097500e+01 2.125000e+01 2.081110e+01 2.079541e+01 2.097000e+01 2.125500e+01 2.081208e+01 2.079825e+01
2.097500e+01 2.125000e+01 2.081110e+01 2.079541e+01 2.098500e+01 2.125000e+01 2.081210e+01 2.079832e+01
2.099000e+01 2.124500e+01 2.081117e+01 2.079569e+01 2.098500e+01 2.125000e+01 2.081210e+01 2.079832e+01
2.067000e+01 2.125500e+01 2.081453e+01 2.079265e+01 2.067500e+01 2.126000e+01 2.081369e+01 2.079581e+01
2.067500e+01 2.126000e+01 2.081369e+01 2.079581e+01 2.068500e+01 2.126000e+01 2.081428e+01 2.079353e+01
2.068500e+01 2.126000e+01 2.081428e+01 2.079353e+01 2.069500e+01 2.126000e+01 2.081474e+01 2.079140e+01
2.069500e+01 2.126000e+01 2.081474e+01 2.079140e+01 2.070000e+01 2.126500e+01 2.081391e+01 2.079489e+01
2.094500e+01 2.126000e+01 2.081152e+01 2.079614e+01 2.094000e+01 2.126500e+01 2.081242e+01 2.079938e+01
2.094500e+01 2.126000e+01 2.081152e+01 2.079614e+01 2.095500e+01 2.126000e+01 2.081217e+01 2.079859e+01
2.095500e+01 2.126000e+01 2.081217e+01 2.079859e+01 2.096500e+01 2.126000e+01 2.081296e+01 2.080117e+01
2.097000e+01 2.125500e+01 2.081208e+01 2.079825e+01 2.096500e+01 2.126000e+01 2.081296e+01 2.080117e+01
2.070000e+01 2.126500e+01 2.081391e+01 2.079489e+01 2.070500e+01 2.127000e+01 2.081319e+01 2.079843e+01
2.070500e+01 2.127000e+01 2.081319e+01 2.079843e+01 2.071500e+01 2.127000e+01 2.081354e+01 2.079667e+01
2.071500e+01 2.127000e+01 2.081354e+01 2.079667e+01 2.072500e+01 2.127000e+01 2.081379e+01 2.079506e+01
2.072500e+01 2.127000e+01 2.081379e+01 2.079506e+01 2.073000e+01 2.127500e+01 2.081315e+01 2.079893e+01
2.090500e+01 2.127000e+01 2.081202e+01 2.079686e+01 2.090000e+01 2.127500e+01 2.081274e+01 2.080060e+01
2.090500e+01 2.127000e+01 2.081202e+01 2.079686e+01 2.091500e+01 2.127000e+01 2.081231e+01 2.079865e+01
2.091500e+01 2.127000e+01 2.081231e+01 2.079865e+01 2.092500e+01 2.127000e+01 2.081270e+01 2.080059e+01
2.092500e+01 2.127000e+01 2.081270e+01 2.080059e+01 2.093500e+01 2.127000e+01 2.081322e+01 2.080269e+01
2.094000e+01 2.126500e+01 2.081242e+01 2.079938e+01 2.093500e+01 2.127000e+01 2.081322e+01 2.080269e+01
2.073000e+01 2.127500e+01 2.081315e+01 2.079893e+01 2.073500e+01 2.128000e+01 2.081261e+01 2.080284e+01
2.073500e+01 2.128000e+01 2.081261e+01 2.080284e+01 2.074500e+01 2.128000e+01 2.081284e+01 2.080161e+01
2.074500e+01 2.128000e+01 2.081284e+01 2.080161e+01 2.075500e+01 2.128000e+01 2.081299e+01 2.080056e+01
2.075500e+01 2.128000e+01 2.081299e+01 2.080056e+01 2.076500e+01 2.128000e+01 2.081308e+01 2.079967e+01
2.076500e+01 2.128000e+01 2.081308e+01 2.079967e+01 2.077500e+01 2.128000e+01 2.081311e+01 2.079896e+01
2.077500e+01 2.128000e+01 2.081311e+01 2.079896e+01 2.078500e+01 2.128000e+01 2.081310e+01 2.079842e+01
2.078500e+01 2.128000e+01 2.081310e+01 2.079842e+01 2.079500e+01 2.128000e+01 2.081306e+01 2.079807e+01
2.079500e+01 2.128000e+01 2.081306e+01 2.079807e+01 2.080500e+01 2.128000e+01 2.081299e+01 2.079790e+01
2.080500e+01 2.128000e+01 2.081299e+01 2.079790e+01 2.081500e+01 2.128000e+01 2.081292e+01 2.079790e+01
2.081500e+01 2.128000e+01 2.081292e+01 2.079790e+01 2.082500e+01 2.128000e+01 2.081285e+01 2.079809e+01
2.082500e+01 2.128000e+01 2.081285e+01 2.079809e+01 2.083500e+01 2.128000e+01 2.081279e+01 2.079846e+01
2.083500e+01 2.128000e+01 2.081279e+01 2.079846e+01 2.084500e+01 2.128000e+01 2.081276e+01 2.079901e+01
2.084500e+01 2.128000e+01 2.081276e+01 2.079901e+01 2.085500e+01 2.128000e+01 2.081276e+01 2.079974e+01
2.085500e+01 2.128000e+01 2.081276e+01 2.079974e+01 2.086500e+01 2.128000e+01 2.081282e+01 2.080065e+01
2.086500e+01 2.128000e+01 2.081282e+01 2.080065e+01 2.087500e+01 2.128000e+01 2.081292e+01 2.080172e+01
2.087500e+01 2.128000e+01 2.081292e+01 2.080172e+01 2.088500e+01 2.128000e+01 2.081310e+01 2.080297e+01
2.088500e+01 2.128000e+01 2.081310e+01 2.080297e+01 2.089500e+01 2.128000e+01 2.081336e+01 2.080439e+01
2.090000e+01 2.127500e+01 2.081274e+01 2.080060e+01 2.089500e+01 2.128000e+01 2.081336e+01 2.080439e+01
