2.072500e+01 2.018000e+01 2.080079e+01 2.065144e+01 2.072000e+01 2.018500e+01 2.080145e+01 2.065591e+01
2.072500e+01 2.018000e+01 2.080079e+01 2.065144e+01 2.073500e+01 2.018000e+01 2.080108e+01 2.065295e+01
2.073500e+01 2.018000e+01 2.080108e+01 2.065295e+01 2.074500e+01 2.018000e+01 2.080129e+01 2.065427e+01
2.074500e+01 2.018000e+01 2.080129e+01 2.065427e+01 2.075500e+01 2.018000e+01 2.080142e+01 2.065538e+01
2.075500e+01 2.018000e+01 2.080142e+01 2.065538e+01 2.076500e+01 2.018000e+01 2.080149e+01 2.065629e+01
2.076500e+01 2.018000e+01 2.080149e+01 2.065629e+01 2.077500e+01 2.018000e+01 2.080152e+01 2.065700e+01
2.077500e+01 2.018000e+01 2.080152e+01 2.065700e+01 2.078500e+01 2.018000e+01 2.080152e+01 2.065751e+01
2.078500e+01 2.018000e+01 2.080152e+01 2.065751e+01 2.079500e+01 2.018000e+01 2.080149e+01 2.065781e+01
2.079500e+01 2.018000e+01 2.080149e+01 2.065781e+01 2.080500e+01 2.018000e+01 2.080146e+01 2.065790e+01
2.080500e+01 2.018000e+01 2.080146e+01 2.065790e+01 2.081500e+01 2.018000e+01 2.080144e+01 2.065778e+01
2.081500e+01 2.018000e+01 2.080144e+01 2.065778e+01 2.082500e+01 2.018000e+01 2.080145e+01 2.065746e+01
2.082500e+01 2.018000e+01 2.080145e+01 2.065746e+01 2.083500e+01 2.018000e+01 2.080149e+01 2.065693e+01
2.083500e+01 2.018000e+01 2.080149e+01 2.065693e+01 2.084500e+01 2.018000e+01 2.080159e+01 2.065619e+01
2.084500e+01 2.018000e+01 2.080159e+01 2.065619e+01 2.085500e+01 2.018000e+01 2.080174e+01 2.065526e+01
2.085500e+01 2.018000e+01 2.080174e+01 2.065526e+01 2.086000e+01 2.018500e+01 2.080130e+01 2.066008e+01
2.069500e+01 2.019000e+01 2.080146e+01 2.065626e+01 2.069000e+01 2.019500e+01 2.080232e+01 2.066030e+01
2.069500e+01 2.019000e+01 2.080146e+01 2.065626e+01 2.070500e+01 2.019000e+01 2.080190e+01 2.065838e+01
2.070500e+01 2.019000e+01 2.080190e+01 2.065838e+01 2.071500e+01 2.019000e+01 2.080222e+01 2.066031e+01
2.072000e+01 2.018500e+01 2.080145e+01 2.065591e+01 2.071500e+01 2.019000e+01 2.080222e+01 2.066031e+01
2.086000e+01 2.018500e+01 2.080130e+01 2.066008e+01 2.086500e+01 2.019000e+01 2.080073e+01 2.066484e+01
2.086500e+01 2.019000e+01 2.080073e+01 2.066484e+01 2.087500e+01 2.019000e+01 2.080086e+01 2.066348e+01
2.087500e+01 2.019000e+01 2.080086e+01 2.066348e+01 2.088500e+01 2.019000e+01 2.080110e+01 2.066192e+01
2.088500e+01 2.019000e+01 2.080110e+01 2.066192e+01 2.089500e+01 2.019000e+01 2.080146e+01 2.066017e+01
2.089500e+01 2.019000e+01 2.080146e+01 2.066017e+01 2.090000e+01 2.019500e+01 2.080073e+01 2.066447e+01
2.066500e+01 2.020000e+01 2.080201e+01 2.065902e+01 2.066000e+01 2.020500e+01 2.080299e+01 2.066262e+01
2.066500e+01 2.020000e+01 2.080201e+01 2.065902e+01 2.067500e+01 2.020000e+01 2.080273e+01 2.066172e+01
2.067500e+01 2.020000e+01 2.080273e+01 2.066172e+01 2.068500e+01 2.020000e+01 2.080329e+01 2.066425e+01
2.069000e+01 2.019500e+01 2.080232e+01 2.066030e+01 2.068500e+01 2.020000e+01 2.080329e+01 2.066425e+01
2.090000e+01 2.019500e+01 2.080073e+01 2.066447e+01 2.090500e+01 2.020000e+01 2.079989e+01 2.066869e+01
2.090500e+01 2.020000e+01 2.079989e+01 2.066869e+01 2.091500e+01 2.020000e+01 2.080034e+01 2.066653e+01
2.091500e+01 2.020000e+01 2.080034e+01 2.066653e+01 2.092000e+01 2.020500e+01 2.079948e+01 2.067052e+01
2.064500e+01 2.021000e+01 2.080315e+01 2.066304e+01 2.064000e+01 2.021500e+01 2.080420e+01 2.066631e+01
2.064500e+01 2.021000e+01 2.080315e+01 2.066304e+01 2.065500e+01 2.021000e+01 2.080408e+01 2.066612e+01
2.066000e+01 2.020500e+01 2.080299e+01 2.066262e+01 2.065500e+01 2.021000e+01 2.080408e+01 2.066612e+01
2.092000e+01 2.020500e+01 2.079948e+01 2.067052e+01 2.092500e+01 2.021000e+01 2.079849e+01 2.067441e+01
2.092500e+01 2.021000e+01 2.079849e+01 2.067441e+01 2.093500e+01 2.021000e+01 2.079910e+01 2.067184e+01
2.093500e+01 2.021000e+01 2.079910e+01 2.067184e+01 2.094500e+01 2.021000e+01 2.079989e+01 2.066910e+01
2.094500e+01 2.021000e+01 2.079989e+01 2.066910e+01 2.095000e+01 2.021500e+01 2.079893e+01 2.067266e+01
2.062500e+01 2.022000e+01 2.080416e+01 2.066603e+01 2.062000e+01 2.022500e+01 2.080523e+01 2.066898e+01
2.062500e+01 2.022000e+01 2.080416e+01 2.066603e+01 2.063500e+01 2.022000e+01 2.080536e+01 2.066948e+01
2.064000e+01 2.021500e+01 2.080420e+01 2.066631e+01 2.063500e+01 2.022000e+01 2.080536e+01 2.066948e+01
2.095000e+01 2.021500e+01 2.079893e+01 2.067266e+01 2.095500e+01 2.022000e+01 2.079786e+01 2.067612e+01
2.095500e+01 2.022000e+01 2.079786e+01 2.067612e+01 2.096500e+01 2.022000e+01 2.079890e+01 2.067300e+01
2.096500e+01 2.022000e+01 2.079890e+01 2.067300e+01 2.097000e+01 2.022500e+01 2.079790e+01 2.067624e+01
2.060500e+01 2.023000e+01 2.080488e+01 2.066803e+01 2.060000e+01 2.023500e+01 2.080594e+01 2.067067e+01
2.060500e+01 2.023000e+01 2.080488e+01 2.066803e+01 2.061500e+01 2.023000e+01 2.080642e+01 2.067182e+01
2.062000e+01 2.022500e+01 2.080523e+01 2.066898e+01 2.061500e+01 2.023000e+01 2.080642e+01 2.067182e+01
2.097000e+01 2.022500e+01 2.079790e+01 2.067624e+01 2.097500e+01 2.023000e+01 2.079678e+01 2.067938e+01
2.097500e+01 2.023000e+01 2.079678e+01 2.067938e+01 2.098000e+01 2.023500e+01 2.079572e+01 2.068240e+01
2.059500e+01 2.024000e+01 2.080710e+01 2.067318e+01 2.059000e+01 2.024500e+01 2.080819e+01 2.067560e+01
2.060000e+01 2.023500e+01 2.080594e+01 2.067067e+01 2.059500e+01 2.024000e+01 2.080710e+01 2.067318e+01
2.098000e+01 2.023500e+01 2.079572e+01 2.068240e+01 2.098500e+01 2.024000e+01 2.079455e+01 2.068532e+01
2.098500e+01 2.024000e+01 2.079455e+01 2.068532e+01 2.099500e+01 2.024000e+01 2.079600e+01 2.068164e+01
2.099500e+01 2.024000e+01 2.079600e+01 2.068164e+01 2.100000e+01 2.024500e+01 2.079495e+01 2.068436e+01
2.057500e+01 2.025000e+01 2.080728e+01 2.067362e+01 2.057000e+01 2.025500e+01 2.080828e+01 2.067574e+01
2.057500e+01 2.025000e+01 2.080728e+01 2.067362e+01 2.058500e+01 2.025000e+01 2.080937e+01 2.067790e+01
2.059000e+01 2.024500e+01 2.080819e+01 2.067560e+01 2.058500e+01 2.025000e+01 2.080937e+01 2.067790e+01
2.100000e+01 2.024500e+01 2.079495e+01 2.068436e+01 2.100500e+01 2.025000e+01 2.079381e+01 2.068696e+01
2.100500e+01 2.025000e+01 2.079381e+01 2.068696e+01 2.101000e+01 2.025500e+01 2.079273e+01 2.068946e+01
2.056500e+01 2.026000e+01 2.080937e+01 2.067774e+01 2.056000e+01 2.026500e+01 2.081035e+01 2.067965e+01
2.057000e+01 2.025500e+01 2.080828e+01 2.067574e+01 2.056500e+01 2.026000e+01 2.080937e+01 2.067774e+01
2.101000e+01 2.025500e+01 2.079273e+01 2.068946e+01 2.101500e+01 2.026000e+01 2.079157e+01 2.069184e+01
2.101500e+01 2.026000e+01 2.079157e+01 2.069184e+01 2.102000e+01 2.026500e+01 2.079049e+01 2.069413e+01
2.055500e+01 2.027000e+01 2.081141e+01 2.068143e+01 2.055000e+01 2.027500e+01 2.081235e+01 2.068314e+01
2.056000e+01 2.026500e+01 2.081035e+01 2.067965e+01 2.055500e+01 2.027000e+01 2.081141e+01 2.068143e+01
2.102000e+01 2.026500e+01 2.079049e+01 2.069413e+01 2.102500e+01 2.027000e+01 2.078933e+01 2.069629e+01
2.102500e+01 2.027000e+01 2.078933e+01 2.069629e+01 2.103500e+01 2.027000e+01 2.079153e+01 2.069195e+01
2.103500e+01 2.027000e+01 2.079153e+01 2.069195e+01 2.104000e+01 2.027500e+01 2.079056e+01 2.069395e+01
2.054500e+01 2.028000e+01 2.081337e+01 2.068471e+01 2.054000e+01 2.028500e+01 2.081426e+01 2.068622e+01
2.055000e+01 2.027500e+01 2.081235e+01 2.068314e+01 2.054500e+01 2.028000e+01 2.081337e+01 2.068471e+01
2.104000e+01 2.027500e+01 2.079056e+01 2.069395e+01 2.104500e+01 2.028000e+01 2.078952e+01 2.069582e+01
2.104500e+01 2.028000e+01 2.078952e+01 2.069582e+01 2.105000e+01 2.028500e+01 2.078858e+01 2.069761e+01
2.053500e+01 2.029000e+01 2.081522e+01 2.068759e+01 2.053000e+01 2.029500e+01 2.081605e+01 2.068891e+01
2.054000e+01 2.028500e+01 2.081426e+01 2.068622e+01 2.053500e+01 2.029000e+01 2.081522e+01 2.068759e+01
2.105000e+01 2.028500e+01 2.078858e+01 2.069761e+01 2.105500e+01 2.029000e+01 2.078758e+01 2.069927e+01
2.105500e+01 2.029000e+01 2.078758e+01 2.069927e+01 2.106000e+01 2.029500e+01 2.078670e+01 2.070086e+01
2.052500e+01 2.030000e+01 2.081693e+01 2.069009e+01 2.052000e+01 2.030500e+01 2.081767e+01 2.069121e+01
2.053000e+01 2.029500e+01 2.081605e+01 2.068891e+01 2.052500e+01 2.030000e+01 2.081693e+01 2.069009e+01
2.106000e+01 2.029500e+01 2.078670e+01 2.070086e+01 2.106500e+01 2.030000e+01 2.078575e+01 2.070232e+01
2.106500e+01 2.030000e+01 2.078575e+01 2.070232e+01 2.107000e+01 2.030500e+01 2.078494e+01 2.070372e+01
2.051500e+01 2.031000e+01 2.081846e+01 2.069220e+01 2.051000e+01 2.031500e+01 2.081910e+01 2.069315e+01
2.052000e+01 2.030500e+01 2.081767e+01 2.069121e+01 2.051500e+01 2.031000e+01 2.081846e+01 2.069220e+01
2.107000e+01 2.030500e+01 2.078494e+01 2.070372e+01 2.107500e+01 2.031000e+01 2.078407e+01 2.070498e+01
2.107500e+01 2.031000e+01 2.078407e+01 2.070498e+01 2.108000e+01 2.031500e+01 2.078333e+01 2.070619e+01
2.050500e+01 2.032000e+01 2.081978e+01 2.069396e+01 2.050000e+01 2.032500e+01 2.082031e+01 2.069473e+01
2.051000e+01 2.031500e+01 2.081910e+01 2.069315e+01 2.050500e+01 2.032000e+01 2.081978e+01 2.069396e+01
2.108000e+01 2.031500e+01 2.078333e+01 2.070619e+01 2.108500e+01 2.032000e+01 2.078255e+01 2.070726e+01
2.108500e+01 2.032000e+01 2.078255e+01 2.070726e+01 2.109000e+01 2.032500e+01 2.078192e+01 2.070829e+01
2.049500e+01 2.033000e+01 2.082086e+01 2.069537e+01 2.049000e+01 2.033500e+01 2.082125e+01 2.069599e+01
2.050000e+01 2.032500e+01 2.082031e+01 2.069473e+01 2.049500e+01 2.033000e+01 2.082086e+01 2.069537e+01
2.109000e+01 2.032500e+01 2.078192e+01 2.070829e+01 2.109500e+01 2.033000e+01 2.078124e+01 2.070918e+01
2.109500e+01 2.033000e+01 2.078124e+01 2.070918e+01 2.110000e+01 2.033500e+01 2.078072e+01 2.071003e+01
2.049000e+01 2.033500e+01 2.082125e+01 2.069599e+01 2.049000e+01 2.034500e+01 2.082651e+01 2.070220e+01
2.110000e+01 2.033500e+01 2.078072e+01 2.071003e+01 2.110000e+01 2.034500e+01 2.077555e+01 2.071661e+01
2.048500e+01 2.035000e+01 2.082694e+01 2.070255e+01 2.048000e+01 2.035500e+01 2.082720e+01 2.070288e+01
2.049000e+01 2.034500e+01 2.082651e+01 2.070220e+01 2.048500e+01 2.035000e+01 2.082694e+01 2.070255e+01
2.110000e+01 2.034500e+01 2.077555e+01 2.071661e+01 2.110500e+01 2.035000e+01 2.077496e+01 2.071719e+01
2.110500e+01 2.035000e+01 2.077496e+01 2.071719e+01 2.111000e+01 2.035500e+01 2.077455e+01 2.071774e+01
2.047500e+01 2.036000e+01 2.082747e+01 2.070308e+01 2.047000e+01 2.036500e+01 2.082756e+01 2.070327e+01
2.048000e+01 2.035500e+01 2.082720e+01 2.070288e+01 2.047500e+01 2.036000e+01 2.082747e+01 2.070308e+01
2.111000e+01 2.035500e+01 2.077455e+01 2.071774e+01 2.111500e+01 2.036000e+01 2.077411e+01 2.071816e+01
2.111500e+01 2.036000e+01 2.077411e+01 2.071816e+01 2.112000e+01 2.036500e+01 2.077384e+01 2.071857e+01
2.047000e+01 2.036500e+01 2.082756e+01 2.070327e+01 2.047000e+01 2.037500e+01 2.083290e+01 2.070872e+01
2.112000e+01 2.036500e+01 2.077384e+01 2.071857e+01 2.112500e+01 2.037000e+01 2.077356e+01 2.071883e+01
2.112500e+01 2.037000e+01 2.077356e+01 2.071883e+01 2.113000e+01 2.037500e+01 2.077345e+01 2.071910e+01
2.046500e+01 2.038000e+01 2.083295e+01 2.070866e+01 2.046000e+01 2.038500e+01 2.083285e+01 2.070861e+01
2.047000e+01 2.037500e+01 2.083290e+01 2.070872e+01 2.046500e+01 2.038000e+01 2.083295e+01 2.070866e+01
2.113000e+01 2.037500e+01 2.077345e+01 2.071910e+01 2.113000e+01 2.038500e+01 2.076817e+01 2.072462e+01
2.045500e+01 2.039000e+01 2.083273e+01 2.070843e+01 2.045000e+01 2.039500e+01 2.083243e+01 2.070828e+01
2.046000e+01 2.038500e+01 2.083285e+01 2.070861e+01 2.045500e+01 2.039000e+01 2.083273e+01 2.070843e+01
2.113000e+01 2.038500e+01 2.076817e+01 2.072462e+01 2.113500e+01 2.039000e+01 2.076807e+01 2.072462e+01
2.113500e+01 2.039000e+01 2.076807e+01 2.072462e+01 2.114000e+01 2.039500e+01 2.076815e+01 2.072463e+01
2.045000e+01 2.039500e+01 2.083243e+01 2.070828e+01 2.045000e+01 2.040500e+01 2.083771e+01 2.071298e+01
2.114000e+01 2.039500e+01 2.076815e+01 2.072463e+01 2.114000e+01 2.040500e+01 2.076291e+01 2.072964e+01
2.044500e+01 2.041000e+01 2.083735e+01 2.071259e+01 2.044000e+01 2.041500e+01 2.083681e+01 2.071223e+01
2.045000e+01 2.040500e+01 2.083771e+01 2.071298e+01 2.044500e+01 2.041000e+01 2.083735e+01 2.071259e+01
2.114000e+01 2.040500e+01 2.076291e+01 2.072964e+01 2.114500e+01 2.041000e+01 2.076303e+01 2.072939e+01
2.114500e+01 2.041000e+01 2.076303e+01 2.072939e+01 2.115000e+01 2.041500e+01 2.076332e+01 2.072917e+01
2.044000e+01 2.041500e+01 2.083681e+01 2.071223e+01 2.044000e+01 2.042500e+01 2.084200e+01 2.071646e+01
2.115000e+01 2.041500e+01 2.076332e+01 2.072917e+01 2.115500e+01 2.042000e+01 2.076365e+01 2.072882e+01
2.115500e+01 2.042000e+01 2.076365e+01 2.072882e+01 2.116000e+01 2.042500e+01 2.076416e+01 2.072851e+01
2.043500e+01 2.043000e+01 2.084137e+01 2.071588e+01 2.043000e+01 2.043500e+01 2.084052e+01 2.071535e+01
2.044000e+01 2.042500e+01 2.084200e+01 2.071646e+01 2.043500e+01 2.043000e+01 2.084137e+01 2.071588e+01
2.116000e+01 2.042500e+01 2.076416e+01 2.072851e+01 2.116000e+01 2.043500e+01 2.075904e+01 2.073278e+01
2.043000e+01 2.043500e+01 2.084052e+01 2.071535e+01 2.043000e+01 2.044500e+01 2.084558e+01 2.071912e+01
2.116000e+01 2.043500e+01 2.075904e+01 2.073278e+01 2.116500e+01 2.044000e+01 2.075964e+01 2.073224e+01
2.116500e+01 2.044000e+01 2.075964e+01 2.073224e+01 2.117000e+01 2.044500e+01 2.076042e+01 2.073174e+01
2.042500e+01 2.045000e+01 2.084465e+01 2.071839e+01 2.042000e+01 2.045500e+01 2.084353e+01 2.071773e+01
2.043000e+01 2.044500e+01 2.084558e+01 2.071912e+01 2.042500e+01 2.045000e+01 2.084465e+01 2.071839e+01
2.117000e+01 2.044500e+01 2.076042e+01 2.073174e+01 2.117000e+01 2.045500e+01 2.075541e+01 2.073554e+01
2.042000e+01 2.045500e+01 2.084353e+01 2.071773e+01 2.042000e+01 2.046500e+01 2.084838e+01 2.072107e+01
2.117000e+01 2.045500e+01 2.075541e+01 2.073554e+01 2.117500e+01 2.046000e+01 2.075630e+01 2.073484e+01
2.117500e+01 2.046000e+01 2.075630e+01 2.073484e+01 2.118000e+01 2.046500e+01 2.075738e+01 2.073419e+01
2.042000e+01 2.046500e+01 2.084838e+01 2.072107e+01 2.042000e+01 2.047500e+01 2.085317e+01 2.072418e+01
2.118000e+01 2.046500e+01 2.075738e+01 2.073419e+01 2.118000e+01 2.047500e+01 2.075254e+01 2.073754e+01
2.041500e+01 2.048000e+01 2.085183e+01 2.072325e+01 2.041000e+01 2.048500e+01 2.085031e+01 2.072240e+01
2.042000e+01 2.047500e+01 2.085317e+01 2.072418e+01 2.041500e+01 2.048000e+01 2.085183e+01 2.072325e+01
2.118000e+01 2.047500e+01 2.075254e+01 2.073754e+01 2.118000e+01 2.048500e+01 2.074777e+01 2.074064e+01
2.041000e+01 2.048500e+01 2.085031e+01 2.072240e+01 2.041000e+01 2.049500e+01 2.085487e+01 2.072512e+01
2.118000e+01 2.048500e+01 2.074777e+01 2.074064e+01 2.118500e+01 2.049000e+01 2.074905e+01 2.073972e+01
2.118500e+01 2.049000e+01 2.074905e+01 2.073972e+01 2.119000e+01 2.049500e+01 2.075052e+01 2.073887e+01
2.041000e+01 2.049500e+01 2.085487e+01 2.072512e+01 2.041000e+01 2.050500e+01 2.085934e+01 2.072761e+01
2.119000e+01 2.049500e+01 2.075052e+01 2.073887e+01 2.119000e+01 2.050500e+01 2.074598e+01 2.074158e+01
2.040500e+01 2.051000e+01 2.085754e+01 2.072656e+01 2.040000e+01 2.051500e+01 2.085557e+01 2.072560e+01
2.041000e+01 2.050500e+01 2.085934e+01 2.072761e+01 2.040500e+01 2.051000e+01 2.085754e+01 2.072656e+01
2.119000e+01 2.050500e+01 2.074598e+01 2.074158e+01 2.119500e+01 2.051000e+01 2.074762e+01 2.074058e+01
2.119500e+01 2.051000e+01 2.074762e+01 2.074058e+01 2.120000e+01 2.051500e+01 2.074944e+01 2.073965e+01
2.040000e+01 2.051500e+01 2.085557e+01 2.072560e+01 2.040000e+01 2.052500e+01 2.085975e+01 2.072776e+01
2.120000e+01 2.051500e+01 2.074944e+01 2.073965e+01 2.120000e+01 2.052500e+01 2.074517e+01 2.074198e+01
2.040000e+01 2.052500e+01 2.085975e+01 2.072776e+01 2.040000e+01 2.053500e+01 2.086381e+01 2.072970e+01
2.120000e+01 2.052500e+01 2.074517e+01 2.074198e+01 2.120000e+01 2.053500e+01 2.074101e+01 2.074406e+01
2.040000e+01 2.053500e+01 2.086381e+01 2.072970e+01 2.040000e+01 2.054500e+01 2.086775e+01 2.073144e+01
2.078500e+01 2.054000e+01 2.082966e+01 2.091014e+01 2.078000e+01 2.054500e+01 2.083667e+01 2.090936e+01
2.078500e+01 2.054000e+01 2.082966e+01 2.091014e+01 2.079500e+01 2.054000e+01 2.081706e+01 2.091122e+01
2.079500e+01 2.054000e+01 2.081706e+01 2.091122e+01 2.080500e+01 2.054000e+01 2.080437e+01 2.091176e+01
2.080500e+01 2.054000e+01 2.080437e+01 2.091176e+01 2.081500e+01 2.054000e+01 2.079169e+01 2.091174e+01
2.081500e+01 2.054000e+01 2.079169e+01 2.091174e+01 2.082500e+01 2.054000e+01 2.077914e+01 2.091117e+01
2.082500e+01 2.054000e+01 2.077914e+01 2.091117e+01 2.083500e+01 2.054000e+01 2.076681e+01 2.091006e+01
2.083500e+01 2.054000e+01 2.076681e+01 2.091006e+01 2.084000e+01 2.054500e+01 2.076000e+01 2.090931e+01
2.120000e+01 2.053500e+01 2.074101e+01 2.074406e+01 2.120500e+01 2.054000e+01 2.074312e+01 2.074297e+01
2.120500e+01 2.054000e+01 2.074312e+01 2.074297e+01 2.121000e+01 2.054500e+01 2.074540e+01 2.074200e+01
2.039500e+01 2.055000e+01 2.086536e+01 2.073031e+01 2.039000e+01 2.055500e+01 2.086279e+01 2.072929e+01
2.040000e+01 2.054500e+01 2.086775e+01 2.073144e+01 2.039500e+01 2.055000e+01 2.086536e+01 2.073031e+01
2.074500e+01 2.055000e+01 2.088044e+01 2.090016e+01 2.074000e+01 2.055500e+01 2.088776e+01 2.089794e+01
2.074500e+01 2.055000e+01 2.088044e+01 2.090016e+01 2.075500e+01 2.055000e+01 2.086877e+01 2.090333e+01
2.075500e+01 2.055000e+01 2.086877e+01 2.090333e+01 2.076500e+01 2.055000e+01 2.085659e+01 2.090602e+01
2.076500e+01 2.055000e+01 2.085659e+01 2.090602e+01 2.077500e+01 2.055000e+01 2.084398e+01 2.090823e+01
2.078000e+01 2.054500e+01 2.083667e+01 2.090936e+01 2.077500e+01 2.055000e+01 2.084398e+01 2.090823e+01
2.084000e+01 2.054500e+01 2.076000e+01 2.090931e+01 2.084500e+01 2.055000e+01 2.075291e+01 2.090822e+01
2.084500e+01 2.055000e+01 2.075291e+01 2.090822e+01 2.085500e+01 2.055000e+01 2.074085e+01 2.090605e+01
2.085500e+01 2.055000e+01 2.074085e+01 2.090605e+01 2.086500e+01 2.055000e+01 2.072932e+01 2.090342e+01
2.086500e+01 2.055000e+01 2.072932e+01 2.090342e+01 2.087000e+01 2.055500e+01 2.072233e+01 2.090156e+01
2.121000e+01 2.054500e+01 2.074540e+01 2.074200e+01 2.121000e+01 2.055500e+01 2.074157e+01 2.074378e+01
2.039000e+01 2.055500e+01 2.086279e+01 2.072929e+01 2.039000e+01 2.056500e+01 2.086637e+01 2.073077e+01
2.072500e+01 2.056000e+01 2.090609e+01 2.089132e+01 2.072000e+01 2.056500e+01 2.091328e+01 2.088831e+01
2.072500e+01 2.056000e+01 2.090609e+01 2.089132e+01 2.073500e+01 2.056000e+01 2.089533e+01 2.089535e+01
2.074000e+01 2.055500e+01 2.088776e+01 2.089794e+01 2.073500e+01 2.056000e+01 2.089533e+01 2.089535e+01
2.087000e+01 2.055500e+01 2.072233e+01 2.090156e+01 2.087500e+01 2.056000e+01 2.071511e+01 2.089934e+01
2.087500e+01 2.056000e+01 2.071511e+01 2.089934e+01 2.088500e+01 2.056000e+01 2.070449e+01 2.089585e+01
2.088500e+01 2.056000e+01 2.070449e+01 2.089585e+01 2.089500e+01 2.056000e+01 2.069464e+01 2.089199e+01
2.089500e+01 2.056000e+01 2.069464e+01 2.089199e+01 2.090000e+01 2.056500e+01 2.068804e+01 2.088921e+01
2.121000e+01 2.055500e+01 2.074157e+01 2.074378e+01 2.121000e+01 2.056500e+01 2.073787e+01 2.074534e+01
2.039000e+01 2.056500e+01 2.086637e+01 2.073077e+01 2.039000e+01 2.057500e+01 2.086980e+01 2.073210e+01
2.070500e+01 2.057000e+01 2.093010e+01 2.088025e+01 2.070000e+01 2.057500e+01 2.093684e+01 2.087658e+01
2.070500e+01 2.057000e+01 2.093010e+01 2.088025e+01 2.071500e+01 2.057000e+01 2.092063e+01 2.088492e+01
2.072000e+01 2.056500e+01 2.091328e+01 2.088831e+01 2.071500e+01 2.057000e+01 2.092063e+01 2.088492e+01
2.090000e+01 2.056500e+01 2.068804e+01 2.088921e+01 2.090500e+01 2.057000e+01 2.068129e+01 2.088608e+01
2.090500e+01 2.057000e+01 2.068129e+01 2.088608e+01 2.091000e+01 2.057500e+01 2.067486e+01 2.088281e+01
2.121000e+01 2.056500e+01 2.073787e+01 2.074534e+01 2.121000e+01 2.057500e+01 2.073431e+01 2.074671e+01
2.039000e+01 2.057500e+01 2.086980e+01 2.073210e+01 2.039000e+01 2.058500e+01 2.087308e+01 2.073323e+01
2.069500e+01 2.058000e+01 2.094369e+01 2.087257e+01 2.069000e+01 2.058500e+01 2.095016e+01 2.086848e+01
2.070000e+01 2.057500e+01 2.093684e+01 2.087658e+01 2.069500e+01 2.058000e+01 2.094369e+01 2.087257e+01
2.091000e+01 2.057500e+01 2.067486e+01 2.088281e+01 2.091500e+01 2.058000e+01 2.066832e+01 2.087921e+01
2.091500e+01 2.058000e+01 2.066832e+01 2.087921e+01 2.092500e+01 2.058000e+01 2.066057e+01 2.087460e+01
2.092500e+01 2.058000e+01 2.066057e+01 2.087460e+01 2.093000e+01 2.058500e+01 2.065477e+01 2.087085e+01
2.121000e+01 2.057500e+01 2.073431e+01 2.074671e+01 2.121500e+01 2.058000e+01 2.073704e+01 2.074559e+01
2.121500e+01 2.058000e+01 2.073704e+01 2.074559e+01 2.122000e+01 2.058500e+01 2.073991e+01 2.074460e+01
2.039000e+01 2.058500e+01 2.087308e+01 2.073323e+01 2.039000e+01 2.059500e+01 2.087619e+01 2.073418e+01
2.067500e+01 2.059000e+01 2.096371e+01 2.085889e+01 2.067000e+01 2.059500e+01 2.096937e+01 2.085443e+01
2.067500e+01 2.059000e+01 2.096371e+01 2.085889e+01 2.068500e+01 2.059000e+01 2.095668e+01 2.086405e+01
2.069000e+01 2.058500e+01 2.095016e+01 2.086848e+01 2.068500e+01 2.059000e+01 2.095668e+01 2.086405e+01
2.093000e+01 2.058500e+01 2.065477e+01 2.087085e+01 2.093500e+01 2.059000e+01 2.064894e+01 2.086679e+01
2.093500e+01 2.059000e+01 2.064894e+01 2.086679e+01 2.094000e+01 2.059500e+01 2.064354e+01 2.086272e+01
2.122000e+01 2.058500e+01 2.073991e+01 2.074460e+01 2.122000e+01 2.059500e+01 2.073674e+01 2.074574e+01
2.038500e+01 2.060000e+01 2.087302e+01 2.073310e+01 2.038000e+01 2.060500e+01 2.086970e+01 2.073217e+01
2.039000e+01 2.059500e+01 2.087619e+01 2.073418e+01 2.038500e+01 2.060000e+01 2.087302e+01 2.073310e+01
2.066500e+01 2.060000e+01 2.097500e+01 2.084970e+01 2.066000e+01 2.060500e+01 2.098017e+01 2.084500e+01
2.067000e+01 2.059500e+01 2.096937e+01 2.085443e+01 2.066500e+01 2.060000e+01 2.097500e+01 2.084970e+01
2.094000e+01 2.059500e+01 2.064354e+01 2.086272e+01 2.094500e+01 2.060000e+01 2.063813e+01 2.085837e+01
2.094500e+01 2.060000e+01 2.063813e+01 2.085837e+01 2.095000e+01 2.060500e+01 2.063318e+01 2.085404e+01
2.122000e+01 2.059500e+01 2.073674e+01 2.074574e+01 2.122000e+01 2.060500e+01 2.073373e+01 2.074671e+01
2.038000e+01 2.060500e+01 2.086970e+01 2.073217e+01 2.038000e+01 2.061500e+01 2.087239e+01 2.073300e+01
2.066000e+01 2.060500e+01 2.098017e+01 2.084500e+01 2.066000e+01 2.061500e+01 2.098520e+01 2.084016e+01
2.095000e+01 2.060500e+01 2.063318e+01 2.085404e+01 2.095500e+01 2.061000e+01 2.062828e+01 2.084946e+01
2.095500e+01 2.061000e+01 2.062828e+01 2.084946e+01 2.096000e+01 2.061500e+01 2.062383e+01 2.084495e+01
2.122000e+01 2.060500e+01 2.073373e+01 2.074671e+01 2.122000e+01 2.061500e+01 2.073089e+01 2.074751e+01
2.038000e+01 2.061500e+01 2.087239e+01 2.073300e+01 2.038000e+01 2.062500e+01 2.087490e+01 2.073370e+01
2.065500e+01 2.062000e+01 2.099021e+01 2.083500e+01 2.065000e+01 2.062500e+01 2.099472e+01 2.082994e+01
2.066000e+01 2.061500e+01 2.098520e+01 2.084016e+01 2.065500e+01 2.062000e+01 2.099021e+01 2.083500e+01
2.096000e+01 2.061500e+01 2.062383e+01 2.084495e+01 2.096500e+01 2.062000e+01 2.061948e+01 2.084023e+01
2.096500e+01 2.062000e+01 2.061948e+01 2.084023e+01 2.097000e+01 2.062500e+01 2.061560e+01 2.083562e+01
2.122000e+01 2.061500e+01 2.073089e+01 2.074751e+01 2.122500e+01 2.062000e+01 2.073427e+01 2.074650e+01
2.122500e+01 2.062000e+01 2.073427e+01 2.074650e+01 2.123000e+01 2.062500e+01 2.073778e+01 2.074562e+01
2.038000e+01 2.062500e+01 2.087490e+01 2.073370e+01 2.038000e+01 2.063500e+01 2.087722e+01 2.073426e+01
2.064500e+01 2.063000e+01 2.099911e+01 2.082471e+01 2.064000e+01 2.063500e+01 2.100299e+01 2.081962e+01
2.065000e+01 2.062500e+01 2.099472e+01 2.082994e+01 2.064500e+01 2.063000e+01 2.099911e+01 2.082471e+01
2.097000e+01 2.062500e+01 2.061560e+01 2.083562e+01 2.097000e+01 2.063500e+01 2.061135e+01 2.083028e+01
2.123000e+01 2.062500e+01 2.073778e+01 2.074562e+01 2.123000e+01 2.063500e+01 2.073537e+01 2.074631e+01
2.038000e+01 2.063500e+01 2.087722e+01 2.073426e+01 2.038000e+01 2.064500e+01 2.087935e+01 2.073471e+01
2.064000e+01 2.063500e+01 2.100299e+01 2.081962e+01 2.064000e+01 2.064500e+01 2.100729e+01 2.081349e+01
2.097000e+01 2.063500e+01 2.061135e+01 2.083028e+01 2.097500e+01 2.064000e+01 2.060774e+01 2.082534e+01
2.097500e+01 2.064000e+01 2.060774e+01 2.082534e+01 2.098000e+01 2.064500e+01 2.060460e+01 2.082056e+01
2.123000e+01 2.063500e+01 2.073537e+01 2.074631e+01 2.123000e+01 2.064500e+01 2.073315e+01 2.074686e+01
2.038000e+01 2.064500e+01 2.087935e+01 2.073471e+01 2.038000e+01 2.065500e+01 2.088127e+01 2.073506e+01
2.063500e+01 2.065000e+01 2.101083e+01 2.080817e+01 2.063000e+01 2.065500e+01 2.101387e+01 2.080305e+01
2.064000e+01 2.064500e+01 2.100729e+01 2.081349e+01 2.063500e+01 2.065000e+01 2.101083e+01 2.080817e+01
2.098000e+01 2.064500e+01 2.060460e+01 2.082056e+01 2.098000e+01 2.065500e+01 2.060093e+01 2.081446e+01
2.123000e+01 2.064500e+01 2.073315e+01 2.074686e+01 2.123000e+01 2.065500e+01 2.073113e+01 2.074728e+01
2.038000e+01 2.065500e+01 2.088127e+01 2.073506e+01 2.038000e+01 2.066500e+01 2.088300e+01 2.073531e+01
2.063000e+01 2.065500e+01 2.101387e+01 2.080305e+01 2.063000e+01 2.066500e+01 2.101749e+01 2.079630e+01
2.098000e+01 2.065500e+01 2.060093e+01 2.081446e+01 2.098500e+01 2.066000e+01 2.059815e+01 2.080950e+01
2.098500e+01 2.066000e+01 2.059815e+01 2.080950e+01 2.099000e+01 2.066500e+01 2.059584e+01 2.080473e+01
2.123000e+01 2.065500e+01 2.073113e+01 2.074728e+01 2.123000e+01 2.066500e+01 2.072930e+01 2.074759e+01
2.038000e+01 2.066500e+01 2.088300e+01 2.073531e+01 2.038000e+01 2.067500e+01 2.088452e+01 2.073548e+01
2.062500e+01 2.067000e+01 2.102009e+01 2.079109e+01 2.062000e+01 2.067500e+01 2.102223e+01 2.078612e+01
2.063000e+01 2.066500e+01 2.101749e+01 2.079630e+01 2.062500e+01 2.067000e+01 2.102009e+01 2.079109e+01
2.099000e+01 2.066500e+01 2.059584e+01 2.080473e+01 2.099000e+01 2.067500e+01 2.059289e+01 2.079808e+01
2.123000e+01 2.066500e+01 2.072930e+01 2.074759e+01 2.123000e+01 2.067500e+01 2.072769e+01 2.074780e+01
2.038000e+01 2.067500e+01 2.088452e+01 2.073548e+01 2.038000e+01 2.068500e+01 2.088582e+01 2.073557e+01
2.062000e+01 2.067500e+01 2.102223e+01 2.078612e+01 2.062000e+01 2.068500e+01 2.102503e+01 2.077901e+01
2.099000e+01 2.067500e+01 2.059289e+01 2.079808e+01 2.099000e+01 2.068500e+01 2.059030e+01 2.079106e+01
2.123000e+01 2.067500e+01 2.072769e+01 2.074780e+01 2.123000e+01 2.068500e+01 2.072628e+01 2.074791e+01
2.038000e+01 2.068500e+01 2.088582e+01 2.073557e+01 2.038000e+01 2.069500e+01 2.088691e+01 2.073560e+01
2.062000e+01 2.068500e+01 2.102503e+01 2.077901e+01 2.062000e+01 2.069500e+01 2.102743e+01 2.077163e+01
2.099000e+01 2.068500e+01 2.059030e+01 2.079106e+01 2.099500e+01 2.069000e+01 2.058863e+01 2.078630e+01
2.099500e+01 2.069000e+01 2.058863e+01 2.078630e+01 2.100000e+01 2.069500e+01 2.058741e+01 2.078176e+01
2.123000e+01 2.068500e+01 2.072628e+01 2.074791e+01 2.123500e+01 2.069000e+01 2.073067e+01 2.074733e+01
2.123500e+01 2.069000e+01 2.073067e+01 2.074733e+01 2.124000e+01 2.069500e+01 2.073518e+01 2.074688e+01
2.038000e+01 2.069500e+01 2.088691e+01 2.073560e+01 2.038000e+01 2.070500e+01 2.088778e+01 2.073559e+01
2.062000e+01 2.069500e+01 2.102743e+01 2.077163e+01 2.062000e+01 2.070500e+01 2.102941e+01 2.076401e+01
2.100000e+01 2.069500e+01 2.058741e+01 2.078176e+01 2.100000e+01 2.070500e+01 2.058569e+01 2.077455e+01
2.124000e+01 2.069500e+01 2.073518e+01 2.074688e+01 2.124000e+01 2.070500e+01 2.073423e+01 2.074706e+01
2.038000e+01 2.070500e+01 2.088778e+01 2.073559e+01 2.038000e+01 2.071500e+01 2.088842e+01 2.073554e+01
2.061500e+01 2.071000e+01 2.103057e+01 2.075934e+01 2.061000e+01 2.071500e+01 2.103129e+01 2.075492e+01
2.062000e+01 2.070500e+01 2.102941e+01 2.076401e+01 2.061500e+01 2.071000e+01 2.103057e+01 2.075934e+01
2.100000e+01 2.070500e+01 2.058569e+01 2.077455e+01 2.100000e+01 2.071500e+01 2.058440e+01 2.076713e+01
2.124000e+01 2.070500e+01 2.073423e+01 2.074706e+01 2.124000e+01 2.071500e+01 2.073350e+01 2.074718e+01
2.038000e+01 2.071500e+01 2.088842e+01 2.073554e+01 2.038000e+01 2.072500e+01 2.088885e+01 2.073546e+01
2.061000e+01 2.071500e+01 2.103129e+01 2.075492e+01 2.061000e+01 2.072500e+01 2.103233e+01 2.074744e+01
2.100000e+01 2.071500e+01 2.058440e+01 2.076713e+01 2.100000e+01 2.072500e+01 2.058355e+01 2.075954e+01
2.124000e+01 2.071500e+01 2.073350e+01 2.074718e+01 2.124000e+01 2.072500e+01 2.073299e+01 2.074727e+01
2.038000e+01 2.072500e+01 2.088885e+01 2.073546e+01 2.038000e+01 2.073500e+01 2.088904e+01 2.073538e+01
2.061000e+01 2.072500e+01 2.103233e+01 2.074744e+01 2.061000e+01 2.073500e+01 2.103292e+01 2.073990e+01
2.100000e+01 2.072500e+01 2.058355e+01 2.075954e+01 2.100000e+01 2.073500e+01 2.058315e+01 2.075184e+01
2.124000e+01 2.072500e+01 2.073299e+01 2.074727e+01 2.124000e+01 2.073500e+01 2.073270e+01 2.074733e+01
2.038000e+01 2.073500e+01 2.088904e+01 2.073538e+01 2.038000e+01 2.074500e+01 2.088902e+01 2.073529e+01
2.061000e+01 2.073500e+01 2.103292e+01 2.073990e+01 2.061000e+01 2.074500e+01 2.103306e+01 2.073235e+01
2.100000e+01 2.073500e+01 2.058315e+01 2.075184e+01 2.100000e+01 2.074500e+01 2.058321e+01 2.074409e+01
2.124000e+01 2.073500e+01 2.073270e+01 2.074733e+01 2.124000e+01 2.074500e+01 2.073263e+01 2.074737e+01
2.038000e+01 2.074500e+01 2.088902e+01 2.073529e+01 2.038000e+01 2.075500e+01 2.088876e+01 2.073523e+01
2.061000e+01 2.074500e+01 2.103306e+01 2.073235e+01 2.061000e+01 2.075500e+01 2.103275e+01 2.072484e+01
2.100000e+01 2.074500e+01 2.058321e+01 2.074409e+01 2.100000e+01 2.075500e+01 2.058373e+01 2.073634e+01
2.124000e+01 2.074500e+01 2.073263e+01 2.074737e+01 2.124000e+01 2.075500e+01 2.073278e+01 2.074740e+01
2.038000e+01 2.075500e+01 2.088876e+01 2.073523e+01 2.038000e+01 2.076500e+01 2.088829e+01 2.073519e+01
2.061000e+01 2.075500e+01 2.103275e+01 2.072484e+01 2.061000e+01 2.076500e+01 2.103199e+01 2.071743e+01
2.100000e+01 2.075500e+01 2.058373e+01 2.073634e+01 2.100000e+01 2.076500e+01 2.058471e+01 2.072864e+01
2.124000e+01 2.075500e+01 2.073278e+01 2.074740e+01 2.124000e+01 2.076500e+01 2.073315e+01 2.074745e+01
2.038000e+01 2.076500e+01 2.088829e+01 2.073519e+01 2.038000e+01 2.077500e+01 2.088759e+01 2.073519e+01
2.061000e+01 2.076500e+01 2.103199e+01 2.071743e+01 2.061000e+01 2.077500e+01 2.103080e+01 2.071017e+01
2.100000e+01 2.076500e+01 2.058471e+01 2.072864e+01 2.100000e+01 2.077500e+01 2.058613e+01 2.072105e+01
2.124000e+01 2.076500e+01 2.073315e+01 2.074745e+01 2.124000e+01 2.077500e+01 2.073375e+01 2.074751e+01
2.038000e+01 2.077500e+01 2.088759e+01 2.073519e+01 2.038000e+01 2.078500e+01 2.088667e+01 2.073524e+01
2.061000e+01 2.077500e+01 2.103080e+01 2.071017e+01 2.061500e+01 2.078000e+01 2.103003e+01 2.070583e+01
2.061500e+01 2.078000e+01 2.103003e+01 2.070583e+01 2.062000e+01 2.078500e+01 2.102883e+01 2.070126e+01
2.100000e+01 2.077500e+01 2.058613e+01 2.072105e+01 2.100000e+01 2.078500e+01 2.058799e+01 2.071362e+01
2.124000e+01 2.077500e+01 2.073375e+01 2.074751e+01 2.124000e+01 2.078500e+01 2.073456e+01 2.074760e+01
2.038000e+01 2.078500e+01 2.088667e+01 2.073524e+01 2.038000e+01 2.079500e+01 2.088553e+01 2.073536e+01
2.062000e+01 2.078500e+01 2.102883e+01 2.070126e+01 2.062000e+01 2.079500e+01 2.102674e+01 2.069405e+01
2.100000e+01 2.078500e+01 2.058799e+01 2.071362e+01 2.100000e+01 2.079500e+01 2.059026e+01 2.070641e+01
2.124000e+01 2.078500e+01 2.073456e+01 2.074760e+01 2.124000e+01 2.079500e+01 2.073558e+01 2.074774e+01
2.038000e+01 2.079500e+01 2.088553e+01 2.073536e+01 2.038000e+01 2.080500e+01 2.088419e+01 2.073555e+01
2.062000e+01 2.079500e+01 2.102674e+01 2.069405e+01 2.062000e+01 2.080500e+01 2.102426e+01 2.068714e+01
2.099500e+01 2.080000e+01 2.059187e+01 2.070160e+01 2.099000e+01 2.080500e+01 2.059393e+01 2.069655e+01
2.100000e+01 2.079500e+01 2.059026e+01 2.070641e+01 2.099500e+01 2.080000e+01 2.059187e+01 2.070160e+01
2.124000e+01 2.079500e+01 2.073558e+01 2.074774e+01 2.124000e+01 2.080500e+01 2.073682e+01 2.074794e+01
2.038000e+01 2.080500e+01 2.088419e+01 2.073555e+01 2.038000e+01 2.081500e+01 2.088263e+01 2.073584e+01
2.062000e+01 2.080500e+01 2.102426e+01 2.068714e+01 2.062500e+01 2.081000e+01 2.102240e+01 2.068243e+01
2.062500e+01 2.081000e+01 2.102240e+01 2.068243e+01 2.063000e+01 2.081500e+01 2.102008e+01 2.067752e+01
2.099000e+01 2.080500e+01 2.059393e+01 2.069655e+01 2.099000e+01 2.081500e+01 2.059709e+01 2.068954e+01
2.124000e+01 2.080500e+01 2.073682e+01 2.074794e+01 2.124000e+01 2.081500e+01 2.073827e+01 2.074821e+01
2.038000e+01 2.081500e+01 2.088263e+01 2.073584e+01 2.038000e+01 2.082500e+01 2.088087e+01 2.073622e+01
2.063000e+01 2.081500e+01 2.102008e+01 2.067752e+01 2.063000e+01 2.082500e+01 2.101681e+01 2.067102e+01
2.098500e+01 2.082000e+01 2.059962e+01 2.068447e+01 2.098000e+01 2.082500e+01 2.060264e+01 2.067918e+01
2.099000e+01 2.081500e+01 2.059709e+01 2.068954e+01 2.098500e+01 2.082000e+01 2.059962e+01 2.068447e+01
2.124000e+01 2.081500e+01 2.073827e+01 2.074821e+01 2.124000e+01 2.082500e+01 2.073993e+01 2.074855e+01
2.038000e+01 2.082500e+01 2.088087e+01 2.073622e+01 2.038500e+01 2.083000e+01 2.088484e+01 2.073549e+01
2.038500e+01 2.083000e+01 2.088484e+01 2.073549e+01 2.039000e+01 2.083500e+01 2.088868e+01 2.073462e+01
2.063000e+01 2.082500e+01 2.101681e+01 2.067102e+01 2.063500e+01 2.083000e+01 2.101408e+01 2.066620e+01
2.063500e+01 2.083000e+01 2.101408e+01 2.066620e+01 2.064000e+01 2.083500e+01 2.101089e+01 2.066119e+01
2.098000e+01 2.082500e+01 2.060264e+01 2.067918e+01 2.098000e+01 2.083500e+01 2.060655e+01 2.067263e+01
2.124000e+01 2.082500e+01 2.073993e+01 2.074855e+01 2.124000e+01 2.083500e+01 2.074179e+01 2.074898e+01
2.039000e+01 2.083500e+01 2.088868e+01 2.073462e+01 2.039000e+01 2.084500e+01 2.088646e+01 2.073504e+01
2.064000e+01 2.083500e+01 2.101089e+01 2.066119e+01 2.064000e+01 2.084500e+01 2.100696e+01 2.065534e+01
2.097500e+01 2.084000e+01 2.060997e+01 2.066749e+01 2.097000e+01 2.084500e+01 2.061389e+01 2.066217e+01
2.098000e+01 2.083500e+01 2.060655e+01 2.067263e+01 2.097500e+01 2.084000e+01 2.060997e+01 2.066749e+01
2.123500e+01 2.084000e+01 2.073788e+01 2.074823e+01 2.123000e+01 2.084500e+01 2.073408e+01 2.074733e+01
2.124000e+01 2.083500e+01 2.074179e+01 2.074898e+01 2.123500e+01 2.084000e+01 2.073788e+01 2.074823e+01
2.039000e+01 2.084500e+01 2.088646e+01 2.073504e+01 2.039000e+01 2.085500e+01 2.088405e+01 2.073560e+01
2.064000e+01 2.084500e+01 2.100696e+01 2.065534e+01 2.064500e+01 2.085000e+01 2.100344e+01 2.065059e+01
2.064500e+01 2.085000e+01 2.100344e+01 2.065059e+01 2.065000e+01 2.085500e+01 2.099945e+01 2.064569e+01
2.097000e+01 2.084500e+01 2.061389e+01 2.066217e+01 2.097000e+01 2.085500e+01 2.061844e+01 2.065635e+01
2.123000e+01 2.084500e+01 2.073408e+01 2.074733e+01 2.123000e+01 2.085500e+01 2.073639e+01 2.074779e+01
2.039000e+01 2.085500e+01 2.088405e+01 2.073560e+01 2.039000e+01 2.086500e+01 2.088146e+01 2.073630e+01
2.065000e+01 2.085500e+01 2.099945e+01 2.064569e+01 2.065500e+01 2.086000e+01 2.099534e+01 2.064098e+01
2.065500e+01 2.086000e+01 2.099534e+01 2.064098e+01 2.066000e+01 2.086500e+01 2.099074e+01 2.063617e+01
2.096500e+01 2.086000e+01 2.062266e+01 2.065133e+01 2.096000e+01 2.086500e+01 2.062738e+01 2.064619e+01
2.097000e+01 2.085500e+01 2.061844e+01 2.065635e+01 2.096500e+01 2.086000e+01 2.062266e+01 2.065133e+01
2.123000e+01 2.085500e+01 2.073639e+01 2.074779e+01 2.123000e+01 2.086500e+01 2.073890e+01 2.074837e+01
2.039000e+01 2.086500e+01 2.088146e+01 2.073630e+01 2.039000e+01 2.087500e+01 2.087869e+01 2.073715e+01
2.066000e+01 2.086500e+01 2.099074e+01 2.063617e+01 2.066000e+01 2.087500e+01 2.098612e+01 2.063160e+01
2.095500e+01 2.087000e+01 2.063220e+01 2.064125e+01 2.095000e+01 2.087500e+01 2.063751e+01 2.063624e+01
2.096000e+01 2.086500e+01 2.062738e+01 2.064619e+01 2.095500e+01 2.087000e+01 2.063220e+01 2.064125e+01
2.123000e+01 2.086500e+01 2.073890e+01 2.074837e+01 2.123000e+01 2.087500e+01 2.074159e+01 2.074909e+01
2.039000e+01 2.087500e+01 2.087869e+01 2.073715e+01 2.039000e+01 2.088500e+01 2.087574e+01 2.073817e+01
2.066000e+01 2.087500e+01 2.098612e+01 2.063160e+01 2.066500e+01 2.088000e+01 2.098138e+01 2.062725e+01
2.066500e+01 2.088000e+01 2.098138e+01 2.062725e+01 2.067000e+01 2.088500e+01 2.097619e+01 2.062286e+01
2.094500e+01 2.088000e+01 2.064288e+01 2.063147e+01 2.094000e+01 2.088500e+01 2.064872e+01 2.062667e+01
2.095000e+01 2.087500e+01 2.063751e+01 2.063624e+01 2.094500e+01 2.088000e+01 2.064288e+01 2.063147e+01
2.123000e+01 2.087500e+01 2.074159e+01 2.074909e+01 2.123000e+01 2.088500e+01 2.074445e+01 2.074996e+01
2.039000e+01 2.088500e+01 2.087574e+01 2.073817e+01 2.039500e+01 2.089000e+01 2.087883e+01 2.073722e+01
2.039500e+01 2.089000e+01 2.087883e+01 2.073722e+01 2.040000e+01 2.089500e+01 2.088178e+01 2.073613e+01
2.067000e+01 2.088500e+01 2.097619e+01 2.062286e+01 2.067500e+01 2.089000e+01 2.097098e+01 2.061873e+01
2.067500e+01 2.089000e+01 2.097098e+01 2.061873e+01 2.068000e+01 2.089500e+01 2.096533e+01 2.061461e+01
2.093500e+01 2.089000e+01 2.065457e+01 2.062215e+01 2.093000e+01 2.089500e+01 2.066087e+01 2.061765e+01
2.094000e+01 2.088500e+01 2.064872e+01 2.062667e+01 2.093500e+01 2.089000e+01 2.065457e+01 2.062215e+01
2.123000e+01 2.088500e+01 2.074445e+01 2.074996e+01 2.123000e+01 2.089500e+01 2.074749e+01 2.075098e+01
2.040000e+01 2.089500e+01 2.088178e+01 2.073613e+01 2.040000e+01 2.090500e+01 2.087843e+01 2.073734e+01
2.068000e+01 2.089500e+01 2.096533e+01 2.061461e+01 2.068500e+01 2.090000e+01 2.095971e+01 2.061078e+01
2.068500e+01 2.090000e+01 2.095971e+01 2.061078e+01 2.069500e+01 2.090000e+01 2.095236e+01 2.060611e+01
2.069500e+01 2.090000e+01 2.095236e+01 2.060611e+01 2.070000e+01 2.090500e+01 2.094596e+01 2.060240e+01
2.092500e+01 2.090000e+01 2.066713e+01 2.061347e+01 2.092000e+01 2.090500e+01 2.067379e+01 2.060934e+01
2.093000e+01 2.089500e+01 2.066087e+01 2.061765e+01 2.092500e+01 2.090000e+01 2.066713e+01 2.061347e+01
2.123000e+01 2.089500e+01 2.074749e+01 2.075098e+01 2.123000e+01 2.090500e+01 2.075069e+01 2.075218e+01
2.040000e+01 2.090500e+01 2.087843e+01 2.073734e+01 2.040000e+01 2.091500e+01 2.087494e+01 2.073873e+01
2.070000e+01 2.090500e+01 2.094596e+01 2.060240e+01 2.070500e+01 2.091000e+01 2.093966e+01 2.059902e+01
2.070500e+01 2.091000e+01 2.093966e+01 2.059902e+01 2.071000e+01 2.091500e+01 2.093303e+01 2.059576e+01
2.090500e+01 2.091000e+01 2.068940e+01 2.060075e+01 2.090000e+01 2.091500e+01 2.069664e+01 2.059721e+01
2.090500e+01 2.091000e+01 2.068940e+01 2.060075e+01 2.091500e+01 2.091000e+01 2.068037e+01 2.060556e+01
2.092000e+01 2.090500e+01 2.067379e+01 2.060934e+01 2.091500e+01 2.091000e+01 2.068037e+01 2.060556e+01
2.122500e+01 2.091000e+01 2.074778e+01 2.075116e+01 2.122000e+01 2.091500e+01 2.074504e+01 2.075004e+01
2.123000e+01 2.090500e+01 2.075069e+01 2.075218e+01 2.122500e+01 2.091000e+01 2.074778e+01 2.075116e+01
2.040000e+01 2.091500e+01 2.087494e+01 2.073873e+01 2.040500e+01 2.092000e+01 2.087752e+01 2.073772e+01
2.040500e+01 2.092000e+01 2.087752e+01 2.073772e+01 2.041000e+01 2.092500e+01 2.087995e+01 2.073658e+01
2.071000e+01 2.091500e+01 2.093303e+01 2.059576e+01 2.071500e+01 2.092000e+01 2.092653e+01 2.059285e+01
2.071500e+01 2.092000e+01 2.092653e+01 2.059285e+01 2.072500e+01 2.092000e+01 2.091698e+01 2.058885e+01
2.072500e+01 2.092000e+01 2.091698e+01 2.058885e+01 2.073500e+01 2.092000e+01 2.090664e+01 2.058518e+01
2.073500e+01 2.092000e+01 2.090664e+01 2.058518e+01 2.074000e+01 2.092500e+01 2.089945e+01 2.058279e+01
2.088500e+01 2.092000e+01 2.071414e+01 2.058981e+01 2.088000e+01 2.092500e+01 2.072165e+01 2.058702e+01
2.088500e+01 2.092000e+01 2.071414e+01 2.058981e+01 2.089500e+01 2.092000e+01 2.070371e+01 2.059403e+01
2.090000e+01 2.091500e+01 2.069664e+01 2.059721e+01 2.089500e+01 2.092000e+01 2.070371e+01 2.059403e+01
2.122000e+01 2.091500e+01 2.074504e+01 2.075004e+01 2.122000e+01 2.092500e+01 2.074863e+01 2.075144e+01
2.041000e+01 2.092500e+01 2.087995e+01 2.073658e+01 2.041000e+01 2.093500e+01 2.087610e+01 2.073826e+01
2.074000e+01 2.092500e+01 2.089945e+01 2.058279e+01 2.074500e+01 2.093000e+01 2.089247e+01 2.058077e+01
2.074500e+01 2.093000e+01 2.089247e+01 2.058077e+01 2.075500e+01 2.093000e+01 2.088113e+01 2.057792e+01
2.075500e+01 2.093000e+01 2.088113e+01 2.057792e+01 2.076500e+01 2.093000e+01 2.086922e+01 2.057553e+01
2.076500e+01 2.093000e+01 2.086922e+01 2.057553e+01 2.077000e+01 2.093500e+01 2.086206e+01 2.057425e+01
2.085500e+01 2.093000e+01 2.075238e+01 2.057823e+01 2.085000e+01 2.093500e+01 2.075987e+01 2.057658e+01
2.085500e+01 2.093000e+01 2.075238e+01 2.057823e+01 2.086500e+01 2.093000e+01 2.074038e+01 2.058120e+01
2.086500e+01 2.093000e+01 2.074038e+01 2.058120e+01 2.087500e+01 2.093000e+01 2.072895e+01 2.058461e+01
2.088000e+01 2.092500e+01 2.072165e+01 2.058702e+01 2.087500e+01 2.093000e+01 2.072895e+01 2.058461e+01
2.122000e+01 2.092500e+01 2.074863e+01 2.075144e+01 2.122000e+01 2.093500e+01 2.075237e+01 2.075302e+01
2.041000e+01 2.093500e+01 2.087610e+01 2.073826e+01 2.041000e+01 2.094500e+01 2.087211e+01 2.074013e+01
2.077000e+01 2.093500e+01 2.086206e+01 2.057425e+01 2.077500e+01 2.094000e+01 2.085517e+01 2.057331e+01
2.077500e+01 2.094000e+01 2.085517e+01 2.057331e+01 2.078500e+01 2.094000e+01 2.084289e+01 2.057196e+01
2.078500e+01 2.094000e+01 2.084289e+01 2.057196e+01 2.079500e+01 2.094000e+01 2.083032e+01 2.057113e+01
2.079500e+01 2.094000e+01 2.083032e+01 2.057113e+01 2.080500e+01 2.094000e+01 2.081759e+01 2.057086e+01
2.080500e+01 2.094000e+01 2.081759e+01 2.057086e+01 2.081500e+01 2.094000e+01 2.080478e+01 2.057115e+01
2.081500e+01 2.094000e+01 2.080478e+01 2.057115e+01 2.082500e+01 2.094000e+01 2.079203e+01 2.057199e+01
2.082500e+01 2.094000e+01 2.079203e+01 2.057199e+01 2.083500e+01 2.094000e+01 2.077942e+01 2.057338e+01
2.083500e+01 2.094000e+01 2.077942e+01 2.057338e+01 2.084500e+01 2.094000e+01 2.076707e+01 2.057530e+01
2.085000e+01 2.093500e+01 2.075987e+01 2.057658e+01 2.084500e+01 2.094000e+01 2.076707e+01 2.057530e+01
2.122000e+01 2.093500e+01 2.075237e+01 2.075302e+01 2.122000e+01 2.094500e+01 2.075623e+01 2.075479e+01
2.041000e+01 2.094500e+01 2.087211e+01 2.074013e+01 2.041000e+01 2.095500e+01 2.086801e+01 2.074224e+01
2.121500e+01 2.095000e+01 2.075394e+01 2.075378e+01 2.121000e+01 2.095500e+01 2.075182e+01 2.075267e+01
2.122000e+01 2.094500e+01 2.075623e+01 2.075479e+01 2.121500e+01 2.095000e+01 2.075394e+01 2.075378e+01
2.041000e+01 2.095500e+01 2.086801e+01 2.074224e+01 2.041500e+01 2.096000e+01 2.087003e+01 2.074128e+01
2.041500e+01 2.096000e+01 2.087003e+01 2.074128e+01 2.042000e+01 2.096500e+01 2.087185e+01 2.074025e+01
2.121000e+01 2.095500e+01 2.075182e+01 2.075267e+01 2.121000e+01 2.096500e+01 2.075602e+01 2.075473e+01
2.042000e+01 2.096500e+01 2.087185e+01 2.074025e+01 2.042000e+01 2.097500e+01 2.086746e+01 2.074271e+01
2.121000e+01 2.096500e+01 2.075602e+01 2.075473e+01 2.121000e+01 2.097500e+01 2.076033e+01 2.075701e+01
2.042000e+01 2.097500e+01 2.086746e+01 2.074271e+01 2.042500e+01 2.098000e+01 2.086911e+01 2.074179e+01
2.042500e+01 2.098000e+01 2.086911e+01 2.074179e+01 2.043000e+01 2.098500e+01 2.087058e+01 2.074081e+01
2.121000e+01 2.097500e+01 2.076033e+01 2.075701e+01 2.121000e+01 2.098500e+01 2.076473e+01 2.075951e+01
2.043000e+01 2.098500e+01 2.087058e+01 2.074081e+01 2.043000e+01 2.099500e+01 2.086593e+01 2.074367e+01
2.120500e+01 2.099000e+01 2.076301e+01 2.075863e+01 2.120000e+01 2.099500e+01 2.076147e+01 2.075765e+01
2.121000e+01 2.098500e+01 2.076473e+01 2.075951e+01 2.120500e+01 2.099000e+01 2.076301e+01 2.075863e+01
2.043000e+01 2.099500e+01 2.086593e+01 2.074367e+01 2.043000e+01 2.100500e+01 2.086120e+01 2.074675e+01
2.120000e+01 2.099500e+01 2.076147e+01 2.075765e+01 2.120000e+01 2.100500e+01 2.076613e+01 2.076052e+01
2.043000e+01 2.100500e+01 2.086120e+01 2.074675e+01 2.043500e+01 2.101000e+01 2.086244e+01 2.074602e+01
2.043500e+01 2.101000e+01 2.086244e+01 2.074602e+01 2.044000e+01 2.101500e+01 2.086349e+01 2.074523e+01
2.119500e+01 2.101000e+01 2.076475e+01 2.075970e+01 2.119000e+01 2.101500e+01 2.076356e+01 2.075880e+01
2.120000e+01 2.100500e+01 2.076613e+01 2.076052e+01 2.119500e+01 2.101000e+01 2.076475e+01 2.075970e+01
2.044000e+01 2.101500e+01 2.086349e+01 2.074523e+01 2.044000e+01 2.102500e+01 2.085857e+01 2.074875e+01
2.119000e+01 2.101500e+01 2.076356e+01 2.075880e+01 2.119000e+01 2.102500e+01 2.076844e+01 2.076207e+01
2.044000e+01 2.102500e+01 2.085857e+01 2.074875e+01 2.044500e+01 2.103000e+01 2.085950e+01 2.074815e+01
2.044500e+01 2.103000e+01 2.085950e+01 2.074815e+01 2.045000e+01 2.103500e+01 2.086024e+01 2.074750e+01
2.119000e+01 2.102500e+01 2.076844e+01 2.076207e+01 2.119000e+01 2.103500e+01 2.077338e+01 2.076558e+01
2.045000e+01 2.103500e+01 2.086024e+01 2.074750e+01 2.045000e+01 2.104500e+01 2.085517e+01 2.075148e+01
2.118500e+01 2.104000e+01 2.077239e+01 2.076497e+01 2.118000e+01 2.104500e+01 2.077159e+01 2.076429e+01
2.119000e+01 2.103500e+01 2.077338e+01 2.076558e+01 2.118500e+01 2.104000e+01 2.077239e+01 2.076497e+01
2.045000e+01 2.104500e+01 2.085517e+01 2.075148e+01 2.045500e+01 2.105000e+01 2.085581e+01 2.075105e+01
2.045500e+01 2.105000e+01 2.085581e+01 2.075105e+01 2.046000e+01 2.105500e+01 2.085627e+01 2.075058e+01
2.118000e+01 2.104500e+01 2.077159e+01 2.076429e+01 2.118000e+01 2.105500e+01 2.077672e+01 2.076824e+01
2.046000e+01 2.105500e+01 2.085627e+01 2.075058e+01 2.046000e+01 2.106500e+01 2.085110e+01 2.075505e+01
2.117500e+01 2.106000e+01 2.077602e+01 2.076778e+01 2.117000e+01 2.106500e+01 2.077551e+01 2.076727e+01
2.118000e+01 2.105500e+01 2.077672e+01 2.076824e+01 2.117500e+01 2.106000e+01 2.077602e+01 2.076778e+01
2.046000e+01 2.106500e+01 2.085110e+01 2.075505e+01 2.046500e+01 2.107000e+01 2.085149e+01 2.075482e+01
2.046500e+01 2.107000e+01 2.085149e+01 2.075482e+01 2.047000e+01 2.107500e+01 2.085169e+01 2.075455e+01
2.117000e+01 2.106500e+01 2.077551e+01 2.076727e+01 2.117000e+01 2.107500e+01 2.078072e+01 2.077168e+01
2.047000e+01 2.107500e+01 2.085169e+01 2.075455e+01 2.047000e+01 2.108500e+01 2.084647e+01 2.075951e+01
2.116500e+01 2.108000e+01 2.078029e+01 2.077141e+01 2.116000e+01 2.108500e+01 2.078004e+01 2.077110e+01
2.117000e+01 2.107500e+01 2.078072e+01 2.077168e+01 2.116500e+01 2.108000e+01 2.078029e+01 2.077141e+01
2.047000e+01 2.108500e+01 2.084647e+01 2.075951e+01 2.047500e+01 2.109000e+01 2.084663e+01 2.075951e+01
2.047500e+01 2.109000e+01 2.084663e+01 2.075951e+01 2.048000e+01 2.109500e+01 2.084661e+01 2.075948e+01
2.116000e+01 2.108500e+01 2.078004e+01 2.077110e+01 2.116000e+01 2.109500e+01 2.078535e+01 2.077599e+01
2.048000e+01 2.109500e+01 2.084661e+01 2.075948e+01 2.048500e+01 2.110000e+01 2.084659e+01 2.075959e+01
2.048500e+01 2.110000e+01 2.084659e+01 2.075959e+01 2.049000e+01 2.110500e+01 2.084639e+01 2.075970e+01
2.115500e+01 2.110000e+01 2.078515e+01 2.077593e+01 2.115000e+01 2.110500e+01 2.078513e+01 2.077585e+01
2.116000e+01 2.109500e+01 2.078535e+01 2.077599e+01 2.115500e+01 2.110000e+01 2.078515e+01 2.077593e+01
2.049000e+01 2.110500e+01 2.084639e+01 2.075970e+01 2.049000e+01 2.111500e+01 2.084111e+01 2.076543e+01
2.114500e+01 2.111000e+01 2.078512e+01 2.077590e+01 2.114000e+01 2.111500e+01 2.078529e+01 2.077594e+01
2.115000e+01 2.110500e+01 2.078513e+01 2.077585e+01 2.114500e+01 2.111000e+01 2.078512e+01 2.077590e+01
2.049000e+01 2.111500e+01 2.084111e+01 2.076543e+01 2.049500e+01 2.112000e+01 2.084092e+01 2.076581e+01
2.049500e+01 2.112000e+01 2.084092e+01 2.076581e+01 2.050000e+01 2.112500e+01 2.084056e+01 2.076619e+01
2.114000e+01 2.111500e+01 2.078529e+01 2.077594e+01 2.114000e+01 2.112500e+01 2.079059e+01 2.078159e+01
2.050000e+01 2.112500e+01 2.084056e+01 2.076619e+01 2.050500e+01 2.113000e+01 2.084021e+01 2.076671e+01
2.050500e+01 2.113000e+01 2.084021e+01 2.076671e+01 2.051000e+01 2.113500e+01 2.083969e+01 2.076725e+01
2.113500e+01 2.113000e+01 2.079076e+01 2.078189e+01 2.113000e+01 2.113500e+01 2.079110e+01 2.078220e+01
2.114000e+01 2.112500e+01 2.079059e+01 2.078159e+01 2.113500e+01 2.113000e+01 2.079076e+01 2.078189e+01
2.051000e+01 2.113500e+01 2.083969e+01 2.076725e+01 2.051500e+01 2.114000e+01 2.083921e+01 2.076793e+01
2.051500e+01 2.114000e+01 2.083921e+01 2.076793e+01 2.052000e+01 2.114500e+01 2.083856e+01 2.076864e+01
2.112500e+01 2.114000e+01 2.079143e+01 2.078265e+01 2.112000e+01 2.114500e+01 2.079192e+01 2.078311e+01
2.113000e+01 2.113500e+01 2.079110e+01 2.078220e+01 2.112500e+01 2.114000e+01 2.079143e+01 2.078265e+01
2.052000e+01 2.114500e+01 2.083856e+01 2.076864e+01 2.052500e+01 2.115000e+01 2.083795e+01 2.076949e+01
2.052500e+01 2.115000e+01 2.083795e+01 2.076949e+01 2.053000e+01 2.115500e+01 2.083715e+01 2.077037e+01
2.112000e+01 2.114500e+01 2.079192e+01 2.078311e+01 2.112000e+01 2.115500e+01 2.079714e+01 2.078953e+01
2.053000e+01 2.115500e+01 2.083715e+01 2.077037e+01 2.053000e+01 2.116500e+01 2.083214e+01 2.077744e+01
2.111500e+01 2.116000e+01 2.079759e+01 2.079027e+01 2.111000e+01 2.116500e+01 2.079819e+01 2.079103e+01
2.112000e+01 2.115500e+01 2.079714e+01 2.078953e+01 2.111500e+01 2.116000e+01 2.079759e+01 2.079027e+01
2.053000e+01 2.116500e+01 2.083214e+01 2.077744e+01 2.053500e+01 2.117000e+01 2.083146e+01 2.077860e+01
2.053500e+01 2.117000e+01 2.083146e+01 2.077860e+01 2.054000e+01 2.117500e+01 2.083064e+01 2.077981e+01
2.110500e+01 2.117000e+01 2.079876e+01 2.079193e+01 2.110000e+01 2.117500e+01 2.079948e+01 2.079287e+01
2.111000e+01 2.116500e+01 2.079819e+01 2.079103e+01 2.110500e+01 2.117000e+01 2.079876e+01 2.079193e+01
2.054000e+01 2.117500e+01 2.083064e+01 2.077981e+01 2.054500e+01 2.118000e+01 2.082988e+01 2.078115e+01
2.054500e+01 2.118000e+01 2.082988e+01 2.078115e+01 2.055000e+01 2.118500e+01 2.082898e+01 2.078256e+01
2.109500e+01 2.118000e+01 2.080015e+01 2.079395e+01 2.109000e+01 2.118500e+01 2.080097e+01 2.079507e+01
2.110000e+01 2.117500e+01 2.079948e+01 2.079287e+01 2.109500e+01 2.118000e+01 2.080015e+01 2.079395e+01
2.055000e+01 2.118500e+01 2.082898e+01 2.078256e+01 2.055500e+01 2.119000e+01 2.082814e+01 2.078410e+01
2.055500e+01 2.119000e+01 2.082814e+01 2.078410e+01 2.056000e+01 2.119500e+01 2.082718e+01 2.078570e+01
2.108500e+01 2.119000e+01 2.080173e+01 2.079633e+01 2.108000e+01 2.119500e+01 2.080263e+01 2.079764e+01
2.109000e+01 2.118500e+01 2.080097e+01 2.079507e+01 2.108500e+01 2.119000e+01 2.080173e+01 2.079633e+01
2.056000e+01 2.119500e+01 2.082718e+01 2.078570e+01 2.056500e+01 2.120000e+01 2.082629e+01 2.078744e+01
2.056500e+01 2.120000e+01 2.082629e+01 2.078744e+01 2.057500e+01 2.120000e+01 2.082881e+01 2.078289e+01
2.057500e+01 2.120000e+01 2.082881e+01 2.078289e+01 2.058000e+01 2.120500e+01 2.082770e+01 2.078478e+01
2.107500e+01 2.120000e+01 2.080347e+01 2.079909e+01 2.107000e+01 2.120500e+01 2.080443e+01 2.080061e+01
2.108000e+01 2.119500e+01 2.080263e+01 2.079764e+01 2.107500e+01 2.120000e+01 2.080347e+01 2.079909e+01
2.058000e+01 2.120500e+01 2.082770e+01 2.078478e+01 2.058500e+01 2.121000e+01 2.082666e+01 2.078679e+01
2.058500e+01 2.121000e+01 2.082666e+01 2.078679e+01 2.059000e+01 2.121500e+01 2.082552e+01 2.078889e+01
2.106500e+01 2.121000e+01 2.080533e+01 2.080225e+01 2.106000e+01 2.121500e+01 2.080634e+01 2.080397e+01
2.107000e+01 2.120500e+01 2.080443e+01 2.080061e+01 2.106500e+01 2.121000e+01 2.080533e+01 2.080225e+01
2.059000e+01 2.121500e+01 2.082552e+01 2.078889e+01 2.059500e+01 2.122000e+01 2.082447e+01 2.079111e+01
2.059500e+01 2.122000e+01 2.082447e+01 2.079111e+01 2.060000e+01 2.122500e+01 2.082333e+01 2.079343e+01
2.104500e+01 2.122000e+01 2.080487e+01 2.080132e+01 2.104000e+01 2.122500e+01 2.080601e+01 2.080333e+01
2.104500e+01 2.122000e+01 2.080487e+01 2.080132e+01 2.105500e+01 2.122000e+01 2.080728e+01 2.080582e+01
2.106000e+01 2.121500e+01 2.080634e+01 2.080397e+01 2.105500e+01 2.122000e+01 2.080728e+01 2.080582e+01
2.060000e+01 2.122500e+01 2.082333e+01 2.079343e+01 2.060500e+01 2.123000e+01 2.082228e+01 2.079587e+01
2.060500e+01 2.123000e+01 2.082228e+01 2.079587e+01 2.061000e+01 2.123500e+01 2.082115e+01 2.079840e+01
2.103500e+01 2.123000e+01 2.080707e+01 2.080546e+01 2.103000e+01 2.123500e+01 2.080822e+01 2.080768e+01
2.104000e+01 2.122500e+01 2.080601e+01 2.080333e+01 2.103500e+01 2.123000e+01 2.080707e+01 2.080546e+01
2.061000e+01 2.123500e+01 2.082115e+01 2.079840e+01 2.061500e+01 2.124000e+01 2.082011e+01 2.080104e+01
2.061500e+01 2.124000e+01 2.082011e+01 2.080104e+01 2.062500e+01 2.124000e+01 2.082165e+01 2.079730e+01
2.062500e+01 2.124000e+01 2.082165e+01 2.079730e+01 2.063000e+01 2.124500e+01 2.082049e+01 2.080014e+01
2.102500e+01 2.124000e+01 2.080928e+01 2.081003e+01 2.102000e+01 2.124500e+01 2.081042e+01 2.081247e+01
2.103000e+01 2.123500e+01 2.080822e+01 2.080768e+01 2.102500e+01 2.124000e+01 2.080928e+01 2.081003e+01
2.063000e+01 2.124500e+01 2.082049e+01 2.080014e+01 2.063500e+01 2.125000e+01 2.081943e+01 2.080310e+01
2.063500e+01 2.125000e+01 2.081943e+01 2.080310e+01 2.064500e+01 2.125000e+01 2.082062e+01 2.079969e+01
2.064500e+01 2.125000e+01 2.082062e+01 2.079969e+01 2.065000e+01 2.125500e+01 2.081946e+01 2.080286e+01
2.100500e+01 2.125000e+01 2.080982e+01 2.081117e+01 2.100000e+01 2.125500e+01 2.081099e+01 2.081392e+01
2.100500e+01 2.125000e+01 2.080982e+01 2.081117e+01 2.101500e+01 2.125000e+01 2.081146e+01 2.081503e+01
2.102000e+01 2.124500e+01 2.081042e+01 2.081247e+01 2.101500e+01 2.125000e+01 2.081146e+01 2.081503e+01
2.065000e+01 2.125500e+01 2.081946e+01 2.080286e+01 2.065500e+01 2.126000e+01 2.081842e+01 2.080614e+01
2.065500e+01 2.126000e+01 2.081842e+01 2.080614e+01 2.066000e+01 2.126500e+01 2.081734e+01 2.080953e+01
2.098500e+01 2.126000e+01 2.081076e+01 2.081326e+01 2.098000e+01 2.126500e+01 2.081192e+01 2.081635e+01
2.098500e+01 2.126000e+01 2.081076e+01 2.081326e+01 2.099500e+01 2.126000e+01 2.081206e+01 2.081680e+01
2.100000e+01 2.125500e+01 2.081099e+01 2.081392e+01 2.099500e+01 2.126000e+01 2.081206e+01 2.081680e+01
2.066000e+01 2.126500e+01 2.081734e+01 2.080953e+01 2.066500e+01 2.127000e+01 2.081637e+01 2.081302e+01
2.066500e+01 2.127000e+01 2.081637e+01 2.081302e+01 2.067500e+01 2.127000e+01 2.081722e+01 2.081019e+01
2.067500e+01 2.127000e+01 2.081722e+01 2.081019e+01 2.068500e+01 2.127000e+01 2.081788e+01 2.080753e+01
2.068500e+01 2.127000e+01 2.081788e+01 2.080753e+01 2.069000e+01 2.127500e+01 2.081687e+01 2.081136e+01
2.096500e+01 2.127000e+01 2.081196e+01 2.081636e+01 2.096000e+01 2.127500e+01 2.081307e+01 2.081978e+01
2.096500e+01 2.127000e+01 2.081196e+01 2.081636e+01 2.097500e+01 2.127000e+01 2.081297e+01 2.081954e+01
2.098000e+01 2.126500e+01 2.081192e+01 2.081635e+01 2.097500e+01 2.127000e+01 2.081297e+01 2.081954e+01
2.069000e+01 2.127500e+01 2.081687e+01 2.081136e+01 2.069500e+01 2.128000e+01 2.081598e+01 2.081528e+01
2.069500e+01 2.128000e+01 2.081598e+01 2.081528e+01 2.070500e+01 2.128000e+01 2.081647e+01 2.081302e+01
2.070500e+01 2.128000e+01 2.081647e+01 2.081302e+01 2.071000e+01 2.128500e+01 2.081560e+01 2.081717e+01
2.094500e+01 2.128000e+01 2.081327e+01 2.082050e+01 2.094000e+01 2.128500e+01 2.081428e+01 2.082425e+01
2.094500e+01 2.128000e+01 2.081327e+01 2.082050e+01 2.095500e+01 2.128000e+01 2.081406e+01 2.082330e+01
2.096000e+01 2.127500e+01 2.081307e+01 2.081978e+01 2.095500e+01 2.128000e+01 2.081406e+01 2.082330e+01
2.071000e+01 2.128500e+01 2.081560e+01 2.081717e+01 2.071500e+01 2.129000e+01 2.081484e+01 2.082140e+01
2.071500e+01 2.129000e+01 2.081484e+01 2.082140e+01 2.072500e+01 2.129000e+01 2.081522e+01 2.081956e+01
2.072500e+01 2.129000e+01 2.081522e+01 2.081956e+01 2.073500e+01 2.129000e+01 2.081548e+01 2.081790e+01
2.073500e+01 2.129000e+01 2.081548e+01 2.081790e+01 2.074500e+01 2.129000e+01 2.081562e+01 2.081645e+01
2.074500e+01 2.129000e+01 2.081562e+01 2.081645e+01 2.075000e+01 2.129500e+01 2.081501e+01 2.082114e+01
2.090500e+01 2.129000e+01 2.081371e+01 2.082143e+01 2.090000e+01 2.129500e+01 2.081453e+01 2.082574e+01
2.090500e+01 2.129000e+01 2.081371e+01 2.082143e+01 2.091500e+01 2.129000e+01 2.081406e+01 2.082347e+01
2.091500e+01 2.129000e+01 2.081406e+01 2.082347e+01 2.092500e+01 2.129000e+01 2.081454e+01 2.082570e+01
2.092500e+01 2.129000e+01 2.081454e+01 2.082570e+01 2.093500e+01 2.129000e+01 2.081517e+01 2.082810e+01
2.094000e+01 2.128500e+01 2.081428e+01 2.082425e+01 2.093500e+01 2.129000e+01 2.081517e+01 2.082810e+01
2.075000e+01 2.129500e+01 2.081501e+01 2.082114e+01 2.075500e+01 2.130000e+01 2.081451e+01 2.082590e+01
2.075500e+01 2.130000e+01 2.081451e+01 2.082590e+01 2.076500e+01 2.130000e+01 2.081467e+01 2.082487e+01
2.076500e+01 2.130000e+01 2.081467e+01 2.082487e+01 2.077500e+01 2.130000e+01 2.081475e+01 2.082404e+01
2.077500e+01 2.130000e+01 2.081475e+01 2.082404e+01 2.078500e+01 2.130000e+01 2.081478e+01 2.082341e+01
2.078500e+01 2.130000e+01 2.081478e+01 2.082341e+01 2.079500e+01 2.130000e+01 2.081476e+01 2.082299e+01
2.079500e+01 2.130000e+01 2.081476e+01 2.082299e+01 2.080500e+01 2.130000e+01 2.081471e+01 2.082278e+01
2.080500e+01 2.130000e+01 2.081471e+01 2.082278e+01 2.081500e+01 2.130000e+01 2.081464e+01 2.082277e+01
2.081500e+01 2.130000e+01 2.081464e+01 2.082277e+01 2.082500e+01 2.130000e+01 2.081458e+01 2.082298e+01
2.082500e+01 2.130000e+01 2.081458e+01 2.082298e+01 2.083500e+01 2.130000e+01 2.081452e+01 2.082339e+01
2.083500e+01 2.130000e+01 2.081452e+01 2.082339e+01 2.084500e+01 2.130000e+01 2.081450e+01 2.082401e+01
2.084500e+01 2.130000e+01 2.081450e+01 2.082401e+01 2.085500e+01 2.130000e+01 2.081451e+01 2.082484e+01
2.085500e+01 2.130000e+01 2.081451e+01 2.082484e+01 2.086500e+01 2.130000e+01 2.081457e+01 2.082586e+01
2.086500e+01 2.130000e+01 2.081457e+01 2.082586e+01 2.087500e+01 2.130000e+01 2.081471e+01 2.082709e+01
2.087500e+01 2.130000e+01 2.081471e+01 2.082709e+01 2.088500e+01 2.130000e+01 2.081492e+01 2.082852e+01
2.088500e+01 2.130000e+01 2.081492e+01 2.082852e+01 2.089500e+01 2.130000e+01 2.081523e+01 2.083014e+01
2.090000e+01 2.129500e+01 2.081453e+01 2.082574e+01 2.089500e+01 2.130000e+01 2.081523e+01 2.083014e+01
