2.072500e+01 2.021000e+01 2.080408e+01 2.068575e+01 2.072000e+01 2.021500e+01 2.080470e+01 2.068983e+01
2.072500e+01 2.021000e+01 2.080408e+01 2.068575e+01 2.073500e+01 2.021000e+01 2.080436e+01 2.068719e+01
2.073500e+01 2.021000e+01 2.080436e+01 2.068719e+01 2.074500e+01 2.021000e+01 2.080456e+01 2.068845e+01
2.074500e+01 2.021000e+01 2.080456e+01 2.068845e+01 2.075500e+01 2.021000e+01 2.080469e+01 2.068953e+01
2.075500e+01 2.021000e+01 2.080469e+01 2.068953e+01 2.076500e+01 2.021000e+01 2.080477e+01 2.069043e+01
2.076500e+01 2.021000e+01 2.080477e+01 2.069043e+01 2.077500e+01 2.021000e+01 2.080479e+01 2.069114e+01
2.077500e+01 2.021000e+01 2.080479e+01 2.069114e+01 2.078500e+01 2.021000e+01 2.080478e+01 2.069166e+01
2.078500e+01 2.021000e+01 2.080478e+01 2.069166e+01 2.079500e+01 2.021000e+01 2.080475e+01 2.069198e+01
2.079500e+01 2.021000e+01 2.080475e+01 2.069198e+01 2.080500e+01 2.021000e+01 2.080472e+01 2.069212e+01
2.080500e+01 2.021000e+01 2.080472e+01 2.069212e+01 2.081500e+01 2.021000e+01 2.080468e+01 2.069207e+01
2.081500e+01 2.021000e+01 2.080468e+01 2.069207e+01 2.082500e+01 2.021000e+01 2.080466e+01 2.069182e+01
2.082500e+01 2.021000e+01 2.080466e+01 2.069182e+01 2.083500e+01 2.021000e+01 2.080467e+01 2.069138e+01
2.083500e+01 2.021000e+01 2.080467e+01 2.069138e+01 2.084500e+01 2.021000e+01 2.080472e+01 2.069076e+01
2.084500e+01 2.021000e+01 2.080472e+01 2.069076e+01 2.085500e+01 2.021000e+01 2.080483e+01 2.068994e+01
2.085500e+01 2.021000e+01 2.080483e+01 2.068994e+01 2.086500e+01 2.021000e+01 2.080499e+01 2.068894e+01
2.086500e+01 2.021000e+01 2.080499e+01 2.068894e+01 2.087000e+01 2.021500e+01 2.080453e+01 2.069330e+01
2.068500e+01 2.022000e+01 2.080415e+01 2.068785e+01 2.068000e+01 2.022500e+01 2.080497e+01 2.069142e+01
2.068500e+01 2.022000e+01 2.080415e+01 2.068785e+01 2.069500e+01 2.022000e+01 2.080470e+01 2.069001e+01
2.069500e+01 2.022000e+01 2.080470e+01 2.069001e+01 2.070500e+01 2.022000e+01 2.080513e+01 2.069201e+01
2.070500e+01 2.022000e+01 2.080513e+01 2.069201e+01 2.071500e+01 2.022000e+01 2.080543e+01 2.069385e+01
2.072000e+01 2.021500e+01 2.080470e+01 2.068983e+01 2.071500e+01 2.022000e+01 2.080543e+01 2.069385e+01
2.087000e+01 2.021500e+01 2.080453e+01 2.069330e+01 2.087500e+01 2.022000e+01 2.080395e+01 2.069760e+01
2.087500e+01 2.022000e+01 2.080395e+01 2.069760e+01 2.088500e+01 2.022000e+01 2.080410e+01 2.069621e+01
2.088500e+01 2.022000e+01 2.080410e+01 2.069621e+01 2.089500e+01 2.022000e+01 2.080436e+01 2.069464e+01
2.089500e+01 2.022000e+01 2.080436e+01 2.069464e+01 2.090500e+01 2.022000e+01 2.080472e+01 2.069289e+01
2.090500e+01 2.022000e+01 2.080472e+01 2.069289e+01 2.091000e+01 2.022500e+01 2.080401e+01 2.069676e+01
2.066500e+01 2.023000e+01 2.080521e+01 2.069237e+01 2.066000e+01 2.023500e+01 2.080613e+01 2.069565e+01
2.066500e+01 2.023000e+01 2.080521e+01 2.069237e+01 2.067500e+01 2.023000e+01 2.080590e+01 2.069491e+01
2.068000e+01 2.022500e+01 2.080497e+01 2.069142e+01 2.067500e+01 2.023000e+01 2.080590e+01 2.069491e+01
2.091000e+01 2.022500e+01 2.080401e+01 2.069676e+01 2.091500e+01 2.023000e+01 2.080319e+01 2.070054e+01
2.091500e+01 2.023000e+01 2.080319e+01 2.070054e+01 2.092500e+01 2.023000e+01 2.080365e+01 2.069842e+01
2.092500e+01 2.023000e+01 2.080365e+01 2.069842e+01 2.093500e+01 2.023000e+01 2.080426e+01 2.069613e+01
2.093500e+01 2.023000e+01 2.080426e+01 2.069613e+01 2.094000e+01 2.023500e+01 2.080342e+01 2.069959e+01
2.063500e+01 2.024000e+01 2.080523e+01 2.069290e+01 2.063000e+01 2.024500e+01 2.080619e+01 2.069577e+01
2.063500e+01 2.024000e+01 2.080523e+01 2.069290e+01 2.064500e+01 2.024000e+01 2.080628e+01 2.069593e+01
2.064500e+01 2.024000e+01 2.080628e+01 2.069593e+01 2.065500e+01 2.024000e+01 2.080716e+01 2.069882e+01
2.066000e+01 2.023500e+01 2.080613e+01 2.069565e+01 2.065500e+01 2.024000e+01 2.080716e+01 2.069882e+01
2.094000e+01 2.023500e+01 2.080342e+01 2.069959e+01 2.094500e+01 2.024000e+01 2.080247e+01 2.070297e+01
2.094500e+01 2.024000e+01 2.080247e+01 2.070297e+01 2.095500e+01 2.024000e+01 2.080326e+01 2.070032e+01
2.095500e+01 2.024000e+01 2.080326e+01 2.070032e+01 2.096000e+01 2.024500e+01 2.080234e+01 2.070348e+01
2.061500e+01 2.025000e+01 2.080592e+01 2.069518e+01 2.061000e+01 2.025500e+01 2.080689e+01 2.069775e+01
2.061500e+01 2.025000e+01 2.080592e+01 2.069518e+01 2.062500e+01 2.025000e+01 2.080724e+01 2.069853e+01
2.063000e+01 2.024500e+01 2.080619e+01 2.069577e+01 2.062500e+01 2.025000e+01 2.080724e+01 2.069853e+01
2.096000e+01 2.024500e+01 2.080234e+01 2.070348e+01 2.096500e+01 2.025000e+01 2.080132e+01 2.070655e+01
2.096500e+01 2.025000e+01 2.080132e+01 2.070655e+01 2.097500e+01 2.025000e+01 2.080233e+01 2.070356e+01
2.097500e+01 2.025000e+01 2.080233e+01 2.070356e+01 2.098000e+01 2.025500e+01 2.080137e+01 2.070642e+01
2.060500e+01 2.026000e+01 2.080795e+01 2.070021e+01 2.060000e+01 2.026500e+01 2.080895e+01 2.070258e+01
2.061000e+01 2.025500e+01 2.080689e+01 2.069775e+01 2.060500e+01 2.026000e+01 2.080795e+01 2.070021e+01
2.098000e+01 2.025500e+01 2.080137e+01 2.070642e+01 2.098500e+01 2.026000e+01 2.080031e+01 2.070918e+01
2.098500e+01 2.026000e+01 2.080031e+01 2.070918e+01 2.099500e+01 2.026000e+01 2.080161e+01 2.070586e+01
2.099500e+01 2.026000e+01 2.080161e+01 2.070586e+01 2.100000e+01 2.026500e+01 2.080065e+01 2.070844e+01
2.058500e+01 2.027000e+01 2.080828e+01 2.070100e+01 2.058000e+01 2.027500e+01 2.080923e+01 2.070308e+01
2.058500e+01 2.027000e+01 2.080828e+01 2.070100e+01 2.059500e+01 2.027000e+01 2.081005e+01 2.070483e+01
2.060000e+01 2.026500e+01 2.080895e+01 2.070258e+01 2.059500e+01 2.027000e+01 2.081005e+01 2.070483e+01
2.100000e+01 2.026500e+01 2.080065e+01 2.070844e+01 2.100500e+01 2.027000e+01 2.079959e+01 2.071089e+01
2.100500e+01 2.027000e+01 2.079959e+01 2.071089e+01 2.101000e+01 2.027500e+01 2.079860e+01 2.071326e+01
2.057500e+01 2.028000e+01 2.081027e+01 2.070504e+01 2.057000e+01 2.028500e+01 2.081122e+01 2.070692e+01
2.058000e+01 2.027500e+01 2.080923e+01 2.070308e+01 2.057500e+01 2.028000e+01 2.081027e+01 2.070504e+01
2.101000e+01 2.027500e+01 2.079860e+01 2.071326e+01 2.101500e+01 2.028000e+01 2.079752e+01 2.071551e+01
2.101500e+01 2.028000e+01 2.079752e+01 2.071551e+01 2.102500e+01 2.028000e+01 2.079928e+01 2.071173e+01
2.102500e+01 2.028000e+01 2.079928e+01 2.071173e+01 2.103000e+01 2.028500e+01 2.079834e+01 2.071381e+01
2.055500e+01 2.029000e+01 2.080991e+01 2.070446e+01 2.055000e+01 2.029500e+01 2.081075e+01 2.070608e+01
2.055500e+01 2.029000e+01 2.080991e+01 2.070446e+01 2.056500e+01 2.029000e+01 2.081225e+01 2.070868e+01
2.057000e+01 2.028500e+01 2.081122e+01 2.070692e+01 2.056500e+01 2.029000e+01 2.081225e+01 2.070868e+01
2.103000e+01 2.028500e+01 2.079834e+01 2.071381e+01 2.103500e+01 2.029000e+01 2.079733e+01 2.071577e+01
2.103500e+01 2.029000e+01 2.079733e+01 2.071577e+01 2.104000e+01 2.029500e+01 2.079640e+01 2.071766e+01
2.054500e+01 2.030000e+01 2.081165e+01 2.070757e+01 2.054000e+01 2.030500e+01 2.081245e+01 2.070899e+01
2.055000e+01 2.029500e+01 2.081075e+01 2.070608e+01 2.054500e+01 2.030000e+01 2.081165e+01 2.070757e+01
2.104000e+01 2.029500e+01 2.079640e+01 2.071766e+01 2.104500e+01 2.030000e+01 2.079540e+01 2.071942e+01
2.104500e+01 2.030000e+01 2.079540e+01 2.071942e+01 2.105000e+01 2.030500e+01 2.079449e+01 2.072111e+01
2.053500e+01 2.031000e+01 2.081331e+01 2.071029e+01 2.053000e+01 2.031500e+01 2.081406e+01 2.071153e+01
2.054000e+01 2.030500e+01 2.081245e+01 2.070899e+01 2.053500e+01 2.031000e+01 2.081331e+01 2.071029e+01
2.105000e+01 2.030500e+01 2.079449e+01 2.072111e+01 2.105500e+01 2.031000e+01 2.079351e+01 2.072267e+01
2.105500e+01 2.031000e+01 2.079351e+01 2.072267e+01 2.106000e+01 2.031500e+01 2.079263e+01 2.072416e+01
2.052500e+01 2.032000e+01 2.081486e+01 2.071264e+01 2.052000e+01 2.032500e+01 2.081553e+01 2.071370e+01
2.053000e+01 2.031500e+01 2.081406e+01 2.071153e+01 2.052500e+01 2.032000e+01 2.081486e+01 2.071264e+01
2.106000e+01 2.031500e+01 2.079263e+01 2.072416e+01 2.106500e+01 2.032000e+01 2.079170e+01 2.072552e+01
2.106500e+01 2.032000e+01 2.079170e+01 2.072552e+01 2.107500e+01 2.032000e+01 2.079447e+01 2.072110e+01
2.107500e+01 2.032000e+01 2.079447e+01 2.072110e+01 2.108000e+01 2.032500e+01 2.079377e+01 2.072235e+01
2.051500e+01 2.033000e+01 2.081625e+01 2.071463e+01 2.051000e+01 2.033500e+01 2.081685e+01 2.071552e+01
2.052000e+01 2.032500e+01 2.081553e+01 2.071370e+01 2.051500e+01 2.033000e+01 2.081625e+01 2.071463e+01
2.108000e+01 2.032500e+01 2.079377e+01 2.072235e+01 2.108500e+01 2.033000e+01 2.079301e+01 2.072347e+01
2.108500e+01 2.033000e+01 2.079301e+01 2.072347e+01 2.109000e+01 2.033500e+01 2.079237e+01 2.072454e+01
2.050500e+01 2.034000e+01 2.081747e+01 2.071628e+01 2.050000e+01 2.034500e+01 2.081797e+01 2.071700e+01
2.051000e+01 2.033500e+01 2.081685e+01 2.071552e+01 2.050500e+01 2.034000e+01 2.081747e+01 2.071628e+01
2.109000e+01 2.033500e+01 2.079237e+01 2.072454e+01 2.109500e+01 2.034000e+01 2.079169e+01 2.072548e+01
2.109500e+01 2.034000e+01 2.079169e+01 2.072548e+01 2.110000e+01 2.034500e+01 2.079114e+01 2.072639e+01
2.049500e+01 2.035000e+01 2.081849e+01 2.071760e+01 2.049000e+01 2.035500e+01 2.081887e+01 2.071817e+01
2.050000e+01 2.034500e+01 2.081797e+01 2.071700e+01 2.049500e+01 2.035000e+01 2.081849e+01 2.071760e+01
2.110000e+01 2.034500e+01 2.079114e+01 2.072639e+01 2.110000e+01 2.035500e+01 2.078644e+01 2.073263e+01
2.048500e+01 2.036000e+01 2.081928e+01 2.071861e+01 2.048000e+01 2.036500e+01 2.081953e+01 2.071904e+01
2.049000e+01 2.035500e+01 2.081887e+01 2.071817e+01 2.048500e+01 2.036000e+01 2.081928e+01 2.071861e+01
2.110000e+01 2.035500e+01 2.078644e+01 2.073263e+01 2.110500e+01 2.036000e+01 2.078582e+01 2.073326e+01
2.110500e+01 2.036000e+01 2.078582e+01 2.073326e+01 2.111000e+01 2.036500e+01 2.078535e+01 2.073387e+01
2.048000e+01 2.036500e+01 2.081953e+01 2.071904e+01 2.048000e+01 2.037500e+01 2.082441e+01 2.072451e+01
2.111000e+01 2.036500e+01 2.078535e+01 2.073387e+01 2.111500e+01 2.037000e+01 2.078485e+01 2.073434e+01
2.111500e+01 2.037000e+01 2.078485e+01 2.073434e+01 2.112000e+01 2.037500e+01 2.078450e+01 2.073480e+01
2.047500e+01 2.038000e+01 2.082468e+01 2.072467e+01 2.047000e+01 2.038500e+01 2.082480e+01 2.072484e+01
2.048000e+01 2.037500e+01 2.082441e+01 2.072451e+01 2.047500e+01 2.038000e+01 2.082468e+01 2.072467e+01
2.112000e+01 2.037500e+01 2.078450e+01 2.073480e+01 2.112500e+01 2.038000e+01 2.078413e+01 2.073512e+01
2.112500e+01 2.038000e+01 2.078413e+01 2.073512e+01 2.113000e+01 2.038500e+01 2.078391e+01 2.073543e+01
2.046500e+01 2.039000e+01 2.082492e+01 2.072488e+01 2.046000e+01 2.039500e+01 2.082488e+01 2.072492e+01
2.047000e+01 2.038500e+01 2.082480e+01 2.072484e+01 2.046500e+01 2.039000e+01 2.082492e+01 2.072488e+01
2.113000e+01 2.038500e+01 2.078391e+01 2.073543e+01 2.113500e+01 2.039000e+01 2.078369e+01 2.073562e+01
2.113500e+01 2.039000e+01 2.078369e+01 2.073562e+01 2.114000e+01 2.039500e+01 2.078362e+01 2.073580e+01
2.045500e+01 2.040000e+01 2.082483e+01 2.072484e+01 2.045000e+01 2.040500e+01 2.082463e+01 2.072478e+01
2.046000e+01 2.039500e+01 2.082488e+01 2.072492e+01 2.045500e+01 2.040000e+01 2.082483e+01 2.072484e+01
2.114000e+01 2.039500e+01 2.078362e+01 2.073580e+01 2.114000e+01 2.040500e+01 2.077876e+01 2.074076e+01
2.045000e+01 2.040500e+01 2.082463e+01 2.072478e+01 2.045000e+01 2.041500e+01 2.082949e+01 2.072928e+01
2.114000e+01 2.040500e+01 2.077876e+01 2.074076e+01 2.114500e+01 2.041000e+01 2.077871e+01 2.074069e+01
2.114500e+01 2.041000e+01 2.077871e+01 2.074069e+01 2.115000e+01 2.041500e+01 2.077881e+01 2.074062e+01
2.044500e+01 2.042000e+01 2.082923e+01 2.072898e+01 2.044000e+01 2.042500e+01 2.082882e+01 2.072871e+01
2.045000e+01 2.041500e+01 2.082949e+01 2.072928e+01 2.044500e+01 2.042000e+01 2.082923e+01 2.072898e+01
2.115000e+01 2.041500e+01 2.077881e+01 2.074062e+01 2.115500e+01 2.042000e+01 2.077893e+01 2.074044e+01
2.115500e+01 2.042000e+01 2.077893e+01 2.074044e+01 2.116000e+01 2.042500e+01 2.077921e+01 2.074027e+01
2.044000e+01 2.042500e+01 2.082882e+01 2.072871e+01 2.044000e+01 2.043500e+01 2.083362e+01 2.073275e+01
2.116000e+01 2.042500e+01 2.077921e+01 2.074027e+01 2.116000e+01 2.043500e+01 2.077437e+01 2.074451e+01
2.043500e+01 2.044000e+01 2.083313e+01 2.073225e+01 2.043000e+01 2.044500e+01 2.083248e+01 2.073180e+01
2.044000e+01 2.043500e+01 2.083362e+01 2.073275e+01 2.043500e+01 2.044000e+01 2.083313e+01 2.073225e+01
2.116000e+01 2.043500e+01 2.077437e+01 2.074451e+01 2.116500e+01 2.044000e+01 2.077471e+01 2.074411e+01
2.116500e+01 2.044000e+01 2.077471e+01 2.074411e+01 2.117000e+01 2.044500e+01 2.077521e+01 2.074375e+01
2.043000e+01 2.044500e+01 2.083248e+01 2.073180e+01 2.043000e+01 2.045500e+01 2.083718e+01 2.073539e+01
2.117000e+01 2.044500e+01 2.077521e+01 2.074375e+01 2.117500e+01 2.045000e+01 2.077575e+01 2.074327e+01
2.117500e+01 2.045000e+01 2.077575e+01 2.074327e+01 2.118000e+01 2.045500e+01 2.077646e+01 2.074283e+01
2.042500e+01 2.046000e+01 2.083643e+01 2.073474e+01 2.042000e+01 2.046500e+01 2.083552e+01 2.073414e+01
2.043000e+01 2.045500e+01 2.083718e+01 2.073539e+01 2.042500e+01 2.046000e+01 2.083643e+01 2.073474e+01
2.118000e+01 2.045500e+01 2.077646e+01 2.074283e+01 2.118000e+01 2.046500e+01 2.077182e+01 2.074639e+01
2.042000e+01 2.046500e+01 2.083552e+01 2.073414e+01 2.042000e+01 2.047500e+01 2.084010e+01 2.073730e+01
2.118000e+01 2.046500e+01 2.077182e+01 2.074639e+01 2.118500e+01 2.047000e+01 2.077263e+01 2.074574e+01
2.118500e+01 2.047000e+01 2.077263e+01 2.074574e+01 2.119000e+01 2.047500e+01 2.077359e+01 2.074516e+01
2.041500e+01 2.048000e+01 2.083903e+01 2.073652e+01 2.041000e+01 2.048500e+01 2.083783e+01 2.073580e+01
2.042000e+01 2.047500e+01 2.084010e+01 2.073730e+01 2.041500e+01 2.048000e+01 2.083903e+01 2.073652e+01
2.119000e+01 2.047500e+01 2.077359e+01 2.074516e+01 2.119000e+01 2.048500e+01 2.076908e+01 2.074828e+01
2.041000e+01 2.048500e+01 2.083783e+01 2.073580e+01 2.041000e+01 2.049500e+01 2.084223e+01 2.073856e+01
2.119000e+01 2.048500e+01 2.076908e+01 2.074828e+01 2.119500e+01 2.049000e+01 2.077017e+01 2.074751e+01
2.119500e+01 2.049000e+01 2.077017e+01 2.074751e+01 2.120000e+01 2.049500e+01 2.077146e+01 2.074680e+01
2.040500e+01 2.050000e+01 2.084085e+01 2.073769e+01 2.040000e+01 2.050500e+01 2.083934e+01 2.073689e+01
2.041000e+01 2.049500e+01 2.084223e+01 2.073856e+01 2.040500e+01 2.050000e+01 2.084085e+01 2.073769e+01
2.120000e+01 2.049500e+01 2.077146e+01 2.074680e+01 2.120000e+01 2.050500e+01 2.076713e+01 2.074952e+01
2.040000e+01 2.050500e+01 2.083934e+01 2.073689e+01 2.040000e+01 2.051500e+01 2.084351e+01 2.073929e+01
2.120000e+01 2.050500e+01 2.076713e+01 2.074952e+01 2.120000e+01 2.051500e+01 2.076291e+01 2.075201e+01
2.040000e+01 2.051500e+01 2.084351e+01 2.073929e+01 2.040000e+01 2.052500e+01 2.084760e+01 2.074147e+01
2.120000e+01 2.051500e+01 2.076291e+01 2.075201e+01 2.120500e+01 2.052000e+01 2.076439e+01 2.075106e+01
2.120500e+01 2.052000e+01 2.076439e+01 2.075106e+01 2.121000e+01 2.052500e+01 2.076603e+01 2.075021e+01
2.039500e+01 2.053000e+01 2.084584e+01 2.074048e+01 2.039000e+01 2.053500e+01 2.084388e+01 2.073958e+01
2.040000e+01 2.052500e+01 2.084760e+01 2.074147e+01 2.039500e+01 2.053000e+01 2.084584e+01 2.074048e+01
2.121000e+01 2.052500e+01 2.076603e+01 2.075021e+01 2.121000e+01 2.053500e+01 2.076206e+01 2.075233e+01
2.039000e+01 2.053500e+01 2.084388e+01 2.073958e+01 2.039000e+01 2.054500e+01 2.084769e+01 2.074145e+01
2.121000e+01 2.053500e+01 2.076206e+01 2.075233e+01 2.121500e+01 2.054000e+01 2.076388e+01 2.075135e+01
2.121500e+01 2.054000e+01 2.076388e+01 2.075135e+01 2.122000e+01 2.054500e+01 2.076585e+01 2.075046e+01
2.039000e+01 2.054500e+01 2.084769e+01 2.074145e+01 2.039000e+01 2.055500e+01 2.085135e+01 2.074313e+01
2.122000e+01 2.054500e+01 2.076585e+01 2.075046e+01 2.122000e+01 2.055500e+01 2.076217e+01 2.075226e+01
2.038500e+01 2.056000e+01 2.084913e+01 2.074210e+01 2.038000e+01 2.056500e+01 2.084673e+01 2.074118e+01
2.039000e+01 2.055500e+01 2.085135e+01 2.074313e+01 2.038500e+01 2.056000e+01 2.084913e+01 2.074210e+01
2.122000e+01 2.055500e+01 2.076217e+01 2.075226e+01 2.122000e+01 2.056500e+01 2.075860e+01 2.075386e+01
2.038000e+01 2.056500e+01 2.084673e+01 2.074118e+01 2.038000e+01 2.057500e+01 2.085010e+01 2.074260e+01
2.076500e+01 2.057000e+01 2.085918e+01 2.091924e+01 2.076000e+01 2.057500e+01 2.086638e+01 2.091753e+01
2.076500e+01 2.057000e+01 2.085918e+01 2.091924e+01 2.077500e+01 2.057000e+01 2.084724e+01 2.092166e+01
2.077500e+01 2.057000e+01 2.084724e+01 2.092166e+01 2.078500e+01 2.057000e+01 2.083493e+01 2.092351e+01
2.078500e+01 2.057000e+01 2.083493e+01 2.092351e+01 2.079500e+01 2.057000e+01 2.082235e+01 2.092476e+01
2.079500e+01 2.057000e+01 2.082235e+01 2.092476e+01 2.080500e+01 2.057000e+01 2.080964e+01 2.092539e+01
2.080500e+01 2.057000e+01 2.080964e+01 2.092539e+01 2.081500e+01 2.057000e+01 2.079692e+01 2.092540e+01
2.081500e+01 2.057000e+01 2.079692e+01 2.092540e+01 2.082500e+01 2.057000e+01 2.078430e+01 2.092478e+01
2.082500e+01 2.057000e+01 2.078430e+01 2.092478e+01 2.083500e+01 2.057000e+01 2.077192e+01 2.092355e+01
2.083500e+01 2.057000e+01 2.077192e+01 2.092355e+01 2.084500e+01 2.057000e+01 2.075988e+01 2.092174e+01
2.084500e+01 2.057000e+01 2.075988e+01 2.092174e+01 2.085500e+01 2.057000e+01 2.074829e+01 2.091938e+01
2.085500e+01 2.057000e+01 2.074829e+01 2.091938e+01 2.086000e+01 2.057500e+01 2.074133e+01 2.091775e+01
2.122000e+01 2.056500e+01 2.075860e+01 2.075386e+01 2.122500e+01 2.057000e+01 2.076086e+01 2.075284e+01
2.122500e+01 2.057000e+01 2.076086e+01 2.075284e+01 2.123000e+01 2.057500e+01 2.076327e+01 2.075192e+01
2.038000e+01 2.057500e+01 2.085010e+01 2.074260e+01 2.038000e+01 2.058500e+01 2.085330e+01 2.074385e+01
2.073500e+01 2.058000e+01 2.089595e+01 2.090791e+01 2.073000e+01 2.058500e+01 2.090308e+01 2.090497e+01
2.073500e+01 2.058000e+01 2.089595e+01 2.090791e+01 2.074500e+01 2.058000e+01 2.088527e+01 2.091187e+01
2.074500e+01 2.058000e+01 2.088527e+01 2.091187e+01 2.075500e+01 2.058000e+01 2.087390e+01 2.091541e+01
2.076000e+01 2.057500e+01 2.086638e+01 2.091753e+01 2.075500e+01 2.058000e+01 2.087390e+01 2.091541e+01
2.086000e+01 2.057500e+01 2.074133e+01 2.091775e+01 2.086500e+01 2.058000e+01 2.073409e+01 2.091571e+01
2.086500e+01 2.058000e+01 2.073409e+01 2.091571e+01 2.087500e+01 2.058000e+01 2.072322e+01 2.091230e+01
2.087500e+01 2.058000e+01 2.072322e+01 2.091230e+01 2.088500e+01 2.058000e+01 2.071309e+01 2.090847e+01
2.088500e+01 2.058000e+01 2.071309e+01 2.090847e+01 2.089000e+01 2.058500e+01 2.070632e+01 2.090569e+01
2.123000e+01 2.057500e+01 2.076327e+01 2.075192e+01 2.123000e+01 2.058500e+01 2.076003e+01 2.075326e+01
2.038000e+01 2.058500e+01 2.085330e+01 2.074385e+01 2.038000e+01 2.059500e+01 2.085635e+01 2.074494e+01
2.071500e+01 2.059000e+01 2.091987e+01 2.089685e+01 2.071000e+01 2.059500e+01 2.092664e+01 2.089311e+01
2.071500e+01 2.059000e+01 2.091987e+01 2.089685e+01 2.072500e+01 2.059000e+01 2.091044e+01 2.090160e+01
2.073000e+01 2.058500e+01 2.090308e+01 2.090497e+01 2.072500e+01 2.059000e+01 2.091044e+01 2.090160e+01
2.089000e+01 2.058500e+01 2.070632e+01 2.090569e+01 2.089500e+01 2.059000e+01 2.069935e+01 2.090249e+01
2.089500e+01 2.059000e+01 2.069935e+01 2.090249e+01 2.090500e+01 2.059000e+01 2.069054e+01 2.089794e+01
2.090500e+01 2.059000e+01 2.069054e+01 2.089794e+01 2.091000e+01 2.059500e+01 2.068419e+01 2.089442e+01
2.123000e+01 2.058500e+01 2.076003e+01 2.075326e+01 2.123000e+01 2.059500e+01 2.075693e+01 2.075443e+01
2.038000e+01 2.059500e+01 2.085635e+01 2.074494e+01 2.038000e+01 2.060500e+01 2.085926e+01 2.074585e+01
2.070500e+01 2.060000e+01 2.093355e+01 2.088897e+01 2.070000e+01 2.060500e+01 2.094008e+01 2.088471e+01
2.071000e+01 2.059500e+01 2.092664e+01 2.089311e+01 2.070500e+01 2.060000e+01 2.093355e+01 2.088897e+01
2.091000e+01 2.059500e+01 2.068419e+01 2.089442e+01 2.091500e+01 2.060000e+01 2.067772e+01 2.089050e+01
2.091500e+01 2.060000e+01 2.067772e+01 2.089050e+01 2.092000e+01 2.060500e+01 2.067164e+01 2.088649e+01
2.123000e+01 2.059500e+01 2.075693e+01 2.075443e+01 2.123000e+01 2.060500e+01 2.075398e+01 2.075542e+01
2.037500e+01 2.061000e+01 2.085634e+01 2.074486e+01 2.037000e+01 2.061500e+01 2.085330e+01 2.074398e+01
2.038000e+01 2.060500e+01 2.085926e+01 2.074585e+01 2.037500e+01 2.061000e+01 2.085634e+01 2.074486e+01
2.069500e+01 2.061000e+01 2.094669e+01 2.088005e+01 2.069000e+01 2.061500e+01 2.095286e+01 2.087534e+01
2.070000e+01 2.060500e+01 2.094008e+01 2.088471e+01 2.069500e+01 2.061000e+01 2.094669e+01 2.088005e+01
2.092000e+01 2.060500e+01 2.067164e+01 2.088649e+01 2.092500e+01 2.061000e+01 2.066549e+01 2.088210e+01
2.092500e+01 2.061000e+01 2.066549e+01 2.088210e+01 2.093000e+01 2.061500e+01 2.065977e+01 2.087766e+01
2.123000e+01 2.060500e+01 2.075398e+01 2.075542e+01 2.123500e+01 2.061000e+01 2.075682e+01 2.075441e+01
2.123500e+01 2.061000e+01 2.075682e+01 2.075441e+01 2.124000e+01 2.061500e+01 2.075980e+01 2.075354e+01
2.037000e+01 2.061500e+01 2.085330e+01 2.074398e+01 2.037000e+01 2.062500e+01 2.085581e+01 2.074476e+01
2.068500e+01 2.062000e+01 2.095905e+01 2.087025e+01 2.068000e+01 2.062500e+01 2.096475e+01 2.086518e+01
2.069000e+01 2.061500e+01 2.095286e+01 2.087534e+01 2.068500e+01 2.062000e+01 2.095905e+01 2.087025e+01
2.093000e+01 2.061500e+01 2.065977e+01 2.087766e+01 2.093500e+01 2.062000e+01 2.065404e+01 2.087287e+01
2.093500e+01 2.062000e+01 2.065404e+01 2.087287e+01 2.094000e+01 2.062500e+01 2.064879e+01 2.086810e+01
2.124000e+01 2.061500e+01 2.075980e+01 2.075354e+01 2.124000e+01 2.062500e+01 2.075723e+01 2.075436e+01
2.037000e+01 2.062500e+01 2.085581e+01 2.074476e+01 2.037000e+01 2.063500e+01 2.085816e+01 2.074541e+01
2.067500e+01 2.063000e+01 2.097041e+01 2.085978e+01 2.067000e+01 2.063500e+01 2.097556e+01 2.085444e+01
2.068000e+01 2.062500e+01 2.096475e+01 2.086518e+01 2.067500e+01 2.063000e+01 2.097041e+01 2.085978e+01
2.094000e+01 2.062500e+01 2.064879e+01 2.086810e+01 2.094500e+01 2.063000e+01 2.064358e+01 2.086301e+01
2.094500e+01 2.063000e+01 2.064358e+01 2.086301e+01 2.095000e+01 2.063500e+01 2.063886e+01 2.085800e+01
2.124000e+01 2.062500e+01 2.075723e+01 2.075436e+01 2.124000e+01 2.063500e+01 2.075482e+01 2.075504e+01
2.037000e+01 2.063500e+01 2.085816e+01 2.074541e+01 2.037000e+01 2.064500e+01 2.086034e+01 2.074594e+01
2.066500e+01 2.064000e+01 2.098061e+01 2.084883e+01 2.066000e+01 2.064500e+01 2.098514e+01 2.084334e+01
2.067000e+01 2.063500e+01 2.097556e+01 2.085444e+01 2.066500e+01 2.064000e+01 2.098061e+01 2.084883e+01
2.095000e+01 2.063500e+01 2.063886e+01 2.085800e+01 2.095500e+01 2.064000e+01 2.063424e+01 2.085271e+01
2.095500e+01 2.064000e+01 2.063424e+01 2.085271e+01 2.096000e+01 2.064500e+01 2.063012e+01 2.084754e+01
2.124000e+01 2.063500e+01 2.075482e+01 2.075504e+01 2.124000e+01 2.064500e+01 2.075258e+01 2.075557e+01
2.037000e+01 2.064500e+01 2.086034e+01 2.074594e+01 2.037000e+01 2.065500e+01 2.086234e+01 2.074636e+01
2.065500e+01 2.065000e+01 2.098952e+01 2.083762e+01 2.065000e+01 2.065500e+01 2.099338e+01 2.083208e+01
2.066000e+01 2.064500e+01 2.098514e+01 2.084334e+01 2.065500e+01 2.065000e+01 2.098952e+01 2.083762e+01
2.096000e+01 2.064500e+01 2.063012e+01 2.084754e+01 2.096500e+01 2.065000e+01 2.062615e+01 2.084216e+01
2.096500e+01 2.065000e+01 2.062615e+01 2.084216e+01 2.097000e+01 2.065500e+01 2.062266e+01 2.083694e+01
2.124000e+01 2.064500e+01 2.075258e+01 2.075557e+01 2.124000e+01 2.065500e+01 2.075052e+01 2.075598e+01
2.037000e+01 2.065500e+01 2.086234e+01 2.074636e+01 2.037000e+01 2.066500e+01 2.086415e+01 2.074667e+01
2.065000e+01 2.065500e+01 2.099338e+01 2.083208e+01 2.065000e+01 2.066500e+01 2.099781e+01 2.082510e+01
2.097000e+01 2.065500e+01 2.062266e+01 2.083694e+01 2.097000e+01 2.066500e+01 2.061852e+01 2.083032e+01
2.124000e+01 2.065500e+01 2.075052e+01 2.075598e+01 2.124500e+01 2.066000e+01 2.075408e+01 2.075518e+01
2.124500e+01 2.066000e+01 2.075408e+01 2.075518e+01 2.125000e+01 2.066500e+01 2.075776e+01 2.075451e+01
2.037000e+01 2.066500e+01 2.086415e+01 2.074667e+01 2.037000e+01 2.067500e+01 2.086578e+01 2.074688e+01
2.064500e+01 2.067000e+01 2.100126e+01 2.081927e+01 2.064000e+01 2.067500e+01 2.100419e+01 2.081366e+01
2.065000e+01 2.066500e+01 2.099781e+01 2.082510e+01 2.064500e+01 2.067000e+01 2.100126e+01 2.081927e+01
2.097000e+01 2.066500e+01 2.061852e+01 2.083032e+01 2.097500e+01 2.067000e+01 2.061543e+01 2.082480e+01
2.097500e+01 2.067000e+01 2.061543e+01 2.082480e+01 2.098000e+01 2.067500e+01 2.061281e+01 2.081951e+01
2.125000e+01 2.066500e+01 2.075776e+01 2.075451e+01 2.125000e+01 2.067500e+01 2.075611e+01 2.075488e+01
2.037000e+01 2.067500e+01 2.086578e+01 2.074688e+01 2.037000e+01 2.068500e+01 2.086721e+01 2.074701e+01
2.064000e+01 2.067500e+01 2.100419e+01 2.081366e+01 2.064000e+01 2.068500e+01 2.100781e+01 2.080595e+01
2.098000e+01 2.067500e+01 2.061281e+01 2.081951e+01 2.098000e+01 2.068500e+01 2.060945e+01 2.081213e+01
2.125000e+01 2.067500e+01 2.075611e+01 2.075488e+01 2.125000e+01 2.068500e+01 2.075466e+01 2.075515e+01
2.036500e+01 2.069000e+01 2.086320e+01 2.074641e+01 2.036000e+01 2.069500e+01 2.085910e+01 2.074594e+01
2.037000e+01 2.068500e+01 2.086721e+01 2.074701e+01 2.036500e+01 2.069000e+01 2.086320e+01 2.074641e+01
2.063500e+01 2.069000e+01 2.101024e+01 2.080026e+01 2.063000e+01 2.069500e+01 2.101220e+01 2.079484e+01
2.064000e+01 2.068500e+01 2.100781e+01 2.080595e+01 2.063500e+01 2.069000e+01 2.101024e+01 2.080026e+01
2.098000e+01 2.068500e+01 2.060945e+01 2.081213e+01 2.098000e+01 2.069500e+01 2.060647e+01 2.080430e+01
2.125000e+01 2.068500e+01 2.075466e+01 2.075515e+01 2.125000e+01 2.069500e+01 2.075341e+01 2.075534e+01
2.036000e+01 2.069500e+01 2.085910e+01 2.074594e+01 2.036000e+01 2.070500e+01 2.086010e+01 2.074613e+01
2.063000e+01 2.069500e+01 2.101220e+01 2.079484e+01 2.063000e+01 2.070500e+01 2.101485e+01 2.078673e+01
2.098000e+01 2.069500e+01 2.060647e+01 2.080430e+01 2.098500e+01 2.070000e+01 2.060461e+01 2.079891e+01
2.098500e+01 2.070000e+01 2.060461e+01 2.079891e+01 2.099000e+01 2.070500e+01 2.060319e+01 2.079379e+01
2.125000e+01 2.069500e+01 2.075341e+01 2.075534e+01 2.125000e+01 2.070500e+01 2.075235e+01 2.075546e+01
2.036000e+01 2.070500e+01 2.086010e+01 2.074613e+01 2.036000e+01 2.071500e+01 2.086090e+01 2.074628e+01
2.063000e+01 2.070500e+01 2.101485e+01 2.078673e+01 2.063000e+01 2.071500e+01 2.101704e+01 2.077832e+01
2.099000e+01 2.070500e+01 2.060319e+01 2.079379e+01 2.099000e+01 2.071500e+01 2.060121e+01 2.078566e+01
2.125000e+01 2.070500e+01 2.075235e+01 2.075546e+01 2.125000e+01 2.071500e+01 2.075149e+01 2.075552e+01
2.036000e+01 2.071500e+01 2.086090e+01 2.074628e+01 2.036000e+01 2.072500e+01 2.086150e+01 2.074640e+01
2.063000e+01 2.071500e+01 2.101704e+01 2.077832e+01 2.063000e+01 2.072500e+01 2.101873e+01 2.076966e+01
2.099000e+01 2.071500e+01 2.060121e+01 2.078566e+01 2.099000e+01 2.072500e+01 2.059971e+01 2.077726e+01
2.125000e+01 2.071500e+01 2.075149e+01 2.075552e+01 2.125000e+01 2.072500e+01 2.075084e+01 2.075553e+01
2.036000e+01 2.072500e+01 2.086150e+01 2.074640e+01 2.036000e+01 2.073500e+01 2.086190e+01 2.074649e+01
2.063000e+01 2.072500e+01 2.101873e+01 2.076966e+01 2.063000e+01 2.073500e+01 2.101991e+01 2.076083e+01
2.099000e+01 2.072500e+01 2.059971e+01 2.077726e+01 2.099000e+01 2.073500e+01 2.059870e+01 2.076867e+01
2.125000e+01 2.072500e+01 2.075084e+01 2.075553e+01 2.125000e+01 2.073500e+01 2.075039e+01 2.075550e+01
2.036000e+01 2.073500e+01 2.086190e+01 2.074649e+01 2.036000e+01 2.074500e+01 2.086209e+01 2.074657e+01
2.062500e+01 2.074000e+01 2.102044e+01 2.075605e+01 2.062000e+01 2.074500e+01 2.102058e+01 2.075154e+01
2.063000e+01 2.073500e+01 2.101991e+01 2.076083e+01 2.062500e+01 2.074000e+01 2.102044e+01 2.075605e+01
2.099000e+01 2.073500e+01 2.059870e+01 2.076867e+01 2.099000e+01 2.074500e+01 2.059823e+01 2.075993e+01
2.125000e+01 2.073500e+01 2.075039e+01 2.075550e+01 2.125000e+01 2.074500e+01 2.075015e+01 2.075544e+01
2.036000e+01 2.074500e+01 2.086209e+01 2.074657e+01 2.036000e+01 2.075500e+01 2.086208e+01 2.074665e+01
2.062000e+01 2.074500e+01 2.102058e+01 2.075154e+01 2.062000e+01 2.075500e+01 2.102068e+01 2.074311e+01
2.099000e+01 2.074500e+01 2.059823e+01 2.075993e+01 2.099000e+01 2.075500e+01 2.059828e+01 2.075114e+01
2.125000e+01 2.074500e+01 2.075015e+01 2.075544e+01 2.125000e+01 2.075500e+01 2.075011e+01 2.075538e+01
2.036000e+01 2.075500e+01 2.086208e+01 2.074665e+01 2.036000e+01 2.076500e+01 2.086186e+01 2.074674e+01
2.062000e+01 2.075500e+01 2.102068e+01 2.074311e+01 2.062500e+01 2.076000e+01 2.102065e+01 2.073872e+01
2.062500e+01 2.076000e+01 2.102065e+01 2.073872e+01 2.063000e+01 2.076500e+01 2.102024e+01 2.073406e+01
2.099000e+01 2.075500e+01 2.059828e+01 2.075114e+01 2.099000e+01 2.076500e+01 2.059886e+01 2.074236e+01
2.125000e+01 2.075500e+01 2.075011e+01 2.075538e+01 2.125000e+01 2.076500e+01 2.075029e+01 2.075530e+01
2.036000e+01 2.076500e+01 2.086186e+01 2.074674e+01 2.036000e+01 2.077500e+01 2.086144e+01 2.074685e+01
2.063000e+01 2.076500e+01 2.102024e+01 2.073406e+01 2.063000e+01 2.077500e+01 2.101928e+01 2.072529e+01
2.099000e+01 2.076500e+01 2.059886e+01 2.074236e+01 2.099000e+01 2.077500e+01 2.059996e+01 2.073367e+01
2.125000e+01 2.076500e+01 2.075029e+01 2.075530e+01 2.125000e+01 2.077500e+01 2.075067e+01 2.075525e+01
2.036000e+01 2.077500e+01 2.086144e+01 2.074685e+01 2.036500e+01 2.078000e+01 2.086588e+01 2.074661e+01
2.036500e+01 2.078000e+01 2.086588e+01 2.074661e+01 2.037000e+01 2.078500e+01 2.087022e+01 2.074627e+01
2.063000e+01 2.077500e+01 2.101928e+01 2.072529e+01 2.063000e+01 2.078500e+01 2.101781e+01 2.071673e+01
2.099000e+01 2.077500e+01 2.059996e+01 2.073367e+01 2.099000e+01 2.078500e+01 2.060158e+01 2.072514e+01
2.125000e+01 2.077500e+01 2.075067e+01 2.075525e+01 2.125000e+01 2.078500e+01 2.075126e+01 2.075521e+01
2.037000e+01 2.078500e+01 2.087022e+01 2.074627e+01 2.037000e+01 2.079500e+01 2.086938e+01 2.074626e+01
2.063000e+01 2.078500e+01 2.101781e+01 2.071673e+01 2.063000e+01 2.079500e+01 2.101585e+01 2.070843e+01
2.099000e+01 2.078500e+01 2.060158e+01 2.072514e+01 2.099000e+01 2.079500e+01 2.060368e+01 2.071683e+01
2.125000e+01 2.078500e+01 2.075126e+01 2.075521e+01 2.125000e+01 2.079500e+01 2.075206e+01 2.075521e+01
2.037000e+01 2.079500e+01 2.086938e+01 2.074626e+01 2.037000e+01 2.080500e+01 2.086833e+01 2.074632e+01
2.063000e+01 2.079500e+01 2.101585e+01 2.070843e+01 2.063000e+01 2.080500e+01 2.101343e+01 2.070046e+01
2.098500e+01 2.080000e+01 2.060521e+01 2.071154e+01 2.098000e+01 2.080500e+01 2.060719e+01 2.070596e+01
2.099000e+01 2.079500e+01 2.060368e+01 2.071683e+01 2.098500e+01 2.080000e+01 2.060521e+01 2.071154e+01
2.125000e+01 2.079500e+01 2.075206e+01 2.075521e+01 2.125000e+01 2.080500e+01 2.075306e+01 2.075525e+01
2.037000e+01 2.080500e+01 2.086833e+01 2.074632e+01 2.037000e+01 2.081500e+01 2.086709e+01 2.074644e+01
2.063000e+01 2.080500e+01 2.101343e+01 2.070046e+01 2.063500e+01 2.081000e+01 2.101165e+01 2.069524e+01
2.063500e+01 2.081000e+01 2.101165e+01 2.069524e+01 2.064000e+01 2.081500e+01 2.100942e+01 2.068977e+01
2.098000e+01 2.080500e+01 2.060719e+01 2.070596e+01 2.098000e+01 2.081500e+01 2.061032e+01 2.069787e+01
2.125000e+01 2.080500e+01 2.075306e+01 2.075525e+01 2.125000e+01 2.081500e+01 2.075426e+01 2.075536e+01
2.037000e+01 2.081500e+01 2.086709e+01 2.074644e+01 2.037000e+01 2.082500e+01 2.086565e+01 2.074665e+01
2.064000e+01 2.081500e+01 2.100942e+01 2.068977e+01 2.064000e+01 2.082500e+01 2.100606e+01 2.068224e+01
2.098000e+01 2.081500e+01 2.061032e+01 2.069787e+01 2.098000e+01 2.082500e+01 2.061386e+01 2.069022e+01
2.125000e+01 2.081500e+01 2.075426e+01 2.075536e+01 2.125000e+01 2.082500e+01 2.075565e+01 2.075553e+01
2.037000e+01 2.082500e+01 2.086565e+01 2.074665e+01 2.037000e+01 2.083500e+01 2.086401e+01 2.074696e+01
2.064000e+01 2.082500e+01 2.100606e+01 2.068224e+01 2.064500e+01 2.083000e+01 2.100334e+01 2.067686e+01
2.064500e+01 2.083000e+01 2.100334e+01 2.067686e+01 2.065000e+01 2.083500e+01 2.100013e+01 2.067127e+01
2.097500e+01 2.083000e+01 2.061663e+01 2.068468e+01 2.097000e+01 2.083500e+01 2.061991e+01 2.067890e+01
2.098000e+01 2.082500e+01 2.061386e+01 2.069022e+01 2.097500e+01 2.083000e+01 2.061663e+01 2.068468e+01
2.125000e+01 2.082500e+01 2.075565e+01 2.075553e+01 2.125000e+01 2.083500e+01 2.075724e+01 2.075579e+01
2.037000e+01 2.083500e+01 2.086401e+01 2.074696e+01 2.037000e+01 2.084500e+01 2.086219e+01 2.074736e+01
2.065000e+01 2.083500e+01 2.100013e+01 2.067127e+01 2.065000e+01 2.084500e+01 2.099598e+01 2.066450e+01
2.097000e+01 2.083500e+01 2.061991e+01 2.067890e+01 2.097000e+01 2.084500e+01 2.062427e+01 2.067194e+01
2.125000e+01 2.083500e+01 2.075724e+01 2.075579e+01 2.125000e+01 2.084500e+01 2.075902e+01 2.075615e+01
2.037000e+01 2.084500e+01 2.086219e+01 2.074736e+01 2.037000e+01 2.085500e+01 2.086019e+01 2.074789e+01
2.065000e+01 2.084500e+01 2.099598e+01 2.066450e+01 2.065500e+01 2.085000e+01 2.099237e+01 2.065921e+01
2.065500e+01 2.085000e+01 2.099237e+01 2.065921e+01 2.066000e+01 2.085500e+01 2.098827e+01 2.065376e+01
2.096500e+01 2.085000e+01 2.062797e+01 2.066644e+01 2.096000e+01 2.085500e+01 2.063217e+01 2.066075e+01
2.097000e+01 2.084500e+01 2.062427e+01 2.067194e+01 2.096500e+01 2.085000e+01 2.062797e+01 2.066644e+01
2.125000e+01 2.084500e+01 2.075902e+01 2.075615e+01 2.125000e+01 2.085500e+01 2.076099e+01 2.075660e+01
2.037000e+01 2.085500e+01 2.086019e+01 2.074789e+01 2.037500e+01 2.086000e+01 2.086361e+01 2.074713e+01
2.037500e+01 2.086000e+01 2.086361e+01 2.074713e+01 2.038000e+01 2.086500e+01 2.086691e+01 2.074624e+01
2.066000e+01 2.085500e+01 2.098827e+01 2.065376e+01 2.066500e+01 2.086000e+01 2.098402e+01 2.064853e+01
2.066500e+01 2.086000e+01 2.098402e+01 2.064853e+01 2.067000e+01 2.086500e+01 2.097927e+01 2.064318e+01
2.095500e+01 2.086000e+01 2.063654e+01 2.065528e+01 2.095000e+01 2.086500e+01 2.064142e+01 2.064967e+01
2.096000e+01 2.085500e+01 2.063217e+01 2.066075e+01 2.095500e+01 2.086000e+01 2.063654e+01 2.065528e+01
2.125000e+01 2.085500e+01 2.076099e+01 2.075660e+01 2.125000e+01 2.086500e+01 2.076312e+01 2.075716e+01
2.038000e+01 2.086500e+01 2.086691e+01 2.074624e+01 2.038000e+01 2.087500e+01 2.086450e+01 2.074685e+01
2.067000e+01 2.086500e+01 2.097927e+01 2.064318e+01 2.067000e+01 2.087500e+01 2.097432e+01 2.063798e+01
2.094500e+01 2.087000e+01 2.064641e+01 2.064433e+01 2.094000e+01 2.087500e+01 2.065192e+01 2.063891e+01
2.095000e+01 2.086500e+01 2.064142e+01 2.064967e+01 2.094500e+01 2.087000e+01 2.064641e+01 2.064433e+01
2.125000e+01 2.086500e+01 2.076312e+01 2.075716e+01 2.125000e+01 2.087500e+01 2.076544e+01 2.075785e+01
2.038000e+01 2.087500e+01 2.086450e+01 2.074685e+01 2.038000e+01 2.088500e+01 2.086193e+01 2.074761e+01
2.067000e+01 2.087500e+01 2.097432e+01 2.063798e+01 2.067500e+01 2.088000e+01 2.096941e+01 2.063321e+01
2.067500e+01 2.088000e+01 2.096941e+01 2.063321e+01 2.068000e+01 2.088500e+01 2.096402e+01 2.062839e+01
2.093500e+01 2.088000e+01 2.065748e+01 2.063381e+01 2.093000e+01 2.088500e+01 2.066353e+01 2.062869e+01
2.094000e+01 2.087500e+01 2.065192e+01 2.063891e+01 2.093500e+01 2.088000e+01 2.065748e+01 2.063381e+01
2.124500e+01 2.088000e+01 2.076223e+01 2.075701e+01 2.124000e+01 2.088500e+01 2.075914e+01 2.075606e+01
2.125000e+01 2.087500e+01 2.076544e+01 2.075785e+01 2.124500e+01 2.088000e+01 2.076223e+01 2.075701e+01
2.038000e+01 2.088500e+01 2.086193e+01 2.074761e+01 2.038000e+01 2.089500e+01 2.085919e+01 2.074853e+01
2.068000e+01 2.088500e+01 2.096402e+01 2.062839e+01 2.068500e+01 2.089000e+01 2.095861e+01 2.062391e+01
2.068500e+01 2.089000e+01 2.095861e+01 2.062391e+01 2.069500e+01 2.089000e+01 2.095197e+01 2.061886e+01
2.069500e+01 2.089000e+01 2.095197e+01 2.061886e+01 2.070000e+01 2.089500e+01 2.094569e+01 2.061444e+01
2.092500e+01 2.089000e+01 2.066957e+01 2.062393e+01 2.092000e+01 2.089500e+01 2.067606e+01 2.061921e+01
2.093000e+01 2.088500e+01 2.066353e+01 2.062869e+01 2.092500e+01 2.089000e+01 2.066957e+01 2.062393e+01
2.124000e+01 2.088500e+01 2.075914e+01 2.075606e+01 2.124000e+01 2.089500e+01 2.076186e+01 2.075686e+01
2.038000e+01 2.089500e+01 2.085919e+01 2.074853e+01 2.038500e+01 2.090000e+01 2.086203e+01 2.074762e+01
2.038500e+01 2.090000e+01 2.086203e+01 2.074762e+01 2.039000e+01 2.090500e+01 2.086474e+01 2.074659e+01
2.070000e+01 2.089500e+01 2.094569e+01 2.061444e+01 2.070500e+01 2.090000e+01 2.093948e+01 2.061041e+01
2.070500e+01 2.090000e+01 2.093948e+01 2.061041e+01 2.071000e+01 2.090500e+01 2.093289e+01 2.060648e+01
2.091500e+01 2.090000e+01 2.068248e+01 2.061489e+01 2.091000e+01 2.090500e+01 2.068929e+01 2.061066e+01
2.092000e+01 2.089500e+01 2.067606e+01 2.061921e+01 2.091500e+01 2.090000e+01 2.068248e+01 2.061489e+01
2.124000e+01 2.089500e+01 2.076186e+01 2.075686e+01 2.124000e+01 2.090500e+01 2.076472e+01 2.075780e+01
2.039000e+01 2.090500e+01 2.086474e+01 2.074659e+01 2.039000e+01 2.091500e+01 2.086163e+01 2.074769e+01
2.071000e+01 2.090500e+01 2.093289e+01 2.060648e+01 2.071500e+01 2.091000e+01 2.092643e+01 2.060296e+01
2.071500e+01 2.091000e+01 2.092643e+01 2.060296e+01 2.072500e+01 2.091000e+01 2.091734e+01 2.059848e+01
2.072500e+01 2.091000e+01 2.091734e+01 2.059848e+01 2.073000e+01 2.091500e+01 2.091027e+01 2.059530e+01
2.089500e+01 2.091000e+01 2.070519e+01 2.060200e+01 2.089000e+01 2.091500e+01 2.071249e+01 2.059853e+01
2.089500e+01 2.091000e+01 2.070519e+01 2.060200e+01 2.090500e+01 2.091000e+01 2.069599e+01 2.060684e+01
2.091000e+01 2.090500e+01 2.068929e+01 2.061066e+01 2.090500e+01 2.091000e+01 2.069599e+01 2.060684e+01
2.124000e+01 2.090500e+01 2.076472e+01 2.075780e+01 2.124000e+01 2.091500e+01 2.076774e+01 2.075891e+01
2.039000e+01 2.091500e+01 2.086163e+01 2.074769e+01 2.039000e+01 2.092500e+01 2.085838e+01 2.074899e+01
2.073000e+01 2.091500e+01 2.091027e+01 2.059530e+01 2.073500e+01 2.092000e+01 2.090342e+01 2.059253e+01
2.073500e+01 2.092000e+01 2.090342e+01 2.059253e+01 2.074500e+01 2.092000e+01 2.089302e+01 2.058881e+01
2.074500e+01 2.092000e+01 2.089302e+01 2.058881e+01 2.075000e+01 2.092500e+01 2.088581e+01 2.058653e+01
2.086500e+01 2.092000e+01 2.074132e+01 2.058770e+01 2.086000e+01 2.092500e+01 2.074886e+01 2.058545e+01
2.086500e+01 2.092000e+01 2.074132e+01 2.058770e+01 2.087500e+01 2.092000e+01 2.073010e+01 2.059139e+01
2.087500e+01 2.092000e+01 2.073010e+01 2.059139e+01 2.088500e+01 2.092000e+01 2.071959e+01 2.059548e+01
2.089000e+01 2.091500e+01 2.071249e+01 2.059853e+01 2.088500e+01 2.092000e+01 2.071959e+01 2.059548e+01
2.124000e+01 2.091500e+01 2.076774e+01 2.075891e+01 2.124000e+01 2.092500e+01 2.077090e+01 2.076018e+01
2.039000e+01 2.092500e+01 2.085838e+01 2.074899e+01 2.039000e+01 2.093500e+01 2.085501e+01 2.075046e+01
2.075000e+01 2.092500e+01 2.088581e+01 2.058653e+01 2.075500e+01 2.093000e+01 2.087888e+01 2.058465e+01
2.075500e+01 2.093000e+01 2.087888e+01 2.058465e+01 2.076500e+01 2.093000e+01 2.086761e+01 2.058192e+01
2.076500e+01 2.093000e+01 2.086761e+01 2.058192e+01 2.077500e+01 2.093000e+01 2.085583e+01 2.057971e+01
2.077500e+01 2.093000e+01 2.085583e+01 2.057971e+01 2.078500e+01 2.093000e+01 2.084362e+01 2.057806e+01
2.078500e+01 2.093000e+01 2.084362e+01 2.057806e+01 2.079500e+01 2.093000e+01 2.083109e+01 2.057700e+01
2.079500e+01 2.093000e+01 2.083109e+01 2.057700e+01 2.080500e+01 2.093000e+01 2.081836e+01 2.057656e+01
2.080500e+01 2.093000e+01 2.081836e+01 2.057656e+01 2.081500e+01 2.093000e+01 2.080556e+01 2.057675e+01
2.081500e+01 2.093000e+01 2.080556e+01 2.057675e+01 2.082500e+01 2.093000e+01 2.079281e+01 2.057757e+01
2.082500e+01 2.093000e+01 2.079281e+01 2.057757e+01 2.083500e+01 2.093000e+01 2.078024e+01 2.057900e+01
2.083500e+01 2.093000e+01 2.078024e+01 2.057900e+01 2.084500e+01 2.093000e+01 2.076796e+01 2.058103e+01
2.084500e+01 2.093000e+01 2.076796e+01 2.058103e+01 2.085500e+01 2.093000e+01 2.075609e+01 2.058361e+01
2.086000e+01 2.092500e+01 2.074886e+01 2.058545e+01 2.085500e+01 2.093000e+01 2.075609e+01 2.058361e+01
2.123500e+01 2.093000e+01 2.076838e+01 2.075925e+01 2.123000e+01 2.093500e+01 2.076600e+01 2.075822e+01
2.124000e+01 2.092500e+01 2.077090e+01 2.076018e+01 2.123500e+01 2.093000e+01 2.076838e+01 2.075925e+01
2.039000e+01 2.093500e+01 2.085501e+01 2.075046e+01 2.039500e+01 2.094000e+01 2.085728e+01 2.074954e+01
2.039500e+01 2.094000e+01 2.085728e+01 2.074954e+01 2.040000e+01 2.094500e+01 2.085942e+01 2.074852e+01
2.123000e+01 2.093500e+01 2.076600e+01 2.075822e+01 2.123000e+01 2.094500e+01 2.076951e+01 2.075972e+01
2.040000e+01 2.094500e+01 2.085942e+01 2.074852e+01 2.040000e+01 2.095500e+01 2.085572e+01 2.075027e+01
2.123000e+01 2.094500e+01 2.076951e+01 2.075972e+01 2.123000e+01 2.095500e+01 2.077316e+01 2.076140e+01
2.040000e+01 2.095500e+01 2.085572e+01 2.075027e+01 2.040000e+01 2.096500e+01 2.085192e+01 2.075223e+01
2.122500e+01 2.096000e+01 2.077106e+01 2.076048e+01 2.122000e+01 2.096500e+01 2.076914e+01 2.075946e+01
2.123000e+01 2.095500e+01 2.077316e+01 2.076140e+01 2.122500e+01 2.096000e+01 2.077106e+01 2.076048e+01
2.040000e+01 2.096500e+01 2.085192e+01 2.075223e+01 2.040500e+01 2.097000e+01 2.085376e+01 2.075136e+01
2.040500e+01 2.097000e+01 2.085376e+01 2.075136e+01 2.041000e+01 2.097500e+01 2.085545e+01 2.075041e+01
2.122000e+01 2.096500e+01 2.076914e+01 2.075946e+01 2.122000e+01 2.097500e+01 2.077310e+01 2.076144e+01
2.041000e+01 2.097500e+01 2.085545e+01 2.075041e+01 2.041000e+01 2.098500e+01 2.085138e+01 2.075270e+01
2.122000e+01 2.097500e+01 2.077310e+01 2.076144e+01 2.122000e+01 2.098500e+01 2.077712e+01 2.076363e+01
2.041000e+01 2.098500e+01 2.085138e+01 2.075270e+01 2.041500e+01 2.099000e+01 2.085290e+01 2.075188e+01
2.041500e+01 2.099000e+01 2.085290e+01 2.075188e+01 2.042000e+01 2.099500e+01 2.085426e+01 2.075098e+01
2.121500e+01 2.099000e+01 2.077548e+01 2.076278e+01 2.121000e+01 2.099500e+01 2.077399e+01 2.076184e+01
2.122000e+01 2.098500e+01 2.077712e+01 2.076363e+01 2.121500e+01 2.099000e+01 2.077548e+01 2.076278e+01
2.042000e+01 2.099500e+01 2.085426e+01 2.075098e+01 2.042000e+01 2.100500e+01 2.084996e+01 2.075365e+01
2.121000e+01 2.099500e+01 2.077399e+01 2.076184e+01 2.121000e+01 2.100500e+01 2.077826e+01 2.076438e+01
2.042000e+01 2.100500e+01 2.084996e+01 2.075365e+01 2.042500e+01 2.101000e+01 2.085117e+01 2.075292e+01
2.042500e+01 2.101000e+01 2.085117e+01 2.075292e+01 2.043000e+01 2.101500e+01 2.085222e+01 2.075212e+01
2.121000e+01 2.100500e+01 2.077826e+01 2.076438e+01 2.121000e+01 2.101500e+01 2.078263e+01 2.076714e+01
2.043000e+01 2.101500e+01 2.085222e+01 2.075212e+01 2.043000e+01 2.102500e+01 2.084772e+01 2.075520e+01
2.120500e+01 2.102000e+01 2.078137e+01 2.076643e+01 2.120000e+01 2.102500e+01 2.078028e+01 2.076565e+01
2.121000e+01 2.101500e+01 2.078263e+01 2.076714e+01 2.120500e+01 2.102000e+01 2.078137e+01 2.076643e+01
2.043000e+01 2.102500e+01 2.084772e+01 2.075520e+01 2.043500e+01 2.103000e+01 2.084865e+01 2.075459e+01
2.043500e+01 2.103000e+01 2.084865e+01 2.075459e+01 2.044000e+01 2.103500e+01 2.084941e+01 2.075392e+01
2.120000e+01 2.102500e+01 2.078028e+01 2.076565e+01 2.120000e+01 2.103500e+01 2.078480e+01 2.076881e+01
2.044000e+01 2.103500e+01 2.084941e+01 2.075392e+01 2.044000e+01 2.104500e+01 2.084473e+01 2.075744e+01
2.119500e+01 2.104000e+01 2.078384e+01 2.076821e+01 2.119000e+01 2.104500e+01 2.078303e+01 2.076756e+01
2.120000e+01 2.103500e+01 2.078480e+01 2.076881e+01 2.119500e+01 2.104000e+01 2.078384e+01 2.076821e+01
2.044000e+01 2.104500e+01 2.084473e+01 2.075744e+01 2.044500e+01 2.105000e+01 2.084539e+01 2.075698e+01
2.044500e+01 2.105000e+01 2.084539e+01 2.075698e+01 2.045000e+01 2.105500e+01 2.084588e+01 2.075648e+01
2.119000e+01 2.104500e+01 2.078303e+01 2.076756e+01 2.119000e+01 2.105500e+01 2.078771e+01 2.077113e+01
2.045000e+01 2.105500e+01 2.084588e+01 2.075648e+01 2.045000e+01 2.106500e+01 2.084109e+01 2.076046e+01
2.118500e+01 2.106000e+01 2.078700e+01 2.077068e+01 2.118000e+01 2.106500e+01 2.078647e+01 2.077019e+01
2.119000e+01 2.105500e+01 2.078771e+01 2.077113e+01 2.118500e+01 2.106000e+01 2.078700e+01 2.077068e+01
2.045000e+01 2.106500e+01 2.084109e+01 2.076046e+01 2.045500e+01 2.107000e+01 2.084152e+01 2.076018e+01
2.045500e+01 2.107000e+01 2.084152e+01 2.076018e+01 2.046000e+01 2.107500e+01 2.084182e+01 2.075988e+01
2.118000e+01 2.106500e+01 2.078647e+01 2.077019e+01 2.118000e+01 2.107500e+01 2.079125e+01 2.077421e+01
2.046000e+01 2.107500e+01 2.084182e+01 2.075988e+01 2.046500e+01 2.108000e+01 2.084205e+01 2.075969e+01
2.046500e+01 2.108000e+01 2.084205e+01 2.075969e+01 2.047000e+01 2.108500e+01 2.084212e+01 2.075949e+01
2.117500e+01 2.108000e+01 2.079078e+01 2.077393e+01 2.117000e+01 2.108500e+01 2.079048e+01 2.077363e+01
2.118000e+01 2.107500e+01 2.079125e+01 2.077421e+01 2.117500e+01 2.108000e+01 2.079078e+01 2.077393e+01
2.047000e+01 2.108500e+01 2.084212e+01 2.075949e+01 2.047000e+01 2.109500e+01 2.083724e+01 2.076418e+01
2.116500e+01 2.109000e+01 2.079020e+01 2.077344e+01 2.116000e+01 2.109500e+01 2.079009e+01 2.077324e+01
2.117000e+01 2.108500e+01 2.079048e+01 2.077363e+01 2.116500e+01 2.109000e+01 2.079020e+01 2.077344e+01
2.047000e+01 2.109500e+01 2.083724e+01 2.076418e+01 2.047500e+01 2.110000e+01 2.083729e+01 2.076423e+01
2.047500e+01 2.110000e+01 2.083729e+01 2.076423e+01 2.048000e+01 2.110500e+01 2.083718e+01 2.076427e+01
2.116000e+01 2.109500e+01 2.079009e+01 2.077324e+01 2.116000e+01 2.110500e+01 2.079497e+01 2.077794e+01
2.048000e+01 2.110500e+01 2.083718e+01 2.076427e+01 2.048500e+01 2.111000e+01 2.083706e+01 2.076443e+01
2.048500e+01 2.111000e+01 2.083706e+01 2.076443e+01 2.049000e+01 2.111500e+01 2.083680e+01 2.076460e+01
2.115500e+01 2.111000e+01 2.079489e+01 2.077798e+01 2.115000e+01 2.111500e+01 2.079496e+01 2.077800e+01
2.116000e+01 2.110500e+01 2.079497e+01 2.077794e+01 2.115500e+01 2.111000e+01 2.079489e+01 2.077798e+01
2.049000e+01 2.111500e+01 2.083680e+01 2.076460e+01 2.049000e+01 2.112500e+01 2.083196e+01 2.077004e+01
2.114500e+01 2.112000e+01 2.079504e+01 2.077816e+01 2.114000e+01 2.112500e+01 2.079527e+01 2.077831e+01
2.115000e+01 2.111500e+01 2.079496e+01 2.077800e+01 2.114500e+01 2.112000e+01 2.079504e+01 2.077816e+01
2.049000e+01 2.112500e+01 2.083196e+01 2.077004e+01 2.049500e+01 2.113000e+01 2.083171e+01 2.077047e+01
2.049500e+01 2.113000e+01 2.083171e+01 2.077047e+01 2.050000e+01 2.113500e+01 2.083132e+01 2.077091e+01
2.113500e+01 2.113000e+01 2.079549e+01 2.077859e+01 2.113000e+01 2.113500e+01 2.079587e+01 2.077888e+01
2.114000e+01 2.112500e+01 2.079527e+01 2.077831e+01 2.113500e+01 2.113000e+01 2.079549e+01 2.077859e+01
2.050000e+01 2.113500e+01 2.083132e+01 2.077091e+01 2.050500e+01 2.114000e+01 2.083094e+01 2.077149e+01
2.050500e+01 2.114000e+01 2.083094e+01 2.077149e+01 2.051000e+01 2.114500e+01 2.083042e+01 2.077209e+01
2.113000e+01 2.113500e+01 2.079587e+01 2.077888e+01 2.113000e+01 2.114500e+01 2.080072e+01 2.078457e+01
2.051000e+01 2.114500e+01 2.083042e+01 2.077209e+01 2.051500e+01 2.115000e+01 2.082993e+01 2.077282e+01
2.051500e+01 2.115000e+01 2.082993e+01 2.077282e+01 2.052000e+01 2.115500e+01 2.082930e+01 2.077359e+01
2.112500e+01 2.115000e+01 2.080106e+01 2.078512e+01 2.112000e+01 2.115500e+01 2.080155e+01 2.078570e+01
2.113000e+01 2.114500e+01 2.080072e+01 2.078457e+01 2.112500e+01 2.115000e+01 2.080106e+01 2.078512e+01
2.052000e+01 2.115500e+01 2.082930e+01 2.077359e+01 2.052500e+01 2.116000e+01 2.082871e+01 2.077449e+01
2.052500e+01 2.116000e+01 2.082871e+01 2.077449e+01 2.053000e+01 2.116500e+01 2.082799e+01 2.077543e+01
2.111500e+01 2.116000e+01 2.080201e+01 2.078640e+01 2.111000e+01 2.116500e+01 2.080260e+01 2.078714e+01
2.112000e+01 2.115500e+01 2.080155e+01 2.078570e+01 2.111500e+01 2.116000e+01 2.080201e+01 2.078640e+01
2.053000e+01 2.116500e+01 2.082799e+01 2.077543e+01 2.053500e+01 2.117000e+01 2.082731e+01 2.077650e+01
2.053500e+01 2.117000e+01 2.082731e+01 2.077650e+01 2.054000e+01 2.117500e+01 2.082651e+01 2.077762e+01
2.110500e+01 2.117000e+01 2.080316e+01 2.078800e+01 2.110000e+01 2.117500e+01 2.080385e+01 2.078891e+01
2.111000e+01 2.116500e+01 2.080260e+01 2.078714e+01 2.110500e+01 2.117000e+01 2.080316e+01 2.078800e+01
2.054000e+01 2.117500e+01 2.082651e+01 2.077762e+01 2.054500e+01 2.118000e+01 2.082576e+01 2.077887e+01
2.054500e+01 2.118000e+01 2.082576e+01 2.077887e+01 2.055000e+01 2.118500e+01 2.082490e+01 2.078018e+01
2.109500e+01 2.118000e+01 2.080449e+01 2.078994e+01 2.109000e+01 2.118500e+01 2.080526e+01 2.079102e+01
2.110000e+01 2.117500e+01 2.080385e+01 2.078891e+01 2.109500e+01 2.118000e+01 2.080449e+01 2.078994e+01
2.055000e+01 2.118500e+01 2.082490e+01 2.078018e+01 2.055500e+01 2.119000e+01 2.082409e+01 2.078161e+01
2.055500e+01 2.119000e+01 2.082409e+01 2.078161e+01 2.056000e+01 2.119500e+01 2.082318e+01 2.078311e+01
2.108500e+01 2.119000e+01 2.080598e+01 2.079223e+01 2.108000e+01 2.119500e+01 2.080681e+01 2.079350e+01
2.109000e+01 2.118500e+01 2.080526e+01 2.079102e+01 2.108500e+01 2.119000e+01 2.080598e+01 2.079223e+01
2.056000e+01 2.119500e+01 2.082318e+01 2.078311e+01 2.056500e+01 2.120000e+01 2.082233e+01 2.078474e+01
2.056500e+01 2.120000e+01 2.082233e+01 2.078474e+01 2.057000e+01 2.120500e+01 2.082139e+01 2.078644e+01
2.107500e+01 2.120000e+01 2.080759e+01 2.079489e+01 2.107000e+01 2.120500e+01 2.080847e+01 2.079635e+01
2.108000e+01 2.119500e+01 2.080681e+01 2.079350e+01 2.107500e+01 2.120000e+01 2.080759e+01 2.079489e+01
2.057000e+01 2.120500e+01 2.082139e+01 2.078644e+01 2.057500e+01 2.121000e+01 2.082051e+01 2.078825e+01
2.057500e+01 2.121000e+01 2.082051e+01 2.078825e+01 2.058500e+01 2.121000e+01 2.082260e+01 2.078424e+01
2.058500e+01 2.121000e+01 2.082260e+01 2.078424e+01 2.059000e+01 2.121500e+01 2.082156e+01 2.078621e+01
2.105500e+01 2.121000e+01 2.080688e+01 2.079369e+01 2.105000e+01 2.121500e+01 2.080789e+01 2.079541e+01
2.105500e+01 2.121000e+01 2.080688e+01 2.079369e+01 2.106500e+01 2.121000e+01 2.080929e+01 2.079793e+01
2.107000e+01 2.120500e+01 2.080847e+01 2.079635e+01 2.106500e+01 2.121000e+01 2.080929e+01 2.079793e+01
2.059000e+01 2.121500e+01 2.082156e+01 2.078621e+01 2.059500e+01 2.122000e+01 2.082059e+01 2.078830e+01
2.059500e+01 2.122000e+01 2.082059e+01 2.078830e+01 2.060000e+01 2.122500e+01 2.081955e+01 2.079048e+01
2.104500e+01 2.122000e+01 2.080883e+01 2.079726e+01 2.104000e+01 2.122500e+01 2.080985e+01 2.079918e+01
2.105000e+01 2.121500e+01 2.080789e+01 2.079541e+01 2.104500e+01 2.122000e+01 2.080883e+01 2.079726e+01
2.060000e+01 2.122500e+01 2.081955e+01 2.079048e+01 2.060500e+01 2.123000e+01 2.081859e+01 2.079277e+01
2.060500e+01 2.123000e+01 2.081859e+01 2.079277e+01 2.061500e+01 2.123000e+01 2.082014e+01 2.078918e+01
2.061500e+01 2.123000e+01 2.082014e+01 2.078918e+01 2.062000e+01 2.123500e+01 2.081906e+01 2.079165e+01
2.102500e+01 2.123000e+01 2.080896e+01 2.079737e+01 2.102000e+01 2.123500e+01 2.081005e+01 2.079958e+01
2.102500e+01 2.123000e+01 2.080896e+01 2.079737e+01 2.103500e+01 2.123000e+01 2.081079e+01 2.080122e+01
2.104000e+01 2.122500e+01 2.080985e+01 2.079918e+01 2.103500e+01 2.123000e+01 2.081079e+01 2.080122e+01
2.062000e+01 2.123500e+01 2.081906e+01 2.079165e+01 2.062500e+01 2.124000e+01 2.081807e+01 2.079424e+01
2.062500e+01 2.124000e+01 2.081807e+01 2.079424e+01 2.063500e+01 2.124000e+01 2.081929e+01 2.079094e+01
2.063500e+01 2.124000e+01 2.081929e+01 2.079094e+01 2.064000e+01 2.124500e+01 2.081821e+01 2.079372e+01
2.101500e+01 2.124000e+01 2.081104e+01 2.080191e+01 2.101000e+01 2.124500e+01 2.081210e+01 2.080433e+01
2.102000e+01 2.123500e+01 2.081005e+01 2.079958e+01 2.101500e+01 2.124000e+01 2.081104e+01 2.080191e+01
2.064000e+01 2.124500e+01 2.081821e+01 2.079372e+01 2.064500e+01 2.125000e+01 2.081723e+01 2.079660e+01
2.064500e+01 2.125000e+01 2.081723e+01 2.079660e+01 2.065500e+01 2.125000e+01 2.081817e+01 2.079364e+01
2.065500e+01 2.125000e+01 2.081817e+01 2.079364e+01 2.066000e+01 2.125500e+01 2.081714e+01 2.079672e+01
2.099500e+01 2.125000e+01 2.081169e+01 2.080347e+01 2.099000e+01 2.125500e+01 2.081275e+01 2.080619e+01
2.099500e+01 2.125000e+01 2.081169e+01 2.080347e+01 2.100500e+01 2.125000e+01 2.081306e+01 2.080686e+01
2.101000e+01 2.124500e+01 2.081210e+01 2.080433e+01 2.100500e+01 2.125000e+01 2.081306e+01 2.080686e+01
2.066000e+01 2.125500e+01 2.081714e+01 2.079672e+01 2.066500e+01 2.126000e+01 2.081620e+01 2.079991e+01
2.066500e+01 2.126000e+01 2.081620e+01 2.079991e+01 2.067500e+01 2.126000e+01 2.081692e+01 2.079729e+01
2.067500e+01 2.126000e+01 2.081692e+01 2.079729e+01 2.068000e+01 2.126500e+01 2.081596e+01 2.080069e+01
2.096500e+01 2.126000e+01 2.081169e+01 2.080300e+01 2.096000e+01 2.126500e+01 2.081273e+01 2.080614e+01
2.096500e+01 2.126000e+01 2.081169e+01 2.080300e+01 2.097500e+01 2.126000e+01 2.081261e+01 2.080594e+01
2.097500e+01 2.126000e+01 2.081261e+01 2.080594e+01 2.098500e+01 2.126000e+01 2.081370e+01 2.080902e+01
2.099000e+01 2.125500e+01 2.081275e+01 2.080619e+01 2.098500e+01 2.126000e+01 2.081370e+01 2.080902e+01
2.068000e+01 2.126500e+01 2.081596e+01 2.080069e+01 2.068500e+01 2.127000e+01 2.081511e+01 2.080418e+01
2.068500e+01 2.127000e+01 2.081511e+01 2.080418e+01 2.069500e+01 2.127000e+01 2.081565e+01 2.080193e+01
2.069500e+01 2.127000e+01 2.081565e+01 2.080193e+01 2.070500e+01 2.127000e+01 2.081605e+01 2.079984e+01
2.070500e+01 2.127000e+01 2.081605e+01 2.079984e+01 2.071000e+01 2.127500e+01 2.081523e+01 2.080365e+01
2.094500e+01 2.127000e+01 2.081294e+01 2.080678e+01 2.094000e+01 2.127500e+01 2.081388e+01 2.081023e+01
2.094500e+01 2.127000e+01 2.081294e+01 2.080678e+01 2.095500e+01 2.127000e+01 2.081366e+01 2.080937e+01
2.096000e+01 2.126500e+01 2.081273e+01 2.080614e+01 2.095500e+01 2.127000e+01 2.081366e+01 2.080937e+01
2.071000e+01 2.127500e+01 2.081523e+01 2.080365e+01 2.071500e+01 2.128000e+01 2.081451e+01 2.080754e+01
2.071500e+01 2.128000e+01 2.081451e+01 2.080754e+01 2.072500e+01 2.128000e+01 2.081483e+01 2.080584e+01
2.072500e+01 2.128000e+01 2.081483e+01 2.080584e+01 2.073500e+01 2.128000e+01 2.081503e+01 2.080431e+01
2.073500e+01 2.128000e+01 2.081503e+01 2.080431e+01 2.074000e+01 2.128500e+01 2.081441e+01 2.080853e+01
2.090500e+01 2.128000e+01 2.081338e+01 2.080761e+01 2.090000e+01 2.128500e+01 2.081413e+01 2.081158e+01
2.090500e+01 2.128000e+01 2.081338e+01 2.080761e+01 2.091500e+01 2.128000e+01 2.081370e+01 2.080949e+01
2.091500e+01 2.128000e+01 2.081370e+01 2.080949e+01 2.092500e+01 2.128000e+01 2.081414e+01 2.081155e+01
2.092500e+01 2.128000e+01 2.081414e+01 2.081155e+01 2.093500e+01 2.128000e+01 2.081471e+01 2.081377e+01
2.094000e+01 2.127500e+01 2.081388e+01 2.081023e+01 2.093500e+01 2.128000e+01 2.081471e+01 2.081377e+01
2.074000e+01 2.128500e+01 2.081441e+01 2.080853e+01 2.074500e+01 2.129000e+01 2.081390e+01 2.081280e+01
2.074500e+01 2.129000e+01 2.081390e+01 2.081280e+01 2.075500e+01 2.129000e+01 2.081410e+01 2.081167e+01
2.075500e+01 2.129000e+01 2.081410e+01 2.081167e+01 2.076500e+01 2.129000e+01 2.081423e+01 2.081072e+01
2.076500e+01 2.129000e+01 2.081423e+01 2.081072e+01 2.077500e+01 2.129000e+01 2.081429e+01 2.080996e+01
2.077500e+01 2.129000e+01 2.081429e+01 2.080996e+01 2.078500e+01 2.129000e+01 2.081431e+01 2.080939e+01
2.078500e+01 2.129000e+01 2.081431e+01 2.080939e+01 2.079500e+01 2.129000e+01 2.081429e+01 2.080900e+01
2.079500e+01 2.129000e+01 2.081429e+01 2.080900e+01 2.080500e+01 2.129000e+01 2.081425e+01 2.080881e+01
2.080500e+01 2.129000e+01 2.081425e+01 2.080881e+01 2.081500e+01 2.129000e+01 2.081419e+01 2.080881e+01
2.081500e+01 2.129000e+01 2.081419e+01 2.080881e+01 2.082500e+01 2.129000e+01 2.081413e+01 2.080900e+01
2.082500e+01 2.129000e+01 2.081413e+01 2.080900e+01 2.083500e+01 2.129000e+01 2.081409e+01 2.080939e+01
2.083500e+01 2.129000e+01 2.081409e+01 2.080939e+01 2.084500e+01 2.129000e+01 2.081407e+01 2.080996e+01
2.084500e+01 2.129000e+01 2.081407e+01 2.080996e+01 2.085500e+01 2.129000e+01 2.081408e+01 2.081073e+01
2.085500e+01 2.129000e+01 2.081408e+01 2.081073e+01 2.086500e+01 2.129000e+01 2.081415e+01 2.081168e+01
2.086500e+01 2.129000e+01 2.081415e+01 2.081168e+01 2.087500e+01 2.129000e+01 2.081428e+01 2.081281e+01
2.087500e+01 2.129000e+01 2.081428e+01 2.081281e+01 2.088500e+01 2.129000e+01 2.081448e+01 2.081413e+01
2.088500e+01 2.129000e+01 2.081448e+01 2.081413e+01 2.089500e+01 2.129000e+01 2.081477e+01 2.081563e+01
2.090000e+01 2.128500e+01 2.081413e+01 2.081158e+01 2.089500e+01 2.129000e+01 2.081477e+01 2.081563e+01
