2.071500e+01 2.024000e+01 2.080663e+01 2.071525e+01 2.071000e+01 2.024500e+01 2.080728e+01 2.071894e+01
2.071500e+01 2.024000e+01 2.080663e+01 2.071525e+01 2.072500e+01 2.024000e+01 2.080696e+01 2.071682e+01
2.072500e+01 2.024000e+01 2.080696e+01 2.071682e+01 2.073500e+01 2.024000e+01 2.080720e+01 2.071823e+01
2.073500e+01 2.024000e+01 2.080720e+01 2.071823e+01 2.074500e+01 2.024000e+01 2.080737e+01 2.071947e+01
2.074500e+01 2.024000e+01 2.080737e+01 2.071947e+01 2.075500e+01 2.024000e+01 2.080746e+01 2.072054e+01
2.075500e+01 2.024000e+01 2.080746e+01 2.072054e+01 2.076500e+01 2.024000e+01 2.080750e+01 2.072143e+01
2.076500e+01 2.024000e+01 2.080750e+01 2.072143e+01 2.077500e+01 2.024000e+01 2.080749e+01 2.072215e+01
2.077500e+01 2.024000e+01 2.080749e+01 2.072215e+01 2.078500e+01 2.024000e+01 2.080745e+01 2.072269e+01
2.078500e+01 2.024000e+01 2.080745e+01 2.072269e+01 2.079500e+01 2.024000e+01 2.080738e+01 2.072305e+01
2.079500e+01 2.024000e+01 2.080738e+01 2.072305e+01 2.080500e+01 2.024000e+01 2.080730e+01 2.072322e+01
2.080500e+01 2.024000e+01 2.080730e+01 2.072322e+01 2.081500e+01 2.024000e+01 2.080721e+01 2.072321e+01
2.081500e+01 2.024000e+01 2.080721e+01 2.072321e+01 2.082500e+01 2.024000e+01 2.080714e+01 2.072302e+01
2.082500e+01 2.024000e+01 2.080714e+01 2.072302e+01 2.083500e+01 2.024000e+01 2.080709e+01 2.072264e+01
2.083500e+01 2.024000e+01 2.080709e+01 2.072264e+01 2.084500e+01 2.024000e+01 2.080708e+01 2.072209e+01
2.084500e+01 2.024000e+01 2.080708e+01 2.072209e+01 2.085500e+01 2.024000e+01 2.080710e+01 2.072136e+01
2.085500e+01 2.024000e+01 2.080710e+01 2.072136e+01 2.086500e+01 2.024000e+01 2.080719e+01 2.072045e+01
2.086500e+01 2.024000e+01 2.080719e+01 2.072045e+01 2.087500e+01 2.024000e+01 2.080734e+01 2.071936e+01
2.087500e+01 2.024000e+01 2.080734e+01 2.071936e+01 2.088500e+01 2.024000e+01 2.080756e+01 2.071811e+01
2.088500e+01 2.024000e+01 2.080756e+01 2.071811e+01 2.089000e+01 2.024500e+01 2.080701e+01 2.072201e+01
2.068500e+01 2.025000e+01 2.080716e+01 2.071854e+01 2.068000e+01 2.025500e+01 2.080796e+01 2.072185e+01
2.068500e+01 2.025000e+01 2.080716e+01 2.071854e+01 2.069500e+01 2.025000e+01 2.080766e+01 2.072063e+01
2.069500e+01 2.025000e+01 2.080766e+01 2.072063e+01 2.070500e+01 2.025000e+01 2.080804e+01 2.072258e+01
2.071000e+01 2.024500e+01 2.080728e+01 2.071894e+01 2.070500e+01 2.025000e+01 2.080804e+01 2.072258e+01
2.089000e+01 2.024500e+01 2.080701e+01 2.072201e+01 2.089500e+01 2.025000e+01 2.080635e+01 2.072587e+01
2.089500e+01 2.025000e+01 2.080635e+01 2.072587e+01 2.090500e+01 2.025000e+01 2.080660e+01 2.072424e+01
2.090500e+01 2.025000e+01 2.080660e+01 2.072424e+01 2.091500e+01 2.025000e+01 2.080696e+01 2.072245e+01
2.091500e+01 2.025000e+01 2.080696e+01 2.072245e+01 2.092500e+01 2.025000e+01 2.080744e+01 2.072051e+01
2.092500e+01 2.025000e+01 2.080744e+01 2.072051e+01 2.093000e+01 2.025500e+01 2.080670e+01 2.072393e+01
2.065500e+01 2.026000e+01 2.080746e+01 2.072005e+01 2.065000e+01 2.026500e+01 2.080835e+01 2.072297e+01
2.065500e+01 2.026000e+01 2.080746e+01 2.072005e+01 2.066500e+01 2.026000e+01 2.080824e+01 2.072264e+01
2.066500e+01 2.026000e+01 2.080824e+01 2.072264e+01 2.067500e+01 2.026000e+01 2.080887e+01 2.072509e+01
2.068000e+01 2.025500e+01 2.080796e+01 2.072185e+01 2.067500e+01 2.026000e+01 2.080887e+01 2.072509e+01
2.093000e+01 2.025500e+01 2.080670e+01 2.072393e+01 2.093500e+01 2.026000e+01 2.080585e+01 2.072729e+01
2.093500e+01 2.026000e+01 2.080585e+01 2.072729e+01 2.094500e+01 2.026000e+01 2.080644e+01 2.072498e+01
2.094500e+01 2.026000e+01 2.080644e+01 2.072498e+01 2.095000e+01 2.026500e+01 2.080560e+01 2.072813e+01
2.062500e+01 2.027000e+01 2.080720e+01 2.071986e+01 2.062000e+01 2.027500e+01 2.080810e+01 2.072239e+01
2.062500e+01 2.027000e+01 2.080720e+01 2.071986e+01 2.063500e+01 2.027000e+01 2.080836e+01 2.072289e+01
2.063500e+01 2.027000e+01 2.080836e+01 2.072289e+01 2.064500e+01 2.027000e+01 2.080934e+01 2.072581e+01
2.065000e+01 2.026500e+01 2.080835e+01 2.072297e+01 2.064500e+01 2.027000e+01 2.080934e+01 2.072581e+01
2.095000e+01 2.026500e+01 2.080560e+01 2.072813e+01 2.095500e+01 2.027000e+01 2.080464e+01 2.073120e+01
2.095500e+01 2.027000e+01 2.080464e+01 2.073120e+01 2.096500e+01 2.027000e+01 2.080542e+01 2.072854e+01
2.096500e+01 2.027000e+01 2.080542e+01 2.072854e+01 2.097500e+01 2.027000e+01 2.080636e+01 2.072576e+01
2.097500e+01 2.027000e+01 2.080636e+01 2.072576e+01 2.098000e+01 2.027500e+01 2.080547e+01 2.072852e+01
2.061500e+01 2.028000e+01 2.080910e+01 2.072484e+01 2.061000e+01 2.028500e+01 2.081005e+01 2.072719e+01
2.062000e+01 2.027500e+01 2.080810e+01 2.072239e+01 2.061500e+01 2.028000e+01 2.080910e+01 2.072484e+01
2.098000e+01 2.027500e+01 2.080547e+01 2.072852e+01 2.098500e+01 2.028000e+01 2.080448e+01 2.073119e+01
2.098500e+01 2.028000e+01 2.080448e+01 2.073119e+01 2.099500e+01 2.028000e+01 2.080567e+01 2.072809e+01
2.099500e+01 2.028000e+01 2.080567e+01 2.072809e+01 2.100000e+01 2.028500e+01 2.080476e+01 2.073057e+01
2.059500e+01 2.029000e+01 2.080956e+01 2.072593e+01 2.059000e+01 2.029500e+01 2.081049e+01 2.072800e+01
2.059500e+01 2.029000e+01 2.080956e+01 2.072593e+01 2.060500e+01 2.029000e+01 2.081110e+01 2.072945e+01
2.061000e+01 2.028500e+01 2.081005e+01 2.072719e+01 2.060500e+01 2.029000e+01 2.081110e+01 2.072945e+01
2.100000e+01 2.028500e+01 2.080476e+01 2.073057e+01 2.100500e+01 2.029000e+01 2.080375e+01 2.073295e+01
2.100500e+01 2.029000e+01 2.080375e+01 2.073295e+01 2.101500e+01 2.029000e+01 2.080523e+01 2.072956e+01
2.101500e+01 2.029000e+01 2.080523e+01 2.072956e+01 2.102000e+01 2.029500e+01 2.080434e+01 2.073175e+01
2.057500e+01 2.030000e+01 2.080963e+01 2.072620e+01 2.057000e+01 2.030500e+01 2.081050e+01 2.072800e+01
2.057500e+01 2.030000e+01 2.080963e+01 2.072620e+01 2.058500e+01 2.030000e+01 2.081151e+01 2.072996e+01
2.059000e+01 2.029500e+01 2.081049e+01 2.072800e+01 2.058500e+01 2.030000e+01 2.081151e+01 2.072996e+01
2.102000e+01 2.029500e+01 2.080434e+01 2.073175e+01 2.102500e+01 2.030000e+01 2.080336e+01 2.073384e+01
2.102500e+01 2.030000e+01 2.080336e+01 2.073384e+01 2.103000e+01 2.030500e+01 2.080244e+01 2.073585e+01
2.056500e+01 2.031000e+01 2.081144e+01 2.072968e+01 2.056000e+01 2.031500e+01 2.081230e+01 2.073129e+01
2.057000e+01 2.030500e+01 2.081050e+01 2.072800e+01 2.056500e+01 2.031000e+01 2.081144e+01 2.072968e+01
2.103000e+01 2.030500e+01 2.080244e+01 2.073585e+01 2.103500e+01 2.031000e+01 2.080144e+01 2.073774e+01
2.103500e+01 2.031000e+01 2.080144e+01 2.073774e+01 2.104500e+01 2.031000e+01 2.080341e+01 2.073393e+01
2.104500e+01 2.031000e+01 2.080341e+01 2.073393e+01 2.105000e+01 2.031500e+01 2.080257e+01 2.073566e+01
2.054500e+01 2.032000e+01 2.081080e+01 2.072867e+01 2.054000e+01 2.032500e+01 2.081154e+01 2.073003e+01
2.054500e+01 2.032000e+01 2.081080e+01 2.072867e+01 2.055500e+01 2.032000e+01 2.081324e+01 2.073279e+01
2.056000e+01 2.031500e+01 2.081230e+01 2.073129e+01 2.055500e+01 2.032000e+01 2.081324e+01 2.073279e+01
2.105000e+01 2.031500e+01 2.080257e+01 2.073566e+01 2.105500e+01 2.032000e+01 2.080166e+01 2.073728e+01
2.105500e+01 2.032000e+01 2.080166e+01 2.073728e+01 2.106000e+01 2.032500e+01 2.080084e+01 2.073883e+01
2.053500e+01 2.033000e+01 2.081234e+01 2.073127e+01 2.053000e+01 2.033500e+01 2.081304e+01 2.073246e+01
2.054000e+01 2.032500e+01 2.081154e+01 2.073003e+01 2.053500e+01 2.033000e+01 2.081234e+01 2.073127e+01
2.106000e+01 2.032500e+01 2.080084e+01 2.073883e+01 2.106500e+01 2.033000e+01 2.079994e+01 2.074026e+01
2.106500e+01 2.033000e+01 2.079994e+01 2.074026e+01 2.107000e+01 2.033500e+01 2.079915e+01 2.074162e+01
2.052500e+01 2.034000e+01 2.081379e+01 2.073352e+01 2.052000e+01 2.034500e+01 2.081443e+01 2.073453e+01
2.053000e+01 2.033500e+01 2.081304e+01 2.073246e+01 2.052500e+01 2.034000e+01 2.081379e+01 2.073352e+01
2.107000e+01 2.033500e+01 2.079915e+01 2.074162e+01 2.107500e+01 2.034000e+01 2.079830e+01 2.074286e+01
2.107500e+01 2.034000e+01 2.079830e+01 2.074286e+01 2.108000e+01 2.034500e+01 2.079755e+01 2.074404e+01
2.051500e+01 2.035000e+01 2.081512e+01 2.073541e+01 2.051000e+01 2.035500e+01 2.081569e+01 2.073625e+01
2.052000e+01 2.034500e+01 2.081443e+01 2.073453e+01 2.051500e+01 2.035000e+01 2.081512e+01 2.073541e+01
2.108000e+01 2.034500e+01 2.079755e+01 2.074404e+01 2.108500e+01 2.035000e+01 2.079674e+01 2.074510e+01
2.108500e+01 2.035000e+01 2.079674e+01 2.074510e+01 2.109500e+01 2.035000e+01 2.079974e+01 2.074072e+01
2.109500e+01 2.035000e+01 2.079974e+01 2.074072e+01 2.110000e+01 2.035500e+01 2.079917e+01 2.074168e+01
2.050500e+01 2.036000e+01 2.081630e+01 2.073697e+01 2.050000e+01 2.036500e+01 2.081678e+01 2.073764e+01
2.051000e+01 2.035500e+01 2.081569e+01 2.073625e+01 2.050500e+01 2.036000e+01 2.081630e+01 2.073697e+01
2.110000e+01 2.035500e+01 2.079917e+01 2.074168e+01 2.110500e+01 2.036000e+01 2.079856e+01 2.074250e+01
2.110500e+01 2.036000e+01 2.079856e+01 2.074250e+01 2.111000e+01 2.036500e+01 2.079807e+01 2.074329e+01
2.049500e+01 2.037000e+01 2.081729e+01 2.073820e+01 2.049000e+01 2.037500e+01 2.081767e+01 2.073872e+01
2.050000e+01 2.036500e+01 2.081678e+01 2.073764e+01 2.049500e+01 2.037000e+01 2.081729e+01 2.073820e+01
2.111000e+01 2.036500e+01 2.079807e+01 2.074329e+01 2.111500e+01 2.037000e+01 2.079754e+01 2.074395e+01
2.111500e+01 2.037000e+01 2.079754e+01 2.074395e+01 2.112000e+01 2.037500e+01 2.079715e+01 2.074459e+01
2.048500e+01 2.038000e+01 2.081807e+01 2.073912e+01 2.048000e+01 2.038500e+01 2.081834e+01 2.073950e+01
2.049000e+01 2.037500e+01 2.081767e+01 2.073872e+01 2.048500e+01 2.038000e+01 2.081807e+01 2.073912e+01
2.112000e+01 2.037500e+01 2.079715e+01 2.074459e+01 2.112500e+01 2.038000e+01 2.079673e+01 2.074509e+01
2.112500e+01 2.038000e+01 2.079673e+01 2.074509e+01 2.113000e+01 2.038500e+01 2.079644e+01 2.074557e+01
2.047500e+01 2.039000e+01 2.081862e+01 2.073975e+01 2.047000e+01 2.039500e+01 2.081876e+01 2.073999e+01
2.048000e+01 2.038500e+01 2.081834e+01 2.073950e+01 2.047500e+01 2.039000e+01 2.081862e+01 2.073975e+01
2.113000e+01 2.038500e+01 2.079644e+01 2.074557e+01 2.113000e+01 2.039500e+01 2.079181e+01 2.075090e+01
2.046500e+01 2.040000e+01 2.081891e+01 2.074011e+01 2.046000e+01 2.040500e+01 2.081891e+01 2.074023e+01
2.047000e+01 2.039500e+01 2.081876e+01 2.073999e+01 2.046500e+01 2.040000e+01 2.081891e+01 2.074011e+01
2.113000e+01 2.039500e+01 2.079181e+01 2.075090e+01 2.113500e+01 2.040000e+01 2.079149e+01 2.075112e+01
2.113500e+01 2.040000e+01 2.079149e+01 2.075112e+01 2.114000e+01 2.040500e+01 2.079131e+01 2.075133e+01
2.046000e+01 2.040500e+01 2.081891e+01 2.074023e+01 2.046000e+01 2.041500e+01 2.082360e+01 2.074490e+01
2.114000e+01 2.040500e+01 2.079131e+01 2.075133e+01 2.114500e+01 2.041000e+01 2.079114e+01 2.075142e+01
2.114500e+01 2.041000e+01 2.079114e+01 2.075142e+01 2.115000e+01 2.041500e+01 2.079110e+01 2.075150e+01
2.045500e+01 2.042000e+01 2.082358e+01 2.074477e+01 2.045000e+01 2.042500e+01 2.082343e+01 2.074465e+01
2.046000e+01 2.041500e+01 2.082360e+01 2.074490e+01 2.045500e+01 2.042000e+01 2.082358e+01 2.074477e+01
2.115000e+01 2.041500e+01 2.079110e+01 2.075150e+01 2.115500e+01 2.042000e+01 2.079108e+01 2.075145e+01
2.115500e+01 2.042000e+01 2.079108e+01 2.075145e+01 2.116000e+01 2.042500e+01 2.079119e+01 2.075142e+01
2.044500e+01 2.043000e+01 2.082325e+01 2.074442e+01 2.044000e+01 2.043500e+01 2.082292e+01 2.074420e+01
2.045000e+01 2.042500e+01 2.082343e+01 2.074465e+01 2.044500e+01 2.043000e+01 2.082325e+01 2.074442e+01
2.116000e+01 2.042500e+01 2.079119e+01 2.075142e+01 2.116500e+01 2.043000e+01 2.079133e+01 2.075126e+01
2.116500e+01 2.043000e+01 2.079133e+01 2.075126e+01 2.117000e+01 2.043500e+01 2.079161e+01 2.075112e+01
2.044000e+01 2.043500e+01 2.082292e+01 2.074420e+01 2.044000e+01 2.044500e+01 2.082756e+01 2.074819e+01
2.117000e+01 2.043500e+01 2.079161e+01 2.075112e+01 2.117000e+01 2.044500e+01 2.078698e+01 2.075523e+01
2.043500e+01 2.045000e+01 2.082717e+01 2.074774e+01 2.043000e+01 2.045500e+01 2.082664e+01 2.074733e+01
2.044000e+01 2.044500e+01 2.082756e+01 2.074819e+01 2.043500e+01 2.045000e+01 2.082717e+01 2.074774e+01
2.117000e+01 2.044500e+01 2.078698e+01 2.075523e+01 2.117500e+01 2.045000e+01 2.078732e+01 2.075485e+01
2.117500e+01 2.045000e+01 2.078732e+01 2.075485e+01 2.118000e+01 2.045500e+01 2.078780e+01 2.075451e+01
2.042500e+01 2.046000e+01 2.082605e+01 2.074681e+01 2.042000e+01 2.046500e+01 2.082533e+01 2.074634e+01
2.043000e+01 2.045500e+01 2.082664e+01 2.074733e+01 2.042500e+01 2.046000e+01 2.082605e+01 2.074681e+01
2.118000e+01 2.045500e+01 2.078780e+01 2.075451e+01 2.118500e+01 2.046000e+01 2.078833e+01 2.075405e+01
2.118500e+01 2.046000e+01 2.078833e+01 2.075405e+01 2.119000e+01 2.046500e+01 2.078900e+01 2.075363e+01
2.042000e+01 2.046500e+01 2.082533e+01 2.074634e+01 2.042000e+01 2.047500e+01 2.082980e+01 2.074966e+01
2.119000e+01 2.046500e+01 2.078900e+01 2.075363e+01 2.119000e+01 2.047500e+01 2.078452e+01 2.075707e+01
2.041500e+01 2.048000e+01 2.082896e+01 2.074898e+01 2.041000e+01 2.048500e+01 2.082798e+01 2.074837e+01
2.042000e+01 2.047500e+01 2.082980e+01 2.074966e+01 2.041500e+01 2.048000e+01 2.082896e+01 2.074898e+01
2.119000e+01 2.047500e+01 2.078452e+01 2.075707e+01 2.119500e+01 2.048000e+01 2.078529e+01 2.075643e+01
2.119500e+01 2.048000e+01 2.078529e+01 2.075643e+01 2.120000e+01 2.048500e+01 2.078621e+01 2.075586e+01
2.041000e+01 2.048500e+01 2.082798e+01 2.074837e+01 2.041000e+01 2.049500e+01 2.083232e+01 2.075128e+01
2.120000e+01 2.048500e+01 2.078621e+01 2.075586e+01 2.120000e+01 2.049500e+01 2.078185e+01 2.075886e+01
2.040500e+01 2.050000e+01 2.083120e+01 2.075047e+01 2.040000e+01 2.050500e+01 2.082994e+01 2.074974e+01
2.041000e+01 2.049500e+01 2.083232e+01 2.075128e+01 2.040500e+01 2.050000e+01 2.083120e+01 2.075047e+01
2.120000e+01 2.049500e+01 2.078185e+01 2.075886e+01 2.120500e+01 2.050000e+01 2.078290e+01 2.075809e+01
2.120500e+01 2.050000e+01 2.078290e+01 2.075809e+01 2.121000e+01 2.050500e+01 2.078410e+01 2.075739e+01
2.040000e+01 2.050500e+01 2.082994e+01 2.074974e+01 2.040000e+01 2.051500e+01 2.083409e+01 2.075226e+01
2.121000e+01 2.050500e+01 2.078410e+01 2.075739e+01 2.121000e+01 2.051500e+01 2.077991e+01 2.075998e+01
2.039500e+01 2.052000e+01 2.083267e+01 2.075137e+01 2.039000e+01 2.052500e+01 2.083112e+01 2.075056e+01
2.040000e+01 2.051500e+01 2.083409e+01 2.075226e+01 2.039500e+01 2.052000e+01 2.083267e+01 2.075137e+01
2.121000e+01 2.051500e+01 2.077991e+01 2.075998e+01 2.121500e+01 2.052000e+01 2.078126e+01 2.075911e+01
2.121500e+01 2.052000e+01 2.078126e+01 2.075911e+01 2.122000e+01 2.052500e+01 2.078274e+01 2.075831e+01
2.039000e+01 2.052500e+01 2.083112e+01 2.075056e+01 2.039000e+01 2.053500e+01 2.083504e+01 2.075272e+01
2.122000e+01 2.052500e+01 2.078274e+01 2.075831e+01 2.122000e+01 2.053500e+01 2.077878e+01 2.076053e+01
2.039000e+01 2.053500e+01 2.083504e+01 2.075272e+01 2.039000e+01 2.054500e+01 2.083889e+01 2.075468e+01
2.122000e+01 2.053500e+01 2.077878e+01 2.076053e+01 2.122500e+01 2.054000e+01 2.078044e+01 2.075959e+01
2.122500e+01 2.054000e+01 2.078044e+01 2.075959e+01 2.123000e+01 2.054500e+01 2.078223e+01 2.075874e+01
2.038500e+01 2.055000e+01 2.083705e+01 2.075367e+01 2.038000e+01 2.055500e+01 2.083510e+01 2.075277e+01
2.039000e+01 2.054500e+01 2.083889e+01 2.075468e+01 2.038500e+01 2.055000e+01 2.083705e+01 2.075367e+01
2.123000e+01 2.054500e+01 2.078223e+01 2.075874e+01 2.123000e+01 2.055500e+01 2.077853e+01 2.076062e+01
2.038000e+01 2.055500e+01 2.083510e+01 2.075277e+01 2.038000e+01 2.056500e+01 2.083866e+01 2.075442e+01
2.123000e+01 2.055500e+01 2.077853e+01 2.076062e+01 2.123000e+01 2.056500e+01 2.077492e+01 2.076229e+01
2.038000e+01 2.056500e+01 2.083866e+01 2.075442e+01 2.038000e+01 2.057500e+01 2.084212e+01 2.075588e+01
2.123000e+01 2.056500e+01 2.077492e+01 2.076229e+01 2.123500e+01 2.057000e+01 2.077701e+01 2.076127e+01
2.123500e+01 2.057000e+01 2.077701e+01 2.076127e+01 2.124000e+01 2.057500e+01 2.077922e+01 2.076036e+01
2.037500e+01 2.058000e+01 2.083984e+01 2.075484e+01 2.037000e+01 2.058500e+01 2.083745e+01 2.075391e+01
2.038000e+01 2.057500e+01 2.084212e+01 2.075588e+01 2.037500e+01 2.058000e+01 2.083984e+01 2.075484e+01
2.124000e+01 2.057500e+01 2.077922e+01 2.076036e+01 2.124000e+01 2.058500e+01 2.077592e+01 2.076175e+01
2.037000e+01 2.058500e+01 2.083745e+01 2.075391e+01 2.037000e+01 2.059500e+01 2.084057e+01 2.075513e+01
2.124000e+01 2.058500e+01 2.077592e+01 2.076175e+01 2.124000e+01 2.059500e+01 2.077274e+01 2.076296e+01
2.037000e+01 2.059500e+01 2.084057e+01 2.075513e+01 2.037000e+01 2.060500e+01 2.084357e+01 2.075617e+01
2.124000e+01 2.059500e+01 2.077274e+01 2.076296e+01 2.124500e+01 2.060000e+01 2.077529e+01 2.076194e+01
2.124500e+01 2.060000e+01 2.077529e+01 2.076194e+01 2.125000e+01 2.060500e+01 2.077794e+01 2.076105e+01
2.036500e+01 2.061000e+01 2.084083e+01 2.075518e+01 2.036000e+01 2.061500e+01 2.083800e+01 2.075431e+01
2.037000e+01 2.060500e+01 2.084357e+01 2.075617e+01 2.036500e+01 2.061000e+01 2.084083e+01 2.075518e+01
2.125000e+01 2.060500e+01 2.077794e+01 2.076105e+01 2.125000e+01 2.061500e+01 2.077512e+01 2.076204e+01
2.036000e+01 2.061500e+01 2.083800e+01 2.075431e+01 2.036000e+01 2.062500e+01 2.084062e+01 2.075518e+01
2.125000e+01 2.061500e+01 2.077512e+01 2.076204e+01 2.125000e+01 2.062500e+01 2.077244e+01 2.076286e+01
2.036000e+01 2.062500e+01 2.084062e+01 2.075518e+01 2.036000e+01 2.063500e+01 2.084308e+01 2.075591e+01
2.125000e+01 2.062500e+01 2.077244e+01 2.076286e+01 2.125000e+01 2.063500e+01 2.076991e+01 2.076354e+01
2.036000e+01 2.063500e+01 2.084308e+01 2.075591e+01 2.036000e+01 2.064500e+01 2.084539e+01 2.075650e+01
2.125000e+01 2.063500e+01 2.076991e+01 2.076354e+01 2.125500e+01 2.064000e+01 2.077304e+01 2.076262e+01
2.125500e+01 2.064000e+01 2.077304e+01 2.076262e+01 2.126000e+01 2.064500e+01 2.077625e+01 2.076182e+01
2.036000e+01 2.064500e+01 2.084539e+01 2.075650e+01 2.036000e+01 2.065500e+01 2.084754e+01 2.075697e+01
2.078500e+01 2.065000e+01 2.087662e+01 2.102879e+01 2.078000e+01 2.065500e+01 2.089305e+01 2.102469e+01
2.078500e+01 2.065000e+01 2.087662e+01 2.102879e+01 2.079500e+01 2.065000e+01 2.084914e+01 2.103376e+01
2.079500e+01 2.065000e+01 2.084914e+01 2.103376e+01 2.080500e+01 2.065000e+01 2.082059e+01 2.103628e+01
2.080500e+01 2.065000e+01 2.082059e+01 2.103628e+01 2.081500e+01 2.065000e+01 2.079176e+01 2.103620e+01
2.081500e+01 2.065000e+01 2.079176e+01 2.103620e+01 2.082500e+01 2.065000e+01 2.076343e+01 2.103354e+01
2.082500e+01 2.065000e+01 2.076343e+01 2.103354e+01 2.083000e+01 2.065500e+01 2.074739e+01 2.103082e+01
2.126000e+01 2.064500e+01 2.077625e+01 2.076182e+01 2.126000e+01 2.065500e+01 2.077413e+01 2.076237e+01
2.035500e+01 2.066000e+01 2.084410e+01 2.075616e+01 2.035000e+01 2.066500e+01 2.084059e+01 2.075547e+01
2.036000e+01 2.065500e+01 2.084754e+01 2.075697e+01 2.035500e+01 2.066000e+01 2.084410e+01 2.075616e+01
2.076500e+01 2.066000e+01 2.093604e+01 2.100939e+01 2.076000e+01 2.066500e+01 2.095267e+01 2.100134e+01
2.076500e+01 2.066000e+01 2.093604e+01 2.100939e+01 2.077500e+01 2.066000e+01 2.091091e+01 2.101922e+01
2.078000e+01 2.065500e+01 2.089305e+01 2.102469e+01 2.077500e+01 2.066000e+01 2.091091e+01 2.101922e+01
2.083000e+01 2.065500e+01 2.074739e+01 2.103082e+01 2.083500e+01 2.066000e+01 2.072984e+01 2.102690e+01
2.083500e+01 2.066000e+01 2.072984e+01 2.102690e+01 2.084500e+01 2.066000e+01 2.070268e+01 2.101893e+01
2.084500e+01 2.066000e+01 2.070268e+01 2.101893e+01 2.085500e+01 2.066000e+01 2.067829e+01 2.100921e+01
2.085500e+01 2.066000e+01 2.067829e+01 2.100921e+01 2.086000e+01 2.066500e+01 2.066215e+01 2.100131e+01
2.126000e+01 2.065500e+01 2.077413e+01 2.076237e+01 2.126000e+01 2.066500e+01 2.077218e+01 2.076281e+01
2.035000e+01 2.066500e+01 2.084059e+01 2.075547e+01 2.035000e+01 2.067500e+01 2.084232e+01 2.075588e+01
2.074500e+01 2.067000e+01 2.098989e+01 2.097868e+01 2.074000e+01 2.067500e+01 2.100451e+01 2.096757e+01
2.074500e+01 2.067000e+01 2.098989e+01 2.097868e+01 2.075500e+01 2.067000e+01 2.097030e+01 2.099152e+01
2.076000e+01 2.066500e+01 2.095267e+01 2.100134e+01 2.075500e+01 2.067000e+01 2.097030e+01 2.099152e+01
2.086000e+01 2.066500e+01 2.066215e+01 2.100131e+01 2.086500e+01 2.067000e+01 2.064507e+01 2.099169e+01
2.086500e+01 2.067000e+01 2.064507e+01 2.099169e+01 2.087500e+01 2.067000e+01 2.062630e+01 2.097917e+01
2.087500e+01 2.067000e+01 2.062630e+01 2.097917e+01 2.088000e+01 2.067500e+01 2.061224e+01 2.096836e+01
2.126000e+01 2.066500e+01 2.077218e+01 2.076281e+01 2.126000e+01 2.067500e+01 2.077040e+01 2.076313e+01
2.035000e+01 2.067500e+01 2.084232e+01 2.075588e+01 2.035000e+01 2.068500e+01 2.084387e+01 2.075621e+01
2.073500e+01 2.068000e+01 2.101937e+01 2.095476e+01 2.073000e+01 2.068500e+01 2.103236e+01 2.094195e+01
2.074000e+01 2.067500e+01 2.100451e+01 2.096757e+01 2.073500e+01 2.068000e+01 2.101937e+01 2.095476e+01
2.088000e+01 2.067500e+01 2.061224e+01 2.096836e+01 2.088500e+01 2.068000e+01 2.059796e+01 2.095591e+01
2.088500e+01 2.068000e+01 2.059796e+01 2.095591e+01 2.089000e+01 2.068500e+01 2.058550e+01 2.094349e+01
2.126000e+01 2.067500e+01 2.077040e+01 2.076313e+01 2.126000e+01 2.068500e+01 2.076880e+01 2.076334e+01
2.035000e+01 2.068500e+01 2.084387e+01 2.075621e+01 2.035000e+01 2.069500e+01 2.084524e+01 2.075645e+01
2.072500e+01 2.069000e+01 2.104510e+01 2.092763e+01 2.072000e+01 2.069500e+01 2.105590e+01 2.091380e+01
2.073000e+01 2.068500e+01 2.103236e+01 2.094195e+01 2.072500e+01 2.069000e+01 2.104510e+01 2.092763e+01
2.089000e+01 2.068500e+01 2.058550e+01 2.094349e+01 2.089000e+01 2.069500e+01 2.057258e+01 2.092863e+01
2.126000e+01 2.068500e+01 2.076880e+01 2.076334e+01 2.126500e+01 2.069000e+01 2.077262e+01 2.076270e+01
2.126500e+01 2.069000e+01 2.077262e+01 2.076270e+01 2.127000e+01 2.069500e+01 2.077650e+01 2.076218e+01
2.035000e+01 2.069500e+01 2.084524e+01 2.075645e+01 2.035000e+01 2.070500e+01 2.084641e+01 2.075663e+01
2.072000e+01 2.069500e+01 2.105590e+01 2.091380e+01 2.072000e+01 2.070500e+01 2.106802e+01 2.089593e+01
2.089000e+01 2.069500e+01 2.057258e+01 2.092863e+01 2.089500e+01 2.070000e+01 2.056092e+01 2.091335e+01
2.089500e+01 2.070000e+01 2.056092e+01 2.091335e+01 2.090000e+01 2.070500e+01 2.055125e+01 2.089882e+01
2.127000e+01 2.069500e+01 2.077650e+01 2.076218e+01 2.127000e+01 2.070500e+01 2.077533e+01 2.076241e+01
2.035000e+01 2.070500e+01 2.084641e+01 2.075663e+01 2.035000e+01 2.071500e+01 2.084740e+01 2.075674e+01
2.071500e+01 2.071000e+01 2.107717e+01 2.088000e+01 2.071000e+01 2.071500e+01 2.108452e+01 2.086517e+01
2.072000e+01 2.070500e+01 2.106802e+01 2.089593e+01 2.071500e+01 2.071000e+01 2.107717e+01 2.088000e+01
2.090000e+01 2.070500e+01 2.055125e+01 2.089882e+01 2.090500e+01 2.071000e+01 2.054250e+01 2.088335e+01
2.090500e+01 2.071000e+01 2.054250e+01 2.088335e+01 2.091000e+01 2.071500e+01 2.053549e+01 2.086894e+01
2.127000e+01 2.070500e+01 2.077533e+01 2.076241e+01 2.127000e+01 2.071500e+01 2.077435e+01 2.076257e+01
2.035000e+01 2.071500e+01 2.084740e+01 2.075674e+01 2.035000e+01 2.072500e+01 2.084818e+01 2.075680e+01
2.071000e+01 2.071500e+01 2.108452e+01 2.086517e+01 2.071000e+01 2.072500e+01 2.109332e+01 2.084342e+01
2.091000e+01 2.071500e+01 2.053549e+01 2.086894e+01 2.091000e+01 2.072500e+01 2.052697e+01 2.084769e+01
2.127000e+01 2.071500e+01 2.077435e+01 2.076257e+01 2.127000e+01 2.072500e+01 2.077356e+01 2.076268e+01
2.035000e+01 2.072500e+01 2.084818e+01 2.075680e+01 2.035000e+01 2.073500e+01 2.084878e+01 2.075682e+01
2.071000e+01 2.072500e+01 2.109332e+01 2.084342e+01 2.071000e+01 2.073500e+01 2.110033e+01 2.081972e+01
2.091000e+01 2.072500e+01 2.052697e+01 2.084769e+01 2.091000e+01 2.073500e+01 2.052019e+01 2.082448e+01
2.127000e+01 2.072500e+01 2.077356e+01 2.076268e+01 2.127000e+01 2.073500e+01 2.077297e+01 2.076274e+01
2.035000e+01 2.073500e+01 2.084878e+01 2.075682e+01 2.035000e+01 2.074500e+01 2.084916e+01 2.075682e+01
2.070500e+01 2.074000e+01 2.110370e+01 2.080471e+01 2.070000e+01 2.074500e+01 2.110592e+01 2.079108e+01
2.071000e+01 2.073500e+01 2.110033e+01 2.081972e+01 2.070500e+01 2.074000e+01 2.110370e+01 2.080471e+01
2.091000e+01 2.073500e+01 2.052019e+01 2.082448e+01 2.091500e+01 2.074000e+01 2.051701e+01 2.080977e+01
2.091500e+01 2.074000e+01 2.051701e+01 2.080977e+01 2.092000e+01 2.074500e+01 2.051495e+01 2.079640e+01
2.127000e+01 2.073500e+01 2.077297e+01 2.076274e+01 2.127000e+01 2.074500e+01 2.077258e+01 2.076277e+01
2.035000e+01 2.074500e+01 2.084916e+01 2.075682e+01 2.035000e+01 2.075500e+01 2.084935e+01 2.075680e+01
2.070000e+01 2.074500e+01 2.110592e+01 2.079108e+01 2.070000e+01 2.075500e+01 2.110805e+01 2.076735e+01
2.092000e+01 2.074500e+01 2.051495e+01 2.079640e+01 2.092000e+01 2.075500e+01 2.051291e+01 2.077296e+01
2.127000e+01 2.074500e+01 2.077258e+01 2.076277e+01 2.127000e+01 2.075500e+01 2.077239e+01 2.076278e+01
2.035000e+01 2.075500e+01 2.084935e+01 2.075680e+01 2.035000e+01 2.076500e+01 2.084934e+01 2.075679e+01
2.070000e+01 2.075500e+01 2.110805e+01 2.076735e+01 2.070000e+01 2.076500e+01 2.110794e+01 2.074343e+01
2.092000e+01 2.075500e+01 2.051291e+01 2.077296e+01 2.092000e+01 2.076500e+01 2.051309e+01 2.074923e+01
2.127000e+01 2.075500e+01 2.077239e+01 2.076278e+01 2.127000e+01 2.076500e+01 2.077240e+01 2.076278e+01
2.035000e+01 2.076500e+01 2.084934e+01 2.075679e+01 2.035000e+01 2.077500e+01 2.084912e+01 2.075678e+01
2.070000e+01 2.076500e+01 2.110794e+01 2.074343e+01 2.070000e+01 2.077500e+01 2.110559e+01 2.071987e+01
2.092000e+01 2.076500e+01 2.051309e+01 2.074923e+01 2.092000e+01 2.077500e+01 2.051548e+01 2.072575e+01
2.127000e+01 2.076500e+01 2.077240e+01 2.076278e+01 2.127000e+01 2.077500e+01 2.077262e+01 2.076278e+01
2.035000e+01 2.077500e+01 2.084912e+01 2.075678e+01 2.035000e+01 2.078500e+01 2.084870e+01 2.075680e+01
2.070000e+01 2.077500e+01 2.110559e+01 2.071987e+01 2.070500e+01 2.078000e+01 2.110328e+01 2.070633e+01
2.070500e+01 2.078000e+01 2.110328e+01 2.070633e+01 2.071000e+01 2.078500e+01 2.109980e+01 2.069143e+01
2.091500e+01 2.078000e+01 2.051777e+01 2.071217e+01 2.091000e+01 2.078500e+01 2.052122e+01 2.069722e+01
2.092000e+01 2.077500e+01 2.051548e+01 2.072575e+01 2.091500e+01 2.078000e+01 2.051777e+01 2.071217e+01
2.127000e+01 2.077500e+01 2.077262e+01 2.076278e+01 2.127000e+01 2.078500e+01 2.077303e+01 2.076280e+01
2.035000e+01 2.078500e+01 2.084870e+01 2.075680e+01 2.035000e+01 2.079500e+01 2.084809e+01 2.075685e+01
2.071000e+01 2.078500e+01 2.109980e+01 2.069143e+01 2.071000e+01 2.079500e+01 2.109269e+01 2.066829e+01
2.091000e+01 2.078500e+01 2.052122e+01 2.069722e+01 2.091000e+01 2.079500e+01 2.052841e+01 2.067393e+01
2.127000e+01 2.078500e+01 2.077303e+01 2.076280e+01 2.127000e+01 2.079500e+01 2.077364e+01 2.076284e+01
2.035000e+01 2.079500e+01 2.084809e+01 2.075685e+01 2.035000e+01 2.080500e+01 2.084727e+01 2.075694e+01
2.071000e+01 2.079500e+01 2.109269e+01 2.066829e+01 2.071000e+01 2.080500e+01 2.108390e+01 2.064720e+01
2.091000e+01 2.079500e+01 2.052841e+01 2.067393e+01 2.091000e+01 2.080500e+01 2.053732e+01 2.065258e+01
2.127000e+01 2.079500e+01 2.077364e+01 2.076284e+01 2.127000e+01 2.080500e+01 2.077445e+01 2.076292e+01
2.035000e+01 2.080500e+01 2.084727e+01 2.075694e+01 2.035000e+01 2.081500e+01 2.084626e+01 2.075710e+01
2.071000e+01 2.080500e+01 2.108390e+01 2.064720e+01 2.071500e+01 2.081000e+01 2.107661e+01 2.063277e+01
2.071500e+01 2.081000e+01 2.107661e+01 2.063277e+01 2.072000e+01 2.081500e+01 2.106756e+01 2.061732e+01
2.090500e+01 2.081000e+01 2.054467e+01 2.063792e+01 2.090000e+01 2.081500e+01 2.055379e+01 2.062220e+01
2.091000e+01 2.080500e+01 2.053732e+01 2.065258e+01 2.090500e+01 2.081000e+01 2.054467e+01 2.063792e+01
2.127000e+01 2.080500e+01 2.077445e+01 2.076292e+01 2.127000e+01 2.081500e+01 2.077546e+01 2.076306e+01
2.035000e+01 2.081500e+01 2.084626e+01 2.075710e+01 2.035000e+01 2.082500e+01 2.084506e+01 2.075732e+01
2.072000e+01 2.081500e+01 2.106756e+01 2.061732e+01 2.072500e+01 2.082000e+01 2.105762e+01 2.060286e+01
2.072500e+01 2.082000e+01 2.105762e+01 2.060286e+01 2.073000e+01 2.082500e+01 2.104569e+01 2.058770e+01
2.089500e+01 2.082000e+01 2.056385e+01 2.060743e+01 2.089000e+01 2.082500e+01 2.057593e+01 2.059192e+01
2.090000e+01 2.081500e+01 2.055379e+01 2.062220e+01 2.089500e+01 2.082000e+01 2.056385e+01 2.060743e+01
2.127000e+01 2.081500e+01 2.077546e+01 2.076306e+01 2.127000e+01 2.082500e+01 2.077666e+01 2.076325e+01
2.035000e+01 2.082500e+01 2.084506e+01 2.075732e+01 2.035500e+01 2.083000e+01 2.084892e+01 2.075678e+01
2.035500e+01 2.083000e+01 2.084892e+01 2.075678e+01 2.036000e+01 2.083500e+01 2.085272e+01 2.075612e+01
2.073000e+01 2.082500e+01 2.104569e+01 2.058770e+01 2.073000e+01 2.083500e+01 2.103270e+01 2.057323e+01
2.089000e+01 2.082500e+01 2.057593e+01 2.059192e+01 2.089000e+01 2.083500e+01 2.058923e+01 2.057703e+01
2.127000e+01 2.082500e+01 2.077666e+01 2.076325e+01 2.127000e+01 2.083500e+01 2.077804e+01 2.076352e+01
2.036000e+01 2.083500e+01 2.085272e+01 2.075612e+01 2.036000e+01 2.084500e+01 2.085110e+01 2.075634e+01
2.073000e+01 2.083500e+01 2.103270e+01 2.057323e+01 2.073500e+01 2.084000e+01 2.102007e+01 2.056098e+01
2.073500e+01 2.084000e+01 2.102007e+01 2.056098e+01 2.074500e+01 2.084000e+01 2.100440e+01 2.054780e+01
2.074500e+01 2.084000e+01 2.100440e+01 2.054780e+01 2.075000e+01 2.084500e+01 2.098815e+01 2.053590e+01
2.087500e+01 2.084000e+01 2.061789e+01 2.055089e+01 2.087000e+01 2.084500e+01 2.063443e+01 2.053858e+01
2.087500e+01 2.084000e+01 2.061789e+01 2.055089e+01 2.088500e+01 2.084000e+01 2.060208e+01 2.056443e+01
2.089000e+01 2.083500e+01 2.058923e+01 2.057703e+01 2.088500e+01 2.084000e+01 2.060208e+01 2.056443e+01
2.127000e+01 2.083500e+01 2.077804e+01 2.076352e+01 2.127000e+01 2.084500e+01 2.077961e+01 2.076387e+01
2.036000e+01 2.084500e+01 2.085110e+01 2.075634e+01 2.036000e+01 2.085500e+01 2.084929e+01 2.075666e+01
2.075000e+01 2.084500e+01 2.098815e+01 2.053590e+01 2.075500e+01 2.085000e+01 2.097247e+01 2.052581e+01
2.075500e+01 2.085000e+01 2.097247e+01 2.052581e+01 2.076000e+01 2.085500e+01 2.095539e+01 2.051651e+01
2.086500e+01 2.085000e+01 2.065041e+01 2.052813e+01 2.086000e+01 2.085500e+01 2.066781e+01 2.051848e+01
2.087000e+01 2.084500e+01 2.063443e+01 2.053858e+01 2.086500e+01 2.085000e+01 2.065041e+01 2.052813e+01
2.126500e+01 2.085000e+01 2.077599e+01 2.076323e+01 2.126000e+01 2.085500e+01 2.077244e+01 2.076245e+01
2.127000e+01 2.084500e+01 2.077961e+01 2.076387e+01 2.126500e+01 2.085000e+01 2.077599e+01 2.076323e+01
2.036000e+01 2.085500e+01 2.084929e+01 2.075666e+01 2.036000e+01 2.086500e+01 2.084730e+01 2.075709e+01
2.076000e+01 2.085500e+01 2.095539e+01 2.051651e+01 2.076500e+01 2.086000e+01 2.093929e+01 2.050890e+01
2.076500e+01 2.086000e+01 2.093929e+01 2.050890e+01 2.077500e+01 2.086000e+01 2.091485e+01 2.049944e+01
2.077500e+01 2.086000e+01 2.091485e+01 2.049944e+01 2.078500e+01 2.086000e+01 2.088773e+01 2.049177e+01
2.078500e+01 2.086000e+01 2.088773e+01 2.049177e+01 2.079000e+01 2.086500e+01 2.087041e+01 2.048815e+01
2.083500e+01 2.086000e+01 2.073621e+01 2.049267e+01 2.083000e+01 2.086500e+01 2.075379e+01 2.048881e+01
2.083500e+01 2.086000e+01 2.073621e+01 2.049267e+01 2.084500e+01 2.086000e+01 2.070889e+01 2.050071e+01
2.084500e+01 2.086000e+01 2.070889e+01 2.050071e+01 2.085500e+01 2.086000e+01 2.068421e+01 2.051055e+01
2.086000e+01 2.085500e+01 2.066781e+01 2.051848e+01 2.085500e+01 2.086000e+01 2.068421e+01 2.051055e+01
2.126000e+01 2.085500e+01 2.077244e+01 2.076245e+01 2.126000e+01 2.086500e+01 2.077443e+01 2.076283e+01
2.036000e+01 2.086500e+01 2.084730e+01 2.075709e+01 2.036000e+01 2.087500e+01 2.084515e+01 2.075765e+01
2.079000e+01 2.086500e+01 2.087041e+01 2.048815e+01 2.079500e+01 2.087000e+01 2.085458e+01 2.048570e+01
2.079500e+01 2.087000e+01 2.085458e+01 2.048570e+01 2.080500e+01 2.087000e+01 2.082651e+01 2.048330e+01
2.080500e+01 2.087000e+01 2.082651e+01 2.048330e+01 2.081500e+01 2.087000e+01 2.079800e+01 2.048345e+01
2.081500e+01 2.087000e+01 2.079800e+01 2.048345e+01 2.082500e+01 2.087000e+01 2.076985e+01 2.048616e+01
2.083000e+01 2.086500e+01 2.075379e+01 2.048881e+01 2.082500e+01 2.087000e+01 2.076985e+01 2.048616e+01
2.126000e+01 2.086500e+01 2.077443e+01 2.076283e+01 2.126000e+01 2.087500e+01 2.077659e+01 2.076332e+01
2.036000e+01 2.087500e+01 2.084515e+01 2.075765e+01 2.036000e+01 2.088500e+01 2.084284e+01 2.075834e+01
2.126000e+01 2.087500e+01 2.077659e+01 2.076332e+01 2.126000e+01 2.088500e+01 2.077891e+01 2.076395e+01
2.036000e+01 2.088500e+01 2.084284e+01 2.075834e+01 2.036500e+01 2.089000e+01 2.084591e+01 2.075752e+01
2.036500e+01 2.089000e+01 2.084591e+01 2.075752e+01 2.037000e+01 2.089500e+01 2.084889e+01 2.075659e+01
2.126000e+01 2.088500e+01 2.077891e+01 2.076395e+01 2.126000e+01 2.089500e+01 2.078139e+01 2.076470e+01
2.037000e+01 2.089500e+01 2.084889e+01 2.075659e+01 2.037000e+01 2.090500e+01 2.084619e+01 2.075742e+01
2.125500e+01 2.090000e+01 2.077845e+01 2.076384e+01 2.125000e+01 2.090500e+01 2.077560e+01 2.076286e+01
2.126000e+01 2.089500e+01 2.078139e+01 2.076470e+01 2.125500e+01 2.090000e+01 2.077845e+01 2.076384e+01
2.037000e+01 2.090500e+01 2.084619e+01 2.075742e+01 2.037000e+01 2.091500e+01 2.084334e+01 2.075842e+01
2.125000e+01 2.090500e+01 2.077560e+01 2.076286e+01 2.125000e+01 2.091500e+01 2.077847e+01 2.076377e+01
2.037000e+01 2.091500e+01 2.084334e+01 2.075842e+01 2.037500e+01 2.092000e+01 2.084596e+01 2.075751e+01
2.037500e+01 2.092000e+01 2.084596e+01 2.075751e+01 2.038000e+01 2.092500e+01 2.084849e+01 2.075649e+01
2.125000e+01 2.091500e+01 2.077847e+01 2.076377e+01 2.125000e+01 2.092500e+01 2.078147e+01 2.076484e+01
2.038000e+01 2.092500e+01 2.084849e+01 2.075649e+01 2.038000e+01 2.093500e+01 2.084528e+01 2.075771e+01
2.125000e+01 2.092500e+01 2.078147e+01 2.076484e+01 2.125000e+01 2.093500e+01 2.078459e+01 2.076609e+01
2.038000e+01 2.093500e+01 2.084528e+01 2.075771e+01 2.038000e+01 2.094500e+01 2.084196e+01 2.075912e+01
2.124500e+01 2.094000e+01 2.078221e+01 2.076518e+01 2.124000e+01 2.094500e+01 2.077994e+01 2.076415e+01
2.125000e+01 2.093500e+01 2.078459e+01 2.076609e+01 2.124500e+01 2.094000e+01 2.078221e+01 2.076518e+01
2.038000e+01 2.094500e+01 2.084196e+01 2.075912e+01 2.038500e+01 2.095000e+01 2.084415e+01 2.075820e+01
2.038500e+01 2.095000e+01 2.084415e+01 2.075820e+01 2.039000e+01 2.095500e+01 2.084622e+01 2.075718e+01
2.124000e+01 2.094500e+01 2.077994e+01 2.076415e+01 2.124000e+01 2.095500e+01 2.078340e+01 2.076564e+01
2.039000e+01 2.095500e+01 2.084622e+01 2.075718e+01 2.039000e+01 2.096500e+01 2.084258e+01 2.075887e+01
2.124000e+01 2.095500e+01 2.078340e+01 2.076564e+01 2.124000e+01 2.096500e+01 2.078696e+01 2.076733e+01
2.039000e+01 2.096500e+01 2.084258e+01 2.075887e+01 2.039000e+01 2.097500e+01 2.083886e+01 2.076077e+01
2.123500e+01 2.097000e+01 2.078501e+01 2.076644e+01 2.123000e+01 2.097500e+01 2.078318e+01 2.076545e+01
2.124000e+01 2.096500e+01 2.078696e+01 2.076733e+01 2.123500e+01 2.097000e+01 2.078501e+01 2.076644e+01
2.039000e+01 2.097500e+01 2.083886e+01 2.076077e+01 2.039500e+01 2.098000e+01 2.084062e+01 2.075992e+01
2.039500e+01 2.098000e+01 2.084062e+01 2.075992e+01 2.040000e+01 2.098500e+01 2.084226e+01 2.075898e+01
2.123000e+01 2.097500e+01 2.078318e+01 2.076545e+01 2.123000e+01 2.098500e+01 2.078702e+01 2.076744e+01
2.040000e+01 2.098500e+01 2.084226e+01 2.075898e+01 2.040000e+01 2.099500e+01 2.083828e+01 2.076122e+01
2.123000e+01 2.098500e+01 2.078702e+01 2.076744e+01 2.123000e+01 2.099500e+01 2.079094e+01 2.076963e+01
2.040000e+01 2.099500e+01 2.083828e+01 2.076122e+01 2.040500e+01 2.100000e+01 2.083974e+01 2.076043e+01
2.040500e+01 2.100000e+01 2.083974e+01 2.076043e+01 2.041000e+01 2.100500e+01 2.084107e+01 2.075956e+01
2.122500e+01 2.100000e+01 2.078939e+01 2.076884e+01 2.122000e+01 2.100500e+01 2.078797e+01 2.076796e+01
2.123000e+01 2.099500e+01 2.079094e+01 2.076963e+01 2.122500e+01 2.100000e+01 2.078939e+01 2.076884e+01
2.041000e+01 2.100500e+01 2.084107e+01 2.075956e+01 2.041000e+01 2.101500e+01 2.083687e+01 2.076218e+01
2.122000e+01 2.100500e+01 2.078797e+01 2.076796e+01 2.122000e+01 2.101500e+01 2.079211e+01 2.077051e+01
2.041000e+01 2.101500e+01 2.083687e+01 2.076218e+01 2.041500e+01 2.102000e+01 2.083804e+01 2.076148e+01
2.041500e+01 2.102000e+01 2.083804e+01 2.076148e+01 2.042000e+01 2.102500e+01 2.083907e+01 2.076072e+01
2.121500e+01 2.102000e+01 2.079086e+01 2.076980e+01 2.121000e+01 2.102500e+01 2.078974e+01 2.076901e+01
2.122000e+01 2.101500e+01 2.079211e+01 2.077051e+01 2.121500e+01 2.102000e+01 2.079086e+01 2.076980e+01
2.042000e+01 2.102500e+01 2.083907e+01 2.076072e+01 2.042000e+01 2.103500e+01 2.083470e+01 2.076375e+01
2.121000e+01 2.102500e+01 2.078974e+01 2.076901e+01 2.121000e+01 2.103500e+01 2.079406e+01 2.077195e+01
2.042000e+01 2.103500e+01 2.083470e+01 2.076375e+01 2.042500e+01 2.104000e+01 2.083560e+01 2.076318e+01
2.042500e+01 2.104000e+01 2.083560e+01 2.076318e+01 2.043000e+01 2.104500e+01 2.083635e+01 2.076256e+01
2.120500e+01 2.104000e+01 2.079308e+01 2.077135e+01 2.120000e+01 2.104500e+01 2.079224e+01 2.077069e+01
2.121000e+01 2.103500e+01 2.079406e+01 2.077195e+01 2.120500e+01 2.104000e+01 2.079308e+01 2.077135e+01
2.043000e+01 2.104500e+01 2.083635e+01 2.076256e+01 2.043000e+01 2.105500e+01 2.083186e+01 2.076602e+01
2.120000e+01 2.104500e+01 2.079224e+01 2.077069e+01 2.120000e+01 2.105500e+01 2.079670e+01 2.077404e+01
2.043000e+01 2.105500e+01 2.083186e+01 2.076602e+01 2.043500e+01 2.106000e+01 2.083251e+01 2.076561e+01
2.043500e+01 2.106000e+01 2.083251e+01 2.076561e+01 2.044000e+01 2.106500e+01 2.083302e+01 2.076516e+01
2.119500e+01 2.106000e+01 2.079597e+01 2.077359e+01 2.119000e+01 2.106500e+01 2.079538e+01 2.077309e+01
2.120000e+01 2.105500e+01 2.079670e+01 2.077404e+01 2.119500e+01 2.106000e+01 2.079597e+01 2.077359e+01
2.044000e+01 2.106500e+01 2.083302e+01 2.076516e+01 2.044500e+01 2.107000e+01 2.083349e+01 2.076483e+01
2.044500e+01 2.107000e+01 2.083349e+01 2.076483e+01 2.045000e+01 2.107500e+01 2.083381e+01 2.076446e+01
2.118500e+01 2.107000e+01 2.079484e+01 2.077270e+01 2.118000e+01 2.107500e+01 2.079444e+01 2.077227e+01
2.119000e+01 2.106500e+01 2.079538e+01 2.077309e+01 2.118500e+01 2.107000e+01 2.079484e+01 2.077270e+01
2.045000e+01 2.107500e+01 2.083381e+01 2.076446e+01 2.045000e+01 2.108500e+01 2.082917e+01 2.076860e+01
2.118000e+01 2.107500e+01 2.079444e+01 2.077227e+01 2.118000e+01 2.108500e+01 2.079907e+01 2.077627e+01
2.045000e+01 2.108500e+01 2.082917e+01 2.076860e+01 2.045500e+01 2.109000e+01 2.082944e+01 2.076848e+01
2.045500e+01 2.109000e+01 2.082944e+01 2.076848e+01 2.046000e+01 2.109500e+01 2.082956e+01 2.076833e+01
2.117500e+01 2.109000e+01 2.079873e+01 2.077608e+01 2.117000e+01 2.109500e+01 2.079854e+01 2.077586e+01
2.118000e+01 2.108500e+01 2.079907e+01 2.077627e+01 2.117500e+01 2.109000e+01 2.079873e+01 2.077608e+01
2.046000e+01 2.109500e+01 2.082956e+01 2.076833e+01 2.046500e+01 2.110000e+01 2.082966e+01 2.076831e+01
2.046500e+01 2.110000e+01 2.082966e+01 2.076831e+01 2.047000e+01 2.110500e+01 2.082962e+01 2.076828e+01
2.116500e+01 2.110000e+01 2.079838e+01 2.077576e+01 2.116000e+01 2.110500e+01 2.079835e+01 2.077565e+01
2.117000e+01 2.109500e+01 2.079854e+01 2.077586e+01 2.116500e+01 2.110000e+01 2.079838e+01 2.077576e+01
2.047000e+01 2.110500e+01 2.082962e+01 2.076828e+01 2.047500e+01 2.111000e+01 2.082958e+01 2.076838e+01
2.047500e+01 2.111000e+01 2.082958e+01 2.076838e+01 2.048000e+01 2.111500e+01 2.082939e+01 2.076848e+01
2.115500e+01 2.111000e+01 2.079834e+01 2.077566e+01 2.115000e+01 2.111500e+01 2.079847e+01 2.077566e+01
2.116000e+01 2.110500e+01 2.079835e+01 2.077565e+01 2.115500e+01 2.111000e+01 2.079834e+01 2.077566e+01
2.048000e+01 2.111500e+01 2.082939e+01 2.076848e+01 2.048500e+01 2.112000e+01 2.082920e+01 2.076871e+01
2.048500e+01 2.112000e+01 2.082920e+01 2.076871e+01 2.049000e+01 2.112500e+01 2.082887e+01 2.076895e+01
2.115000e+01 2.111500e+01 2.079847e+01 2.077566e+01 2.115000e+01 2.112500e+01 2.080315e+01 2.078061e+01
2.049000e+01 2.112500e+01 2.082887e+01 2.076895e+01 2.049000e+01 2.113500e+01 2.082424e+01 2.077431e+01
2.114500e+01 2.113000e+01 2.080328e+01 2.078087e+01 2.114000e+01 2.113500e+01 2.080355e+01 2.078114e+01
2.115000e+01 2.112500e+01 2.080315e+01 2.078061e+01 2.114500e+01 2.113000e+01 2.080328e+01 2.078087e+01
2.049000e+01 2.113500e+01 2.082424e+01 2.077431e+01 2.049500e+01 2.114000e+01 2.082395e+01 2.077481e+01
2.049500e+01 2.114000e+01 2.082395e+01 2.077481e+01 2.050000e+01 2.114500e+01 2.082352e+01 2.077533e+01
2.113500e+01 2.114000e+01 2.080380e+01 2.078153e+01 2.113000e+01 2.114500e+01 2.080419e+01 2.078194e+01
2.114000e+01 2.113500e+01 2.080355e+01 2.078114e+01 2.113500e+01 2.114000e+01 2.080380e+01 2.078153e+01
2.050000e+01 2.114500e+01 2.082352e+01 2.077533e+01 2.050500e+01 2.115000e+01 2.082311e+01 2.077598e+01
2.050500e+01 2.115000e+01 2.082311e+01 2.077598e+01 2.051000e+01 2.115500e+01 2.082258e+01 2.077666e+01
2.112500e+01 2.115000e+01 2.080456e+01 2.078248e+01 2.112000e+01 2.115500e+01 2.080505e+01 2.078305e+01
2.113000e+01 2.114500e+01 2.080419e+01 2.078194e+01 2.112500e+01 2.115000e+01 2.080456e+01 2.078248e+01
2.051000e+01 2.115500e+01 2.082258e+01 2.077666e+01 2.051500e+01 2.116000e+01 2.082209e+01 2.077747e+01
2.051500e+01 2.116000e+01 2.082209e+01 2.077747e+01 2.052000e+01 2.116500e+01 2.082147e+01 2.077832e+01
2.111500e+01 2.116000e+01 2.080552e+01 2.078374e+01 2.111000e+01 2.116500e+01 2.080611e+01 2.078446e+01
2.112000e+01 2.115500e+01 2.080505e+01 2.078305e+01 2.111500e+01 2.116000e+01 2.080552e+01 2.078374e+01
2.052000e+01 2.116500e+01 2.082147e+01 2.077832e+01 2.052500e+01 2.117000e+01 2.082089e+01 2.077929e+01
2.052500e+01 2.117000e+01 2.082089e+01 2.077929e+01 2.053500e+01 2.117000e+01 2.082387e+01 2.077493e+01
2.053500e+01 2.117000e+01 2.082387e+01 2.077493e+01 2.054000e+01 2.117500e+01 2.082306e+01 2.077600e+01
2.110500e+01 2.117000e+01 2.080666e+01 2.078532e+01 2.110000e+01 2.117500e+01 2.080733e+01 2.078621e+01
2.111000e+01 2.116500e+01 2.080611e+01 2.078446e+01 2.110500e+01 2.117000e+01 2.080666e+01 2.078532e+01
2.054000e+01 2.117500e+01 2.082306e+01 2.077600e+01 2.054500e+01 2.118000e+01 2.082231e+01 2.077720e+01
2.054500e+01 2.118000e+01 2.082231e+01 2.077720e+01 2.055000e+01 2.118500e+01 2.082146e+01 2.077847e+01
2.109500e+01 2.118000e+01 2.080796e+01 2.078724e+01 2.109000e+01 2.118500e+01 2.080869e+01 2.078831e+01
2.110000e+01 2.117500e+01 2.080733e+01 2.078621e+01 2.109500e+01 2.118000e+01 2.080796e+01 2.078724e+01
2.055000e+01 2.118500e+01 2.082146e+01 2.077847e+01 2.055500e+01 2.119000e+01 2.082066e+01 2.077985e+01
2.055500e+01 2.119000e+01 2.082066e+01 2.077985e+01 2.056000e+01 2.119500e+01 2.081977e+01 2.078130e+01
2.107500e+01 2.119000e+01 2.080671e+01 2.078527e+01 2.107000e+01 2.119500e+01 2.080760e+01 2.078658e+01
2.107500e+01 2.119000e+01 2.080671e+01 2.078527e+01 2.108500e+01 2.119000e+01 2.080937e+01 2.078950e+01
2.109000e+01 2.118500e+01 2.080869e+01 2.078831e+01 2.108500e+01 2.119000e+01 2.080937e+01 2.078950e+01
2.056000e+01 2.119500e+01 2.081977e+01 2.078130e+01 2.056500e+01 2.120000e+01 2.081895e+01 2.078287e+01
2.056500e+01 2.120000e+01 2.081895e+01 2.078287e+01 2.057000e+01 2.120500e+01 2.081804e+01 2.078451e+01
2.106500e+01 2.120000e+01 2.080842e+01 2.078802e+01 2.106000e+01 2.120500e+01 2.080934e+01 2.078952e+01
2.107000e+01 2.119500e+01 2.080760e+01 2.078658e+01 2.106500e+01 2.120000e+01 2.080842e+01 2.078802e+01
2.057000e+01 2.120500e+01 2.081804e+01 2.078451e+01 2.057500e+01 2.121000e+01 2.081720e+01 2.078626e+01
2.057500e+01 2.121000e+01 2.081720e+01 2.078626e+01 2.058500e+01 2.121000e+01 2.081916e+01 2.078247e+01
2.058500e+01 2.121000e+01 2.081916e+01 2.078247e+01 2.059000e+01 2.121500e+01 2.081816e+01 2.078439e+01
2.105500e+01 2.121000e+01 2.081018e+01 2.079114e+01 2.105000e+01 2.121500e+01 2.081111e+01 2.079283e+01
2.106000e+01 2.120500e+01 2.080934e+01 2.078952e+01 2.105500e+01 2.121000e+01 2.081018e+01 2.079114e+01
2.059000e+01 2.121500e+01 2.081816e+01 2.078439e+01 2.059500e+01 2.122000e+01 2.081726e+01 2.078641e+01
2.059500e+01 2.122000e+01 2.081726e+01 2.078641e+01 2.060500e+01 2.122000e+01 2.081885e+01 2.078286e+01
2.060500e+01 2.122000e+01 2.081885e+01 2.078286e+01 2.061000e+01 2.122500e+01 2.081781e+01 2.078506e+01
2.103500e+01 2.122000e+01 2.081006e+01 2.079088e+01 2.103000e+01 2.122500e+01 2.081106e+01 2.079285e+01
2.103500e+01 2.122000e+01 2.081006e+01 2.079088e+01 2.104500e+01 2.122000e+01 2.081196e+01 2.079464e+01
2.105000e+01 2.121500e+01 2.081111e+01 2.079283e+01 2.104500e+01 2.122000e+01 2.081196e+01 2.079464e+01
2.061000e+01 2.122500e+01 2.081781e+01 2.078506e+01 2.061500e+01 2.123000e+01 2.081687e+01 2.078737e+01
2.061500e+01 2.123000e+01 2.081687e+01 2.078737e+01 2.062000e+01 2.123500e+01 2.081587e+01 2.078977e+01
2.101500e+01 2.123000e+01 2.081040e+01 2.079142e+01 2.101000e+01 2.123500e+01 2.081143e+01 2.079368e+01
2.101500e+01 2.123000e+01 2.081040e+01 2.079142e+01 2.102500e+01 2.123000e+01 2.081197e+01 2.079493e+01
2.103000e+01 2.122500e+01 2.081106e+01 2.079285e+01 2.102500e+01 2.123000e+01 2.081197e+01 2.079493e+01
2.062000e+01 2.123500e+01 2.081587e+01 2.078977e+01 2.062500e+01 2.124000e+01 2.081497e+01 2.079226e+01
2.062500e+01 2.124000e+01 2.081497e+01 2.079226e+01 2.063500e+01 2.124000e+01 2.081615e+01 2.078918e+01
2.063500e+01 2.124000e+01 2.081615e+01 2.078918e+01 2.064000e+01 2.124500e+01 2.081517e+01 2.079187e+01
2.099500e+01 2.124000e+01 2.081110e+01 2.079280e+01 2.099000e+01 2.124500e+01 2.081212e+01 2.079535e+01
2.099500e+01 2.124000e+01 2.081110e+01 2.079280e+01 2.100500e+01 2.124000e+01 2.081237e+01 2.079603e+01
2.101000e+01 2.123500e+01 2.081143e+01 2.079368e+01 2.100500e+01 2.124000e+01 2.081237e+01 2.079603e+01
2.064000e+01 2.124500e+01 2.081517e+01 2.079187e+01 2.064500e+01 2.125000e+01 2.081429e+01 2.079465e+01
2.064500e+01 2.125000e+01 2.081429e+01 2.079465e+01 2.065500e+01 2.125000e+01 2.081523e+01 2.079189e+01
2.065500e+01 2.125000e+01 2.081523e+01 2.079189e+01 2.066500e+01 2.125000e+01 2.081601e+01 2.078925e+01
2.066500e+01 2.125000e+01 2.081601e+01 2.078925e+01 2.067000e+01 2.125500e+01 2.081507e+01 2.079235e+01
2.097500e+01 2.125000e+01 2.081203e+01 2.079507e+01 2.097000e+01 2.125500e+01 2.081301e+01 2.079792e+01
2.097500e+01 2.125000e+01 2.081203e+01 2.079507e+01 2.098500e+01 2.125000e+01 2.081305e+01 2.079799e+01
2.099000e+01 2.124500e+01 2.081212e+01 2.079535e+01 2.098500e+01 2.125000e+01 2.081305e+01 2.079799e+01
2.067000e+01 2.125500e+01 2.081507e+01 2.079235e+01 2.067500e+01 2.126000e+01 2.081424e+01 2.079551e+01
2.067500e+01 2.126000e+01 2.081424e+01 2.079551e+01 2.068500e+01 2.126000e+01 2.081484e+01 2.079322e+01
2.068500e+01 2.126000e+01 2.081484e+01 2.079322e+01 2.069500e+01 2.126000e+01 2.081531e+01 2.079108e+01
2.069500e+01 2.126000e+01 2.081531e+01 2.079108e+01 2.070000e+01 2.126500e+01 2.081448e+01 2.079457e+01
2.094500e+01 2.126000e+01 2.081241e+01 2.079579e+01 2.094000e+01 2.126500e+01 2.081331e+01 2.079904e+01
2.094500e+01 2.126000e+01 2.081241e+01 2.079579e+01 2.095500e+01 2.126000e+01 2.081307e+01 2.079825e+01
2.095500e+01 2.126000e+01 2.081307e+01 2.079825e+01 2.096500e+01 2.126000e+01 2.081388e+01 2.080084e+01
2.097000e+01 2.125500e+01 2.081301e+01 2.079792e+01 2.096500e+01 2.126000e+01 2.081388e+01 2.080084e+01
2.070000e+01 2.126500e+01 2.081448e+01 2.079457e+01 2.070500e+01 2.127000e+01 2.081376e+01 2.079812e+01
2.070500e+01 2.127000e+01 2.081376e+01 2.079812e+01 2.071500e+01 2.127000e+01 2.081413e+01 2.079635e+01
2.071500e+01 2.127000e+01 2.081413e+01 2.079635e+01 2.072500e+01 2.127000e+01 2.081439e+01 2.079474e+01
2.072500e+01 2.127000e+01 2.081439e+01 2.079474e+01 2.073500e+01 2.127000e+01 2.081455e+01 2.079329e+01
2.073500e+01 2.127000e+01 2.081455e+01 2.079329e+01 2.074000e+01 2.127500e+01 2.081395e+01 2.079727e+01
2.090500e+01 2.127000e+01 2.081286e+01 2.079651e+01 2.090000e+01 2.127500e+01 2.081357e+01 2.080025e+01
2.090500e+01 2.127000e+01 2.081286e+01 2.079651e+01 2.091500e+01 2.127000e+01 2.081316e+01 2.079830e+01
2.091500e+01 2.127000e+01 2.081316e+01 2.079830e+01 2.092500e+01 2.127000e+01 2.081357e+01 2.080025e+01
2.092500e+01 2.127000e+01 2.081357e+01 2.080025e+01 2.093500e+01 2.127000e+01 2.081410e+01 2.080235e+01
2.094000e+01 2.126500e+01 2.081331e+01 2.079904e+01 2.093500e+01 2.127000e+01 2.081410e+01 2.080235e+01
2.074000e+01 2.127500e+01 2.081395e+01 2.079727e+01 2.074500e+01 2.128000e+01 2.081346e+01 2.080129e+01
2.074500e+01 2.128000e+01 2.081346e+01 2.080129e+01 2.075500e+01 2.128000e+01 2.081362e+01 2.080023e+01
2.075500e+01 2.128000e+01 2.081362e+01 2.080023e+01 2.076500e+01 2.128000e+01 2.081372e+01 2.079934e+01
2.076500e+01 2.128000e+01 2.081372e+01 2.079934e+01 2.077500e+01 2.128000e+01 2.081377e+01 2.079862e+01
2.077500e+01 2.128000e+01 2.081377e+01 2.079862e+01 2.078500e+01 2.128000e+01 2.081377e+01 2.079809e+01
2.078500e+01 2.128000e+01 2.081377e+01 2.079809e+01 2.079500e+01 2.128000e+01 2.081374e+01 2.079773e+01
2.079500e+01 2.128000e+01 2.081374e+01 2.079773e+01 2.080500e+01 2.128000e+01 2.081369e+01 2.079755e+01
2.080500e+01 2.128000e+01 2.081369e+01 2.079755e+01 2.081500e+01 2.128000e+01 2.081363e+01 2.079756e+01
2.081500e+01 2.128000e+01 2.081363e+01 2.079756e+01 2.082500e+01 2.128000e+01 2.081358e+01 2.079775e+01
2.082500e+01 2.128000e+01 2.081358e+01 2.079775e+01 2.083500e+01 2.128000e+01 2.081353e+01 2.079812e+01
2.083500e+01 2.128000e+01 2.081353e+01 2.079812e+01 2.084500e+01 2.128000e+01 2.081352e+01 2.079867e+01
2.084500e+01 2.128000e+01 2.081352e+01 2.079867e+01 2.085500e+01 2.128000e+01 2.081353e+01 2.079940e+01
2.085500e+01 2.128000e+01 2.081353e+01 2.079940e+01 2.086500e+01 2.128000e+01 2.081360e+01 2.080030e+01
2.086500e+01 2.128000e+01 2.081360e+01 2.080030e+01 2.087500e+01 2.128000e+01 2.081372e+01 2.080138e+01
2.087500e+01 2.128000e+01 2.081372e+01 2.080138e+01 2.088500e+01 2.128000e+01 2.081391e+01 2.080263e+01
2.088500e+01 2.128000e+01 2.081391e+01 2.080263e+01 2.089500e+01 2.128000e+01 2.081418e+01 2.080404e+01
2.090000e+01 2.127500e+01 2.081357e+01 2.080025e+01 2.089500e+01 2.128000e+01 2.081418e+01 2.080404e+01
