2.460000e+00 1.880000e+00 2.541296e+00 2.398283e+00 2.440000e+00 1.900000e+00 2.542434e+00 2.406927e+00
2.460000e+00 1.880000e+00 2.541296e+00 2.398283e+00 2.500000e+00 1.880000e+00 2.541930e+00 2.400465e+00
2.500000e+00 1.880000e+00 2.541930e+00 2.400465e+00 2.540000e+00 1.880000e+00 2.542186e+00 2.401112e+00
2.540000e+00 1.880000e+00 2.542186e+00 2.401112e+00 2.580000e+00 1.880000e+00 2.542418e+00 2.400194e+00
2.580000e+00 1.880000e+00 2.542418e+00 2.400194e+00 2.620000e+00 1.880000e+00 2.542983e+00 2.397737e+00
2.620000e+00 1.880000e+00 2.542983e+00 2.397737e+00 2.660000e+00 1.880000e+00 2.544218e+00 2.393824e+00
2.660000e+00 1.880000e+00 2.544218e+00 2.393824e+00 2.680000e+00 1.900000e+00 2.542707e+00 2.401456e+00
2.340000e+00 1.920000e+00 2.540881e+00 2.402768e+00 2.320000e+00 1.940000e+00 2.542593e+00 2.408071e+00
2.340000e+00 1.920000e+00 2.540881e+00 2.402768e+00 2.380000e+00 1.920000e+00 2.543380e+00 2.409333e+00
2.380000e+00 1.920000e+00 2.543380e+00 2.409333e+00 2.420000e+00 1.920000e+00 2.544447e+00 2.414686e+00
2.440000e+00 1.900000e+00 2.542434e+00 2.406927e+00 2.420000e+00 1.920000e+00 2.544447e+00 2.414686e+00
2.680000e+00 1.900000e+00 2.542707e+00 2.401456e+00 2.700000e+00 1.920000e+00 2.540344e+00 2.408120e+00
2.700000e+00 1.920000e+00 2.540344e+00 2.408120e+00 2.740000e+00 1.920000e+00 2.542665e+00 2.401239e+00
2.740000e+00 1.920000e+00 2.542665e+00 2.401239e+00 2.760000e+00 1.940000e+00 2.540695e+00 2.406308e+00
2.300000e+00 1.960000e+00 2.544993e+00 2.412240e+00 2.280000e+00 1.980000e+00 2.546789e+00 2.415789e+00
2.320000e+00 1.940000e+00 2.542593e+00 2.408071e+00 2.300000e+00 1.960000e+00 2.544993e+00 2.412240e+00
2.760000e+00 1.940000e+00 2.540695e+00 2.406308e+00 2.780000e+00 1.960000e+00 2.538025e+00 2.410223e+00
2.780000e+00 1.960000e+00 2.538025e+00 2.410223e+00 2.820000e+00 1.960000e+00 2.543022e+00 2.401066e+00
2.820000e+00 1.960000e+00 2.543022e+00 2.401066e+00 2.840000e+00 1.980000e+00 2.541688e+00 2.403861e+00
2.220000e+00 2.000000e+00 2.542298e+00 2.408387e+00 2.200000e+00 2.020000e+00 2.542783e+00 2.410002e+00
2.220000e+00 2.000000e+00 2.542298e+00 2.408387e+00 2.260000e+00 2.000000e+00 2.549117e+00 2.418107e+00
2.280000e+00 1.980000e+00 2.546789e+00 2.415789e+00 2.260000e+00 2.000000e+00 2.549117e+00 2.418107e+00
2.840000e+00 1.980000e+00 2.541688e+00 2.403861e+00 2.860000e+00 2.000000e+00 2.539967e+00 2.405457e+00
2.860000e+00 2.000000e+00 2.539967e+00 2.405457e+00 2.880000e+00 2.020000e+00 2.539215e+00 2.406777e+00
2.180000e+00 2.040000e+00 2.543422e+00 2.410456e+00 2.160000e+00 2.060000e+00 2.542939e+00 2.410877e+00
2.200000e+00 2.020000e+00 2.542783e+00 2.410002e+00 2.180000e+00 2.040000e+00 2.543422e+00 2.410456e+00
2.880000e+00 2.020000e+00 2.539215e+00 2.406777e+00 2.900000e+00 2.040000e+00 2.538311e+00 2.406921e+00
2.900000e+00 2.040000e+00 2.538311e+00 2.406921e+00 2.920000e+00 2.060000e+00 2.538545e+00 2.407039e+00
2.140000e+00 2.080000e+00 2.542361e+00 2.410240e+00 2.120000e+00 2.100000e+00 2.540582e+00 2.409817e+00
2.160000e+00 2.060000e+00 2.542939e+00 2.410877e+00 2.140000e+00 2.080000e+00 2.542361e+00 2.410240e+00
2.920000e+00 2.060000e+00 2.538545e+00 2.407039e+00 2.940000e+00 2.080000e+00 2.538882e+00 2.406091e+00
2.940000e+00 2.080000e+00 2.538882e+00 2.406091e+00 2.960000e+00 2.100000e+00 2.540439e+00 2.405370e+00
2.120000e+00 2.100000e+00 2.540582e+00 2.409817e+00 2.120000e+00 2.140000e+00 2.550114e+00 2.416729e+00
2.960000e+00 2.100000e+00 2.540439e+00 2.405370e+00 2.980000e+00 2.120000e+00 2.542341e+00 2.403772e+00
2.980000e+00 2.120000e+00 2.542341e+00 2.403772e+00 3.000000e+00 2.140000e+00 2.545458e+00 2.402621e+00
2.100000e+00 2.160000e+00 2.547524e+00 2.414635e+00 2.080000e+00 2.180000e+00 2.543698e+00 2.413115e+00
2.120000e+00 2.140000e+00 2.550114e+00 2.416729e+00 2.100000e+00 2.160000e+00 2.547524e+00 2.414635e+00
3.000000e+00 2.140000e+00 2.545458e+00 2.402621e+00 3.000000e+00 2.180000e+00 2.536648e+00 2.407839e+00
2.080000e+00 2.180000e+00 2.543698e+00 2.413115e+00 2.080000e+00 2.220000e+00 2.551418e+00 2.416752e+00
3.000000e+00 2.180000e+00 2.536648e+00 2.407839e+00 3.000000e+00 2.220000e+00 2.528661e+00 2.411247e+00
2.060000e+00 2.240000e+00 2.546166e+00 2.414392e+00 2.040000e+00 2.260000e+00 2.539818e+00 2.412841e+00
2.080000e+00 2.220000e+00 2.551418e+00 2.416752e+00 2.060000e+00 2.240000e+00 2.546166e+00 2.414392e+00
2.460000e+00 2.240000e+00 2.584954e+00 2.503894e+00 2.440000e+00 2.260000e+00 2.597245e+00 2.497399e+00
2.460000e+00 2.240000e+00 2.584954e+00 2.503894e+00 2.500000e+00 2.240000e+00 2.564260e+00 2.510511e+00
2.500000e+00 2.240000e+00 2.564260e+00 2.510511e+00 2.540000e+00 2.240000e+00 2.540170e+00 2.512723e+00
2.540000e+00 2.240000e+00 2.540170e+00 2.512723e+00 2.580000e+00 2.240000e+00 2.516064e+00 2.509757e+00
2.580000e+00 2.240000e+00 2.516064e+00 2.509757e+00 2.620000e+00 2.240000e+00 2.495326e+00 2.502419e+00
2.620000e+00 2.240000e+00 2.495326e+00 2.502419e+00 2.640000e+00 2.260000e+00 2.482676e+00 2.495469e+00
3.000000e+00 2.220000e+00 2.528661e+00 2.411247e+00 3.020000e+00 2.240000e+00 2.533781e+00 2.408666e+00
3.020000e+00 2.240000e+00 2.533781e+00 2.408666e+00 3.040000e+00 2.260000e+00 2.540009e+00 2.406913e+00
2.040000e+00 2.260000e+00 2.539818e+00 2.412841e+00 2.040000e+00 2.300000e+00 2.544790e+00 2.414628e+00
2.420000e+00 2.280000e+00 2.610804e+00 2.487227e+00 2.400000e+00 2.300000e+00 2.621077e+00 2.476709e+00
2.440000e+00 2.260000e+00 2.597245e+00 2.497399e+00 2.420000e+00 2.280000e+00 2.610804e+00 2.487227e+00
2.640000e+00 2.260000e+00 2.482676e+00 2.495469e+00 2.660000e+00 2.280000e+00 2.468779e+00 2.484800e+00
2.660000e+00 2.280000e+00 2.468779e+00 2.484800e+00 2.680000e+00 2.300000e+00 2.458214e+00 2.473832e+00
3.040000e+00 2.260000e+00 2.540009e+00 2.406913e+00 3.040000e+00 2.300000e+00 2.534821e+00 2.408570e+00
2.040000e+00 2.300000e+00 2.544790e+00 2.414628e+00 2.040000e+00 2.340000e+00 2.548358e+00 2.415384e+00
2.380000e+00 2.320000e+00 2.630600e+00 2.463305e+00 2.360000e+00 2.340000e+00 2.636429e+00 2.451472e+00
2.400000e+00 2.300000e+00 2.621077e+00 2.476709e+00 2.380000e+00 2.320000e+00 2.630600e+00 2.463305e+00
2.680000e+00 2.300000e+00 2.458214e+00 2.473832e+00 2.700000e+00 2.320000e+00 2.448461e+00 2.460018e+00
2.700000e+00 2.320000e+00 2.448461e+00 2.460018e+00 2.720000e+00 2.340000e+00 2.442432e+00 2.447838e+00
3.040000e+00 2.300000e+00 2.534821e+00 2.408570e+00 3.040000e+00 2.340000e+00 2.531046e+00 2.409255e+00
2.040000e+00 2.340000e+00 2.548358e+00 2.415384e+00 2.040000e+00 2.380000e+00 2.550384e+00 2.415431e+00
2.360000e+00 2.340000e+00 2.636429e+00 2.451472e+00 2.360000e+00 2.380000e+00 2.642113e+00 2.431765e+00
2.720000e+00 2.340000e+00 2.442432e+00 2.447838e+00 2.720000e+00 2.380000e+00 2.436284e+00 2.428089e+00
3.040000e+00 2.340000e+00 2.531046e+00 2.409255e+00 3.040000e+00 2.380000e+00 2.528816e+00 2.409295e+00
2.040000e+00 2.380000e+00 2.550384e+00 2.415431e+00 2.040000e+00 2.420000e+00 2.550782e+00 2.415134e+00
2.360000e+00 2.380000e+00 2.642113e+00 2.431765e+00 2.360000e+00 2.420000e+00 2.643367e+00 2.409501e+00
2.720000e+00 2.380000e+00 2.436284e+00 2.428089e+00 2.720000e+00 2.420000e+00 2.434557e+00 2.406000e+00
3.040000e+00 2.380000e+00 2.528816e+00 2.409295e+00 3.040000e+00 2.420000e+00 2.528213e+00 2.409058e+00
2.040000e+00 2.420000e+00 2.550782e+00 2.415134e+00 2.040000e+00 2.460000e+00 2.549530e+00 2.414881e+00
2.360000e+00 2.420000e+00 2.643367e+00 2.409501e+00 2.360000e+00 2.460000e+00 2.639751e+00 2.387773e+00
2.720000e+00 2.420000e+00 2.434557e+00 2.406000e+00 2.720000e+00 2.460000e+00 2.437640e+00 2.384627e+00
3.040000e+00 2.420000e+00 2.528213e+00 2.409058e+00 3.040000e+00 2.460000e+00 2.529251e+00 2.408930e+00
2.040000e+00 2.460000e+00 2.549530e+00 2.414881e+00 2.040000e+00 2.500000e+00 2.546669e+00 2.415056e+00
2.360000e+00 2.460000e+00 2.639751e+00 2.387773e+00 2.360000e+00 2.500000e+00 2.632157e+00 2.369438e+00
2.720000e+00 2.460000e+00 2.437640e+00 2.384627e+00 2.720000e+00 2.500000e+00 2.444641e+00 2.366717e+00
3.040000e+00 2.460000e+00 2.529251e+00 2.408930e+00 3.040000e+00 2.500000e+00 2.531884e+00 2.409288e+00
2.040000e+00 2.500000e+00 2.546669e+00 2.415056e+00 2.040000e+00 2.540000e+00 2.542304e+00 2.416017e+00
2.360000e+00 2.500000e+00 2.632157e+00 2.369438e+00 2.380000e+00 2.520000e+00 2.625358e+00 2.357802e+00
2.380000e+00 2.520000e+00 2.625358e+00 2.357802e+00 2.400000e+00 2.540000e+00 2.614950e+00 2.344991e+00
2.700000e+00 2.520000e+00 2.450902e+00 2.355585e+00 2.680000e+00 2.540000e+00 2.460681e+00 2.343294e+00
2.720000e+00 2.500000e+00 2.444641e+00 2.366717e+00 2.700000e+00 2.520000e+00 2.450902e+00 2.355585e+00
3.040000e+00 2.500000e+00 2.531884e+00 2.409288e+00 3.040000e+00 2.540000e+00 2.536005e+00 2.410482e+00
2.040000e+00 2.540000e+00 2.542304e+00 2.416017e+00 2.040000e+00 2.580000e+00 2.536587e+00 2.418072e+00
2.400000e+00 2.540000e+00 2.614950e+00 2.344991e+00 2.420000e+00 2.560000e+00 2.604218e+00 2.335230e+00
2.420000e+00 2.560000e+00 2.604218e+00 2.335230e+00 2.460000e+00 2.560000e+00 2.587480e+00 2.324638e+00
2.460000e+00 2.560000e+00 2.587480e+00 2.324638e+00 2.480000e+00 2.580000e+00 2.571974e+00 2.317505e+00
2.620000e+00 2.560000e+00 2.486890e+00 2.323933e+00 2.600000e+00 2.580000e+00 2.501897e+00 2.317047e+00
2.620000e+00 2.560000e+00 2.486890e+00 2.323933e+00 2.660000e+00 2.560000e+00 2.470813e+00 2.333972e+00
2.680000e+00 2.540000e+00 2.460681e+00 2.343294e+00 2.660000e+00 2.560000e+00 2.470813e+00 2.333972e+00
3.020000e+00 2.560000e+00 2.529115e+00 2.408927e+00 3.000000e+00 2.580000e+00 2.523285e+00 2.406514e+00
3.040000e+00 2.540000e+00 2.536005e+00 2.410482e+00 3.020000e+00 2.560000e+00 2.529115e+00 2.408927e+00
2.040000e+00 2.580000e+00 2.536587e+00 2.418072e+00 2.060000e+00 2.600000e+00 2.542453e+00 2.416339e+00
2.060000e+00 2.600000e+00 2.542453e+00 2.416339e+00 2.080000e+00 2.620000e+00 2.547189e+00 2.413813e+00
2.480000e+00 2.580000e+00 2.571974e+00 2.317505e+00 2.500000e+00 2.600000e+00 2.558938e+00 2.313892e+00
2.500000e+00 2.600000e+00 2.558938e+00 2.313892e+00 2.540000e+00 2.600000e+00 2.536651e+00 2.311390e+00
2.540000e+00 2.600000e+00 2.536651e+00 2.311390e+00 2.580000e+00 2.600000e+00 2.514537e+00 2.313633e+00
2.600000e+00 2.580000e+00 2.501897e+00 2.317047e+00 2.580000e+00 2.600000e+00 2.514537e+00 2.313633e+00
3.000000e+00 2.580000e+00 2.523285e+00 2.406514e+00 3.000000e+00 2.620000e+00 2.530373e+00 2.409144e+00
2.080000e+00 2.620000e+00 2.547189e+00 2.413813e+00 2.080000e+00 2.660000e+00 2.538827e+00 2.417877e+00
2.980000e+00 2.640000e+00 2.526109e+00 2.407327e+00 2.960000e+00 2.660000e+00 2.523087e+00 2.404848e+00
3.000000e+00 2.620000e+00 2.530373e+00 2.409144e+00 2.980000e+00 2.640000e+00 2.526109e+00 2.407327e+00
2.080000e+00 2.660000e+00 2.538827e+00 2.417877e+00 2.100000e+00 2.680000e+00 2.542197e+00 2.416298e+00
2.100000e+00 2.680000e+00 2.542197e+00 2.416298e+00 2.120000e+00 2.700000e+00 2.544320e+00 2.414186e+00
2.960000e+00 2.660000e+00 2.523087e+00 2.404848e+00 2.960000e+00 2.700000e+00 2.532308e+00 2.410504e+00
2.120000e+00 2.700000e+00 2.544320e+00 2.414186e+00 2.120000e+00 2.740000e+00 2.534308e+00 2.421624e+00
2.940000e+00 2.720000e+00 2.530287e+00 2.409554e+00 2.920000e+00 2.740000e+00 2.529518e+00 2.408297e+00
2.960000e+00 2.700000e+00 2.532308e+00 2.410504e+00 2.940000e+00 2.720000e+00 2.530287e+00 2.409554e+00
2.120000e+00 2.740000e+00 2.534308e+00 2.421624e+00 2.140000e+00 2.760000e+00 2.535712e+00 2.421253e+00
2.140000e+00 2.760000e+00 2.535712e+00 2.421253e+00 2.160000e+00 2.780000e+00 2.535934e+00 2.420716e+00
2.900000e+00 2.760000e+00 2.528936e+00 2.408079e+00 2.880000e+00 2.780000e+00 2.529553e+00 2.407808e+00
2.920000e+00 2.740000e+00 2.529518e+00 2.408297e+00 2.900000e+00 2.760000e+00 2.528936e+00 2.408079e+00
2.160000e+00 2.780000e+00 2.535934e+00 2.420716e+00 2.180000e+00 2.800000e+00 2.536110e+00 2.421254e+00
2.180000e+00 2.800000e+00 2.536110e+00 2.421254e+00 2.200000e+00 2.820000e+00 2.535200e+00 2.421871e+00
2.860000e+00 2.800000e+00 2.530092e+00 2.408716e+00 2.840000e+00 2.820000e+00 2.531683e+00 2.409834e+00
2.880000e+00 2.780000e+00 2.529553e+00 2.407808e+00 2.860000e+00 2.800000e+00 2.530092e+00 2.408716e+00
2.200000e+00 2.820000e+00 2.535200e+00 2.421871e+00 2.220000e+00 2.840000e+00 2.534489e+00 2.423651e+00
2.220000e+00 2.840000e+00 2.534489e+00 2.423651e+00 2.240000e+00 2.860000e+00 2.532870e+00 2.425745e+00
2.820000e+00 2.840000e+00 2.532943e+00 2.412178e+00 2.800000e+00 2.860000e+00 2.535030e+00 2.414966e+00
2.840000e+00 2.820000e+00 2.531683e+00 2.409834e+00 2.820000e+00 2.840000e+00 2.532943e+00 2.412178e+00
2.240000e+00 2.860000e+00 2.532870e+00 2.425745e+00 2.260000e+00 2.880000e+00 2.531668e+00 2.429009e+00
2.260000e+00 2.880000e+00 2.531668e+00 2.429009e+00 2.300000e+00 2.880000e+00 2.536827e+00 2.420074e+00
2.300000e+00 2.880000e+00 2.536827e+00 2.420074e+00 2.320000e+00 2.900000e+00 2.534410e+00 2.424490e+00
2.740000e+00 2.880000e+00 2.532909e+00 2.411039e+00 2.720000e+00 2.900000e+00 2.535402e+00 2.416377e+00
2.740000e+00 2.880000e+00 2.532909e+00 2.411039e+00 2.780000e+00 2.880000e+00 2.536578e+00 2.418942e+00
2.800000e+00 2.860000e+00 2.535030e+00 2.414966e+00 2.780000e+00 2.880000e+00 2.536578e+00 2.418942e+00
2.320000e+00 2.900000e+00 2.534410e+00 2.424490e+00 2.340000e+00 2.920000e+00 2.532696e+00 2.430015e+00
2.340000e+00 2.920000e+00 2.532696e+00 2.430015e+00 2.380000e+00 2.920000e+00 2.535382e+00 2.423376e+00
2.380000e+00 2.920000e+00 2.535382e+00 2.423376e+00 2.420000e+00 2.920000e+00 2.536753e+00 2.417947e+00
2.420000e+00 2.920000e+00 2.536753e+00 2.417947e+00 2.460000e+00 2.920000e+00 2.537075e+00 2.413906e+00
2.460000e+00 2.920000e+00 2.537075e+00 2.413906e+00 2.500000e+00 2.920000e+00 2.536676e+00 2.411395e+00
2.500000e+00 2.920000e+00 2.536676e+00 2.411395e+00 2.540000e+00 2.920000e+00 2.535926e+00 2.410506e+00
2.540000e+00 2.920000e+00 2.535926e+00 2.410506e+00 2.580000e+00 2.920000e+00 2.535219e+00 2.411267e+00
2.580000e+00 2.920000e+00 2.535219e+00 2.411267e+00 2.620000e+00 2.920000e+00 2.534947e+00 2.413641e+00
2.620000e+00 2.920000e+00 2.534947e+00 2.413641e+00 2.660000e+00 2.920000e+00 2.535473e+00 2.417529e+00
2.660000e+00 2.920000e+00 2.535473e+00 2.417529e+00 2.700000e+00 2.920000e+00 2.537110e+00 2.422782e+00
2.720000e+00 2.900000e+00 2.535402e+00 2.416377e+00 2.700000e+00 2.920000e+00 2.537110e+00 2.422782e+00
