2.074500e+01 2.022000e+01 2.081020e+01 2.068998e+01 2.074000e+01 2.022500e+01 2.081081e+01 2.069389e+01
2.074500e+01 2.022000e+01 2.081020e+01 2.068998e+01 2.075500e+01 2.022000e+01 2.081044e+01 2.069138e+01
2.075500e+01 2.022000e+01 2.081044e+01 2.069138e+01 2.076500e+01 2.022000e+01 2.081061e+01 2.069260e+01
2.076500e+01 2.022000e+01 2.081061e+01 2.069260e+01 2.077500e+01 2.022000e+01 2.081071e+01 2.069365e+01
2.077500e+01 2.022000e+01 2.081071e+01 2.069365e+01 2.078500e+01 2.022000e+01 2.081076e+01 2.069452e+01
2.078500e+01 2.022000e+01 2.081076e+01 2.069452e+01 2.079500e+01 2.022000e+01 2.081076e+01 2.069521e+01
2.079500e+01 2.022000e+01 2.081076e+01 2.069521e+01 2.080500e+01 2.022000e+01 2.081072e+01 2.069571e+01
2.080500e+01 2.022000e+01 2.081072e+01 2.069571e+01 2.081500e+01 2.022000e+01 2.081067e+01 2.069603e+01
2.081500e+01 2.022000e+01 2.081067e+01 2.069603e+01 2.082500e+01 2.022000e+01 2.081060e+01 2.069617e+01
2.082500e+01 2.022000e+01 2.081060e+01 2.069617e+01 2.083500e+01 2.022000e+01 2.081054e+01 2.069612e+01
2.083500e+01 2.022000e+01 2.081054e+01 2.069612e+01 2.084500e+01 2.022000e+01 2.081049e+01 2.069588e+01
2.084500e+01 2.022000e+01 2.081049e+01 2.069588e+01 2.085500e+01 2.022000e+01 2.081046e+01 2.069546e+01
2.085500e+01 2.022000e+01 2.081046e+01 2.069546e+01 2.086500e+01 2.022000e+01 2.081048e+01 2.069487e+01
2.086500e+01 2.022000e+01 2.081048e+01 2.069487e+01 2.087500e+01 2.022000e+01 2.081054e+01 2.069409e+01
2.087500e+01 2.022000e+01 2.081054e+01 2.069409e+01 2.088500e+01 2.022000e+01 2.081067e+01 2.069314e+01
2.088500e+01 2.022000e+01 2.081067e+01 2.069314e+01 2.089500e+01 2.022000e+01 2.081087e+01 2.069201e+01
2.089500e+01 2.022000e+01 2.081087e+01 2.069201e+01 2.090000e+01 2.022500e+01 2.081036e+01 2.069602e+01
2.070500e+01 2.023000e+01 2.081037e+01 2.069195e+01 2.070000e+01 2.023500e+01 2.081118e+01 2.069539e+01
2.070500e+01 2.023000e+01 2.081037e+01 2.069195e+01 2.071500e+01 2.023000e+01 2.081088e+01 2.069404e+01
2.071500e+01 2.023000e+01 2.081088e+01 2.069404e+01 2.072500e+01 2.023000e+01 2.081126e+01 2.069598e+01
2.072500e+01 2.023000e+01 2.081126e+01 2.069598e+01 2.073500e+01 2.023000e+01 2.081153e+01 2.069776e+01
2.074000e+01 2.022500e+01 2.081081e+01 2.069389e+01 2.073500e+01 2.023000e+01 2.081153e+01 2.069776e+01
2.090000e+01 2.022500e+01 2.081036e+01 2.069602e+01 2.090500e+01 2.023000e+01 2.080975e+01 2.069997e+01
2.090500e+01 2.023000e+01 2.080975e+01 2.069997e+01 2.091500e+01 2.023000e+01 2.080996e+01 2.069846e+01
2.091500e+01 2.023000e+01 2.080996e+01 2.069846e+01 2.092500e+01 2.023000e+01 2.081027e+01 2.069678e+01
2.092500e+01 2.023000e+01 2.081027e+01 2.069678e+01 2.093000e+01 2.023500e+01 2.080958e+01 2.070040e+01
2.067500e+01 2.024000e+01 2.081067e+01 2.069370e+01 2.067000e+01 2.024500e+01 2.081157e+01 2.069677e+01
2.067500e+01 2.024000e+01 2.081067e+01 2.069370e+01 2.068500e+01 2.024000e+01 2.081146e+01 2.069631e+01
2.068500e+01 2.024000e+01 2.081146e+01 2.069631e+01 2.069500e+01 2.024000e+01 2.081209e+01 2.069876e+01
2.070000e+01 2.023500e+01 2.081118e+01 2.069539e+01 2.069500e+01 2.024000e+01 2.081209e+01 2.069876e+01
2.093000e+01 2.023500e+01 2.080958e+01 2.070040e+01 2.093500e+01 2.024000e+01 2.080877e+01 2.070395e+01
2.093500e+01 2.024000e+01 2.080877e+01 2.070395e+01 2.094500e+01 2.024000e+01 2.080918e+01 2.070190e+01
2.094500e+01 2.024000e+01 2.080918e+01 2.070190e+01 2.095500e+01 2.024000e+01 2.080974e+01 2.069970e+01
2.095500e+01 2.024000e+01 2.080974e+01 2.069970e+01 2.096000e+01 2.024500e+01 2.080892e+01 2.070292e+01
2.065500e+01 2.025000e+01 2.081159e+01 2.069682e+01 2.065000e+01 2.025500e+01 2.081254e+01 2.069960e+01
2.065500e+01 2.025000e+01 2.081159e+01 2.069682e+01 2.066500e+01 2.025000e+01 2.081257e+01 2.069976e+01
2.067000e+01 2.024500e+01 2.081157e+01 2.069677e+01 2.066500e+01 2.025000e+01 2.081257e+01 2.069976e+01
2.096000e+01 2.024500e+01 2.080892e+01 2.070292e+01 2.096500e+01 2.025000e+01 2.080799e+01 2.070606e+01
2.096500e+01 2.025000e+01 2.080799e+01 2.070606e+01 2.097500e+01 2.025000e+01 2.080872e+01 2.070351e+01
2.097500e+01 2.025000e+01 2.080872e+01 2.070351e+01 2.098000e+01 2.025500e+01 2.080783e+01 2.070643e+01
2.063500e+01 2.026000e+01 2.081236e+01 2.069905e+01 2.063000e+01 2.026500e+01 2.081333e+01 2.070155e+01
2.063500e+01 2.026000e+01 2.081236e+01 2.069905e+01 2.064500e+01 2.026000e+01 2.081359e+01 2.070230e+01
2.065000e+01 2.025500e+01 2.081254e+01 2.069960e+01 2.064500e+01 2.026000e+01 2.081359e+01 2.070230e+01
2.098000e+01 2.025500e+01 2.080783e+01 2.070643e+01 2.098500e+01 2.026000e+01 2.080683e+01 2.070927e+01
2.098500e+01 2.026000e+01 2.080683e+01 2.070927e+01 2.099500e+01 2.026000e+01 2.080780e+01 2.070637e+01
2.099500e+01 2.026000e+01 2.080780e+01 2.070637e+01 2.100000e+01 2.026500e+01 2.080687e+01 2.070900e+01
2.061500e+01 2.027000e+01 2.081286e+01 2.070042e+01 2.061000e+01 2.027500e+01 2.081381e+01 2.070265e+01
2.061500e+01 2.027000e+01 2.081286e+01 2.070042e+01 2.062500e+01 2.027000e+01 2.081439e+01 2.070397e+01
2.063000e+01 2.026500e+01 2.081333e+01 2.070155e+01 2.062500e+01 2.027000e+01 2.081439e+01 2.070397e+01
2.100000e+01 2.026500e+01 2.080687e+01 2.070900e+01 2.100500e+01 2.027000e+01 2.080585e+01 2.071153e+01
2.100500e+01 2.027000e+01 2.080585e+01 2.071153e+01 2.101500e+01 2.027000e+01 2.080710e+01 2.070833e+01
2.101500e+01 2.027000e+01 2.080710e+01 2.070833e+01 2.102000e+01 2.027500e+01 2.080618e+01 2.071066e+01
2.059500e+01 2.028000e+01 2.081299e+01 2.070097e+01 2.059000e+01 2.028500e+01 2.081389e+01 2.070293e+01
2.059500e+01 2.028000e+01 2.081299e+01 2.070097e+01 2.060500e+01 2.028000e+01 2.081485e+01 2.070478e+01
2.061000e+01 2.027500e+01 2.081381e+01 2.070265e+01 2.060500e+01 2.028000e+01 2.081485e+01 2.070478e+01
2.102000e+01 2.027500e+01 2.080618e+01 2.071066e+01 2.102500e+01 2.028000e+01 2.080516e+01 2.071289e+01
2.102500e+01 2.028000e+01 2.080516e+01 2.071289e+01 2.103500e+01 2.028000e+01 2.080675e+01 2.070941e+01
2.103500e+01 2.028000e+01 2.080675e+01 2.070941e+01 2.104000e+01 2.028500e+01 2.080587e+01 2.071147e+01
2.058500e+01 2.029000e+01 2.081486e+01 2.070479e+01 2.058000e+01 2.029500e+01 2.081576e+01 2.070657e+01
2.059000e+01 2.028500e+01 2.081389e+01 2.070293e+01 2.058500e+01 2.029000e+01 2.081486e+01 2.070479e+01
2.104000e+01 2.028500e+01 2.080587e+01 2.071147e+01 2.104500e+01 2.029000e+01 2.080491e+01 2.071340e+01
2.104500e+01 2.029000e+01 2.080491e+01 2.071340e+01 2.105000e+01 2.029500e+01 2.080403e+01 2.071526e+01
2.057500e+01 2.030000e+01 2.081674e+01 2.070824e+01 2.057000e+01 2.030500e+01 2.081762e+01 2.070984e+01
2.058000e+01 2.029500e+01 2.081576e+01 2.070657e+01 2.057500e+01 2.030000e+01 2.081674e+01 2.070824e+01
2.105000e+01 2.029500e+01 2.080403e+01 2.071526e+01 2.105500e+01 2.030000e+01 2.080308e+01 2.071700e+01
2.105500e+01 2.030000e+01 2.080308e+01 2.071700e+01 2.106000e+01 2.030500e+01 2.080221e+01 2.071866e+01
2.055500e+01 2.031000e+01 2.081596e+01 2.070701e+01 2.055000e+01 2.031500e+01 2.081671e+01 2.070837e+01
2.055500e+01 2.031000e+01 2.081596e+01 2.070701e+01 2.056500e+01 2.031000e+01 2.081857e+01 2.071133e+01
2.057000e+01 2.030500e+01 2.081762e+01 2.070984e+01 2.056500e+01 2.031000e+01 2.081857e+01 2.071133e+01
2.106000e+01 2.030500e+01 2.080221e+01 2.071866e+01 2.106500e+01 2.031000e+01 2.080127e+01 2.072020e+01
2.106500e+01 2.031000e+01 2.080127e+01 2.072020e+01 2.107000e+01 2.031500e+01 2.080043e+01 2.072167e+01
2.054500e+01 2.032000e+01 2.081752e+01 2.070961e+01 2.054000e+01 2.032500e+01 2.081822e+01 2.071079e+01
2.055000e+01 2.031500e+01 2.081671e+01 2.070837e+01 2.054500e+01 2.032000e+01 2.081752e+01 2.070961e+01
2.107000e+01 2.031500e+01 2.080043e+01 2.072167e+01 2.107500e+01 2.032000e+01 2.079953e+01 2.072301e+01
2.107500e+01 2.032000e+01 2.079953e+01 2.072301e+01 2.108500e+01 2.032000e+01 2.080208e+01 2.071887e+01
2.108500e+01 2.032000e+01 2.080208e+01 2.071887e+01 2.109000e+01 2.032500e+01 2.080139e+01 2.072010e+01
2.053500e+01 2.033000e+01 2.081897e+01 2.071186e+01 2.053000e+01 2.033500e+01 2.081961e+01 2.071288e+01
2.054000e+01 2.032500e+01 2.081822e+01 2.071079e+01 2.053500e+01 2.033000e+01 2.081897e+01 2.071186e+01
2.109000e+01 2.032500e+01 2.080139e+01 2.072010e+01 2.109500e+01 2.033000e+01 2.080066e+01 2.072119e+01
2.109500e+01 2.033000e+01 2.080066e+01 2.072119e+01 2.110000e+01 2.033500e+01 2.080004e+01 2.072224e+01
2.052500e+01 2.034000e+01 2.082029e+01 2.071377e+01 2.052000e+01 2.034500e+01 2.082085e+01 2.071463e+01
2.053000e+01 2.033500e+01 2.081961e+01 2.071288e+01 2.052500e+01 2.034000e+01 2.082029e+01 2.071377e+01
2.110000e+01 2.033500e+01 2.080004e+01 2.072224e+01 2.110500e+01 2.034000e+01 2.079938e+01 2.072316e+01
2.110500e+01 2.034000e+01 2.079938e+01 2.072316e+01 2.111000e+01 2.034500e+01 2.079885e+01 2.072404e+01
2.051500e+01 2.035000e+01 2.082145e+01 2.071536e+01 2.051000e+01 2.035500e+01 2.082192e+01 2.071606e+01
2.052000e+01 2.034500e+01 2.082085e+01 2.071463e+01 2.051500e+01 2.035000e+01 2.082145e+01 2.071536e+01
2.111000e+01 2.034500e+01 2.079885e+01 2.072404e+01 2.111500e+01 2.035000e+01 2.079828e+01 2.072478e+01
2.111500e+01 2.035000e+01 2.079828e+01 2.072478e+01 2.112000e+01 2.035500e+01 2.079784e+01 2.072550e+01
2.050500e+01 2.036000e+01 2.082242e+01 2.071664e+01 2.050000e+01 2.036500e+01 2.082278e+01 2.071719e+01
2.051000e+01 2.035500e+01 2.082192e+01 2.071606e+01 2.050500e+01 2.036000e+01 2.082242e+01 2.071664e+01
2.112000e+01 2.035500e+01 2.079784e+01 2.072550e+01 2.112000e+01 2.036500e+01 2.079335e+01 2.073115e+01
2.049500e+01 2.037000e+01 2.082317e+01 2.071762e+01 2.049000e+01 2.037500e+01 2.082342e+01 2.071803e+01
2.050000e+01 2.036500e+01 2.082278e+01 2.071719e+01 2.049500e+01 2.037000e+01 2.082317e+01 2.071762e+01
2.112000e+01 2.036500e+01 2.079335e+01 2.073115e+01 2.112500e+01 2.037000e+01 2.079286e+01 2.073160e+01
2.112500e+01 2.037000e+01 2.079286e+01 2.073160e+01 2.113000e+01 2.037500e+01 2.079252e+01 2.073203e+01
2.049000e+01 2.037500e+01 2.082342e+01 2.071803e+01 2.049000e+01 2.038500e+01 2.082828e+01 2.072346e+01
2.113000e+01 2.037500e+01 2.079252e+01 2.073203e+01 2.113500e+01 2.038000e+01 2.079216e+01 2.073233e+01
2.113500e+01 2.038000e+01 2.079216e+01 2.073233e+01 2.114000e+01 2.038500e+01 2.079195e+01 2.073262e+01
2.048500e+01 2.039000e+01 2.082855e+01 2.072362e+01 2.048000e+01 2.039500e+01 2.082868e+01 2.072378e+01
2.049000e+01 2.038500e+01 2.082828e+01 2.072346e+01 2.048500e+01 2.039000e+01 2.082855e+01 2.072362e+01
2.114000e+01 2.038500e+01 2.079195e+01 2.073262e+01 2.114500e+01 2.039000e+01 2.079173e+01 2.073277e+01
2.114500e+01 2.039000e+01 2.079173e+01 2.073277e+01 2.115000e+01 2.039500e+01 2.079167e+01 2.073293e+01
2.047500e+01 2.040000e+01 2.082880e+01 2.072382e+01 2.047000e+01 2.040500e+01 2.082878e+01 2.072386e+01
2.048000e+01 2.039500e+01 2.082868e+01 2.072378e+01 2.047500e+01 2.040000e+01 2.082880e+01 2.072382e+01
2.115000e+01 2.039500e+01 2.079167e+01 2.073293e+01 2.115500e+01 2.040000e+01 2.079161e+01 2.073296e+01
2.115500e+01 2.040000e+01 2.079161e+01 2.073296e+01 2.116000e+01 2.040500e+01 2.079171e+01 2.073300e+01
2.046500e+01 2.041000e+01 2.082875e+01 2.072378e+01 2.046000e+01 2.041500e+01 2.082857e+01 2.072371e+01
2.047000e+01 2.040500e+01 2.082878e+01 2.072386e+01 2.046500e+01 2.041000e+01 2.082875e+01 2.072378e+01
2.116000e+01 2.040500e+01 2.079171e+01 2.073300e+01 2.116000e+01 2.041500e+01 2.078713e+01 2.073741e+01
2.046000e+01 2.041500e+01 2.082857e+01 2.072371e+01 2.046000e+01 2.042500e+01 2.083344e+01 2.072821e+01
2.116000e+01 2.041500e+01 2.078713e+01 2.073741e+01 2.116500e+01 2.042000e+01 2.078725e+01 2.073720e+01
2.116500e+01 2.042000e+01 2.078725e+01 2.073720e+01 2.117000e+01 2.042500e+01 2.078754e+01 2.073702e+01
2.045500e+01 2.043000e+01 2.083322e+01 2.072791e+01 2.045000e+01 2.043500e+01 2.083285e+01 2.072764e+01
2.046000e+01 2.042500e+01 2.083344e+01 2.072821e+01 2.045500e+01 2.043000e+01 2.083322e+01 2.072791e+01
2.117000e+01 2.042500e+01 2.078754e+01 2.073702e+01 2.117000e+01 2.043500e+01 2.078298e+01 2.074097e+01
2.044500e+01 2.044000e+01 2.083245e+01 2.072725e+01 2.044000e+01 2.044500e+01 2.083190e+01 2.072690e+01
2.045000e+01 2.043500e+01 2.083285e+01 2.072764e+01 2.044500e+01 2.044000e+01 2.083245e+01 2.072725e+01
2.117000e+01 2.043500e+01 2.078298e+01 2.074097e+01 2.117500e+01 2.044000e+01 2.078333e+01 2.074054e+01
2.117500e+01 2.044000e+01 2.078333e+01 2.074054e+01 2.118000e+01 2.044500e+01 2.078385e+01 2.074016e+01
2.044000e+01 2.044500e+01 2.083190e+01 2.072690e+01 2.044000e+01 2.045500e+01 2.083666e+01 2.073074e+01
2.118000e+01 2.044500e+01 2.078385e+01 2.074016e+01 2.118500e+01 2.045000e+01 2.078441e+01 2.073966e+01
2.118500e+01 2.045000e+01 2.078441e+01 2.073966e+01 2.119000e+01 2.045500e+01 2.078512e+01 2.073921e+01
2.043500e+01 2.046000e+01 2.083602e+01 2.073018e+01 2.043000e+01 2.046500e+01 2.083524e+01 2.072966e+01
2.044000e+01 2.045500e+01 2.083666e+01 2.073074e+01 2.043500e+01 2.046000e+01 2.083602e+01 2.073018e+01
2.119000e+01 2.045500e+01 2.078512e+01 2.073921e+01 2.119000e+01 2.046500e+01 2.078074e+01 2.074249e+01
2.043000e+01 2.046500e+01 2.083524e+01 2.072966e+01 2.043000e+01 2.047500e+01 2.083988e+01 2.073308e+01
2.119000e+01 2.046500e+01 2.078074e+01 2.074249e+01 2.119500e+01 2.047000e+01 2.078156e+01 2.074183e+01
2.119500e+01 2.047000e+01 2.078156e+01 2.074183e+01 2.120000e+01 2.047500e+01 2.078255e+01 2.074124e+01
2.042500e+01 2.048000e+01 2.083899e+01 2.073237e+01 2.042000e+01 2.048500e+01 2.083795e+01 2.073172e+01
2.043000e+01 2.047500e+01 2.083988e+01 2.073308e+01 2.042500e+01 2.048000e+01 2.083899e+01 2.073237e+01
2.120000e+01 2.047500e+01 2.078255e+01 2.074124e+01 2.120000e+01 2.048500e+01 2.077831e+01 2.074409e+01
2.042000e+01 2.048500e+01 2.083795e+01 2.073172e+01 2.042000e+01 2.049500e+01 2.084244e+01 2.073473e+01
2.120000e+01 2.048500e+01 2.077831e+01 2.074409e+01 2.120500e+01 2.049000e+01 2.077944e+01 2.074331e+01
2.120500e+01 2.049000e+01 2.077944e+01 2.074331e+01 2.121000e+01 2.049500e+01 2.078072e+01 2.074260e+01
2.041500e+01 2.050000e+01 2.084127e+01 2.073390e+01 2.041000e+01 2.050500e+01 2.083995e+01 2.073314e+01
2.042000e+01 2.049500e+01 2.084244e+01 2.073473e+01 2.041500e+01 2.050000e+01 2.084127e+01 2.073390e+01
2.121000e+01 2.049500e+01 2.078072e+01 2.074260e+01 2.121000e+01 2.050500e+01 2.077667e+01 2.074507e+01
2.041000e+01 2.050500e+01 2.083995e+01 2.073314e+01 2.041000e+01 2.051500e+01 2.084425e+01 2.073578e+01
2.121000e+01 2.050500e+01 2.077667e+01 2.074507e+01 2.121000e+01 2.051500e+01 2.077268e+01 2.074732e+01
2.040500e+01 2.052000e+01 2.084277e+01 2.073486e+01 2.040000e+01 2.052500e+01 2.084115e+01 2.073404e+01
2.041000e+01 2.051500e+01 2.084425e+01 2.073578e+01 2.040500e+01 2.052000e+01 2.084277e+01 2.073486e+01
2.121000e+01 2.051500e+01 2.077268e+01 2.074732e+01 2.121500e+01 2.052000e+01 2.077421e+01 2.074637e+01
2.121500e+01 2.052000e+01 2.077421e+01 2.074637e+01 2.122000e+01 2.052500e+01 2.077590e+01 2.074552e+01
2.040000e+01 2.052500e+01 2.084115e+01 2.073404e+01 2.040000e+01 2.053500e+01 2.084522e+01 2.073632e+01
2.122000e+01 2.052500e+01 2.077590e+01 2.074552e+01 2.122000e+01 2.053500e+01 2.077216e+01 2.074742e+01
2.040000e+01 2.053500e+01 2.084522e+01 2.073632e+01 2.040000e+01 2.054500e+01 2.084921e+01 2.073840e+01
2.122000e+01 2.053500e+01 2.077216e+01 2.074742e+01 2.122500e+01 2.054000e+01 2.077404e+01 2.074644e+01
2.122500e+01 2.054000e+01 2.077404e+01 2.074644e+01 2.123000e+01 2.054500e+01 2.077606e+01 2.074557e+01
2.039500e+01 2.055000e+01 2.084733e+01 2.073739e+01 2.039000e+01 2.055500e+01 2.084531e+01 2.073648e+01
2.040000e+01 2.054500e+01 2.084921e+01 2.073840e+01 2.039500e+01 2.055000e+01 2.084733e+01 2.073739e+01
2.123000e+01 2.054500e+01 2.077606e+01 2.074557e+01 2.123000e+01 2.055500e+01 2.077263e+01 2.074717e+01
2.039000e+01 2.055500e+01 2.084531e+01 2.073648e+01 2.039000e+01 2.056500e+01 2.084901e+01 2.073825e+01
2.123000e+01 2.055500e+01 2.077263e+01 2.074717e+01 2.123000e+01 2.056500e+01 2.076930e+01 2.074857e+01
2.039000e+01 2.056500e+01 2.084901e+01 2.073825e+01 2.039000e+01 2.057500e+01 2.085261e+01 2.073984e+01
2.123000e+01 2.056500e+01 2.076930e+01 2.074857e+01 2.123500e+01 2.057000e+01 2.077164e+01 2.074757e+01
2.123500e+01 2.057000e+01 2.077164e+01 2.074757e+01 2.124000e+01 2.057500e+01 2.077411e+01 2.074668e+01
2.038500e+01 2.058000e+01 2.085028e+01 2.073881e+01 2.038000e+01 2.058500e+01 2.084784e+01 2.073787e+01
2.039000e+01 2.057500e+01 2.085261e+01 2.073984e+01 2.038500e+01 2.058000e+01 2.085028e+01 2.073881e+01
2.124000e+01 2.057500e+01 2.077411e+01 2.074668e+01 2.124000e+01 2.058500e+01 2.077113e+01 2.074785e+01
2.038000e+01 2.058500e+01 2.084784e+01 2.073787e+01 2.038000e+01 2.059500e+01 2.085111e+01 2.073922e+01
2.124000e+01 2.058500e+01 2.077113e+01 2.074785e+01 2.124000e+01 2.059500e+01 2.076828e+01 2.074884e+01
2.038000e+01 2.059500e+01 2.085111e+01 2.073922e+01 2.038000e+01 2.060500e+01 2.085424e+01 2.074040e+01
2.124000e+01 2.059500e+01 2.076828e+01 2.074884e+01 2.124000e+01 2.060500e+01 2.076557e+01 2.074967e+01
2.038000e+01 2.060500e+01 2.085424e+01 2.074040e+01 2.038000e+01 2.061500e+01 2.085723e+01 2.074142e+01
2.081500e+01 2.061000e+01 2.081422e+01 2.096884e+01 2.081000e+01 2.061500e+01 2.082400e+01 2.096886e+01
2.081500e+01 2.061000e+01 2.081422e+01 2.096884e+01 2.082500e+01 2.061000e+01 2.079500e+01 2.096789e+01
2.082500e+01 2.061000e+01 2.079500e+01 2.096789e+01 2.083000e+01 2.061500e+01 2.078444e+01 2.096687e+01
2.124000e+01 2.060500e+01 2.076557e+01 2.074967e+01 2.124500e+01 2.061000e+01 2.076852e+01 2.074873e+01
2.124500e+01 2.061000e+01 2.076852e+01 2.074873e+01 2.125000e+01 2.061500e+01 2.077157e+01 2.074791e+01
2.038000e+01 2.061500e+01 2.085723e+01 2.074142e+01 2.038000e+01 2.062500e+01 2.086008e+01 2.074228e+01
2.076500e+01 2.062000e+01 2.090975e+01 2.095402e+01 2.076000e+01 2.062500e+01 2.092069e+01 2.095008e+01
2.076500e+01 2.062000e+01 2.090975e+01 2.095402e+01 2.077500e+01 2.062000e+01 2.089256e+01 2.095932e+01
2.077500e+01 2.062000e+01 2.089256e+01 2.095932e+01 2.078500e+01 2.062000e+01 2.087412e+01 2.096359e+01
2.078500e+01 2.062000e+01 2.087412e+01 2.096359e+01 2.079500e+01 2.062000e+01 2.085465e+01 2.096667e+01
2.079500e+01 2.062000e+01 2.085465e+01 2.096667e+01 2.080500e+01 2.062000e+01 2.083446e+01 2.096844e+01
2.081000e+01 2.061500e+01 2.082400e+01 2.096886e+01 2.080500e+01 2.062000e+01 2.083446e+01 2.096844e+01
2.083000e+01 2.061500e+01 2.078444e+01 2.096687e+01 2.083500e+01 2.062000e+01 2.077311e+01 2.096527e+01
2.083500e+01 2.062000e+01 2.077311e+01 2.096527e+01 2.084500e+01 2.062000e+01 2.075363e+01 2.096152e+01
2.084500e+01 2.062000e+01 2.075363e+01 2.096152e+01 2.085500e+01 2.062000e+01 2.073517e+01 2.095663e+01
2.085500e+01 2.062000e+01 2.073517e+01 2.095663e+01 2.086500e+01 2.062000e+01 2.071797e+01 2.095076e+01
2.086500e+01 2.062000e+01 2.071797e+01 2.095076e+01 2.087000e+01 2.062500e+01 2.070676e+01 2.094628e+01
2.125000e+01 2.061500e+01 2.077157e+01 2.074791e+01 2.125000e+01 2.062500e+01 2.076926e+01 2.074859e+01
2.037500e+01 2.063000e+01 2.085707e+01 2.074128e+01 2.037000e+01 2.063500e+01 2.085396e+01 2.074041e+01
2.038000e+01 2.062500e+01 2.086008e+01 2.074228e+01 2.037500e+01 2.063000e+01 2.085707e+01 2.074128e+01
2.074500e+01 2.063000e+01 2.094702e+01 2.093816e+01 2.074000e+01 2.063500e+01 2.095738e+01 2.093249e+01
2.074500e+01 2.063000e+01 2.094702e+01 2.093816e+01 2.075500e+01 2.063000e+01 2.093221e+01 2.094535e+01
2.076000e+01 2.062500e+01 2.092069e+01 2.095008e+01 2.075500e+01 2.063000e+01 2.093221e+01 2.094535e+01
2.087000e+01 2.062500e+01 2.070676e+01 2.094628e+01 2.087500e+01 2.063000e+01 2.069499e+01 2.094096e+01
2.087500e+01 2.063000e+01 2.069499e+01 2.094096e+01 2.088500e+01 2.063000e+01 2.068025e+01 2.093329e+01
2.088500e+01 2.063000e+01 2.068025e+01 2.093329e+01 2.089000e+01 2.063500e+01 2.066974e+01 2.092707e+01
2.125000e+01 2.062500e+01 2.076926e+01 2.074859e+01 2.125000e+01 2.063500e+01 2.076711e+01 2.074915e+01
2.037000e+01 2.063500e+01 2.085396e+01 2.074041e+01 2.037000e+01 2.064500e+01 2.085642e+01 2.074114e+01
2.073500e+01 2.064000e+01 2.096807e+01 2.092598e+01 2.073000e+01 2.064500e+01 2.097796e+01 2.091921e+01
2.074000e+01 2.063500e+01 2.095738e+01 2.093249e+01 2.073500e+01 2.064000e+01 2.096807e+01 2.092598e+01
2.089000e+01 2.063500e+01 2.066974e+01 2.092707e+01 2.089500e+01 2.064000e+01 2.065893e+01 2.091998e+01
2.089500e+01 2.064000e+01 2.065893e+01 2.091998e+01 2.090000e+01 2.064500e+01 2.064898e+01 2.091268e+01
2.125000e+01 2.063500e+01 2.076711e+01 2.074915e+01 2.125000e+01 2.064500e+01 2.076513e+01 2.074958e+01
2.037000e+01 2.064500e+01 2.085642e+01 2.074114e+01 2.037000e+01 2.065500e+01 2.085871e+01 2.074174e+01
2.072500e+01 2.065000e+01 2.098801e+01 2.091160e+01 2.072000e+01 2.065500e+01 2.099711e+01 2.090391e+01
2.073000e+01 2.064500e+01 2.097796e+01 2.091921e+01 2.072500e+01 2.065000e+01 2.098801e+01 2.091160e+01
2.090000e+01 2.064500e+01 2.064898e+01 2.091268e+01 2.090500e+01 2.065000e+01 2.063892e+01 2.090453e+01
2.090500e+01 2.065000e+01 2.063892e+01 2.090453e+01 2.091000e+01 2.065500e+01 2.062985e+01 2.089636e+01
2.125000e+01 2.064500e+01 2.076513e+01 2.074958e+01 2.125000e+01 2.065500e+01 2.076333e+01 2.074989e+01
2.037000e+01 2.065500e+01 2.085871e+01 2.074174e+01 2.037000e+01 2.066500e+01 2.086082e+01 2.074221e+01
2.071500e+01 2.066000e+01 2.100620e+01 2.089543e+01 2.071000e+01 2.066500e+01 2.101427e+01 2.088706e+01
2.072000e+01 2.065500e+01 2.099711e+01 2.090391e+01 2.071500e+01 2.066000e+01 2.100620e+01 2.089543e+01
2.091000e+01 2.065500e+01 2.062985e+01 2.089636e+01 2.091500e+01 2.066000e+01 2.062087e+01 2.088743e+01
2.091500e+01 2.066000e+01 2.062087e+01 2.088743e+01 2.092000e+01 2.066500e+01 2.061294e+01 2.087868e+01
2.125000e+01 2.065500e+01 2.076333e+01 2.074989e+01 2.125000e+01 2.066500e+01 2.076171e+01 2.075010e+01
2.037000e+01 2.066500e+01 2.086082e+01 2.074221e+01 2.037000e+01 2.067500e+01 2.086276e+01 2.074258e+01
2.070500e+01 2.067000e+01 2.102215e+01 2.087801e+01 2.070000e+01 2.067500e+01 2.102901e+01 2.086924e+01
2.071000e+01 2.066500e+01 2.101427e+01 2.088706e+01 2.070500e+01 2.067000e+01 2.102215e+01 2.087801e+01
2.092000e+01 2.066500e+01 2.061294e+01 2.087868e+01 2.092500e+01 2.067000e+01 2.060527e+01 2.086929e+01
2.092500e+01 2.067000e+01 2.060527e+01 2.086929e+01 2.093000e+01 2.067500e+01 2.059864e+01 2.086026e+01
2.125000e+01 2.066500e+01 2.076171e+01 2.075010e+01 2.125500e+01 2.067000e+01 2.076551e+01 2.074944e+01
2.125500e+01 2.067000e+01 2.076551e+01 2.074944e+01 2.126000e+01 2.067500e+01 2.076939e+01 2.074890e+01
2.037000e+01 2.067500e+01 2.086276e+01 2.074258e+01 2.037000e+01 2.068500e+01 2.086452e+01 2.074285e+01
2.069500e+01 2.068000e+01 2.103552e+01 2.085993e+01 2.069000e+01 2.068500e+01 2.104108e+01 2.085104e+01
2.070000e+01 2.067500e+01 2.102901e+01 2.086924e+01 2.069500e+01 2.068000e+01 2.103552e+01 2.085993e+01
2.093000e+01 2.067500e+01 2.059864e+01 2.086026e+01 2.093000e+01 2.068500e+01 2.059121e+01 2.084867e+01
2.126000e+01 2.067500e+01 2.076939e+01 2.074890e+01 2.126000e+01 2.068500e+01 2.076821e+01 2.074912e+01
2.037000e+01 2.068500e+01 2.086452e+01 2.074285e+01 2.037000e+01 2.069500e+01 2.086608e+01 2.074302e+01
2.069000e+01 2.068500e+01 2.104108e+01 2.085104e+01 2.069000e+01 2.069500e+01 2.104772e+01 2.083914e+01
2.093000e+01 2.068500e+01 2.059121e+01 2.084867e+01 2.093500e+01 2.069000e+01 2.058550e+01 2.083879e+01
2.093500e+01 2.069000e+01 2.058550e+01 2.083879e+01 2.094000e+01 2.069500e+01 2.058075e+01 2.082947e+01
2.126000e+01 2.068500e+01 2.076821e+01 2.074912e+01 2.126000e+01 2.069500e+01 2.076722e+01 2.074928e+01
2.036500e+01 2.070000e+01 2.086214e+01 2.074238e+01 2.036000e+01 2.070500e+01 2.085814e+01 2.074186e+01
2.037000e+01 2.069500e+01 2.086608e+01 2.074302e+01 2.036500e+01 2.070000e+01 2.086214e+01 2.074238e+01
2.068500e+01 2.070000e+01 2.105227e+01 2.082961e+01 2.068000e+01 2.070500e+01 2.105598e+01 2.082066e+01
2.069000e+01 2.069500e+01 2.104772e+01 2.083914e+01 2.068500e+01 2.070000e+01 2.105227e+01 2.082961e+01
2.094000e+01 2.069500e+01 2.058075e+01 2.082947e+01 2.094000e+01 2.070500e+01 2.057506e+01 2.081617e+01
2.126000e+01 2.069500e+01 2.076722e+01 2.074928e+01 2.126000e+01 2.070500e+01 2.076642e+01 2.074937e+01
2.036000e+01 2.070500e+01 2.085814e+01 2.074186e+01 2.036000e+01 2.071500e+01 2.085928e+01 2.074208e+01
2.068000e+01 2.070500e+01 2.105598e+01 2.082066e+01 2.068000e+01 2.071500e+01 2.106075e+01 2.080733e+01
2.094000e+01 2.070500e+01 2.057506e+01 2.081617e+01 2.094500e+01 2.071000e+01 2.057155e+01 2.080663e+01
2.094500e+01 2.071000e+01 2.057155e+01 2.080663e+01 2.095000e+01 2.071500e+01 2.056883e+01 2.079775e+01
2.126000e+01 2.070500e+01 2.076642e+01 2.074937e+01 2.126000e+01 2.071500e+01 2.076582e+01 2.074942e+01
2.036000e+01 2.071500e+01 2.085928e+01 2.074208e+01 2.036000e+01 2.072500e+01 2.086023e+01 2.074225e+01
2.068000e+01 2.071500e+01 2.106075e+01 2.080733e+01 2.068000e+01 2.072500e+01 2.106460e+01 2.079316e+01
2.095000e+01 2.071500e+01 2.056883e+01 2.079775e+01 2.095000e+01 2.072500e+01 2.056532e+01 2.078373e+01
2.126000e+01 2.071500e+01 2.076582e+01 2.074942e+01 2.126000e+01 2.072500e+01 2.076542e+01 2.074943e+01
2.036000e+01 2.072500e+01 2.086023e+01 2.074225e+01 2.036000e+01 2.073500e+01 2.086098e+01 2.074237e+01
2.068000e+01 2.072500e+01 2.106460e+01 2.079316e+01 2.068000e+01 2.073500e+01 2.106741e+01 2.077831e+01
2.095000e+01 2.072500e+01 2.056532e+01 2.078373e+01 2.095000e+01 2.073500e+01 2.056284e+01 2.076920e+01
2.126000e+01 2.072500e+01 2.076542e+01 2.074943e+01 2.126000e+01 2.073500e+01 2.076522e+01 2.074942e+01
2.036000e+01 2.073500e+01 2.086098e+01 2.074237e+01 2.036000e+01 2.074500e+01 2.086152e+01 2.074246e+01
2.067500e+01 2.074000e+01 2.106861e+01 2.076981e+01 2.067000e+01 2.074500e+01 2.106926e+01 2.076191e+01
2.068000e+01 2.073500e+01 2.106741e+01 2.077831e+01 2.067500e+01 2.074000e+01 2.106861e+01 2.076981e+01
2.095000e+01 2.073500e+01 2.056284e+01 2.076920e+01 2.095000e+01 2.074500e+01 2.056145e+01 2.075437e+01
2.126000e+01 2.073500e+01 2.076522e+01 2.074942e+01 2.126000e+01 2.074500e+01 2.076523e+01 2.074940e+01
2.036000e+01 2.074500e+01 2.086152e+01 2.074246e+01 2.036000e+01 2.075500e+01 2.086187e+01 2.074253e+01
2.067000e+01 2.074500e+01 2.106926e+01 2.076191e+01 2.067000e+01 2.075500e+01 2.106974e+01 2.074746e+01
2.095000e+01 2.074500e+01 2.056145e+01 2.075437e+01 2.095000e+01 2.075500e+01 2.056120e+01 2.073942e+01
2.126000e+01 2.074500e+01 2.076523e+01 2.074940e+01 2.126000e+01 2.075500e+01 2.076544e+01 2.074938e+01
2.036000e+01 2.075500e+01 2.086187e+01 2.074253e+01 2.036000e+01 2.076500e+01 2.086202e+01 2.074259e+01
2.067000e+01 2.075500e+01 2.106974e+01 2.074746e+01 2.067000e+01 2.076500e+01 2.106913e+01 2.073297e+01
2.095000e+01 2.075500e+01 2.056120e+01 2.073942e+01 2.095000e+01 2.076500e+01 2.056208e+01 2.072459e+01
2.126000e+01 2.075500e+01 2.076544e+01 2.074938e+01 2.126000e+01 2.076500e+01 2.076586e+01 2.074938e+01
2.036000e+01 2.076500e+01 2.086202e+01 2.074259e+01 2.036000e+01 2.077500e+01 2.086196e+01 2.074266e+01
2.067000e+01 2.076500e+01 2.106913e+01 2.073297e+01 2.067000e+01 2.077500e+01 2.106743e+01 2.071864e+01
2.095000e+01 2.076500e+01 2.056208e+01 2.072459e+01 2.095000e+01 2.077500e+01 2.056406e+01 2.071007e+01
2.126000e+01 2.076500e+01 2.076586e+01 2.074938e+01 2.126000e+01 2.077500e+01 2.076648e+01 2.074940e+01
2.036000e+01 2.077500e+01 2.086196e+01 2.074266e+01 2.036000e+01 2.078500e+01 2.086170e+01 2.074273e+01
2.067000e+01 2.077500e+01 2.106743e+01 2.071864e+01 2.067500e+01 2.078000e+01 2.106603e+01 2.071029e+01
2.067500e+01 2.078000e+01 2.106603e+01 2.071029e+01 2.068000e+01 2.078500e+01 2.106397e+01 2.070128e+01
2.095000e+01 2.077500e+01 2.056406e+01 2.071007e+01 2.095000e+01 2.078500e+01 2.056710e+01 2.069606e+01
2.126000e+01 2.077500e+01 2.076648e+01 2.074940e+01 2.126000e+01 2.078500e+01 2.076731e+01 2.074946e+01
2.036000e+01 2.078500e+01 2.086170e+01 2.074273e+01 2.036000e+01 2.079500e+01 2.086124e+01 2.074284e+01
2.068000e+01 2.078500e+01 2.106397e+01 2.070128e+01 2.068000e+01 2.079500e+01 2.105991e+01 2.068689e+01
2.094500e+01 2.079000e+01 2.056940e+01 2.068740e+01 2.094000e+01 2.079500e+01 2.057241e+01 2.067812e+01
2.095000e+01 2.078500e+01 2.056710e+01 2.069606e+01 2.094500e+01 2.079000e+01 2.056940e+01 2.068740e+01
2.126000e+01 2.078500e+01 2.076731e+01 2.074946e+01 2.126000e+01 2.079500e+01 2.076833e+01 2.074956e+01
2.036000e+01 2.079500e+01 2.086124e+01 2.074284e+01 2.036500e+01 2.080000e+01 2.086559e+01 2.074258e+01
2.036500e+01 2.080000e+01 2.086559e+01 2.074258e+01 2.037000e+01 2.080500e+01 2.086988e+01 2.074221e+01
2.068000e+01 2.079500e+01 2.105991e+01 2.068689e+01 2.068000e+01 2.080500e+01 2.105492e+01 2.067330e+01
2.094000e+01 2.079500e+01 2.057241e+01 2.067812e+01 2.094000e+01 2.080500e+01 2.057762e+01 2.066479e+01
2.126000e+01 2.079500e+01 2.076833e+01 2.074956e+01 2.126000e+01 2.080500e+01 2.076955e+01 2.074973e+01
2.037000e+01 2.080500e+01 2.086988e+01 2.074221e+01 2.037000e+01 2.081500e+01 2.086898e+01 2.074220e+01
2.068000e+01 2.080500e+01 2.105492e+01 2.067330e+01 2.068500e+01 2.081000e+01 2.105090e+01 2.066408e+01
2.068500e+01 2.081000e+01 2.105090e+01 2.066408e+01 2.069000e+01 2.081500e+01 2.104597e+01 2.065427e+01
2.093500e+01 2.081000e+01 2.058185e+01 2.065568e+01 2.093000e+01 2.081500e+01 2.058696e+01 2.064601e+01
2.094000e+01 2.080500e+01 2.057762e+01 2.066479e+01 2.093500e+01 2.081000e+01 2.058185e+01 2.065568e+01
2.126000e+01 2.080500e+01 2.076955e+01 2.074973e+01 2.126000e+01 2.081500e+01 2.077096e+01 2.074996e+01
2.037000e+01 2.081500e+01 2.086898e+01 2.074220e+01 2.037000e+01 2.082500e+01 2.086789e+01 2.074226e+01
2.069000e+01 2.081500e+01 2.104597e+01 2.065427e+01 2.069000e+01 2.082500e+01 2.103906e+01 2.064206e+01
2.093000e+01 2.081500e+01 2.058696e+01 2.064601e+01 2.093000e+01 2.082500e+01 2.059395e+01 2.063433e+01
2.126000e+01 2.081500e+01 2.077096e+01 2.074996e+01 2.126000e+01 2.082500e+01 2.077256e+01 2.075028e+01
2.037000e+01 2.082500e+01 2.086789e+01 2.074226e+01 2.037000e+01 2.083500e+01 2.086661e+01 2.074239e+01
2.069000e+01 2.082500e+01 2.103906e+01 2.064206e+01 2.069500e+01 2.083000e+01 2.103308e+01 2.063288e+01
2.069500e+01 2.083000e+01 2.103308e+01 2.063288e+01 2.070000e+01 2.083500e+01 2.102607e+01 2.062327e+01
2.092500e+01 2.083000e+01 2.060001e+01 2.062543e+01 2.092000e+01 2.083500e+01 2.060706e+01 2.061616e+01
2.093000e+01 2.082500e+01 2.059395e+01 2.063433e+01 2.092500e+01 2.083000e+01 2.060001e+01 2.062543e+01
2.126000e+01 2.082500e+01 2.077256e+01 2.075028e+01 2.126000e+01 2.083500e+01 2.077435e+01 2.075069e+01
2.037000e+01 2.083500e+01 2.086661e+01 2.074239e+01 2.037000e+01 2.084500e+01 2.086513e+01 2.074261e+01
2.070000e+01 2.083500e+01 2.102607e+01 2.062327e+01 2.070000e+01 2.084500e+01 2.101792e+01 2.061330e+01
2.091500e+01 2.084000e+01 2.061440e+01 2.060748e+01 2.091000e+01 2.084500e+01 2.062277e+01 2.059858e+01
2.092000e+01 2.083500e+01 2.060706e+01 2.061616e+01 2.091500e+01 2.084000e+01 2.061440e+01 2.060748e+01
2.126000e+01 2.083500e+01 2.077435e+01 2.075069e+01 2.126000e+01 2.084500e+01 2.077631e+01 2.075120e+01
2.037000e+01 2.084500e+01 2.086513e+01 2.074261e+01 2.037000e+01 2.085500e+01 2.086347e+01 2.074293e+01
2.070000e+01 2.084500e+01 2.101792e+01 2.061330e+01 2.070500e+01 2.085000e+01 2.101031e+01 2.060485e+01
2.070500e+01 2.085000e+01 2.101031e+01 2.060485e+01 2.071000e+01 2.085500e+01 2.100170e+01 2.059623e+01
2.090500e+01 2.085000e+01 2.063127e+01 2.059041e+01 2.090000e+01 2.085500e+01 2.064077e+01 2.058221e+01
2.091000e+01 2.084500e+01 2.062277e+01 2.059858e+01 2.090500e+01 2.085000e+01 2.063127e+01 2.059041e+01
2.125500e+01 2.085000e+01 2.077285e+01 2.075044e+01 2.125000e+01 2.085500e+01 2.076946e+01 2.074957e+01
2.126000e+01 2.084500e+01 2.077631e+01 2.075120e+01 2.125500e+01 2.085000e+01 2.077285e+01 2.075044e+01
2.037000e+01 2.085500e+01 2.086347e+01 2.074293e+01 2.037000e+01 2.086500e+01 2.086164e+01 2.074335e+01
2.071000e+01 2.085500e+01 2.100170e+01 2.059623e+01 2.071500e+01 2.086000e+01 2.099300e+01 2.058834e+01
2.071500e+01 2.086000e+01 2.099300e+01 2.058834e+01 2.072500e+01 2.086000e+01 2.098235e+01 2.057967e+01
2.072500e+01 2.086000e+01 2.098235e+01 2.057967e+01 2.073000e+01 2.086500e+01 2.097174e+01 2.057190e+01
2.089500e+01 2.086000e+01 2.065022e+01 2.057481e+01 2.089000e+01 2.086500e+01 2.066058e+01 2.056757e+01
2.090000e+01 2.085500e+01 2.064077e+01 2.058221e+01 2.089500e+01 2.086000e+01 2.065022e+01 2.057481e+01
2.125000e+01 2.085500e+01 2.076946e+01 2.074957e+01 2.125000e+01 2.086500e+01 2.077184e+01 2.075014e+01
2.037000e+01 2.086500e+01 2.086164e+01 2.074335e+01 2.037000e+01 2.087500e+01 2.085963e+01 2.074389e+01
2.073000e+01 2.086500e+01 2.097174e+01 2.057190e+01 2.073500e+01 2.087000e+01 2.096135e+01 2.056501e+01
2.073500e+01 2.087000e+01 2.096135e+01 2.056501e+01 2.074000e+01 2.087500e+01 2.095016e+01 2.055843e+01
2.087500e+01 2.087000e+01 2.068473e+01 2.055344e+01 2.087000e+01 2.087500e+01 2.069628e+01 2.054783e+01
2.087500e+01 2.087000e+01 2.068473e+01 2.055344e+01 2.088500e+01 2.087000e+01 2.067070e+01 2.056118e+01
2.089000e+01 2.086500e+01 2.066058e+01 2.056757e+01 2.088500e+01 2.087000e+01 2.067070e+01 2.056118e+01
2.125000e+01 2.086500e+01 2.077184e+01 2.075014e+01 2.125000e+01 2.087500e+01 2.077438e+01 2.075085e+01
2.037000e+01 2.087500e+01 2.085963e+01 2.074389e+01 2.037500e+01 2.088000e+01 2.086293e+01 2.074313e+01
2.037500e+01 2.088000e+01 2.086293e+01 2.074313e+01 2.038000e+01 2.088500e+01 2.086613e+01 2.074225e+01
2.074000e+01 2.087500e+01 2.095016e+01 2.055843e+01 2.074500e+01 2.088000e+01 2.093936e+01 2.055273e+01
2.074500e+01 2.088000e+01 2.093936e+01 2.055273e+01 2.075500e+01 2.088000e+01 2.092378e+01 2.054553e+01
2.075500e+01 2.088000e+01 2.092378e+01 2.054553e+01 2.076000e+01 2.088500e+01 2.091195e+01 2.054088e+01
2.085500e+01 2.088000e+01 2.072420e+01 2.053696e+01 2.085000e+01 2.088500e+01 2.073595e+01 2.053341e+01
2.085500e+01 2.088000e+01 2.072420e+01 2.053696e+01 2.086500e+01 2.088000e+01 2.070732e+01 2.054305e+01
2.087000e+01 2.087500e+01 2.069628e+01 2.054783e+01 2.086500e+01 2.088000e+01 2.070732e+01 2.054305e+01
2.125000e+01 2.087500e+01 2.077438e+01 2.075085e+01 2.125000e+01 2.088500e+01 2.077707e+01 2.075170e+01
2.038000e+01 2.088500e+01 2.086613e+01 2.074225e+01 2.038000e+01 2.089500e+01 2.086370e+01 2.074289e+01
2.076000e+01 2.088500e+01 2.091195e+01 2.054088e+01 2.076500e+01 2.089000e+01 2.090075e+01 2.053703e+01
2.076500e+01 2.089000e+01 2.090075e+01 2.053703e+01 2.077500e+01 2.089000e+01 2.088310e+01 2.053188e+01
2.077500e+01 2.089000e+01 2.088310e+01 2.053188e+01 2.078500e+01 2.089000e+01 2.086439e+01 2.052779e+01
2.078500e+01 2.089000e+01 2.086439e+01 2.052779e+01 2.079500e+01 2.089000e+01 2.084487e+01 2.052491e+01
2.079500e+01 2.089000e+01 2.084487e+01 2.052491e+01 2.080500e+01 2.089000e+01 2.082488e+01 2.052335e+01
2.080500e+01 2.089000e+01 2.082488e+01 2.052335e+01 2.081500e+01 2.089000e+01 2.080474e+01 2.052316e+01
2.081500e+01 2.089000e+01 2.080474e+01 2.052316e+01 2.082500e+01 2.089000e+01 2.078484e+01 2.052435e+01
2.082500e+01 2.089000e+01 2.078484e+01 2.052435e+01 2.083500e+01 2.089000e+01 2.076549e+01 2.052685e+01
2.083500e+01 2.089000e+01 2.076549e+01 2.052685e+01 2.084500e+01 2.089000e+01 2.074702e+01 2.053058e+01
2.085000e+01 2.088500e+01 2.073595e+01 2.053341e+01 2.084500e+01 2.089000e+01 2.074702e+01 2.053058e+01
2.125000e+01 2.088500e+01 2.077707e+01 2.075170e+01 2.125000e+01 2.089500e+01 2.077992e+01 2.075270e+01
2.038000e+01 2.089500e+01 2.086370e+01 2.074289e+01 2.038000e+01 2.090500e+01 2.086113e+01 2.074368e+01
2.124500e+01 2.090000e+01 2.077712e+01 2.075178e+01 2.124000e+01 2.090500e+01 2.077443e+01 2.075075e+01
2.125000e+01 2.089500e+01 2.077992e+01 2.075270e+01 2.124500e+01 2.090000e+01 2.077712e+01 2.075178e+01
2.038000e+01 2.090500e+01 2.086113e+01 2.074368e+01 2.038000e+01 2.091500e+01 2.085841e+01 2.074462e+01
2.124000e+01 2.090500e+01 2.077443e+01 2.075075e+01 2.124000e+01 2.091500e+01 2.077764e+01 2.075194e+01
2.038000e+01 2.091500e+01 2.085841e+01 2.074462e+01 2.038500e+01 2.092000e+01 2.086112e+01 2.074374e+01
2.038500e+01 2.092000e+01 2.086112e+01 2.074374e+01 2.039000e+01 2.092500e+01 2.086371e+01 2.074275e+01
2.124000e+01 2.091500e+01 2.077764e+01 2.075194e+01 2.124000e+01 2.092500e+01 2.078099e+01 2.075330e+01
2.039000e+01 2.092500e+01 2.086371e+01 2.074275e+01 2.039000e+01 2.093500e+01 2.086062e+01 2.074389e+01
2.124000e+01 2.092500e+01 2.078099e+01 2.075330e+01 2.124000e+01 2.093500e+01 2.078445e+01 2.075483e+01
2.039000e+01 2.093500e+01 2.086062e+01 2.074389e+01 2.039000e+01 2.094500e+01 2.085741e+01 2.074522e+01
2.123500e+01 2.094000e+01 2.078220e+01 2.075390e+01 2.123000e+01 2.094500e+01 2.078006e+01 2.075287e+01
2.124000e+01 2.093500e+01 2.078445e+01 2.075483e+01 2.123500e+01 2.094000e+01 2.078220e+01 2.075390e+01
2.039000e+01 2.094500e+01 2.085741e+01 2.074522e+01 2.039500e+01 2.095000e+01 2.085965e+01 2.074431e+01
2.039500e+01 2.095000e+01 2.085965e+01 2.074431e+01 2.040000e+01 2.095500e+01 2.086176e+01 2.074330e+01
2.123000e+01 2.094500e+01 2.078006e+01 2.075287e+01 2.123000e+01 2.095500e+01 2.078384e+01 2.075468e+01
2.040000e+01 2.095500e+01 2.086176e+01 2.074330e+01 2.040000e+01 2.096500e+01 2.085822e+01 2.074490e+01
2.123000e+01 2.095500e+01 2.078384e+01 2.075468e+01 2.123000e+01 2.096500e+01 2.078771e+01 2.075668e+01
2.040000e+01 2.096500e+01 2.085822e+01 2.074490e+01 2.040000e+01 2.097500e+01 2.085459e+01 2.074670e+01
2.122500e+01 2.097000e+01 2.078587e+01 2.075580e+01 2.122000e+01 2.097500e+01 2.078416e+01 2.075483e+01
2.123000e+01 2.096500e+01 2.078771e+01 2.075668e+01 2.122500e+01 2.097000e+01 2.078587e+01 2.075580e+01
2.040000e+01 2.097500e+01 2.085459e+01 2.074670e+01 2.040500e+01 2.098000e+01 2.085639e+01 2.074584e+01
2.040500e+01 2.098000e+01 2.085639e+01 2.074584e+01 2.041000e+01 2.098500e+01 2.085805e+01 2.074489e+01
2.122000e+01 2.097500e+01 2.078416e+01 2.075483e+01 2.122000e+01 2.098500e+01 2.078830e+01 2.075715e+01
2.041000e+01 2.098500e+01 2.085805e+01 2.074489e+01 2.041000e+01 2.099500e+01 2.085415e+01 2.074702e+01
2.121500e+01 2.099000e+01 2.078677e+01 2.075632e+01 2.121000e+01 2.099500e+01 2.078537e+01 2.075540e+01
2.122000e+01 2.098500e+01 2.078830e+01 2.075715e+01 2.121500e+01 2.099000e+01 2.078677e+01 2.075632e+01
2.041000e+01 2.099500e+01 2.085415e+01 2.074702e+01 2.041000e+01 2.100500e+01 2.085018e+01 2.074937e+01
2.121000e+01 2.099500e+01 2.078537e+01 2.075540e+01 2.121000e+01 2.100500e+01 2.078973e+01 2.075808e+01
2.041000e+01 2.100500e+01 2.085018e+01 2.074937e+01 2.041500e+01 2.101000e+01 2.085157e+01 2.074864e+01
2.041500e+01 2.101000e+01 2.085157e+01 2.074864e+01 2.042000e+01 2.101500e+01 2.085281e+01 2.074783e+01
2.120500e+01 2.101000e+01 2.078849e+01 2.075733e+01 2.120000e+01 2.101500e+01 2.078740e+01 2.075650e+01
2.121000e+01 2.100500e+01 2.078973e+01 2.075808e+01 2.120500e+01 2.101000e+01 2.078849e+01 2.075733e+01
2.042000e+01 2.101500e+01 2.085281e+01 2.074783e+01 2.042000e+01 2.102500e+01 2.084863e+01 2.075056e+01
2.120000e+01 2.101500e+01 2.078740e+01 2.075650e+01 2.120000e+01 2.102500e+01 2.079195e+01 2.075957e+01
2.042000e+01 2.102500e+01 2.084863e+01 2.075056e+01 2.042500e+01 2.103000e+01 2.084973e+01 2.074993e+01
2.042500e+01 2.103000e+01 2.084973e+01 2.074993e+01 2.043000e+01 2.103500e+01 2.085066e+01 2.074923e+01
2.119500e+01 2.103000e+01 2.079098e+01 2.075893e+01 2.119000e+01 2.103500e+01 2.079017e+01 2.075823e+01
2.120000e+01 2.102500e+01 2.079195e+01 2.075957e+01 2.119500e+01 2.103000e+01 2.079098e+01 2.075893e+01
2.043000e+01 2.103500e+01 2.085066e+01 2.074923e+01 2.043000e+01 2.104500e+01 2.084632e+01 2.075237e+01
2.119000e+01 2.103500e+01 2.079017e+01 2.075823e+01 2.119000e+01 2.104500e+01 2.079486e+01 2.076171e+01
2.043000e+01 2.104500e+01 2.084632e+01 2.075237e+01 2.043500e+01 2.105000e+01 2.084713e+01 2.075187e+01
2.043500e+01 2.105000e+01 2.084713e+01 2.075187e+01 2.044000e+01 2.105500e+01 2.084779e+01 2.075132e+01
2.118500e+01 2.105000e+01 2.079415e+01 2.076121e+01 2.118000e+01 2.105500e+01 2.079359e+01 2.076067e+01
2.119000e+01 2.104500e+01 2.079486e+01 2.076171e+01 2.118500e+01 2.105000e+01 2.079415e+01 2.076121e+01
2.044000e+01 2.105500e+01 2.084779e+01 2.075132e+01 2.044500e+01 2.106000e+01 2.084839e+01 2.075088e+01
2.044500e+01 2.106000e+01 2.084839e+01 2.075088e+01 2.045000e+01 2.106500e+01 2.084884e+01 2.075039e+01
2.118000e+01 2.105500e+01 2.079359e+01 2.076067e+01 2.118000e+01 2.106500e+01 2.079838e+01 2.076458e+01
2.045000e+01 2.106500e+01 2.084884e+01 2.075039e+01 2.045000e+01 2.107500e+01 2.084430e+01 2.075419e+01
2.117500e+01 2.107000e+01 2.079790e+01 2.076425e+01 2.117000e+01 2.107500e+01 2.079757e+01 2.076389e+01
2.118000e+01 2.106500e+01 2.079838e+01 2.076458e+01 2.117500e+01 2.107000e+01 2.079790e+01 2.076425e+01
2.045000e+01 2.107500e+01 2.084430e+01 2.075419e+01 2.045500e+01 2.108000e+01 2.084467e+01 2.075394e+01
2.045500e+01 2.108000e+01 2.084467e+01 2.075394e+01 2.046000e+01 2.108500e+01 2.084488e+01 2.075366e+01
2.117000e+01 2.107500e+01 2.079757e+01 2.076389e+01 2.117000e+01 2.108500e+01 2.080241e+01 2.076824e+01
2.046000e+01 2.108500e+01 2.084488e+01 2.075366e+01 2.046000e+01 2.109500e+01 2.084030e+01 2.075792e+01
2.116500e+01 2.109000e+01 2.080213e+01 2.076811e+01 2.116000e+01 2.109500e+01 2.080200e+01 2.076796e+01
2.117000e+01 2.108500e+01 2.080241e+01 2.076824e+01 2.116500e+01 2.109000e+01 2.080213e+01 2.076811e+01
2.046000e+01 2.109500e+01 2.084030e+01 2.075792e+01 2.046500e+01 2.110000e+01 2.084047e+01 2.075788e+01
2.046500e+01 2.110000e+01 2.084047e+01 2.075788e+01 2.047000e+01 2.110500e+01 2.084048e+01 2.075783e+01
2.115500e+01 2.110000e+01 2.080188e+01 2.076793e+01 2.115000e+01 2.110500e+01 2.080192e+01 2.076789e+01
2.116000e+01 2.109500e+01 2.080200e+01 2.076796e+01 2.115500e+01 2.110000e+01 2.080188e+01 2.076793e+01
2.047000e+01 2.110500e+01 2.084048e+01 2.075783e+01 2.047500e+01 2.111000e+01 2.084048e+01 2.075790e+01
2.047500e+01 2.111000e+01 2.084048e+01 2.075790e+01 2.048000e+01 2.111500e+01 2.084032e+01 2.075798e+01
2.114500e+01 2.111000e+01 2.080195e+01 2.076797e+01 2.114000e+01 2.111500e+01 2.080214e+01 2.076804e+01
2.115000e+01 2.110500e+01 2.080192e+01 2.076789e+01 2.114500e+01 2.111000e+01 2.080195e+01 2.076797e+01
2.048000e+01 2.111500e+01 2.084032e+01 2.075798e+01 2.048500e+01 2.112000e+01 2.084017e+01 2.075818e+01
2.048500e+01 2.112000e+01 2.084017e+01 2.075818e+01 2.049000e+01 2.112500e+01 2.083986e+01 2.075838e+01
2.114000e+01 2.111500e+01 2.080214e+01 2.076804e+01 2.114000e+01 2.112500e+01 2.080701e+01 2.077332e+01
2.049000e+01 2.112500e+01 2.083986e+01 2.075838e+01 2.049000e+01 2.113500e+01 2.083530e+01 2.076362e+01
2.113500e+01 2.113000e+01 2.080718e+01 2.077364e+01 2.113000e+01 2.113500e+01 2.080749e+01 2.077398e+01
2.114000e+01 2.112500e+01 2.080701e+01 2.077332e+01 2.113500e+01 2.113000e+01 2.080718e+01 2.077364e+01
2.049000e+01 2.113500e+01 2.083530e+01 2.076362e+01 2.049500e+01 2.114000e+01 2.083502e+01 2.076409e+01
2.049500e+01 2.114000e+01 2.083502e+01 2.076409e+01 2.050000e+01 2.114500e+01 2.083460e+01 2.076457e+01
2.112500e+01 2.114000e+01 2.080779e+01 2.077444e+01 2.112000e+01 2.114500e+01 2.080823e+01 2.077492e+01
2.113000e+01 2.113500e+01 2.080749e+01 2.077398e+01 2.112500e+01 2.114000e+01 2.080779e+01 2.077444e+01
2.050000e+01 2.114500e+01 2.083460e+01 2.076457e+01 2.050500e+01 2.115000e+01 2.083419e+01 2.076519e+01
2.050500e+01 2.115000e+01 2.083419e+01 2.076519e+01 2.051000e+01 2.115500e+01 2.083366e+01 2.076584e+01
2.111500e+01 2.115000e+01 2.080863e+01 2.077552e+01 2.111000e+01 2.115500e+01 2.080917e+01 2.077615e+01
2.112000e+01 2.114500e+01 2.080823e+01 2.077492e+01 2.111500e+01 2.115000e+01 2.080863e+01 2.077552e+01
2.051000e+01 2.115500e+01 2.083366e+01 2.076584e+01 2.051500e+01 2.116000e+01 2.083315e+01 2.076662e+01
2.051500e+01 2.116000e+01 2.083315e+01 2.076662e+01 2.052000e+01 2.116500e+01 2.083251e+01 2.076743e+01
2.110500e+01 2.116000e+01 2.080968e+01 2.077690e+01 2.110000e+01 2.116500e+01 2.081032e+01 2.077769e+01
2.111000e+01 2.115500e+01 2.080917e+01 2.077615e+01 2.110500e+01 2.116000e+01 2.080968e+01 2.077690e+01
2.052000e+01 2.116500e+01 2.083251e+01 2.076743e+01 2.052500e+01 2.117000e+01 2.083192e+01 2.076837e+01
2.052500e+01 2.117000e+01 2.083192e+01 2.076837e+01 2.053000e+01 2.117500e+01 2.083120e+01 2.076937e+01
2.109500e+01 2.117000e+01 2.081091e+01 2.077861e+01 2.109000e+01 2.117500e+01 2.081162e+01 2.077956e+01
2.110000e+01 2.116500e+01 2.081032e+01 2.077769e+01 2.109500e+01 2.117000e+01 2.081091e+01 2.077861e+01
2.053000e+01 2.117500e+01 2.083120e+01 2.076937e+01 2.053500e+01 2.118000e+01 2.083052e+01 2.077049e+01
2.053500e+01 2.118000e+01 2.083052e+01 2.077049e+01 2.054000e+01 2.118500e+01 2.082974e+01 2.077166e+01
2.108500e+01 2.118000e+01 2.081229e+01 2.078064e+01 2.108000e+01 2.118500e+01 2.081307e+01 2.078177e+01
2.109000e+01 2.117500e+01 2.081162e+01 2.077956e+01 2.108500e+01 2.118000e+01 2.081229e+01 2.078064e+01
2.054000e+01 2.118500e+01 2.082974e+01 2.077166e+01 2.054500e+01 2.119000e+01 2.082901e+01 2.077296e+01
2.054500e+01 2.119000e+01 2.082901e+01 2.077296e+01 2.055000e+01 2.119500e+01 2.082817e+01 2.077432e+01
2.107500e+01 2.119000e+01 2.081380e+01 2.078301e+01 2.107000e+01 2.119500e+01 2.081463e+01 2.078432e+01
2.108000e+01 2.118500e+01 2.081307e+01 2.078177e+01 2.107500e+01 2.119000e+01 2.081380e+01 2.078301e+01
2.055000e+01 2.119500e+01 2.082817e+01 2.077432e+01 2.055500e+01 2.120000e+01 2.082739e+01 2.077581e+01
2.055500e+01 2.120000e+01 2.082739e+01 2.077581e+01 2.056500e+01 2.120000e+01 2.082959e+01 2.077185e+01
2.056500e+01 2.120000e+01 2.082959e+01 2.077185e+01 2.057000e+01 2.120500e+01 2.082862e+01 2.077348e+01
2.105500e+01 2.120000e+01 2.081287e+01 2.078147e+01 2.105000e+01 2.120500e+01 2.081383e+01 2.078302e+01
2.105500e+01 2.120000e+01 2.081287e+01 2.078147e+01 2.106500e+01 2.120000e+01 2.081540e+01 2.078574e+01
2.107000e+01 2.119500e+01 2.081463e+01 2.078432e+01 2.106500e+01 2.120000e+01 2.081540e+01 2.078574e+01
2.057000e+01 2.120500e+01 2.082862e+01 2.077348e+01 2.057500e+01 2.121000e+01 2.082772e+01 2.077523e+01
2.057500e+01 2.121000e+01 2.082772e+01 2.077523e+01 2.058000e+01 2.121500e+01 2.082674e+01 2.077706e+01
2.104500e+01 2.121000e+01 2.081473e+01 2.078469e+01 2.104000e+01 2.121500e+01 2.081571e+01 2.078643e+01
2.105000e+01 2.120500e+01 2.081383e+01 2.078302e+01 2.104500e+01 2.121000e+01 2.081473e+01 2.078469e+01
2.058000e+01 2.121500e+01 2.082674e+01 2.077706e+01 2.058500e+01 2.122000e+01 2.082584e+01 2.077900e+01
2.058500e+01 2.122000e+01 2.082584e+01 2.077900e+01 2.059000e+01 2.122500e+01 2.082487e+01 2.078103e+01
2.102500e+01 2.122000e+01 2.081466e+01 2.078436e+01 2.102000e+01 2.122500e+01 2.081571e+01 2.078637e+01
2.102500e+01 2.122000e+01 2.081466e+01 2.078436e+01 2.103500e+01 2.122000e+01 2.081661e+01 2.078828e+01
2.104000e+01 2.121500e+01 2.081571e+01 2.078643e+01 2.103500e+01 2.122000e+01 2.081661e+01 2.078828e+01
2.059000e+01 2.122500e+01 2.082487e+01 2.078103e+01 2.059500e+01 2.123000e+01 2.082398e+01 2.078317e+01
2.059500e+01 2.123000e+01 2.082398e+01 2.078317e+01 2.060500e+01 2.123000e+01 2.082546e+01 2.077977e+01
2.060500e+01 2.123000e+01 2.082546e+01 2.077977e+01 2.061000e+01 2.123500e+01 2.082444e+01 2.078210e+01
2.101500e+01 2.123000e+01 2.081668e+01 2.078848e+01 2.101000e+01 2.123500e+01 2.081772e+01 2.079069e+01
2.102000e+01 2.122500e+01 2.081571e+01 2.078637e+01 2.101500e+01 2.123000e+01 2.081668e+01 2.078848e+01
2.061000e+01 2.123500e+01 2.082444e+01 2.078210e+01 2.061500e+01 2.124000e+01 2.082352e+01 2.078452e+01
2.061500e+01 2.124000e+01 2.082352e+01 2.078452e+01 2.062500e+01 2.124000e+01 2.082468e+01 2.078142e+01
2.062500e+01 2.124000e+01 2.082468e+01 2.078142e+01 2.063000e+01 2.124500e+01 2.082366e+01 2.078404e+01
2.099500e+01 2.124000e+01 2.081718e+01 2.078950e+01 2.099000e+01 2.124500e+01 2.081823e+01 2.079199e+01
2.099500e+01 2.124000e+01 2.081718e+01 2.078950e+01 2.100500e+01 2.124000e+01 2.081866e+01 2.079299e+01
2.101000e+01 2.123500e+01 2.081772e+01 2.079069e+01 2.100500e+01 2.124000e+01 2.081866e+01 2.079299e+01
2.063000e+01 2.124500e+01 2.082366e+01 2.078404e+01 2.063500e+01 2.125000e+01 2.082275e+01 2.078676e+01
2.063500e+01 2.125000e+01 2.082275e+01 2.078676e+01 2.064500e+01 2.125000e+01 2.082364e+01 2.078397e+01
2.064500e+01 2.125000e+01 2.082364e+01 2.078397e+01 2.065000e+01 2.125500e+01 2.082267e+01 2.078690e+01
2.097500e+01 2.125000e+01 2.081799e+01 2.079138e+01 2.097000e+01 2.125500e+01 2.081902e+01 2.079415e+01
2.097500e+01 2.125000e+01 2.081799e+01 2.079138e+01 2.098500e+01 2.125000e+01 2.081919e+01 2.079456e+01
2.099000e+01 2.124500e+01 2.081823e+01 2.079199e+01 2.098500e+01 2.125000e+01 2.081919e+01 2.079456e+01
2.065000e+01 2.125500e+01 2.082267e+01 2.078690e+01 2.065500e+01 2.126000e+01 2.082180e+01 2.078992e+01
2.065500e+01 2.126000e+01 2.082180e+01 2.078992e+01 2.066500e+01 2.126000e+01 2.082248e+01 2.078747e+01
2.066500e+01 2.126000e+01 2.082248e+01 2.078747e+01 2.067000e+01 2.126500e+01 2.082158e+01 2.079071e+01
2.094500e+01 2.126000e+01 2.081820e+01 2.079141e+01 2.094000e+01 2.126500e+01 2.081918e+01 2.079457e+01
2.094500e+01 2.126000e+01 2.081820e+01 2.079141e+01 2.095500e+01 2.126000e+01 2.081899e+01 2.079414e+01
2.095500e+01 2.126000e+01 2.081899e+01 2.079414e+01 2.096500e+01 2.126000e+01 2.081995e+01 2.079700e+01
2.097000e+01 2.125500e+01 2.081902e+01 2.079415e+01 2.096500e+01 2.126000e+01 2.081995e+01 2.079700e+01
2.067000e+01 2.126500e+01 2.082158e+01 2.079071e+01 2.067500e+01 2.127000e+01 2.082080e+01 2.079402e+01
2.067500e+01 2.127000e+01 2.082080e+01 2.079402e+01 2.068500e+01 2.127000e+01 2.082132e+01 2.079193e+01
2.068500e+01 2.127000e+01 2.082132e+01 2.079193e+01 2.069500e+01 2.127000e+01 2.082170e+01 2.078999e+01
2.069500e+01 2.127000e+01 2.082170e+01 2.078999e+01 2.070000e+01 2.127500e+01 2.082094e+01 2.079364e+01
2.091500e+01 2.127000e+01 2.081895e+01 2.079320e+01 2.091000e+01 2.127500e+01 2.081981e+01 2.079675e+01
2.091500e+01 2.127000e+01 2.081895e+01 2.079320e+01 2.092500e+01 2.127000e+01 2.081943e+01 2.079542e+01
2.092500e+01 2.127000e+01 2.081943e+01 2.079542e+01 2.093500e+01 2.127000e+01 2.082005e+01 2.079780e+01
2.094000e+01 2.126500e+01 2.081918e+01 2.079457e+01 2.093500e+01 2.127000e+01 2.082005e+01 2.079780e+01
2.070000e+01 2.127500e+01 2.082094e+01 2.079364e+01 2.070500e+01 2.128000e+01 2.082029e+01 2.079735e+01
2.070500e+01 2.128000e+01 2.082029e+01 2.079735e+01 2.071500e+01 2.128000e+01 2.082060e+01 2.079579e+01
2.071500e+01 2.128000e+01 2.082060e+01 2.079579e+01 2.072500e+01 2.128000e+01 2.082081e+01 2.079439e+01
2.072500e+01 2.128000e+01 2.082081e+01 2.079439e+01 2.073500e+01 2.128000e+01 2.082093e+01 2.079317e+01
2.073500e+01 2.128000e+01 2.082093e+01 2.079317e+01 2.074000e+01 2.128500e+01 2.082042e+01 2.079732e+01
2.087500e+01 2.128000e+01 2.081969e+01 2.079528e+01 2.087000e+01 2.128500e+01 2.082031e+01 2.079931e+01
2.087500e+01 2.128000e+01 2.081969e+01 2.079528e+01 2.088500e+01 2.128000e+01 2.081988e+01 2.079680e+01
2.088500e+01 2.128000e+01 2.081988e+01 2.079680e+01 2.089500e+01 2.128000e+01 2.082016e+01 2.079850e+01
2.089500e+01 2.128000e+01 2.082016e+01 2.079850e+01 2.090500e+01 2.128000e+01 2.082056e+01 2.080035e+01
2.091000e+01 2.127500e+01 2.081981e+01 2.079675e+01 2.090500e+01 2.128000e+01 2.082056e+01 2.080035e+01
2.074000e+01 2.128500e+01 2.082042e+01 2.079732e+01 2.074500e+01 2.129000e+01 2.082002e+01 2.080151e+01
2.074500e+01 2.129000e+01 2.082002e+01 2.080151e+01 2.075500e+01 2.129000e+01 2.082017e+01 2.080068e+01
2.075500e+01 2.129000e+01 2.082017e+01 2.080068e+01 2.076500e+01 2.129000e+01 2.082027e+01 2.080002e+01
2.076500e+01 2.129000e+01 2.082027e+01 2.080002e+01 2.077500e+01 2.129000e+01 2.082032e+01 2.079954e+01
2.077500e+01 2.129000e+01 2.082032e+01 2.079954e+01 2.078500e+01 2.129000e+01 2.082034e+01 2.079924e+01
2.078500e+01 2.129000e+01 2.082034e+01 2.079924e+01 2.079500e+01 2.129000e+01 2.082034e+01 2.079912e+01
2.079500e+01 2.129000e+01 2.082034e+01 2.079912e+01 2.080500e+01 2.129000e+01 2.082034e+01 2.079918e+01
2.080500e+01 2.129000e+01 2.082034e+01 2.079918e+01 2.081500e+01 2.129000e+01 2.082034e+01 2.079943e+01
2.081500e+01 2.129000e+01 2.082034e+01 2.079943e+01 2.082500e+01 2.129000e+01 2.082036e+01 2.079986e+01
2.082500e+01 2.129000e+01 2.082036e+01 2.079986e+01 2.083500e+01 2.129000e+01 2.082041e+01 2.080047e+01
2.083500e+01 2.129000e+01 2.082041e+01 2.080047e+01 2.084500e+01 2.129000e+01 2.082050e+01 2.080126e+01
2.084500e+01 2.129000e+01 2.082050e+01 2.080126e+01 2.085500e+01 2.129000e+01 2.082063e+01 2.080223e+01
2.085500e+01 2.129000e+01 2.082063e+01 2.080223e+01 2.086500e+01 2.129000e+01 2.082084e+01 2.080338e+01
2.087000e+01 2.128500e+01 2.082031e+01 2.079931e+01 2.086500e+01 2.129000e+01 2.082084e+01 2.080338e+01
