2.079500e+01 2.026000e+01 2.080831e+01 2.074032e+01 2.079000e+01 2.026500e+01 2.080861e+01 2.074493e+01
2.079500e+01 2.026000e+01 2.080831e+01 2.074032e+01 2.080500e+01 2.026000e+01 2.080842e+01 2.074089e+01
2.080500e+01 2.026000e+01 2.080842e+01 2.074089e+01 2.081500e+01 2.026000e+01 2.080851e+01 2.074127e+01
2.081500e+01 2.026000e+01 2.080851e+01 2.074127e+01 2.082500e+01 2.026000e+01 2.080859e+01 2.074146e+01
2.082500e+01 2.026000e+01 2.080859e+01 2.074146e+01 2.083500e+01 2.026000e+01 2.080866e+01 2.074146e+01
2.083500e+01 2.026000e+01 2.080866e+01 2.074146e+01 2.084500e+01 2.026000e+01 2.080874e+01 2.074128e+01
2.084500e+01 2.026000e+01 2.080874e+01 2.074128e+01 2.085500e+01 2.026000e+01 2.080884e+01 2.074090e+01
2.085500e+01 2.026000e+01 2.080884e+01 2.074090e+01 2.086000e+01 2.026500e+01 2.080862e+01 2.074558e+01
2.072500e+01 2.027000e+01 2.080780e+01 2.074098e+01 2.072000e+01 2.027500e+01 2.080854e+01 2.074480e+01
2.072500e+01 2.027000e+01 2.080780e+01 2.074098e+01 2.073500e+01 2.027000e+01 2.080822e+01 2.074285e+01
2.073500e+01 2.027000e+01 2.080822e+01 2.074285e+01 2.074500e+01 2.027000e+01 2.080855e+01 2.074454e+01
2.074500e+01 2.027000e+01 2.080855e+01 2.074454e+01 2.075500e+01 2.027000e+01 2.080878e+01 2.074606e+01
2.075500e+01 2.027000e+01 2.080878e+01 2.074606e+01 2.076500e+01 2.027000e+01 2.080892e+01 2.074739e+01
2.076500e+01 2.027000e+01 2.080892e+01 2.074739e+01 2.077500e+01 2.027000e+01 2.080900e+01 2.074854e+01
2.077500e+01 2.027000e+01 2.080900e+01 2.074854e+01 2.078500e+01 2.027000e+01 2.080901e+01 2.074950e+01
2.079000e+01 2.026500e+01 2.080861e+01 2.074493e+01 2.078500e+01 2.027000e+01 2.080901e+01 2.074950e+01
2.086000e+01 2.026500e+01 2.080862e+01 2.074558e+01 2.086500e+01 2.027000e+01 2.080830e+01 2.075021e+01
2.086500e+01 2.027000e+01 2.080830e+01 2.075021e+01 2.087500e+01 2.027000e+01 2.080828e+01 2.074943e+01
2.087500e+01 2.027000e+01 2.080828e+01 2.074943e+01 2.088500e+01 2.027000e+01 2.080832e+01 2.074845e+01
2.088500e+01 2.027000e+01 2.080832e+01 2.074845e+01 2.089500e+01 2.027000e+01 2.080843e+01 2.074730e+01
2.089500e+01 2.027000e+01 2.080843e+01 2.074730e+01 2.090500e+01 2.027000e+01 2.080862e+01 2.074597e+01
2.090500e+01 2.027000e+01 2.080862e+01 2.074597e+01 2.091500e+01 2.027000e+01 2.080890e+01 2.074446e+01
2.091500e+01 2.027000e+01 2.080890e+01 2.074446e+01 2.092000e+01 2.027500e+01 2.080825e+01 2.074840e+01
2.069500e+01 2.028000e+01 2.080827e+01 2.074388e+01 2.069000e+01 2.028500e+01 2.080917e+01 2.074730e+01
2.069500e+01 2.028000e+01 2.080827e+01 2.074388e+01 2.070500e+01 2.028000e+01 2.080891e+01 2.074630e+01
2.070500e+01 2.028000e+01 2.080891e+01 2.074630e+01 2.071500e+01 2.028000e+01 2.080940e+01 2.074855e+01
2.072000e+01 2.027500e+01 2.080854e+01 2.074480e+01 2.071500e+01 2.028000e+01 2.080940e+01 2.074855e+01
2.092000e+01 2.027500e+01 2.080825e+01 2.074840e+01 2.092500e+01 2.028000e+01 2.080748e+01 2.075227e+01
2.092500e+01 2.028000e+01 2.080748e+01 2.075227e+01 2.093500e+01 2.028000e+01 2.080779e+01 2.075035e+01
2.093500e+01 2.028000e+01 2.080779e+01 2.075035e+01 2.094500e+01 2.028000e+01 2.080824e+01 2.074828e+01
2.094500e+01 2.028000e+01 2.080824e+01 2.074828e+01 2.095500e+01 2.028000e+01 2.080881e+01 2.074604e+01
2.095500e+01 2.028000e+01 2.080881e+01 2.074604e+01 2.096000e+01 2.028500e+01 2.080798e+01 2.074944e+01
2.066500e+01 2.029000e+01 2.080845e+01 2.074492e+01 2.066000e+01 2.029500e+01 2.080943e+01 2.074794e+01
2.066500e+01 2.029000e+01 2.080845e+01 2.074492e+01 2.067500e+01 2.029000e+01 2.080939e+01 2.074785e+01
2.067500e+01 2.029000e+01 2.080939e+01 2.074785e+01 2.068500e+01 2.029000e+01 2.081018e+01 2.075064e+01
2.069000e+01 2.028500e+01 2.080917e+01 2.074730e+01 2.068500e+01 2.029000e+01 2.081018e+01 2.075064e+01
2.096000e+01 2.028500e+01 2.080798e+01 2.074944e+01 2.096500e+01 2.029000e+01 2.080703e+01 2.075275e+01
2.096500e+01 2.029000e+01 2.080703e+01 2.075275e+01 2.097500e+01 2.029000e+01 2.080775e+01 2.075014e+01
2.097500e+01 2.029000e+01 2.080775e+01 2.075014e+01 2.098500e+01 2.029000e+01 2.080863e+01 2.074739e+01
2.098500e+01 2.029000e+01 2.080863e+01 2.074739e+01 2.099000e+01 2.029500e+01 2.080772e+01 2.075035e+01
2.063500e+01 2.030000e+01 2.080799e+01 2.074419e+01 2.063000e+01 2.030500e+01 2.080897e+01 2.074680e+01
2.063500e+01 2.030000e+01 2.080799e+01 2.074419e+01 2.064500e+01 2.030000e+01 2.080934e+01 2.074758e+01
2.064500e+01 2.030000e+01 2.080934e+01 2.074758e+01 2.065500e+01 2.030000e+01 2.081051e+01 2.075085e+01
2.066000e+01 2.029500e+01 2.080943e+01 2.074794e+01 2.065500e+01 2.030000e+01 2.081051e+01 2.075085e+01
2.099000e+01 2.029500e+01 2.080772e+01 2.075035e+01 2.099500e+01 2.030000e+01 2.080670e+01 2.075321e+01
2.099500e+01 2.030000e+01 2.080670e+01 2.075321e+01 2.100500e+01 2.030000e+01 2.080780e+01 2.075012e+01
2.100500e+01 2.030000e+01 2.080780e+01 2.075012e+01 2.101000e+01 2.030500e+01 2.080685e+01 2.075276e+01
2.061500e+01 2.031000e+01 2.080841e+01 2.074561e+01 2.061000e+01 2.031500e+01 2.080939e+01 2.074792e+01
2.061500e+01 2.031000e+01 2.080841e+01 2.074561e+01 2.062500e+01 2.031000e+01 2.081005e+01 2.074930e+01
2.063000e+01 2.030500e+01 2.080897e+01 2.074680e+01 2.062500e+01 2.031000e+01 2.081005e+01 2.074930e+01
2.101000e+01 2.030500e+01 2.080685e+01 2.075276e+01 2.101500e+01 2.031000e+01 2.080579e+01 2.075529e+01
2.101500e+01 2.031000e+01 2.080579e+01 2.075529e+01 2.102500e+01 2.031000e+01 2.080717e+01 2.075188e+01
2.102500e+01 2.031000e+01 2.080717e+01 2.075188e+01 2.103000e+01 2.031500e+01 2.080621e+01 2.075421e+01
2.059500e+01 2.032000e+01 2.080849e+01 2.074615e+01 2.059000e+01 2.032500e+01 2.080943e+01 2.074818e+01
2.059500e+01 2.032000e+01 2.080849e+01 2.074615e+01 2.060500e+01 2.032000e+01 2.081046e+01 2.075012e+01
2.061000e+01 2.031500e+01 2.080939e+01 2.074792e+01 2.060500e+01 2.032000e+01 2.081046e+01 2.075012e+01
2.103000e+01 2.031500e+01 2.080621e+01 2.075421e+01 2.103500e+01 2.032000e+01 2.080516e+01 2.075641e+01
2.103500e+01 2.032000e+01 2.080516e+01 2.075641e+01 2.104500e+01 2.032000e+01 2.080687e+01 2.075271e+01
2.104500e+01 2.032000e+01 2.080687e+01 2.075271e+01 2.105000e+01 2.032500e+01 2.080594e+01 2.075473e+01
2.058500e+01 2.033000e+01 2.081045e+01 2.075008e+01 2.058000e+01 2.033500e+01 2.081139e+01 2.075191e+01
2.059000e+01 2.032500e+01 2.080943e+01 2.074818e+01 2.058500e+01 2.033000e+01 2.081045e+01 2.075008e+01
2.105000e+01 2.032500e+01 2.080594e+01 2.075473e+01 2.105500e+01 2.033000e+01 2.080493e+01 2.075661e+01
2.105500e+01 2.033000e+01 2.080493e+01 2.075661e+01 2.106500e+01 2.033000e+01 2.080701e+01 2.075267e+01
2.106500e+01 2.033000e+01 2.080701e+01 2.075267e+01 2.107000e+01 2.033500e+01 2.080616e+01 2.075439e+01
2.056500e+01 2.034000e+01 2.080990e+01 2.074924e+01 2.056000e+01 2.034500e+01 2.081075e+01 2.075080e+01
2.056500e+01 2.034000e+01 2.080990e+01 2.074924e+01 2.057500e+01 2.034000e+01 2.081240e+01 2.075361e+01
2.058000e+01 2.033500e+01 2.081139e+01 2.075191e+01 2.057500e+01 2.034000e+01 2.081240e+01 2.075361e+01
2.107000e+01 2.033500e+01 2.080616e+01 2.075439e+01 2.107500e+01 2.034000e+01 2.080524e+01 2.075598e+01
2.107500e+01 2.034000e+01 2.080524e+01 2.075598e+01 2.108000e+01 2.034500e+01 2.080441e+01 2.075749e+01
2.055500e+01 2.035000e+01 2.081166e+01 2.075222e+01 2.055000e+01 2.035500e+01 2.081247e+01 2.075358e+01
2.056000e+01 2.034500e+01 2.081075e+01 2.075080e+01 2.055500e+01 2.035000e+01 2.081166e+01 2.075222e+01
2.108000e+01 2.034500e+01 2.080441e+01 2.075749e+01 2.108500e+01 2.035000e+01 2.080351e+01 2.075886e+01
2.108500e+01 2.035000e+01 2.080351e+01 2.075886e+01 2.109500e+01 2.035000e+01 2.080620e+01 2.075458e+01
2.109500e+01 2.035000e+01 2.080620e+01 2.075458e+01 2.110000e+01 2.035500e+01 2.080551e+01 2.075582e+01
2.053500e+01 2.036000e+01 2.081021e+01 2.075015e+01 2.053000e+01 2.036500e+01 2.081087e+01 2.075126e+01
2.053500e+01 2.036000e+01 2.081021e+01 2.075015e+01 2.054500e+01 2.036000e+01 2.081334e+01 2.075481e+01
2.055000e+01 2.035500e+01 2.081247e+01 2.075358e+01 2.054500e+01 2.036000e+01 2.081334e+01 2.075481e+01
2.110000e+01 2.035500e+01 2.080551e+01 2.075582e+01 2.110500e+01 2.036000e+01 2.080476e+01 2.075692e+01
2.110500e+01 2.036000e+01 2.080476e+01 2.075692e+01 2.111000e+01 2.036500e+01 2.080412e+01 2.075797e+01
2.052500e+01 2.037000e+01 2.081158e+01 2.075224e+01 2.052000e+01 2.037500e+01 2.081217e+01 2.075318e+01
2.053000e+01 2.036500e+01 2.081087e+01 2.075126e+01 2.052500e+01 2.037000e+01 2.081158e+01 2.075224e+01
2.111000e+01 2.036500e+01 2.080412e+01 2.075797e+01 2.111500e+01 2.037000e+01 2.080344e+01 2.075887e+01
2.111500e+01 2.037000e+01 2.080344e+01 2.075887e+01 2.112000e+01 2.037500e+01 2.080288e+01 2.075973e+01
2.051500e+01 2.038000e+01 2.081280e+01 2.075398e+01 2.051000e+01 2.038500e+01 2.081331e+01 2.075474e+01
2.052000e+01 2.037500e+01 2.081217e+01 2.075318e+01 2.051500e+01 2.038000e+01 2.081280e+01 2.075398e+01
2.112000e+01 2.037500e+01 2.080288e+01 2.075973e+01 2.112500e+01 2.038000e+01 2.080228e+01 2.076045e+01
2.112500e+01 2.038000e+01 2.080228e+01 2.076045e+01 2.113000e+01 2.038500e+01 2.080180e+01 2.076113e+01
2.050500e+01 2.039000e+01 2.081386e+01 2.075537e+01 2.050000e+01 2.039500e+01 2.081428e+01 2.075596e+01
2.051000e+01 2.038500e+01 2.081331e+01 2.075474e+01 2.050500e+01 2.039000e+01 2.081386e+01 2.075537e+01
2.113000e+01 2.038500e+01 2.080180e+01 2.076113e+01 2.113500e+01 2.039000e+01 2.080130e+01 2.076166e+01
2.113500e+01 2.039000e+01 2.080130e+01 2.076166e+01 2.114000e+01 2.039500e+01 2.080093e+01 2.076216e+01
2.049500e+01 2.040000e+01 2.081472e+01 2.075642e+01 2.049000e+01 2.040500e+01 2.081504e+01 2.075685e+01
2.050000e+01 2.039500e+01 2.081428e+01 2.075596e+01 2.049500e+01 2.040000e+01 2.081472e+01 2.075642e+01
2.114000e+01 2.039500e+01 2.080093e+01 2.076216e+01 2.114500e+01 2.040000e+01 2.080054e+01 2.076252e+01
2.114500e+01 2.040000e+01 2.080054e+01 2.076252e+01 2.115000e+01 2.040500e+01 2.080029e+01 2.076287e+01
2.048500e+01 2.041000e+01 2.081537e+01 2.075715e+01 2.048000e+01 2.041500e+01 2.081556e+01 2.075744e+01
2.049000e+01 2.040500e+01 2.081504e+01 2.075685e+01 2.048500e+01 2.041000e+01 2.081537e+01 2.075715e+01
2.115000e+01 2.040500e+01 2.080029e+01 2.076287e+01 2.115500e+01 2.041000e+01 2.080003e+01 2.076307e+01
2.115500e+01 2.041000e+01 2.080003e+01 2.076307e+01 2.116000e+01 2.041500e+01 2.079991e+01 2.076326e+01
2.047500e+01 2.042000e+01 2.081576e+01 2.075759e+01 2.047000e+01 2.042500e+01 2.081583e+01 2.075774e+01
2.048000e+01 2.041500e+01 2.081556e+01 2.075744e+01 2.047500e+01 2.042000e+01 2.081576e+01 2.075759e+01
2.116000e+01 2.041500e+01 2.079991e+01 2.076326e+01 2.116500e+01 2.042000e+01 2.079979e+01 2.076331e+01
2.116500e+01 2.042000e+01 2.079979e+01 2.076331e+01 2.117000e+01 2.042500e+01 2.079981e+01 2.076337e+01
2.046500e+01 2.043000e+01 2.081589e+01 2.075775e+01 2.046000e+01 2.043500e+01 2.081581e+01 2.075777e+01
2.047000e+01 2.042500e+01 2.081583e+01 2.075774e+01 2.046500e+01 2.043000e+01 2.081589e+01 2.075775e+01
2.117000e+01 2.042500e+01 2.079981e+01 2.076337e+01 2.117500e+01 2.043000e+01 2.079985e+01 2.076328e+01
2.117500e+01 2.043000e+01 2.079985e+01 2.076328e+01 2.118000e+01 2.043500e+01 2.080003e+01 2.076321e+01
2.045500e+01 2.044000e+01 2.081572e+01 2.075765e+01 2.045000e+01 2.044500e+01 2.081549e+01 2.075756e+01
2.046000e+01 2.043500e+01 2.081581e+01 2.075777e+01 2.045500e+01 2.044000e+01 2.081572e+01 2.075765e+01
2.118000e+01 2.043500e+01 2.080003e+01 2.076321e+01 2.118500e+01 2.044000e+01 2.080023e+01 2.076301e+01
2.118500e+01 2.044000e+01 2.080023e+01 2.076301e+01 2.119000e+01 2.044500e+01 2.080058e+01 2.076283e+01
2.045000e+01 2.044500e+01 2.081549e+01 2.075756e+01 2.045000e+01 2.045500e+01 2.082047e+01 2.076209e+01
2.119000e+01 2.044500e+01 2.080058e+01 2.076283e+01 2.119000e+01 2.045500e+01 2.079594e+01 2.076684e+01
2.044500e+01 2.046000e+01 2.082020e+01 2.076173e+01 2.044000e+01 2.046500e+01 2.081978e+01 2.076141e+01
2.045000e+01 2.045500e+01 2.082047e+01 2.076209e+01 2.044500e+01 2.046000e+01 2.082020e+01 2.076173e+01
2.119000e+01 2.045500e+01 2.079594e+01 2.076684e+01 2.119500e+01 2.046000e+01 2.079636e+01 2.076641e+01
2.119500e+01 2.046000e+01 2.079636e+01 2.076641e+01 2.120000e+01 2.046500e+01 2.079692e+01 2.076600e+01
2.043500e+01 2.047000e+01 2.081932e+01 2.076096e+01 2.043000e+01 2.047500e+01 2.081872e+01 2.076055e+01
2.044000e+01 2.046500e+01 2.081978e+01 2.076141e+01 2.043500e+01 2.047000e+01 2.081932e+01 2.076096e+01
2.120000e+01 2.046500e+01 2.079692e+01 2.076600e+01 2.120500e+01 2.047000e+01 2.079753e+01 2.076548e+01
2.120500e+01 2.047000e+01 2.079753e+01 2.076548e+01 2.121000e+01 2.047500e+01 2.079830e+01 2.076501e+01
2.042500e+01 2.048000e+01 2.081809e+01 2.076002e+01 2.042000e+01 2.048500e+01 2.081730e+01 2.075954e+01
2.043000e+01 2.047500e+01 2.081872e+01 2.076055e+01 2.042500e+01 2.048000e+01 2.081809e+01 2.076002e+01
2.121000e+01 2.047500e+01 2.079830e+01 2.076501e+01 2.121000e+01 2.048500e+01 2.079383e+01 2.076830e+01
2.042000e+01 2.048500e+01 2.081730e+01 2.075954e+01 2.042000e+01 2.049500e+01 2.082206e+01 2.076311e+01
2.121000e+01 2.048500e+01 2.079383e+01 2.076830e+01 2.121500e+01 2.049000e+01 2.079470e+01 2.076760e+01
2.121500e+01 2.049000e+01 2.079470e+01 2.076760e+01 2.122000e+01 2.049500e+01 2.079573e+01 2.076696e+01
2.041500e+01 2.050000e+01 2.082118e+01 2.076241e+01 2.041000e+01 2.050500e+01 2.082015e+01 2.076176e+01
2.042000e+01 2.049500e+01 2.082206e+01 2.076311e+01 2.041500e+01 2.050000e+01 2.082118e+01 2.076241e+01
2.122000e+01 2.049500e+01 2.079573e+01 2.076696e+01 2.122000e+01 2.050500e+01 2.079141e+01 2.076979e+01
2.041000e+01 2.050500e+01 2.082015e+01 2.076176e+01 2.041000e+01 2.051500e+01 2.082476e+01 2.076488e+01
2.122000e+01 2.050500e+01 2.079141e+01 2.076979e+01 2.122500e+01 2.051000e+01 2.079258e+01 2.076895e+01
2.122500e+01 2.051000e+01 2.079258e+01 2.076895e+01 2.123000e+01 2.051500e+01 2.079389e+01 2.076818e+01
2.040500e+01 2.052000e+01 2.082360e+01 2.076404e+01 2.040000e+01 2.052500e+01 2.082230e+01 2.076327e+01
2.041000e+01 2.051500e+01 2.082476e+01 2.076488e+01 2.040500e+01 2.052000e+01 2.082360e+01 2.076404e+01
2.123000e+01 2.051500e+01 2.079389e+01 2.076818e+01 2.123000e+01 2.052500e+01 2.078977e+01 2.077058e+01
2.040000e+01 2.052500e+01 2.082230e+01 2.076327e+01 2.040000e+01 2.053500e+01 2.082672e+01 2.076596e+01
2.123000e+01 2.052500e+01 2.078977e+01 2.077058e+01 2.123500e+01 2.053000e+01 2.079125e+01 2.076964e+01
2.123500e+01 2.053000e+01 2.079125e+01 2.076964e+01 2.124000e+01 2.053500e+01 2.079287e+01 2.076879e+01
2.039500e+01 2.054000e+01 2.082527e+01 2.076501e+01 2.039000e+01 2.054500e+01 2.082369e+01 2.076415e+01
2.040000e+01 2.053500e+01 2.082672e+01 2.076596e+01 2.039500e+01 2.054000e+01 2.082527e+01 2.076501e+01
2.124000e+01 2.053500e+01 2.079287e+01 2.076879e+01 2.124000e+01 2.054500e+01 2.078900e+01 2.077080e+01
2.039000e+01 2.054500e+01 2.082369e+01 2.076415e+01 2.039000e+01 2.055500e+01 2.082787e+01 2.076644e+01
2.124000e+01 2.054500e+01 2.078900e+01 2.077080e+01 2.124500e+01 2.055000e+01 2.079081e+01 2.076980e+01
2.124500e+01 2.055000e+01 2.079081e+01 2.076980e+01 2.125000e+01 2.055500e+01 2.079275e+01 2.076890e+01
2.038500e+01 2.056000e+01 2.082611e+01 2.076543e+01 2.038000e+01 2.056500e+01 2.082423e+01 2.076451e+01
2.039000e+01 2.055500e+01 2.082787e+01 2.076644e+01 2.038500e+01 2.056000e+01 2.082611e+01 2.076543e+01
2.125000e+01 2.055500e+01 2.079275e+01 2.076890e+01 2.125000e+01 2.056500e+01 2.078917e+01 2.077056e+01
2.038000e+01 2.056500e+01 2.082423e+01 2.076451e+01 2.038000e+01 2.057500e+01 2.082814e+01 2.076645e+01
2.125000e+01 2.056500e+01 2.078917e+01 2.077056e+01 2.125500e+01 2.057000e+01 2.079133e+01 2.076955e+01
2.125500e+01 2.057000e+01 2.079133e+01 2.076955e+01 2.126000e+01 2.057500e+01 2.079361e+01 2.076865e+01
2.037500e+01 2.058000e+01 2.082606e+01 2.076541e+01 2.037000e+01 2.058500e+01 2.082386e+01 2.076447e+01
2.038000e+01 2.057500e+01 2.082814e+01 2.076645e+01 2.037500e+01 2.058000e+01 2.082606e+01 2.076541e+01
2.126000e+01 2.057500e+01 2.079361e+01 2.076865e+01 2.126000e+01 2.058500e+01 2.079035e+01 2.077002e+01
2.037000e+01 2.058500e+01 2.082386e+01 2.076447e+01 2.037000e+01 2.059500e+01 2.082747e+01 2.076610e+01
2.126000e+01 2.058500e+01 2.079035e+01 2.077002e+01 2.126000e+01 2.059500e+01 2.078721e+01 2.077120e+01
2.037000e+01 2.059500e+01 2.082747e+01 2.076610e+01 2.037000e+01 2.060500e+01 2.083096e+01 2.076753e+01
2.126000e+01 2.059500e+01 2.078721e+01 2.077120e+01 2.126500e+01 2.060000e+01 2.078983e+01 2.077019e+01
2.126500e+01 2.060000e+01 2.078983e+01 2.077019e+01 2.127000e+01 2.060500e+01 2.079257e+01 2.076931e+01
2.036500e+01 2.061000e+01 2.082844e+01 2.076647e+01 2.036000e+01 2.061500e+01 2.082582e+01 2.076551e+01
2.037000e+01 2.060500e+01 2.083096e+01 2.076753e+01 2.036500e+01 2.061000e+01 2.082844e+01 2.076647e+01
2.127000e+01 2.060500e+01 2.079257e+01 2.076931e+01 2.127000e+01 2.061500e+01 2.078980e+01 2.077026e+01
2.036000e+01 2.061500e+01 2.082582e+01 2.076551e+01 2.036000e+01 2.062500e+01 2.082895e+01 2.076670e+01
2.127000e+01 2.061500e+01 2.078980e+01 2.077026e+01 2.127000e+01 2.062500e+01 2.078719e+01 2.077105e+01
2.036000e+01 2.062500e+01 2.082895e+01 2.076670e+01 2.036000e+01 2.063500e+01 2.083195e+01 2.076771e+01
2.077500e+01 2.063000e+01 2.088160e+01 2.099083e+01 2.077000e+01 2.063500e+01 2.089131e+01 2.098797e+01
2.077500e+01 2.063000e+01 2.088160e+01 2.099083e+01 2.078500e+01 2.063000e+01 2.086589e+01 2.099461e+01
2.078500e+01 2.063000e+01 2.086589e+01 2.099461e+01 2.079500e+01 2.063000e+01 2.084938e+01 2.099738e+01
2.079500e+01 2.063000e+01 2.084938e+01 2.099738e+01 2.080500e+01 2.063000e+01 2.083229e+01 2.099902e+01
2.080500e+01 2.063000e+01 2.083229e+01 2.099902e+01 2.081500e+01 2.063000e+01 2.081486e+01 2.099949e+01
2.081500e+01 2.063000e+01 2.081486e+01 2.099949e+01 2.082500e+01 2.063000e+01 2.079735e+01 2.099874e+01
2.082500e+01 2.063000e+01 2.079735e+01 2.099874e+01 2.083500e+01 2.063000e+01 2.078004e+01 2.099680e+01
2.083500e+01 2.063000e+01 2.078004e+01 2.099680e+01 2.084500e+01 2.063000e+01 2.076317e+01 2.099373e+01
2.084500e+01 2.063000e+01 2.076317e+01 2.099373e+01 2.085500e+01 2.063000e+01 2.074698e+01 2.098961e+01
2.085500e+01 2.063000e+01 2.074698e+01 2.098961e+01 2.086500e+01 2.063000e+01 2.073167e+01 2.098458e+01
2.086500e+01 2.063000e+01 2.073167e+01 2.098458e+01 2.087000e+01 2.063500e+01 2.072163e+01 2.098076e+01
2.127000e+01 2.062500e+01 2.078719e+01 2.077105e+01 2.127000e+01 2.063500e+01 2.078473e+01 2.077169e+01
2.035500e+01 2.064000e+01 2.082898e+01 2.076671e+01 2.035000e+01 2.064500e+01 2.082593e+01 2.076582e+01
2.036000e+01 2.063500e+01 2.083195e+01 2.076771e+01 2.035500e+01 2.064000e+01 2.082898e+01 2.076671e+01
2.075500e+01 2.064000e+01 2.091596e+01 2.097859e+01 2.075000e+01 2.064500e+01 2.092569e+01 2.097396e+01
2.075500e+01 2.064000e+01 2.091596e+01 2.097859e+01 2.076500e+01 2.064000e+01 2.090161e+01 2.098440e+01
2.077000e+01 2.063500e+01 2.089131e+01 2.098797e+01 2.076500e+01 2.064000e+01 2.090161e+01 2.098440e+01
2.087000e+01 2.063500e+01 2.072163e+01 2.098076e+01 2.087500e+01 2.064000e+01 2.071101e+01 2.097613e+01
2.087500e+01 2.064000e+01 2.071101e+01 2.097613e+01 2.088500e+01 2.064000e+01 2.069731e+01 2.096925e+01
2.088500e+01 2.064000e+01 2.069731e+01 2.096925e+01 2.089000e+01 2.064500e+01 2.068748e+01 2.096364e+01
2.127000e+01 2.063500e+01 2.078473e+01 2.077169e+01 2.127500e+01 2.064000e+01 2.078795e+01 2.077079e+01
2.127500e+01 2.064000e+01 2.078795e+01 2.077079e+01 2.128000e+01 2.064500e+01 2.079126e+01 2.077001e+01
2.035000e+01 2.064500e+01 2.082593e+01 2.076582e+01 2.035000e+01 2.065500e+01 2.082853e+01 2.076666e+01
2.073500e+01 2.065000e+01 2.094790e+01 2.096127e+01 2.073000e+01 2.065500e+01 2.095694e+01 2.095513e+01
2.073500e+01 2.065000e+01 2.094790e+01 2.096127e+01 2.074500e+01 2.065000e+01 2.093586e+01 2.096851e+01
2.075000e+01 2.064500e+01 2.092569e+01 2.097396e+01 2.074500e+01 2.065000e+01 2.093586e+01 2.096851e+01
2.089000e+01 2.064500e+01 2.068748e+01 2.096364e+01 2.089500e+01 2.065000e+01 2.067726e+01 2.095716e+01
2.089500e+01 2.065000e+01 2.067726e+01 2.095716e+01 2.090500e+01 2.065000e+01 2.066607e+01 2.094916e+01
2.090500e+01 2.065000e+01 2.066607e+01 2.094916e+01 2.091000e+01 2.065500e+01 2.065716e+01 2.094215e+01
2.128000e+01 2.064500e+01 2.079126e+01 2.077001e+01 2.128000e+01 2.065500e+01 2.078922e+01 2.077053e+01
2.035000e+01 2.065500e+01 2.082853e+01 2.076666e+01 2.035000e+01 2.066500e+01 2.083098e+01 2.076735e+01
2.072500e+01 2.066000e+01 2.096619e+01 2.094815e+01 2.072000e+01 2.066500e+01 2.097472e+01 2.094101e+01
2.073000e+01 2.065500e+01 2.095694e+01 2.095513e+01 2.072500e+01 2.066000e+01 2.096619e+01 2.094815e+01
2.091000e+01 2.065500e+01 2.065716e+01 2.094215e+01 2.091500e+01 2.066000e+01 2.064812e+01 2.093432e+01
2.091500e+01 2.066000e+01 2.064812e+01 2.093432e+01 2.092000e+01 2.066500e+01 2.063987e+01 2.092644e+01
2.128000e+01 2.065500e+01 2.078922e+01 2.077053e+01 2.128000e+01 2.066500e+01 2.078735e+01 2.077093e+01
2.035000e+01 2.066500e+01 2.083098e+01 2.076735e+01 2.035000e+01 2.067500e+01 2.083325e+01 2.076790e+01
2.071500e+01 2.067000e+01 2.098331e+01 2.093306e+01 2.071000e+01 2.067500e+01 2.099108e+01 2.092513e+01
2.072000e+01 2.066500e+01 2.097472e+01 2.094101e+01 2.071500e+01 2.067000e+01 2.098331e+01 2.093306e+01
2.092000e+01 2.066500e+01 2.063987e+01 2.092644e+01 2.092500e+01 2.067000e+01 2.063166e+01 2.091779e+01
2.092500e+01 2.067000e+01 2.063166e+01 2.091779e+01 2.093000e+01 2.067500e+01 2.062430e+01 2.090926e+01
2.128000e+01 2.066500e+01 2.078735e+01 2.077093e+01 2.128000e+01 2.067500e+01 2.078566e+01 2.077122e+01
2.035000e+01 2.067500e+01 2.083325e+01 2.076790e+01 2.035000e+01 2.068500e+01 2.083534e+01 2.076832e+01
2.070500e+01 2.068000e+01 2.099876e+01 2.091644e+01 2.070000e+01 2.068500e+01 2.100558e+01 2.090792e+01
2.071000e+01 2.067500e+01 2.099108e+01 2.092513e+01 2.070500e+01 2.068000e+01 2.099876e+01 2.091644e+01
2.093000e+01 2.067500e+01 2.062430e+01 2.090926e+01 2.093000e+01 2.068500e+01 2.061627e+01 2.089890e+01
2.128000e+01 2.067500e+01 2.078566e+01 2.077122e+01 2.128000e+01 2.068500e+01 2.078416e+01 2.077141e+01
2.034500e+01 2.069000e+01 2.083170e+01 2.076752e+01 2.034000e+01 2.069500e+01 2.082798e+01 2.076684e+01
2.035000e+01 2.068500e+01 2.083534e+01 2.076832e+01 2.034500e+01 2.069000e+01 2.083170e+01 2.076752e+01
2.069500e+01 2.069000e+01 2.101215e+01 2.089878e+01 2.069000e+01 2.069500e+01 2.101789e+01 2.088994e+01
2.070000e+01 2.068500e+01 2.100558e+01 2.090792e+01 2.069500e+01 2.069000e+01 2.101215e+01 2.089878e+01
2.093000e+01 2.068500e+01 2.061627e+01 2.089890e+01 2.093500e+01 2.069000e+01 2.060942e+01 2.088910e+01
2.093500e+01 2.069000e+01 2.060942e+01 2.088910e+01 2.094000e+01 2.069500e+01 2.060347e+01 2.087967e+01
2.128000e+01 2.068500e+01 2.078416e+01 2.077141e+01 2.128000e+01 2.069500e+01 2.078285e+01 2.077151e+01
2.034000e+01 2.069500e+01 2.082798e+01 2.076684e+01 2.034000e+01 2.070500e+01 2.082966e+01 2.076722e+01
2.069000e+01 2.069500e+01 2.101789e+01 2.088994e+01 2.069000e+01 2.070500e+01 2.102465e+01 2.087805e+01
2.094000e+01 2.069500e+01 2.060347e+01 2.087967e+01 2.094500e+01 2.070000e+01 2.059795e+01 2.086981e+01
2.094500e+01 2.070000e+01 2.059795e+01 2.086981e+01 2.095000e+01 2.070500e+01 2.059327e+01 2.086043e+01
2.128000e+01 2.069500e+01 2.078285e+01 2.077151e+01 2.128500e+01 2.070000e+01 2.078691e+01 2.077097e+01
2.128500e+01 2.070000e+01 2.078691e+01 2.077097e+01 2.129000e+01 2.070500e+01 2.079105e+01 2.077054e+01
2.034000e+01 2.070500e+01 2.082966e+01 2.076722e+01 2.034000e+01 2.071500e+01 2.083114e+01 2.076751e+01
2.068500e+01 2.071000e+01 2.102955e+01 2.086833e+01 2.068000e+01 2.071500e+01 2.103367e+01 2.085911e+01
2.069000e+01 2.070500e+01 2.102465e+01 2.087805e+01 2.068500e+01 2.071000e+01 2.102955e+01 2.086833e+01
2.095000e+01 2.070500e+01 2.059327e+01 2.086043e+01 2.095000e+01 2.071500e+01 2.058738e+01 2.084705e+01
2.129000e+01 2.070500e+01 2.079105e+01 2.077054e+01 2.129000e+01 2.071500e+01 2.079018e+01 2.077070e+01
2.034000e+01 2.071500e+01 2.083114e+01 2.076751e+01 2.034000e+01 2.072500e+01 2.083243e+01 2.076772e+01
2.068000e+01 2.071500e+01 2.103367e+01 2.085911e+01 2.068000e+01 2.072500e+01 2.103882e+01 2.084535e+01
2.095000e+01 2.071500e+01 2.058738e+01 2.084705e+01 2.095000e+01 2.072500e+01 2.058224e+01 2.083266e+01
2.129000e+01 2.071500e+01 2.079018e+01 2.077070e+01 2.129000e+01 2.072500e+01 2.078950e+01 2.077081e+01
2.034000e+01 2.072500e+01 2.083243e+01 2.076772e+01 2.034000e+01 2.073500e+01 2.083352e+01 2.076786e+01
2.067500e+01 2.073000e+01 2.104183e+01 2.083581e+01 2.067000e+01 2.073500e+01 2.104418e+01 2.082686e+01
2.068000e+01 2.072500e+01 2.103882e+01 2.084535e+01 2.067500e+01 2.073000e+01 2.104183e+01 2.083581e+01
2.095000e+01 2.072500e+01 2.058224e+01 2.083266e+01 2.095500e+01 2.073000e+01 2.057930e+01 2.082291e+01
2.095500e+01 2.073000e+01 2.057930e+01 2.082291e+01 2.096000e+01 2.073500e+01 2.057704e+01 2.081380e+01
2.129000e+01 2.072500e+01 2.078950e+01 2.077081e+01 2.129000e+01 2.073500e+01 2.078903e+01 2.077088e+01
2.034000e+01 2.073500e+01 2.083352e+01 2.076786e+01 2.034000e+01 2.074500e+01 2.083442e+01 2.076794e+01
2.067000e+01 2.073500e+01 2.104418e+01 2.082686e+01 2.067000e+01 2.074500e+01 2.104727e+01 2.081219e+01
2.096000e+01 2.073500e+01 2.057704e+01 2.081380e+01 2.096000e+01 2.074500e+01 2.057409e+01 2.079888e+01
2.129000e+01 2.073500e+01 2.078903e+01 2.077088e+01 2.129000e+01 2.074500e+01 2.078877e+01 2.077092e+01
2.034000e+01 2.074500e+01 2.083442e+01 2.076794e+01 2.034000e+01 2.075500e+01 2.083510e+01 2.076797e+01
2.067000e+01 2.074500e+01 2.104727e+01 2.081219e+01 2.067000e+01 2.075500e+01 2.104935e+01 2.079692e+01
2.096000e+01 2.074500e+01 2.057409e+01 2.079888e+01 2.096000e+01 2.075500e+01 2.057217e+01 2.078356e+01
2.129000e+01 2.074500e+01 2.078877e+01 2.077092e+01 2.129000e+01 2.075500e+01 2.078870e+01 2.077096e+01
2.034000e+01 2.075500e+01 2.083510e+01 2.076797e+01 2.034000e+01 2.076500e+01 2.083559e+01 2.076797e+01
2.067000e+01 2.075500e+01 2.104935e+01 2.079692e+01 2.067000e+01 2.076500e+01 2.105035e+01 2.078124e+01
2.096000e+01 2.075500e+01 2.057217e+01 2.078356e+01 2.096000e+01 2.076500e+01 2.057133e+01 2.076806e+01
2.129000e+01 2.075500e+01 2.078870e+01 2.077096e+01 2.129000e+01 2.076500e+01 2.078884e+01 2.077099e+01
2.034000e+01 2.076500e+01 2.083559e+01 2.076797e+01 2.034000e+01 2.077500e+01 2.083586e+01 2.076795e+01
2.067000e+01 2.076500e+01 2.105035e+01 2.078124e+01 2.067000e+01 2.077500e+01 2.105022e+01 2.076539e+01
2.096000e+01 2.076500e+01 2.057133e+01 2.076806e+01 2.096000e+01 2.077500e+01 2.057159e+01 2.075258e+01
2.129000e+01 2.076500e+01 2.078884e+01 2.077099e+01 2.129000e+01 2.077500e+01 2.078919e+01 2.077104e+01
2.034000e+01 2.077500e+01 2.083586e+01 2.076795e+01 2.034000e+01 2.078500e+01 2.083593e+01 2.076792e+01
2.067000e+01 2.077500e+01 2.105022e+01 2.076539e+01 2.067000e+01 2.078500e+01 2.104897e+01 2.074958e+01
2.096000e+01 2.077500e+01 2.057159e+01 2.075258e+01 2.096000e+01 2.078500e+01 2.057293e+01 2.073735e+01
2.129000e+01 2.077500e+01 2.078919e+01 2.077104e+01 2.129000e+01 2.078500e+01 2.078974e+01 2.077111e+01
2.034000e+01 2.078500e+01 2.083593e+01 2.076792e+01 2.034000e+01 2.079500e+01 2.083580e+01 2.076789e+01
2.067000e+01 2.078500e+01 2.104897e+01 2.074958e+01 2.067000e+01 2.079500e+01 2.104663e+01 2.073405e+01
2.096000e+01 2.078500e+01 2.057293e+01 2.073735e+01 2.096000e+01 2.079500e+01 2.057530e+01 2.072257e+01
2.129000e+01 2.078500e+01 2.078974e+01 2.077111e+01 2.129000e+01 2.079500e+01 2.079049e+01 2.077122e+01
2.034000e+01 2.079500e+01 2.083580e+01 2.076789e+01 2.034000e+01 2.080500e+01 2.083545e+01 2.076788e+01
2.067000e+01 2.079500e+01 2.104663e+01 2.073405e+01 2.067000e+01 2.080500e+01 2.104326e+01 2.071900e+01
2.095500e+01 2.080000e+01 2.057710e+01 2.071383e+01 2.095000e+01 2.080500e+01 2.057950e+01 2.070450e+01
2.096000e+01 2.079500e+01 2.057530e+01 2.072257e+01 2.095500e+01 2.080000e+01 2.057710e+01 2.071383e+01
2.129000e+01 2.079500e+01 2.079049e+01 2.077122e+01 2.129000e+01 2.080500e+01 2.079144e+01 2.077137e+01
2.034000e+01 2.080500e+01 2.083545e+01 2.076788e+01 2.034000e+01 2.081500e+01 2.083490e+01 2.076790e+01
2.067000e+01 2.080500e+01 2.104326e+01 2.071900e+01 2.067000e+01 2.081500e+01 2.103896e+01 2.070464e+01
2.095000e+01 2.080500e+01 2.057950e+01 2.070450e+01 2.095000e+01 2.081500e+01 2.058400e+01 2.069031e+01
2.129000e+01 2.080500e+01 2.079144e+01 2.077137e+01 2.129000e+01 2.081500e+01 2.079260e+01 2.077159e+01
2.034000e+01 2.081500e+01 2.083490e+01 2.076790e+01 2.034000e+01 2.082500e+01 2.083415e+01 2.076796e+01
2.067000e+01 2.081500e+01 2.103896e+01 2.070464e+01 2.067500e+01 2.082000e+01 2.103569e+01 2.069531e+01
2.067500e+01 2.082000e+01 2.103569e+01 2.069531e+01 2.068000e+01 2.082500e+01 2.103167e+01 2.068540e+01
2.094500e+01 2.082000e+01 2.058755e+01 2.068109e+01 2.094000e+01 2.082500e+01 2.059185e+01 2.067133e+01
2.095000e+01 2.081500e+01 2.058400e+01 2.069031e+01 2.094500e+01 2.082000e+01 2.058755e+01 2.068109e+01
2.128500e+01 2.082000e+01 2.078856e+01 2.077107e+01 2.128000e+01 2.082500e+01 2.078458e+01 2.077043e+01
2.129000e+01 2.081500e+01 2.079260e+01 2.077159e+01 2.128500e+01 2.082000e+01 2.078856e+01 2.077107e+01
2.034000e+01 2.082500e+01 2.083415e+01 2.076796e+01 2.034000e+01 2.083500e+01 2.083320e+01 2.076808e+01
2.068000e+01 2.082500e+01 2.103167e+01 2.068540e+01 2.068000e+01 2.083500e+01 2.102542e+01 2.067219e+01
2.094000e+01 2.082500e+01 2.059185e+01 2.067133e+01 2.094000e+01 2.083500e+01 2.059816e+01 2.065872e+01
2.128000e+01 2.082500e+01 2.078458e+01 2.077043e+01 2.128000e+01 2.083500e+01 2.078616e+01 2.077061e+01
2.034000e+01 2.083500e+01 2.083320e+01 2.076808e+01 2.034000e+01 2.084500e+01 2.083206e+01 2.076826e+01
2.068000e+01 2.083500e+01 2.102542e+01 2.067219e+01 2.068500e+01 2.084000e+01 2.102033e+01 2.066277e+01
2.068500e+01 2.084000e+01 2.102033e+01 2.066277e+01 2.069000e+01 2.084500e+01 2.101438e+01 2.065291e+01
2.093500e+01 2.084000e+01 2.060340e+01 2.064967e+01 2.093000e+01 2.084500e+01 2.060949e+01 2.064024e+01
2.094000e+01 2.083500e+01 2.059816e+01 2.065872e+01 2.093500e+01 2.084000e+01 2.060340e+01 2.064967e+01
2.128000e+01 2.083500e+01 2.078616e+01 2.077061e+01 2.128000e+01 2.084500e+01 2.078792e+01 2.077090e+01
2.034000e+01 2.084500e+01 2.083206e+01 2.076826e+01 2.034000e+01 2.085500e+01 2.083072e+01 2.076852e+01
2.069000e+01 2.084500e+01 2.101438e+01 2.065291e+01 2.069500e+01 2.085000e+01 2.100804e+01 2.064354e+01
2.069500e+01 2.085000e+01 2.100804e+01 2.064354e+01 2.070000e+01 2.085500e+01 2.100078e+01 2.063384e+01
2.092500e+01 2.085000e+01 2.061589e+01 2.063139e+01 2.092000e+01 2.085500e+01 2.062317e+01 2.062228e+01
2.093000e+01 2.084500e+01 2.060949e+01 2.064024e+01 2.092500e+01 2.085000e+01 2.061589e+01 2.063139e+01
2.034000e+01 2.085500e+01 2.083072e+01 2.076852e+01 2.034500e+01 2.086000e+01 2.083455e+01 2.076794e+01
2.034500e+01 2.086000e+01 2.083455e+01 2.076794e+01 2.035000e+01 2.086500e+01 2.083830e+01 2.076723e+01
2.070000e+01 2.085500e+01 2.100078e+01 2.063384e+01 2.070000e+01 2.086500e+01 2.099261e+01 2.062393e+01
2.092000e+01 2.085500e+01 2.062317e+01 2.062228e+01 2.092000e+01 2.086500e+01 2.063105e+01 2.061336e+01
2.128000e+01 2.085500e+01 2.078988e+01 2.077130e+01 2.128000e+01 2.086500e+01 2.079201e+01 2.077182e+01
2.035000e+01 2.086500e+01 2.083830e+01 2.076723e+01 2.035000e+01 2.087500e+01 2.083653e+01 2.076750e+01
2.070000e+01 2.086500e+01 2.099261e+01 2.062393e+01 2.070500e+01 2.087000e+01 2.098496e+01 2.061559e+01
2.070500e+01 2.087000e+01 2.098496e+01 2.061559e+01 2.071000e+01 2.087500e+01 2.097646e+01 2.060719e+01
2.090500e+01 2.087000e+01 2.064728e+01 2.059770e+01 2.090000e+01 2.087500e+01 2.065641e+01 2.059010e+01
2.090500e+01 2.087000e+01 2.064728e+01 2.059770e+01 2.091500e+01 2.087000e+01 2.063859e+01 2.060568e+01
2.092000e+01 2.086500e+01 2.063105e+01 2.061336e+01 2.091500e+01 2.087000e+01 2.063859e+01 2.060568e+01
2.128000e+01 2.086500e+01 2.079201e+01 2.077182e+01 2.128000e+01 2.087500e+01 2.079432e+01 2.077247e+01
2.035000e+01 2.087500e+01 2.083653e+01 2.076750e+01 2.035000e+01 2.088500e+01 2.083458e+01 2.076788e+01
2.071000e+01 2.087500e+01 2.097646e+01 2.060719e+01 2.071500e+01 2.088000e+01 2.096798e+01 2.059958e+01
2.071500e+01 2.088000e+01 2.096798e+01 2.059958e+01 2.072500e+01 2.088000e+01 2.095777e+01 2.059130e+01
2.072500e+01 2.088000e+01 2.095777e+01 2.059130e+01 2.073000e+01 2.088500e+01 2.094780e+01 2.058399e+01
2.089500e+01 2.088000e+01 2.066538e+01 2.058334e+01 2.089000e+01 2.088500e+01 2.067504e+01 2.057682e+01
2.090000e+01 2.087500e+01 2.065641e+01 2.059010e+01 2.089500e+01 2.088000e+01 2.066538e+01 2.058334e+01
2.127500e+01 2.088000e+01 2.079105e+01 2.077162e+01 2.127000e+01 2.088500e+01 2.078786e+01 2.077066e+01
2.128000e+01 2.087500e+01 2.079432e+01 2.077247e+01 2.127500e+01 2.088000e+01 2.079105e+01 2.077162e+01
2.035000e+01 2.088500e+01 2.083458e+01 2.076788e+01 2.035000e+01 2.089500e+01 2.083245e+01 2.076840e+01
2.073000e+01 2.088500e+01 2.094780e+01 2.058399e+01 2.073500e+01 2.089000e+01 2.093811e+01 2.057758e+01
2.073500e+01 2.089000e+01 2.093811e+01 2.057758e+01 2.074000e+01 2.089500e+01 2.092785e+01 2.057152e+01
2.087500e+01 2.089000e+01 2.069732e+01 2.056432e+01 2.087000e+01 2.089500e+01 2.070764e+01 2.055949e+01
2.087500e+01 2.089000e+01 2.069732e+01 2.056432e+01 2.088500e+01 2.089000e+01 2.068439e+01 2.057115e+01
2.089000e+01 2.088500e+01 2.067504e+01 2.057682e+01 2.088500e+01 2.089000e+01 2.068439e+01 2.057115e+01
2.127000e+01 2.088500e+01 2.078786e+01 2.077066e+01 2.127000e+01 2.089500e+01 2.079057e+01 2.077144e+01
2.035000e+01 2.089500e+01 2.083245e+01 2.076840e+01 2.035000e+01 2.090500e+01 2.083016e+01 2.076905e+01
2.074000e+01 2.089500e+01 2.092785e+01 2.057152e+01 2.074500e+01 2.090000e+01 2.091801e+01 2.056631e+01
2.074500e+01 2.090000e+01 2.091801e+01 2.056631e+01 2.075500e+01 2.090000e+01 2.090410e+01 2.055976e+01
2.075500e+01 2.090000e+01 2.090410e+01 2.055976e+01 2.076500e+01 2.090000e+01 2.088898e+01 2.055389e+01
2.076500e+01 2.090000e+01 2.088898e+01 2.055389e+01 2.077000e+01 2.090500e+01 2.087837e+01 2.055036e+01
2.085500e+01 2.090000e+01 2.073239e+01 2.055028e+01 2.085000e+01 2.090500e+01 2.074255e+01 2.054739e+01
2.085500e+01 2.090000e+01 2.073239e+01 2.055028e+01 2.086500e+01 2.090000e+01 2.071744e+01 2.055544e+01
2.087000e+01 2.089500e+01 2.070764e+01 2.055949e+01 2.086500e+01 2.090000e+01 2.071744e+01 2.055544e+01
2.127000e+01 2.089500e+01 2.079057e+01 2.077144e+01 2.127000e+01 2.090500e+01 2.079344e+01 2.077238e+01
2.035000e+01 2.090500e+01 2.083016e+01 2.076905e+01 2.035500e+01 2.091000e+01 2.083328e+01 2.076822e+01
2.035500e+01 2.091000e+01 2.083328e+01 2.076822e+01 2.036000e+01 2.091500e+01 2.083630e+01 2.076727e+01
2.077000e+01 2.090500e+01 2.087837e+01 2.055036e+01 2.077500e+01 2.091000e+01 2.086841e+01 2.054756e+01
2.077500e+01 2.091000e+01 2.086841e+01 2.054756e+01 2.078500e+01 2.091000e+01 2.085233e+01 2.054387e+01
2.078500e+01 2.091000e+01 2.085233e+01 2.054387e+01 2.079500e+01 2.091000e+01 2.083567e+01 2.054122e+01
2.079500e+01 2.091000e+01 2.083567e+01 2.054122e+01 2.080500e+01 2.091000e+01 2.081866e+01 2.053970e+01
2.080500e+01 2.091000e+01 2.081866e+01 2.053970e+01 2.081500e+01 2.091000e+01 2.080155e+01 2.053935e+01
2.081500e+01 2.091000e+01 2.080155e+01 2.053935e+01 2.082500e+01 2.091000e+01 2.078459e+01 2.054017e+01
2.082500e+01 2.091000e+01 2.078459e+01 2.054017e+01 2.083500e+01 2.091000e+01 2.076803e+01 2.054212e+01
2.083500e+01 2.091000e+01 2.076803e+01 2.054212e+01 2.084500e+01 2.091000e+01 2.075210e+01 2.054514e+01
2.085000e+01 2.090500e+01 2.074255e+01 2.054739e+01 2.084500e+01 2.091000e+01 2.075210e+01 2.054514e+01
2.127000e+01 2.090500e+01 2.079344e+01 2.077238e+01 2.127000e+01 2.091500e+01 2.079646e+01 2.077349e+01
2.036000e+01 2.091500e+01 2.083630e+01 2.076727e+01 2.036000e+01 2.092500e+01 2.083361e+01 2.076807e+01
2.126500e+01 2.092000e+01 2.079373e+01 2.077256e+01 2.126000e+01 2.092500e+01 2.079111e+01 2.077151e+01
2.127000e+01 2.091500e+01 2.079646e+01 2.077349e+01 2.126500e+01 2.092000e+01 2.079373e+01 2.077256e+01
2.036000e+01 2.092500e+01 2.083361e+01 2.076807e+01 2.036000e+01 2.093500e+01 2.083077e+01 2.076904e+01
2.126000e+01 2.092500e+01 2.079111e+01 2.077151e+01 2.126000e+01 2.093500e+01 2.079448e+01 2.077285e+01
2.036000e+01 2.093500e+01 2.083077e+01 2.076904e+01 2.036500e+01 2.094000e+01 2.083343e+01 2.076813e+01
2.036500e+01 2.094000e+01 2.083343e+01 2.076813e+01 2.037000e+01 2.094500e+01 2.083597e+01 2.076709e+01
2.126000e+01 2.093500e+01 2.079448e+01 2.077285e+01 2.126000e+01 2.094500e+01 2.079798e+01 2.077438e+01
2.037000e+01 2.094500e+01 2.083597e+01 2.076709e+01 2.037000e+01 2.095500e+01 2.083276e+01 2.076830e+01
2.125500e+01 2.095000e+01 2.079568e+01 2.077344e+01 2.125000e+01 2.095500e+01 2.079350e+01 2.077240e+01
2.126000e+01 2.094500e+01 2.079798e+01 2.077438e+01 2.125500e+01 2.095000e+01 2.079568e+01 2.077344e+01
2.037000e+01 2.095500e+01 2.083276e+01 2.076830e+01 2.037000e+01 2.096500e+01 2.082943e+01 2.076969e+01
2.125000e+01 2.095500e+01 2.079350e+01 2.077240e+01 2.125000e+01 2.096500e+01 2.079731e+01 2.077423e+01
2.037000e+01 2.096500e+01 2.082943e+01 2.076969e+01 2.037500e+01 2.097000e+01 2.083164e+01 2.076877e+01
2.037500e+01 2.097000e+01 2.083164e+01 2.076877e+01 2.038000e+01 2.097500e+01 2.083371e+01 2.076775e+01
2.124500e+01 2.097000e+01 2.079533e+01 2.077329e+01 2.124000e+01 2.097500e+01 2.079347e+01 2.077226e+01
2.125000e+01 2.096500e+01 2.079731e+01 2.077423e+01 2.124500e+01 2.097000e+01 2.079533e+01 2.077329e+01
2.038000e+01 2.097500e+01 2.083371e+01 2.076775e+01 2.038000e+01 2.098500e+01 2.083006e+01 2.076945e+01
2.124000e+01 2.097500e+01 2.079347e+01 2.077226e+01 2.124000e+01 2.098500e+01 2.079757e+01 2.077443e+01
2.038000e+01 2.098500e+01 2.083006e+01 2.076945e+01 2.038000e+01 2.099500e+01 2.082632e+01 2.077138e+01
2.123500e+01 2.099000e+01 2.079589e+01 2.077354e+01 2.123000e+01 2.099500e+01 2.079434e+01 2.077256e+01
2.124000e+01 2.098500e+01 2.079757e+01 2.077443e+01 2.123500e+01 2.099000e+01 2.079589e+01 2.077354e+01
2.038000e+01 2.099500e+01 2.082632e+01 2.077138e+01 2.038500e+01 2.100000e+01 2.082810e+01 2.077053e+01
2.038500e+01 2.100000e+01 2.082810e+01 2.077053e+01 2.039000e+01 2.100500e+01 2.082974e+01 2.076960e+01
2.123000e+01 2.099500e+01 2.079434e+01 2.077256e+01 2.123000e+01 2.100500e+01 2.079869e+01 2.077512e+01
2.039000e+01 2.100500e+01 2.082974e+01 2.076960e+01 2.039000e+01 2.101500e+01 2.082574e+01 2.077189e+01
2.122500e+01 2.101000e+01 2.079730e+01 2.077431e+01 2.122000e+01 2.101500e+01 2.079605e+01 2.077343e+01
2.123000e+01 2.100500e+01 2.079869e+01 2.077512e+01 2.122500e+01 2.101000e+01 2.079730e+01 2.077431e+01
2.039000e+01 2.101500e+01 2.082574e+01 2.077189e+01 2.039500e+01 2.102000e+01 2.082720e+01 2.077112e+01
2.039500e+01 2.102000e+01 2.082720e+01 2.077112e+01 2.040000e+01 2.102500e+01 2.082852e+01 2.077027e+01
2.122000e+01 2.101500e+01 2.079605e+01 2.077343e+01 2.122000e+01 2.102500e+01 2.080060e+01 2.077640e+01
2.040000e+01 2.102500e+01 2.082852e+01 2.077027e+01 2.040000e+01 2.103500e+01 2.082430e+01 2.077297e+01
2.121500e+01 2.103000e+01 2.079949e+01 2.077571e+01 2.121000e+01 2.103500e+01 2.079852e+01 2.077495e+01
2.122000e+01 2.102500e+01 2.080060e+01 2.077640e+01 2.121500e+01 2.103000e+01 2.079949e+01 2.077571e+01
2.040000e+01 2.103500e+01 2.082430e+01 2.077297e+01 2.040500e+01 2.104000e+01 2.082547e+01 2.077231e+01
2.040500e+01 2.104000e+01 2.082547e+01 2.077231e+01 2.041000e+01 2.104500e+01 2.082650e+01 2.077158e+01
2.121000e+01 2.103500e+01 2.079852e+01 2.077495e+01 2.121000e+01 2.104500e+01 2.080324e+01 2.077837e+01
2.041000e+01 2.104500e+01 2.082650e+01 2.077158e+01 2.041500e+01 2.105000e+01 2.082745e+01 2.077096e+01
2.041500e+01 2.105000e+01 2.082745e+01 2.077096e+01 2.042000e+01 2.105500e+01 2.082826e+01 2.077028e+01
2.120500e+01 2.105000e+01 2.080238e+01 2.077783e+01 2.120000e+01 2.105500e+01 2.080167e+01 2.077724e+01
2.121000e+01 2.104500e+01 2.080324e+01 2.077837e+01 2.120500e+01 2.105000e+01 2.080238e+01 2.077783e+01
2.042000e+01 2.105500e+01 2.082826e+01 2.077028e+01 2.042000e+01 2.106500e+01 2.082376e+01 2.077365e+01
2.119500e+01 2.106000e+01 2.080100e+01 2.077676e+01 2.119000e+01 2.106500e+01 2.080047e+01 2.077625e+01
2.120000e+01 2.105500e+01 2.080167e+01 2.077724e+01 2.119500e+01 2.106000e+01 2.080100e+01 2.077676e+01
2.042000e+01 2.106500e+01 2.082376e+01 2.077365e+01 2.042500e+01 2.107000e+01 2.082446e+01 2.077320e+01
2.042500e+01 2.107000e+01 2.082446e+01 2.077320e+01 2.043000e+01 2.107500e+01 2.082501e+01 2.077270e+01
2.119000e+01 2.106500e+01 2.080047e+01 2.077625e+01 2.119000e+01 2.107500e+01 2.080538e+01 2.078036e+01
2.043000e+01 2.107500e+01 2.082501e+01 2.077270e+01 2.043500e+01 2.108000e+01 2.082551e+01 2.077233e+01
2.043500e+01 2.108000e+01 2.082551e+01 2.077233e+01 2.044000e+01 2.108500e+01 2.082587e+01 2.077192e+01
2.118500e+01 2.108000e+01 2.080493e+01 2.078009e+01 2.118000e+01 2.108500e+01 2.080462e+01 2.077978e+01
2.119000e+01 2.107500e+01 2.080538e+01 2.078036e+01 2.118500e+01 2.108000e+01 2.080493e+01 2.078009e+01
2.044000e+01 2.108500e+01 2.082587e+01 2.077192e+01 2.044000e+01 2.109500e+01 2.082121e+01 2.077603e+01
2.117500e+01 2.109000e+01 2.080433e+01 2.077961e+01 2.117000e+01 2.109500e+01 2.080419e+01 2.077941e+01
2.118000e+01 2.108500e+01 2.080462e+01 2.077978e+01 2.117500e+01 2.109000e+01 2.080433e+01 2.077961e+01
2.044000e+01 2.109500e+01 2.082121e+01 2.077603e+01 2.044500e+01 2.110000e+01 2.082151e+01 2.077588e+01
2.044500e+01 2.110000e+01 2.082151e+01 2.077588e+01 2.045000e+01 2.110500e+01 2.082166e+01 2.077572e+01
2.116500e+01 2.110000e+01 2.080406e+01 2.077935e+01 2.116000e+01 2.110500e+01 2.080408e+01 2.077927e+01
2.117000e+01 2.109500e+01 2.080419e+01 2.077941e+01 2.116500e+01 2.110000e+01 2.080406e+01 2.077935e+01
2.045000e+01 2.110500e+01 2.082166e+01 2.077572e+01 2.045500e+01 2.111000e+01 2.082179e+01 2.077569e+01
2.045500e+01 2.111000e+01 2.082179e+01 2.077569e+01 2.046000e+01 2.111500e+01 2.082178e+01 2.077565e+01
2.115500e+01 2.111000e+01 2.080410e+01 2.077933e+01 2.115000e+01 2.111500e+01 2.080426e+01 2.077939e+01
2.116000e+01 2.110500e+01 2.080408e+01 2.077927e+01 2.115500e+01 2.111000e+01 2.080410e+01 2.077933e+01
2.046000e+01 2.111500e+01 2.082178e+01 2.077565e+01 2.046500e+01 2.112000e+01 2.082176e+01 2.077575e+01
2.046500e+01 2.112000e+01 2.082176e+01 2.077575e+01 2.047000e+01 2.112500e+01 2.082159e+01 2.077584e+01
2.114500e+01 2.112000e+01 2.080441e+01 2.077958e+01 2.114000e+01 2.112500e+01 2.080471e+01 2.077978e+01
2.115000e+01 2.111500e+01 2.080426e+01 2.077939e+01 2.114500e+01 2.112000e+01 2.080441e+01 2.077958e+01
2.047000e+01 2.112500e+01 2.082159e+01 2.077584e+01 2.047500e+01 2.113000e+01 2.082143e+01 2.077609e+01
2.047500e+01 2.113000e+01 2.082143e+01 2.077609e+01 2.048000e+01 2.113500e+01 2.082113e+01 2.077634e+01
2.113500e+01 2.113000e+01 2.080499e+01 2.078012e+01 2.113000e+01 2.113500e+01 2.080541e+01 2.078048e+01
2.114000e+01 2.112500e+01 2.080471e+01 2.077978e+01 2.113500e+01 2.113000e+01 2.080499e+01 2.078012e+01
2.048000e+01 2.113500e+01 2.082113e+01 2.077634e+01 2.048500e+01 2.114000e+01 2.082084e+01 2.077673e+01
2.048500e+01 2.114000e+01 2.082084e+01 2.077673e+01 2.049000e+01 2.114500e+01 2.082041e+01 2.077715e+01
2.112500e+01 2.114000e+01 2.080580e+01 2.078098e+01 2.112000e+01 2.114500e+01 2.080633e+01 2.078150e+01
2.113000e+01 2.113500e+01 2.080541e+01 2.078048e+01 2.112500e+01 2.114000e+01 2.080580e+01 2.078098e+01
2.049000e+01 2.114500e+01 2.082041e+01 2.077715e+01 2.049500e+01 2.115000e+01 2.082001e+01 2.077771e+01
2.049500e+01 2.115000e+01 2.082001e+01 2.077771e+01 2.050000e+01 2.115500e+01 2.081947e+01 2.077830e+01
2.111500e+01 2.115000e+01 2.080683e+01 2.078216e+01 2.111000e+01 2.115500e+01 2.080745e+01 2.078285e+01
2.112000e+01 2.114500e+01 2.080633e+01 2.078150e+01 2.111500e+01 2.115000e+01 2.080683e+01 2.078216e+01
2.050000e+01 2.115500e+01 2.081947e+01 2.077830e+01 2.050500e+01 2.116000e+01 2.081897e+01 2.077904e+01
2.050500e+01 2.116000e+01 2.081897e+01 2.077904e+01 2.051000e+01 2.116500e+01 2.081834e+01 2.077981e+01
2.110500e+01 2.116000e+01 2.080803e+01 2.078369e+01 2.110000e+01 2.116500e+01 2.080873e+01 2.078456e+01
2.111000e+01 2.115500e+01 2.080745e+01 2.078285e+01 2.110500e+01 2.116000e+01 2.080803e+01 2.078369e+01
2.051000e+01 2.116500e+01 2.081834e+01 2.077981e+01 2.051500e+01 2.117000e+01 2.081776e+01 2.078074e+01
2.051500e+01 2.117000e+01 2.081776e+01 2.078074e+01 2.052000e+01 2.117500e+01 2.081706e+01 2.078170e+01
2.109500e+01 2.117000e+01 2.080939e+01 2.078557e+01 2.109000e+01 2.117500e+01 2.081016e+01 2.078663e+01
2.110000e+01 2.116500e+01 2.080873e+01 2.078456e+01 2.109500e+01 2.117000e+01 2.080939e+01 2.078557e+01
2.052000e+01 2.117500e+01 2.081706e+01 2.078170e+01 2.052500e+01 2.118000e+01 2.081640e+01 2.078281e+01
2.052500e+01 2.118000e+01 2.081640e+01 2.078281e+01 2.053500e+01 2.118000e+01 2.081924e+01 2.077845e+01
2.053500e+01 2.118000e+01 2.081924e+01 2.077845e+01 2.054000e+01 2.118500e+01 2.081837e+01 2.077968e+01
2.107500e+01 2.118000e+01 2.080790e+01 2.078322e+01 2.107000e+01 2.118500e+01 2.080882e+01 2.078453e+01
2.107500e+01 2.118000e+01 2.080790e+01 2.078322e+01 2.108500e+01 2.118000e+01 2.081087e+01 2.078783e+01
2.109000e+01 2.117500e+01 2.081016e+01 2.078663e+01 2.108500e+01 2.118000e+01 2.081087e+01 2.078783e+01
2.054000e+01 2.118500e+01 2.081837e+01 2.077968e+01 2.054500e+01 2.119000e+01 2.081756e+01 2.078105e+01
2.054500e+01 2.119000e+01 2.081756e+01 2.078105e+01 2.055000e+01 2.119500e+01 2.081665e+01 2.078249e+01
2.106500e+01 2.119000e+01 2.080968e+01 2.078598e+01 2.106000e+01 2.119500e+01 2.081063e+01 2.078750e+01
2.107000e+01 2.118500e+01 2.080882e+01 2.078453e+01 2.106500e+01 2.119000e+01 2.080968e+01 2.078598e+01
2.055000e+01 2.119500e+01 2.081665e+01 2.078249e+01 2.055500e+01 2.120000e+01 2.081582e+01 2.078407e+01
2.055500e+01 2.120000e+01 2.081582e+01 2.078407e+01 2.056500e+01 2.120000e+01 2.081802e+01 2.078002e+01
2.056500e+01 2.120000e+01 2.081802e+01 2.078002e+01 2.057000e+01 2.120500e+01 2.081701e+01 2.078175e+01
2.104500e+01 2.120000e+01 2.080915e+01 2.078485e+01 2.104000e+01 2.120500e+01 2.081020e+01 2.078665e+01
2.104500e+01 2.120000e+01 2.080915e+01 2.078485e+01 2.105500e+01 2.120000e+01 2.081151e+01 2.078914e+01
2.106000e+01 2.119500e+01 2.081063e+01 2.078750e+01 2.105500e+01 2.120000e+01 2.081151e+01 2.078914e+01
2.057000e+01 2.120500e+01 2.081701e+01 2.078175e+01 2.057500e+01 2.121000e+01 2.081608e+01 2.078362e+01
2.057500e+01 2.121000e+01 2.081608e+01 2.078362e+01 2.058000e+01 2.121500e+01 2.081507e+01 2.078558e+01
2.103500e+01 2.121000e+01 2.081117e+01 2.078857e+01 2.103000e+01 2.121500e+01 2.081221e+01 2.079058e+01
2.104000e+01 2.120500e+01 2.081020e+01 2.078665e+01 2.103500e+01 2.121000e+01 2.081117e+01 2.078857e+01
2.058000e+01 2.121500e+01 2.081507e+01 2.078558e+01 2.058500e+01 2.122000e+01 2.081416e+01 2.078767e+01
2.058500e+01 2.122000e+01 2.081416e+01 2.078767e+01 2.059500e+01 2.122000e+01 2.081583e+01 2.078403e+01
2.059500e+01 2.122000e+01 2.081583e+01 2.078403e+01 2.060000e+01 2.122500e+01 2.081479e+01 2.078630e+01
2.101500e+01 2.122000e+01 2.081132e+01 2.078882e+01 2.101000e+01 2.122500e+01 2.081239e+01 2.079112e+01
2.101500e+01 2.122000e+01 2.081132e+01 2.078882e+01 2.102500e+01 2.122000e+01 2.081316e+01 2.079270e+01
2.103000e+01 2.121500e+01 2.081221e+01 2.079058e+01 2.102500e+01 2.122000e+01 2.081316e+01 2.079270e+01
2.060000e+01 2.122500e+01 2.081479e+01 2.078630e+01 2.060500e+01 2.123000e+01 2.081385e+01 2.078870e+01
2.060500e+01 2.123000e+01 2.081385e+01 2.078870e+01 2.061500e+01 2.123000e+01 2.081520e+01 2.078535e+01
2.061500e+01 2.123000e+01 2.081520e+01 2.078535e+01 2.062000e+01 2.123500e+01 2.081416e+01 2.078795e+01
2.099500e+01 2.123000e+01 2.081184e+01 2.078994e+01 2.099000e+01 2.123500e+01 2.081292e+01 2.079255e+01
2.099500e+01 2.123000e+01 2.081184e+01 2.078994e+01 2.100500e+01 2.123000e+01 2.081338e+01 2.079354e+01
2.101000e+01 2.122500e+01 2.081239e+01 2.079112e+01 2.100500e+01 2.123000e+01 2.081338e+01 2.079354e+01
2.062000e+01 2.123500e+01 2.081416e+01 2.078795e+01 2.062500e+01 2.124000e+01 2.081323e+01 2.079067e+01
2.062500e+01 2.124000e+01 2.081323e+01 2.079067e+01 2.063500e+01 2.124000e+01 2.081432e+01 2.078764e+01
2.063500e+01 2.124000e+01 2.081432e+01 2.078764e+01 2.064500e+01 2.124000e+01 2.081524e+01 2.078474e+01
2.064500e+01 2.124000e+01 2.081524e+01 2.078474e+01 2.065000e+01 2.124500e+01 2.081422e+01 2.078778e+01
2.096500e+01 2.124000e+01 2.081155e+01 2.078883e+01 2.096000e+01 2.124500e+01 2.081261e+01 2.079185e+01
2.096500e+01 2.124000e+01 2.081155e+01 2.078883e+01 2.097500e+01 2.124000e+01 2.081263e+01 2.079198e+01
2.097500e+01 2.124000e+01 2.081263e+01 2.079198e+01 2.098500e+01 2.124000e+01 2.081389e+01 2.079526e+01
2.099000e+01 2.123500e+01 2.081292e+01 2.079255e+01 2.098500e+01 2.124000e+01 2.081389e+01 2.079526e+01
2.065000e+01 2.124500e+01 2.081422e+01 2.078778e+01 2.065500e+01 2.125000e+01 2.081333e+01 2.079093e+01
2.065500e+01 2.125000e+01 2.081333e+01 2.079093e+01 2.066500e+01 2.125000e+01 2.081405e+01 2.078839e+01
2.066500e+01 2.125000e+01 2.081405e+01 2.078839e+01 2.067500e+01 2.125000e+01 2.081462e+01 2.078600e+01
2.067500e+01 2.125000e+01 2.081462e+01 2.078600e+01 2.068000e+01 2.125500e+01 2.081371e+01 2.078949e+01
2.093500e+01 2.125000e+01 2.081196e+01 2.078950e+01 2.093000e+01 2.125500e+01 2.081293e+01 2.079294e+01
2.093500e+01 2.125000e+01 2.081196e+01 2.078950e+01 2.094500e+01 2.125000e+01 2.081268e+01 2.079216e+01
2.094500e+01 2.125000e+01 2.081268e+01 2.079216e+01 2.095500e+01 2.125000e+01 2.081356e+01 2.079497e+01
2.096000e+01 2.124500e+01 2.081261e+01 2.079185e+01 2.095500e+01 2.125000e+01 2.081356e+01 2.079497e+01
2.068000e+01 2.125500e+01 2.081371e+01 2.078949e+01 2.068500e+01 2.126000e+01 2.081292e+01 2.079306e+01
2.068500e+01 2.126000e+01 2.081292e+01 2.079306e+01 2.069500e+01 2.126000e+01 2.081338e+01 2.079106e+01
2.069500e+01 2.126000e+01 2.081338e+01 2.079106e+01 2.070500e+01 2.126000e+01 2.081372e+01 2.078922e+01
2.070500e+01 2.126000e+01 2.081372e+01 2.078922e+01 2.071500e+01 2.126000e+01 2.081395e+01 2.078755e+01
2.071500e+01 2.126000e+01 2.081395e+01 2.078755e+01 2.072000e+01 2.126500e+01 2.081327e+01 2.079160e+01
2.089500e+01 2.126000e+01 2.081238e+01 2.079011e+01 2.089000e+01 2.126500e+01 2.081315e+01 2.079407e+01
2.089500e+01 2.126000e+01 2.081238e+01 2.079011e+01 2.090500e+01 2.126000e+01 2.081273e+01 2.079206e+01
2.090500e+01 2.126000e+01 2.081273e+01 2.079206e+01 2.091500e+01 2.126000e+01 2.081319e+01 2.079418e+01
2.091500e+01 2.126000e+01 2.081319e+01 2.079418e+01 2.092500e+01 2.126000e+01 2.081379e+01 2.079646e+01
2.093000e+01 2.125500e+01 2.081293e+01 2.079294e+01 2.092500e+01 2.126000e+01 2.081379e+01 2.079646e+01
2.072000e+01 2.126500e+01 2.081327e+01 2.079160e+01 2.072500e+01 2.127000e+01 2.081270e+01 2.079571e+01
2.072500e+01 2.127000e+01 2.081270e+01 2.079571e+01 2.073500e+01 2.127000e+01 2.081293e+01 2.079445e+01
2.073500e+01 2.127000e+01 2.081293e+01 2.079445e+01 2.074500e+01 2.127000e+01 2.081307e+01 2.079337e+01
2.074500e+01 2.127000e+01 2.081307e+01 2.079337e+01 2.075500e+01 2.127000e+01 2.081316e+01 2.079247e+01
2.075500e+01 2.127000e+01 2.081316e+01 2.079247e+01 2.076500e+01 2.127000e+01 2.081320e+01 2.079175e+01
2.076500e+01 2.127000e+01 2.081320e+01 2.079175e+01 2.077500e+01 2.127000e+01 2.081319e+01 2.079123e+01
2.077500e+01 2.127000e+01 2.081319e+01 2.079123e+01 2.078500e+01 2.127000e+01 2.081316e+01 2.079090e+01
2.078500e+01 2.127000e+01 2.081316e+01 2.079090e+01 2.079500e+01 2.127000e+01 2.081311e+01 2.079075e+01
2.079500e+01 2.127000e+01 2.081311e+01 2.079075e+01 2.080500e+01 2.127000e+01 2.081305e+01 2.079081e+01
2.080500e+01 2.127000e+01 2.081305e+01 2.079081e+01 2.081500e+01 2.127000e+01 2.081300e+01 2.079105e+01
2.081500e+01 2.127000e+01 2.081300e+01 2.079105e+01 2.082500e+01 2.127000e+01 2.081297e+01 2.079149e+01
2.082500e+01 2.127000e+01 2.081297e+01 2.079149e+01 2.083500e+01 2.127000e+01 2.081297e+01 2.079213e+01
2.083500e+01 2.127000e+01 2.081297e+01 2.079213e+01 2.084500e+01 2.127000e+01 2.081301e+01 2.079295e+01
2.084500e+01 2.127000e+01 2.081301e+01 2.079295e+01 2.085500e+01 2.127000e+01 2.081310e+01 2.079396e+01
2.085500e+01 2.127000e+01 2.081310e+01 2.079396e+01 2.086500e+01 2.127000e+01 2.081326e+01 2.079516e+01
2.086500e+01 2.127000e+01 2.081326e+01 2.079516e+01 2.087500e+01 2.127000e+01 2.081349e+01 2.079654e+01
2.087500e+01 2.127000e+01 2.081349e+01 2.079654e+01 2.088500e+01 2.127000e+01 2.081381e+01 2.079809e+01
2.089000e+01 2.126500e+01 2.081315e+01 2.079407e+01 2.088500e+01 2.127000e+01 2.081381e+01 2.079809e+01
2.128070e+01 2.084980e+01 2.079409e+01 2.077219e+01 2.128070e+01 2.084980e+01 2.079415e+01 2.077220e+01
2.128070e+01 2.084980e+01 2.079415e+01 2.077220e+01 2.128070e+01 2.084980e+01 2.079418e+01 2.077221e+01
2.128070e+01 2.084980e+01 2.079418e+01 2.077221e+01 2.128070e+01 2.084980e+01 2.079419e+01 2.077222e+01
2.128070e+01 2.084980e+01 2.079419e+01 2.077222e+01 2.128070e+01 2.084980e+01 2.079418e+01 2.077222e+01
2.128070e+01 2.084980e+01 2.079418e+01 2.077222e+01 2.128070e+01 2.084980e+01 2.079414e+01 2.077222e+01
2.128070e+01 2.084980e+01 2.079414e+01 2.077222e+01 2.128070e+01 2.084980e+01 2.079408e+01 2.077221e+01
2.128070e+01 2.084980e+01 2.079408e+01 2.077221e+01 2.128070e+01 2.084980e+01 2.079400e+01 2.077219e+01
2.128070e+01 2.084980e+01 2.079400e+01 2.077219e+01 2.128070e+01 2.084980e+01 2.079390e+01 2.077217e+01
2.128070e+01 2.084980e+01 2.079390e+01 2.077217e+01 2.128070e+01 2.084980e+01 2.079378e+01 2.077215e+01
2.128070e+01 2.084980e+01 2.079378e+01 2.077215e+01 2.128070e+01 2.084980e+01 2.079364e+01 2.077212e+01
2.128070e+01 2.084980e+01 2.079364e+01 2.077212e+01 2.128070e+01 2.084980e+01 2.079347e+01 2.077209e+01
2.128070e+01 2.084980e+01 2.079347e+01 2.077209e+01 2.128070e+01 2.084980e+01 2.079329e+01 2.077205e+01
2.128070e+01 2.084980e+01 2.079329e+01 2.077205e+01 2.128070e+01 2.084980e+01 2.079309e+01 2.077201e+01
2.128070e+01 2.084980e+01 2.079309e+01 2.077201e+01 2.128070e+01 2.084980e+01 2.079287e+01 2.077196e+01
2.128070e+01 2.084980e+01 2.079287e+01 2.077196e+01 2.128070e+01 2.084980e+01 2.079263e+01 2.077191e+01
2.128070e+01 2.084980e+01 2.079263e+01 2.077191e+01 2.128070e+01 2.084980e+01 2.079238e+01 2.077186e+01
2.128070e+01 2.084980e+01 2.079238e+01 2.077186e+01 2.128070e+01 2.084980e+01 2.079212e+01 2.077180e+01
2.128070e+01 2.084980e+01 2.079212e+01 2.077180e+01 2.128070e+01 2.084980e+01 2.079184e+01 2.077174e+01
2.128070e+01 2.084980e+01 2.079184e+01 2.077174e+01 2.128070e+01 2.084980e+01 2.079155e+01 2.077168e+01
2.128070e+01 2.084980e+01 2.079155e+01 2.077168e+01 2.128070e+01 2.084980e+01 2.079125e+01 2.077161e+01
2.128070e+01 2.084980e+01 2.079125e+01 2.077161e+01 2.128070e+01 2.084980e+01 2.079094e+01 2.077155e+01
2.128070e+01 2.084980e+01 2.079094e+01 2.077155e+01 2.128070e+01 2.084980e+01 2.079063e+01 2.077148e+01
2.128070e+01 2.084980e+01 2.079063e+01 2.077148e+01 2.128070e+01 2.084980e+01 2.079031e+01 2.077140e+01
2.128070e+01 2.084980e+01 2.079031e+01 2.077140e+01 2.128070e+01 2.084980e+01 2.078998e+01 2.077133e+01
2.128070e+01 2.084980e+01 2.078934e+01 2.077119e+01 2.128070e+01 2.084980e+01 2.078967e+01 2.077126e+01
2.128070e+01 2.084980e+01 2.078967e+01 2.077126e+01 2.128070e+01 2.084980e+01 2.079000e+01 2.077133e+01
2.128070e+01 2.084980e+01 2.079000e+01 2.077133e+01 2.128070e+01 2.084980e+01 2.079032e+01 2.077139e+01
2.128070e+01 2.084980e+01 2.079032e+01 2.077139e+01 2.128070e+01 2.084980e+01 2.079064e+01 2.077146e+01
2.128070e+01 2.084980e+01 2.079064e+01 2.077146e+01 2.128070e+01 2.084980e+01 2.079096e+01 2.077152e+01
2.128070e+01 2.084980e+01 2.079096e+01 2.077152e+01 2.128070e+01 2.084980e+01 2.079127e+01 2.077158e+01
2.128070e+01 2.084980e+01 2.079127e+01 2.077158e+01 2.128070e+01 2.084980e+01 2.079157e+01 2.077164e+01
2.128070e+01 2.084980e+01 2.079157e+01 2.077164e+01 2.128070e+01 2.084980e+01 2.079186e+01 2.077170e+01
2.128070e+01 2.084980e+01 2.079186e+01 2.077170e+01 2.128070e+01 2.084980e+01 2.079213e+01 2.077176e+01
2.128070e+01 2.084980e+01 2.079213e+01 2.077176e+01 2.128070e+01 2.084980e+01 2.079240e+01 2.077182e+01
2.128070e+01 2.084980e+01 2.079240e+01 2.077182e+01 2.128070e+01 2.084980e+01 2.079265e+01 2.077187e+01
2.128070e+01 2.084980e+01 2.079265e+01 2.077187e+01 2.128070e+01 2.084980e+01 2.079288e+01 2.077192e+01
2.128070e+01 2.084980e+01 2.079288e+01 2.077192e+01 2.128070e+01 2.084980e+01 2.079310e+01 2.077196e+01
2.128070e+01 2.084980e+01 2.079310e+01 2.077196e+01 2.128070e+01 2.084980e+01 2.079330e+01 2.077201e+01
2.128070e+01 2.084980e+01 2.079330e+01 2.077201e+01 2.128070e+01 2.084980e+01 2.079348e+01 2.077205e+01
2.128070e+01 2.084980e+01 2.079348e+01 2.077205e+01 2.128070e+01 2.084980e+01 2.079365e+01 2.077208e+01
2.128070e+01 2.084980e+01 2.079365e+01 2.077208e+01 2.128070e+01 2.084980e+01 2.079379e+01 2.077212e+01
2.128070e+01 2.084980e+01 2.079379e+01 2.077212e+01 2.128070e+01 2.084980e+01 2.079391e+01 2.077214e+01
2.128070e+01 2.084980e+01 2.079391e+01 2.077214e+01 2.128070e+01 2.084980e+01 2.079401e+01 2.077217e+01
2.128070e+01 2.084980e+01 2.079401e+01 2.077217e+01 2.128070e+01 2.084980e+01 2.079409e+01 2.077219e+01
2.128070e+01 2.084980e+01 2.079409e+01 2.077219e+01 2.128070e+01 2.084980e+01 2.079415e+01 2.077220e+01
2.128070e+01 2.084980e+01 2.079415e+01 2.077220e+01 2.128070e+01 2.084980e+01 2.079418e+01 2.077221e+01
2.128070e+01 2.084980e+01 2.079418e+01 2.077221e+01 2.128070e+01 2.084980e+01 2.079419e+01 2.077222e+01
2.128070e+01 2.084980e+01 2.079419e+01 2.077222e+01 2.128070e+01 2.084980e+01 2.079418e+01 2.077222e+01
2.128070e+01 2.084980e+01 2.079418e+01 2.077222e+01 2.128070e+01 2.084980e+01 2.079414e+01 2.077222e+01
2.128070e+01 2.084980e+01 2.079414e+01 2.077222e+01 2.128070e+01 2.084980e+01 2.079408e+01 2.077221e+01
2.128070e+01 2.084980e+01 2.079408e+01 2.077221e+01 2.128070e+01 2.084980e+01 2.079400e+01 2.077219e+01
2.128070e+01 2.084980e+01 2.079400e+01 2.077219e+01 2.128070e+01 2.084980e+01 2.079390e+01 2.077217e+01
2.128070e+01 2.084980e+01 2.079390e+01 2.077217e+01 2.128070e+01 2.084980e+01 2.079378e+01 2.077215e+01
2.128070e+01 2.084980e+01 2.079378e+01 2.077215e+01 2.128070e+01 2.084980e+01 2.079364e+01 2.077212e+01
2.128070e+01 2.084980e+01 2.079364e+01 2.077212e+01 2.128070e+01 2.084980e+01 2.079347e+01 2.077209e+01
2.128070e+01 2.084980e+01 2.079347e+01 2.077209e+01 2.128070e+01 2.084980e+01 2.079329e+01 2.077205e+01
2.128070e+01 2.084980e+01 2.079329e+01 2.077205e+01 2.128070e+01 2.084980e+01 2.079309e+01 2.077201e+01
2.128070e+01 2.084980e+01 2.079309e+01 2.077201e+01 2.128070e+01 2.084980e+01 2.079287e+01 2.077196e+01
2.128070e+01 2.084980e+01 2.079287e+01 2.077196e+01 2.128070e+01 2.084980e+01 2.079263e+01 2.077191e+01
2.128070e+01 2.084980e+01 2.079263e+01 2.077191e+01 2.128070e+01 2.084980e+01 2.079238e+01 2.077186e+01
2.128070e+01 2.084980e+01 2.079238e+01 2.077186e+01 2.128070e+01 2.084980e+01 2.079212e+01 2.077180e+01
2.128070e+01 2.084980e+01 2.079212e+01 2.077180e+01 2.128070e+01 2.084980e+01 2.079184e+01 2.077174e+01
2.128070e+01 2.084980e+01 2.079184e+01 2.077174e+01 2.128070e+01 2.084980e+01 2.079155e+01 2.077168e+01
2.128070e+01 2.084980e+01 2.079155e+01 2.077168e+01 2.128070e+01 2.084980e+01 2.079125e+01 2.077161e+01
2.128070e+01 2.084980e+01 2.079125e+01 2.077161e+01 2.128070e+01 2.084980e+01 2.079094e+01 2.077155e+01
2.128070e+01 2.084980e+01 2.079094e+01 2.077155e+01 2.128070e+01 2.084980e+01 2.079063e+01 2.077148e+01
2.128070e+01 2.084980e+01 2.079063e+01 2.077148e+01 2.128070e+01 2.084980e+01 2.079031e+01 2.077140e+01
2.128070e+01 2.084980e+01 2.079031e+01 2.077140e+01 2.128070e+01 2.084980e+01 2.078998e+01 2.077133e+01
2.128070e+01 2.084980e+01 2.078934e+01 2.077119e+01 2.128070e+01 2.084980e+01 2.078967e+01 2.077126e+01
2.128070e+01 2.084980e+01 2.078967e+01 2.077126e+01 2.128070e+01 2.084980e+01 2.079000e+01 2.077133e+01
2.128070e+01 2.084980e+01 2.079000e+01 2.077133e+01 2.128070e+01 2.084980e+01 2.079032e+01 2.077139e+01
2.128070e+01 2.084980e+01 2.079032e+01 2.077139e+01 2.128070e+01 2.084980e+01 2.079064e+01 2.077146e+01
2.128070e+01 2.084980e+01 2.079064e+01 2.077146e+01 2.128070e+01 2.084980e+01 2.079096e+01 2.077152e+01
2.128070e+01 2.084980e+01 2.079096e+01 2.077152e+01 2.128070e+01 2.084980e+01 2.079127e+01 2.077158e+01
2.128070e+01 2.084980e+01 2.079127e+01 2.077158e+01 2.128070e+01 2.084980e+01 2.079157e+01 2.077164e+01
2.128070e+01 2.084980e+01 2.079157e+01 2.077164e+01 2.128070e+01 2.084980e+01 2.079186e+01 2.077170e+01
2.128070e+01 2.084980e+01 2.079186e+01 2.077170e+01 2.128070e+01 2.084980e+01 2.079213e+01 2.077176e+01
2.128070e+01 2.084980e+01 2.079213e+01 2.077176e+01 2.128070e+01 2.084980e+01 2.079240e+01 2.077182e+01
2.128070e+01 2.084980e+01 2.079240e+01 2.077182e+01 2.128070e+01 2.084980e+01 2.079265e+01 2.077187e+01
2.128070e+01 2.084980e+01 2.079265e+01 2.077187e+01 2.128070e+01 2.084980e+01 2.079288e+01 2.077192e+01
2.128070e+01 2.084980e+01 2.079288e+01 2.077192e+01 2.128070e+01 2.084980e+01 2.079310e+01 2.077196e+01
2.128070e+01 2.084980e+01 2.079310e+01 2.077196e+01 2.128070e+01 2.084980e+01 2.079330e+01 2.077201e+01
2.128070e+01 2.084980e+01 2.079330e+01 2.077201e+01 2.128070e+01 2.084980e+01 2.079348e+01 2.077205e+01
2.128070e+01 2.084980e+01 2.079348e+01 2.077205e+01 2.128070e+01 2.084980e+01 2.079365e+01 2.077208e+01
2.128070e+01 2.084980e+01 2.079365e+01 2.077208e+01 2.128070e+01 2.084980e+01 2.079379e+01 2.077212e+01
2.128070e+01 2.084980e+01 2.079379e+01 2.077212e+01 2.128070e+01 2.084980e+01 2.079391e+01 2.077214e+01
2.128070e+01 2.084980e+01 2.079391e+01 2.077214e+01 2.128070e+01 2.084980e+01 2.079401e+01 2.077217e+01
2.128070e+01 2.084980e+01 2.079401e+01 2.077217e+01 2.128070e+01 2.084980e+01 2.079409e+01 2.077219e+01
