2.074500e+01 2.025000e+01 2.080746e+01 2.071625e+01 2.074000e+01 2.025500e+01 2.080810e+01 2.072181e+01
2.074500e+01 2.025000e+01 2.080746e+01 2.071625e+01 2.075500e+01 2.025000e+01 2.080770e+01 2.071766e+01
2.075500e+01 2.025000e+01 2.080770e+01 2.071766e+01 2.076500e+01 2.025000e+01 2.080785e+01 2.071881e+01
2.076500e+01 2.025000e+01 2.080785e+01 2.071881e+01 2.077500e+01 2.025000e+01 2.080793e+01 2.071973e+01
2.077500e+01 2.025000e+01 2.080793e+01 2.071973e+01 2.078500e+01 2.025000e+01 2.080795e+01 2.072039e+01
2.078500e+01 2.025000e+01 2.080795e+01 2.072039e+01 2.079500e+01 2.025000e+01 2.080792e+01 2.072081e+01
2.079500e+01 2.025000e+01 2.080792e+01 2.072081e+01 2.080500e+01 2.025000e+01 2.080786e+01 2.072097e+01
2.080500e+01 2.025000e+01 2.080786e+01 2.072097e+01 2.081500e+01 2.025000e+01 2.080779e+01 2.072087e+01
2.081500e+01 2.025000e+01 2.080779e+01 2.072087e+01 2.082500e+01 2.025000e+01 2.080773e+01 2.072052e+01
2.082500e+01 2.025000e+01 2.080773e+01 2.072052e+01 2.083500e+01 2.025000e+01 2.080768e+01 2.071992e+01
2.083500e+01 2.025000e+01 2.080768e+01 2.071992e+01 2.084500e+01 2.025000e+01 2.080767e+01 2.071906e+01
2.084500e+01 2.025000e+01 2.080767e+01 2.071906e+01 2.085500e+01 2.025000e+01 2.080771e+01 2.071796e+01
2.085500e+01 2.025000e+01 2.080771e+01 2.071796e+01 2.086500e+01 2.025000e+01 2.080782e+01 2.071662e+01
2.086500e+01 2.025000e+01 2.080782e+01 2.071662e+01 2.087500e+01 2.025000e+01 2.080801e+01 2.071504e+01
2.087500e+01 2.025000e+01 2.080801e+01 2.071504e+01 2.088500e+01 2.025000e+01 2.080830e+01 2.071322e+01
2.088500e+01 2.025000e+01 2.080830e+01 2.071322e+01 2.089500e+01 2.025000e+01 2.080870e+01 2.071118e+01
2.089500e+01 2.025000e+01 2.080870e+01 2.071118e+01 2.090000e+01 2.025500e+01 2.080783e+01 2.071633e+01
2.070500e+01 2.026000e+01 2.080777e+01 2.072084e+01 2.070000e+01 2.026500e+01 2.080873e+01 2.072574e+01
2.070500e+01 2.026000e+01 2.080777e+01 2.072084e+01 2.071500e+01 2.026000e+01 2.080829e+01 2.072324e+01
2.071500e+01 2.026000e+01 2.080829e+01 2.072324e+01 2.072500e+01 2.026000e+01 2.080867e+01 2.072542e+01
2.072500e+01 2.026000e+01 2.080867e+01 2.072542e+01 2.073500e+01 2.026000e+01 2.080890e+01 2.072737e+01
2.074000e+01 2.025500e+01 2.080810e+01 2.072181e+01 2.073500e+01 2.026000e+01 2.080890e+01 2.072737e+01
2.090000e+01 2.025500e+01 2.080783e+01 2.071633e+01 2.090500e+01 2.026000e+01 2.080681e+01 2.072145e+01
2.090500e+01 2.026000e+01 2.080681e+01 2.072145e+01 2.091500e+01 2.026000e+01 2.080726e+01 2.071888e+01
2.091500e+01 2.026000e+01 2.080726e+01 2.071888e+01 2.092500e+01 2.026000e+01 2.080786e+01 2.071611e+01
2.092500e+01 2.026000e+01 2.080786e+01 2.071611e+01 2.093500e+01 2.026000e+01 2.080863e+01 2.071313e+01
2.093500e+01 2.026000e+01 2.080863e+01 2.071313e+01 2.094000e+01 2.026500e+01 2.080753e+01 2.071762e+01
2.067500e+01 2.027000e+01 2.080834e+01 2.072453e+01 2.067000e+01 2.027500e+01 2.080947e+01 2.072890e+01
2.067500e+01 2.027000e+01 2.080834e+01 2.072453e+01 2.068500e+01 2.027000e+01 2.080920e+01 2.072767e+01
2.068500e+01 2.027000e+01 2.080920e+01 2.072767e+01 2.069500e+01 2.027000e+01 2.080986e+01 2.073061e+01
2.070000e+01 2.026500e+01 2.080873e+01 2.072574e+01 2.069500e+01 2.027000e+01 2.080986e+01 2.073061e+01
2.094000e+01 2.026500e+01 2.080753e+01 2.071762e+01 2.094500e+01 2.027000e+01 2.080626e+01 2.072205e+01
2.094500e+01 2.027000e+01 2.080626e+01 2.072205e+01 2.095500e+01 2.027000e+01 2.080723e+01 2.071857e+01
2.095500e+01 2.027000e+01 2.080723e+01 2.071857e+01 2.096500e+01 2.027000e+01 2.080839e+01 2.071493e+01
2.096500e+01 2.027000e+01 2.080839e+01 2.071493e+01 2.097000e+01 2.027500e+01 2.080718e+01 2.071889e+01
2.065500e+01 2.028000e+01 2.080967e+01 2.072955e+01 2.065000e+01 2.028500e+01 2.081092e+01 2.073353e+01
2.065500e+01 2.028000e+01 2.080967e+01 2.072955e+01 2.066500e+01 2.028000e+01 2.081077e+01 2.073320e+01
2.067000e+01 2.027500e+01 2.080947e+01 2.072890e+01 2.066500e+01 2.028000e+01 2.081077e+01 2.073320e+01
2.097000e+01 2.027500e+01 2.080718e+01 2.071889e+01 2.097500e+01 2.028000e+01 2.080582e+01 2.072277e+01
2.097500e+01 2.028000e+01 2.080582e+01 2.072277e+01 2.098500e+01 2.028000e+01 2.080728e+01 2.071867e+01
2.098500e+01 2.028000e+01 2.080728e+01 2.071867e+01 2.099000e+01 2.028500e+01 2.080601e+01 2.072225e+01
2.062500e+01 2.029000e+01 2.080924e+01 2.072899e+01 2.062000e+01 2.029500e+01 2.081048e+01 2.073241e+01
2.062500e+01 2.029000e+01 2.080924e+01 2.072899e+01 2.063500e+01 2.029000e+01 2.081091e+01 2.073328e+01
2.063500e+01 2.029000e+01 2.081091e+01 2.073328e+01 2.064500e+01 2.029000e+01 2.081232e+01 2.073742e+01
2.065000e+01 2.028500e+01 2.081092e+01 2.073353e+01 2.064500e+01 2.029000e+01 2.081232e+01 2.073742e+01
2.099000e+01 2.028500e+01 2.080601e+01 2.072225e+01 2.099500e+01 2.029000e+01 2.080460e+01 2.072573e+01
2.099500e+01 2.029000e+01 2.080460e+01 2.072573e+01 2.100500e+01 2.029000e+01 2.080642e+01 2.072121e+01
2.100500e+01 2.029000e+01 2.080642e+01 2.072121e+01 2.101000e+01 2.029500e+01 2.080514e+01 2.072441e+01
2.061500e+01 2.030000e+01 2.081187e+01 2.073573e+01 2.061000e+01 2.030500e+01 2.081319e+01 2.073889e+01
2.062000e+01 2.029500e+01 2.081048e+01 2.073241e+01 2.061500e+01 2.030000e+01 2.081187e+01 2.073573e+01
2.101000e+01 2.029500e+01 2.080514e+01 2.072441e+01 2.101500e+01 2.030000e+01 2.080372e+01 2.072750e+01
2.101500e+01 2.030000e+01 2.080372e+01 2.072750e+01 2.102500e+01 2.030000e+01 2.080597e+01 2.072259e+01
2.102500e+01 2.030000e+01 2.080597e+01 2.072259e+01 2.103000e+01 2.030500e+01 2.080473e+01 2.072542e+01
2.059500e+01 2.031000e+01 2.081240e+01 2.073693e+01 2.059000e+01 2.031500e+01 2.081368e+01 2.073969e+01
2.059500e+01 2.031000e+01 2.081240e+01 2.073693e+01 2.060500e+01 2.031000e+01 2.081466e+01 2.074193e+01
2.061000e+01 2.030500e+01 2.081319e+01 2.073889e+01 2.060500e+01 2.031000e+01 2.081466e+01 2.074193e+01
2.103000e+01 2.030500e+01 2.080473e+01 2.072542e+01 2.103500e+01 2.031000e+01 2.080337e+01 2.072811e+01
2.103500e+01 2.031000e+01 2.080337e+01 2.072811e+01 2.104000e+01 2.031500e+01 2.080212e+01 2.073069e+01
2.057500e+01 2.032000e+01 2.081233e+01 2.073695e+01 2.057000e+01 2.032500e+01 2.081351e+01 2.073932e+01
2.057500e+01 2.032000e+01 2.081233e+01 2.073695e+01 2.058500e+01 2.032000e+01 2.081509e+01 2.074231e+01
2.059000e+01 2.031500e+01 2.081368e+01 2.073969e+01 2.058500e+01 2.032000e+01 2.081509e+01 2.074231e+01
2.104000e+01 2.031500e+01 2.080212e+01 2.073069e+01 2.104500e+01 2.032000e+01 2.080075e+01 2.073312e+01
2.104500e+01 2.032000e+01 2.080075e+01 2.073312e+01 2.105500e+01 2.032000e+01 2.080371e+01 2.072767e+01
2.105500e+01 2.032000e+01 2.080371e+01 2.072767e+01 2.106000e+01 2.032500e+01 2.080258e+01 2.072988e+01
2.056500e+01 2.033000e+01 2.081481e+01 2.074153e+01 2.056000e+01 2.033500e+01 2.081597e+01 2.074363e+01
2.057000e+01 2.032500e+01 2.081351e+01 2.073932e+01 2.056500e+01 2.033000e+01 2.081481e+01 2.074153e+01
2.106000e+01 2.032500e+01 2.080258e+01 2.072988e+01 2.106500e+01 2.033000e+01 2.080135e+01 2.073195e+01
2.106500e+01 2.033000e+01 2.080135e+01 2.073195e+01 2.107000e+01 2.033500e+01 2.080027e+01 2.073391e+01
2.054500e+01 2.034000e+01 2.081367e+01 2.073970e+01 2.054000e+01 2.034500e+01 2.081466e+01 2.074143e+01
2.054500e+01 2.034000e+01 2.081367e+01 2.073970e+01 2.055500e+01 2.034000e+01 2.081726e+01 2.074556e+01
2.056000e+01 2.033500e+01 2.081597e+01 2.074363e+01 2.055500e+01 2.034000e+01 2.081726e+01 2.074556e+01
2.107000e+01 2.033500e+01 2.080027e+01 2.073391e+01 2.107500e+01 2.034000e+01 2.079908e+01 2.073573e+01
2.107500e+01 2.034000e+01 2.079908e+01 2.073573e+01 2.108000e+01 2.034500e+01 2.079805e+01 2.073745e+01
2.053500e+01 2.035000e+01 2.081575e+01 2.074299e+01 2.053000e+01 2.035500e+01 2.081668e+01 2.074447e+01
2.054000e+01 2.034500e+01 2.081466e+01 2.074143e+01 2.053500e+01 2.035000e+01 2.081575e+01 2.074299e+01
2.108000e+01 2.034500e+01 2.079805e+01 2.073745e+01 2.108500e+01 2.035000e+01 2.079693e+01 2.073902e+01
2.108500e+01 2.035000e+01 2.079693e+01 2.073902e+01 2.109000e+01 2.035500e+01 2.079597e+01 2.074050e+01
2.052500e+01 2.036000e+01 2.081769e+01 2.074577e+01 2.052000e+01 2.036500e+01 2.081854e+01 2.074699e+01
2.053000e+01 2.035500e+01 2.081668e+01 2.074447e+01 2.052500e+01 2.036000e+01 2.081769e+01 2.074577e+01
2.109000e+01 2.035500e+01 2.079597e+01 2.074050e+01 2.109500e+01 2.036000e+01 2.079494e+01 2.074182e+01
2.109500e+01 2.036000e+01 2.079494e+01 2.074182e+01 2.110000e+01 2.036500e+01 2.079408e+01 2.074307e+01
2.050500e+01 2.037000e+01 2.081460e+01 2.074169e+01 2.050000e+01 2.037500e+01 2.081517e+01 2.074261e+01
2.050500e+01 2.037000e+01 2.081460e+01 2.074169e+01 2.051500e+01 2.037000e+01 2.081945e+01 2.074803e+01
2.052000e+01 2.036500e+01 2.081854e+01 2.074699e+01 2.051500e+01 2.037000e+01 2.081945e+01 2.074803e+01
2.110000e+01 2.036500e+01 2.079408e+01 2.074307e+01 2.110500e+01 2.037000e+01 2.079316e+01 2.074414e+01
2.110500e+01 2.037000e+01 2.079316e+01 2.074414e+01 2.111000e+01 2.037500e+01 2.079242e+01 2.074517e+01
2.049500e+01 2.038000e+01 2.081578e+01 2.074335e+01 2.049000e+01 2.038500e+01 2.081622e+01 2.074404e+01
2.050000e+01 2.037500e+01 2.081517e+01 2.074261e+01 2.049500e+01 2.038000e+01 2.081578e+01 2.074335e+01
2.111000e+01 2.037500e+01 2.079242e+01 2.074517e+01 2.111500e+01 2.038000e+01 2.079163e+01 2.074601e+01
2.111500e+01 2.038000e+01 2.079163e+01 2.074601e+01 2.112000e+01 2.038500e+01 2.079103e+01 2.074682e+01
2.048500e+01 2.039000e+01 2.081670e+01 2.074456e+01 2.048000e+01 2.039500e+01 2.081699e+01 2.074504e+01
2.049000e+01 2.038500e+01 2.081622e+01 2.074404e+01 2.048500e+01 2.039000e+01 2.081670e+01 2.074456e+01
2.112000e+01 2.038500e+01 2.079103e+01 2.074682e+01 2.112500e+01 2.039000e+01 2.079040e+01 2.074744e+01
2.112500e+01 2.039000e+01 2.079040e+01 2.074744e+01 2.113000e+01 2.039500e+01 2.078995e+01 2.074804e+01
2.047500e+01 2.040000e+01 2.081730e+01 2.074534e+01 2.047000e+01 2.040500e+01 2.081742e+01 2.074562e+01
2.048000e+01 2.039500e+01 2.081699e+01 2.074504e+01 2.047500e+01 2.040000e+01 2.081730e+01 2.074534e+01
2.113000e+01 2.039500e+01 2.078995e+01 2.074804e+01 2.113500e+01 2.040000e+01 2.078949e+01 2.074846e+01
2.113500e+01 2.040000e+01 2.078949e+01 2.074846e+01 2.114000e+01 2.040500e+01 2.078922e+01 2.074887e+01
2.046500e+01 2.041000e+01 2.081756e+01 2.074572e+01 2.046000e+01 2.041500e+01 2.081750e+01 2.074582e+01
2.047000e+01 2.040500e+01 2.081742e+01 2.074562e+01 2.046500e+01 2.041000e+01 2.081756e+01 2.074572e+01
2.114000e+01 2.040500e+01 2.078922e+01 2.074887e+01 2.114500e+01 2.041000e+01 2.078894e+01 2.074910e+01
2.114500e+01 2.041000e+01 2.078894e+01 2.074910e+01 2.115000e+01 2.041500e+01 2.078887e+01 2.074933e+01
2.045500e+01 2.042000e+01 2.081744e+01 2.074573e+01 2.045000e+01 2.042500e+01 2.081718e+01 2.074566e+01
2.046000e+01 2.041500e+01 2.081750e+01 2.074582e+01 2.045500e+01 2.042000e+01 2.081744e+01 2.074573e+01
2.115000e+01 2.041500e+01 2.078887e+01 2.074933e+01 2.115000e+01 2.042500e+01 2.078229e+01 2.075601e+01
2.045000e+01 2.042500e+01 2.081718e+01 2.074566e+01 2.045000e+01 2.043500e+01 2.082376e+01 2.075173e+01
2.115000e+01 2.042500e+01 2.078229e+01 2.075601e+01 2.115500e+01 2.043000e+01 2.078224e+01 2.075588e+01
2.115500e+01 2.043000e+01 2.078224e+01 2.075588e+01 2.116000e+01 2.043500e+01 2.078240e+01 2.075577e+01
2.044500e+01 2.044000e+01 2.082346e+01 2.075129e+01 2.044000e+01 2.044500e+01 2.082297e+01 2.075089e+01
2.045000e+01 2.043500e+01 2.082376e+01 2.075173e+01 2.044500e+01 2.044000e+01 2.082346e+01 2.075129e+01
2.116000e+01 2.043500e+01 2.078240e+01 2.075577e+01 2.116500e+01 2.044000e+01 2.078259e+01 2.075549e+01
2.116500e+01 2.044000e+01 2.078259e+01 2.075549e+01 2.117000e+01 2.044500e+01 2.078298e+01 2.075524e+01
2.043500e+01 2.045000e+01 2.082243e+01 2.075032e+01 2.043000e+01 2.045500e+01 2.082170e+01 2.074979e+01
2.044000e+01 2.044500e+01 2.082297e+01 2.075089e+01 2.043500e+01 2.045000e+01 2.082243e+01 2.075032e+01
2.117000e+01 2.044500e+01 2.078298e+01 2.075524e+01 2.117000e+01 2.045500e+01 2.077644e+01 2.076095e+01
2.042500e+01 2.046000e+01 2.082092e+01 2.074909e+01 2.042000e+01 2.046500e+01 2.081995e+01 2.074845e+01
2.043000e+01 2.045500e+01 2.082170e+01 2.074979e+01 2.042500e+01 2.046000e+01 2.082092e+01 2.074909e+01
2.117000e+01 2.045500e+01 2.077644e+01 2.076095e+01 2.117500e+01 2.046000e+01 2.077693e+01 2.076035e+01
2.117500e+01 2.046000e+01 2.077693e+01 2.076035e+01 2.118000e+01 2.046500e+01 2.077762e+01 2.075982e+01
2.042000e+01 2.046500e+01 2.081995e+01 2.074845e+01 2.042000e+01 2.047500e+01 2.082631e+01 2.075321e+01
2.118000e+01 2.046500e+01 2.077762e+01 2.075982e+01 2.118500e+01 2.047000e+01 2.077839e+01 2.075912e+01
2.118500e+01 2.047000e+01 2.077839e+01 2.075912e+01 2.119000e+01 2.047500e+01 2.077936e+01 2.075850e+01
2.041500e+01 2.048000e+01 2.082520e+01 2.075225e+01 2.041000e+01 2.048500e+01 2.082391e+01 2.075137e+01
2.042000e+01 2.047500e+01 2.082631e+01 2.075321e+01 2.041500e+01 2.048000e+01 2.082520e+01 2.075225e+01
2.119000e+01 2.047500e+01 2.077936e+01 2.075850e+01 2.119000e+01 2.048500e+01 2.077304e+01 2.076326e+01
2.040500e+01 2.049000e+01 2.082252e+01 2.075034e+01 2.040000e+01 2.049500e+01 2.082096e+01 2.074940e+01
2.041000e+01 2.048500e+01 2.082391e+01 2.075137e+01 2.040500e+01 2.049000e+01 2.082252e+01 2.075034e+01
2.119000e+01 2.048500e+01 2.077304e+01 2.076326e+01 2.119500e+01 2.049000e+01 2.077418e+01 2.076232e+01
2.119500e+01 2.049000e+01 2.077418e+01 2.076232e+01 2.120000e+01 2.049500e+01 2.077551e+01 2.076149e+01
2.040000e+01 2.049500e+01 2.082096e+01 2.074940e+01 2.040000e+01 2.050500e+01 2.082699e+01 2.075328e+01
2.120000e+01 2.049500e+01 2.077551e+01 2.076149e+01 2.120000e+01 2.050500e+01 2.076937e+01 2.076565e+01
2.039500e+01 2.051000e+01 2.082522e+01 2.075207e+01 2.039000e+01 2.051500e+01 2.082329e+01 2.075097e+01
2.040000e+01 2.050500e+01 2.082699e+01 2.075328e+01 2.039500e+01 2.051000e+01 2.082522e+01 2.075207e+01
2.120000e+01 2.050500e+01 2.076937e+01 2.076565e+01 2.120500e+01 2.051000e+01 2.077092e+01 2.076452e+01
2.120500e+01 2.051000e+01 2.077092e+01 2.076452e+01 2.121000e+01 2.051500e+01 2.077265e+01 2.076351e+01
2.039000e+01 2.051500e+01 2.082329e+01 2.075097e+01 2.039000e+01 2.052500e+01 2.082907e+01 2.075430e+01
2.121000e+01 2.051500e+01 2.077265e+01 2.076351e+01 2.121000e+01 2.052500e+01 2.076677e+01 2.076711e+01
2.038500e+01 2.053000e+01 2.082689e+01 2.075296e+01 2.038000e+01 2.053500e+01 2.082457e+01 2.075174e+01
2.039000e+01 2.052500e+01 2.082907e+01 2.075430e+01 2.038500e+01 2.053000e+01 2.082689e+01 2.075296e+01
2.121000e+01 2.052500e+01 2.076677e+01 2.076711e+01 2.121500e+01 2.053000e+01 2.076876e+01 2.076584e+01
2.121500e+01 2.053000e+01 2.076876e+01 2.076584e+01 2.122000e+01 2.053500e+01 2.077092e+01 2.076471e+01
2.038000e+01 2.053500e+01 2.082457e+01 2.075174e+01 2.038000e+01 2.054500e+01 2.083003e+01 2.075457e+01
2.122000e+01 2.053500e+01 2.077092e+01 2.076471e+01 2.122000e+01 2.054500e+01 2.076537e+01 2.076778e+01
2.037500e+01 2.055000e+01 2.082743e+01 2.075316e+01 2.037000e+01 2.055500e+01 2.082469e+01 2.075189e+01
2.038000e+01 2.054500e+01 2.083003e+01 2.075457e+01 2.037500e+01 2.055000e+01 2.082743e+01 2.075316e+01
2.122000e+01 2.054500e+01 2.076537e+01 2.076778e+01 2.122500e+01 2.055000e+01 2.076782e+01 2.076643e+01
2.122500e+01 2.055000e+01 2.076782e+01 2.076643e+01 2.123000e+01 2.055500e+01 2.077042e+01 2.076524e+01
2.037000e+01 2.055500e+01 2.082469e+01 2.075189e+01 2.037000e+01 2.056500e+01 2.082977e+01 2.075427e+01
2.123000e+01 2.055500e+01 2.077042e+01 2.076524e+01 2.123000e+01 2.056500e+01 2.076527e+01 2.076782e+01
2.036500e+01 2.057000e+01 2.082674e+01 2.075284e+01 2.036000e+01 2.057500e+01 2.082358e+01 2.075157e+01
2.037000e+01 2.056500e+01 2.082977e+01 2.075427e+01 2.036500e+01 2.057000e+01 2.082674e+01 2.075284e+01
2.123000e+01 2.056500e+01 2.076527e+01 2.076782e+01 2.123000e+01 2.057500e+01 2.076022e+01 2.077013e+01
2.036000e+01 2.057500e+01 2.082358e+01 2.075157e+01 2.036000e+01 2.058500e+01 2.082824e+01 2.075356e+01
2.123000e+01 2.057500e+01 2.076022e+01 2.077013e+01 2.123500e+01 2.058000e+01 2.076331e+01 2.076868e+01
2.123500e+01 2.058000e+01 2.076331e+01 2.076868e+01 2.124000e+01 2.058500e+01 2.076653e+01 2.076741e+01
2.036000e+01 2.058500e+01 2.082824e+01 2.075356e+01 2.036000e+01 2.059500e+01 2.083276e+01 2.075531e+01
2.124000e+01 2.058500e+01 2.076653e+01 2.076741e+01 2.124000e+01 2.059500e+01 2.076197e+01 2.076931e+01
2.035500e+01 2.060000e+01 2.082912e+01 2.075389e+01 2.035000e+01 2.060500e+01 2.082539e+01 2.075263e+01
2.036000e+01 2.059500e+01 2.083276e+01 2.075531e+01 2.035500e+01 2.060000e+01 2.082912e+01 2.075389e+01
2.124000e+01 2.059500e+01 2.076197e+01 2.076931e+01 2.124000e+01 2.060500e+01 2.075756e+01 2.077096e+01
2.035000e+01 2.060500e+01 2.082539e+01 2.075263e+01 2.035000e+01 2.061500e+01 2.082942e+01 2.075409e+01
2.124000e+01 2.060500e+01 2.075756e+01 2.077096e+01 2.124500e+01 2.061000e+01 2.076131e+01 2.076954e+01
2.124500e+01 2.061000e+01 2.076131e+01 2.076954e+01 2.125000e+01 2.061500e+01 2.076517e+01 2.076830e+01
2.035000e+01 2.061500e+01 2.082942e+01 2.075409e+01 2.035000e+01 2.062500e+01 2.083327e+01 2.075534e+01
2.125000e+01 2.061500e+01 2.076517e+01 2.076830e+01 2.125000e+01 2.062500e+01 2.076131e+01 2.076964e+01
2.035000e+01 2.062500e+01 2.083327e+01 2.075534e+01 2.035000e+01 2.063500e+01 2.083693e+01 2.075640e+01
2.125000e+01 2.062500e+01 2.076131e+01 2.076964e+01 2.125000e+01 2.063500e+01 2.075764e+01 2.077076e+01
2.035000e+01 2.063500e+01 2.083693e+01 2.075640e+01 2.035000e+01 2.064500e+01 2.084039e+01 2.075726e+01
2.125000e+01 2.063500e+01 2.075764e+01 2.077076e+01 2.125000e+01 2.064500e+01 2.075419e+01 2.077166e+01
2.034500e+01 2.065000e+01 2.083579e+01 2.075598e+01 2.034000e+01 2.065500e+01 2.083113e+01 2.075488e+01
2.035000e+01 2.064500e+01 2.084039e+01 2.075726e+01 2.034500e+01 2.065000e+01 2.083579e+01 2.075598e+01
2.125000e+01 2.064500e+01 2.075419e+01 2.077166e+01 2.125500e+01 2.065000e+01 2.075880e+01 2.077039e+01
2.125500e+01 2.065000e+01 2.075880e+01 2.077039e+01 2.126000e+01 2.065500e+01 2.076347e+01 2.076932e+01
2.034000e+01 2.065500e+01 2.083113e+01 2.075488e+01 2.034000e+01 2.066500e+01 2.083402e+01 2.075562e+01
2.126000e+01 2.065500e+01 2.076347e+01 2.076932e+01 2.126000e+01 2.066500e+01 2.076062e+01 2.077005e+01
2.034000e+01 2.066500e+01 2.083402e+01 2.075562e+01 2.034000e+01 2.067500e+01 2.083668e+01 2.075623e+01
2.126000e+01 2.066500e+01 2.076062e+01 2.077005e+01 2.126000e+01 2.067500e+01 2.075802e+01 2.077062e+01
2.034000e+01 2.067500e+01 2.083668e+01 2.075623e+01 2.034000e+01 2.068500e+01 2.083911e+01 2.075670e+01
2.126000e+01 2.067500e+01 2.075802e+01 2.077062e+01 2.126000e+01 2.068500e+01 2.075567e+01 2.077103e+01
2.034000e+01 2.068500e+01 2.083911e+01 2.075670e+01 2.034000e+01 2.069500e+01 2.084128e+01 2.075706e+01
2.126000e+01 2.068500e+01 2.075567e+01 2.077103e+01 2.126000e+01 2.069500e+01 2.075358e+01 2.077129e+01
2.034000e+01 2.069500e+01 2.084128e+01 2.075706e+01 2.034000e+01 2.070500e+01 2.084320e+01 2.075731e+01
2.126000e+01 2.069500e+01 2.075358e+01 2.077129e+01 2.126000e+01 2.070500e+01 2.075177e+01 2.077143e+01
2.034000e+01 2.070500e+01 2.084320e+01 2.075731e+01 2.034000e+01 2.071500e+01 2.084486e+01 2.075748e+01
2.126000e+01 2.070500e+01 2.075177e+01 2.077143e+01 2.126500e+01 2.071000e+01 2.075756e+01 2.077067e+01
2.126500e+01 2.071000e+01 2.075756e+01 2.077067e+01 2.127000e+01 2.071500e+01 2.076334e+01 2.077009e+01
2.034000e+01 2.071500e+01 2.084486e+01 2.075748e+01 2.034000e+01 2.072500e+01 2.084625e+01 2.075758e+01
2.127000e+01 2.071500e+01 2.076334e+01 2.077009e+01 2.127000e+01 2.072500e+01 2.076216e+01 2.077030e+01
2.034000e+01 2.072500e+01 2.084625e+01 2.075758e+01 2.034000e+01 2.073500e+01 2.084736e+01 2.075763e+01
2.127000e+01 2.072500e+01 2.076216e+01 2.077030e+01 2.127000e+01 2.073500e+01 2.076125e+01 2.077043e+01
2.034000e+01 2.073500e+01 2.084736e+01 2.075763e+01 2.034000e+01 2.074500e+01 2.084820e+01 2.075765e+01
2.127000e+01 2.073500e+01 2.076125e+01 2.077043e+01 2.127000e+01 2.074500e+01 2.076063e+01 2.077050e+01
2.034000e+01 2.074500e+01 2.084820e+01 2.075765e+01 2.034000e+01 2.075500e+01 2.084876e+01 2.075765e+01
2.127000e+01 2.074500e+01 2.076063e+01 2.077050e+01 2.127000e+01 2.075500e+01 2.076029e+01 2.077053e+01
2.034000e+01 2.075500e+01 2.084876e+01 2.075765e+01 2.034000e+01 2.076500e+01 2.084904e+01 2.075764e+01
2.127000e+01 2.075500e+01 2.076029e+01 2.077053e+01 2.127000e+01 2.076500e+01 2.076025e+01 2.077054e+01
2.034000e+01 2.076500e+01 2.084904e+01 2.075764e+01 2.034000e+01 2.077500e+01 2.084904e+01 2.075766e+01
2.127000e+01 2.076500e+01 2.076025e+01 2.077054e+01 2.127000e+01 2.077500e+01 2.076049e+01 2.077054e+01
2.034000e+01 2.077500e+01 2.084904e+01 2.075766e+01 2.034000e+01 2.078500e+01 2.084875e+01 2.075771e+01
2.127000e+01 2.077500e+01 2.076049e+01 2.077054e+01 2.127000e+01 2.078500e+01 2.076102e+01 2.077055e+01
2.034000e+01 2.078500e+01 2.084875e+01 2.075771e+01 2.034000e+01 2.079500e+01 2.084819e+01 2.075781e+01
2.127000e+01 2.078500e+01 2.076102e+01 2.077055e+01 2.127000e+01 2.079500e+01 2.076184e+01 2.077060e+01
2.034000e+01 2.079500e+01 2.084819e+01 2.075781e+01 2.034500e+01 2.080000e+01 2.085434e+01 2.075748e+01
2.034500e+01 2.080000e+01 2.085434e+01 2.075748e+01 2.035000e+01 2.080500e+01 2.086051e+01 2.075698e+01
2.127000e+01 2.079500e+01 2.076184e+01 2.077060e+01 2.127000e+01 2.080500e+01 2.076294e+01 2.077068e+01
2.035000e+01 2.080500e+01 2.086051e+01 2.075698e+01 2.035000e+01 2.081500e+01 2.085934e+01 2.075697e+01
2.127000e+01 2.080500e+01 2.076294e+01 2.077068e+01 2.127000e+01 2.081500e+01 2.076432e+01 2.077083e+01
2.035000e+01 2.081500e+01 2.085934e+01 2.075697e+01 2.035000e+01 2.082500e+01 2.085789e+01 2.075706e+01
2.127000e+01 2.081500e+01 2.076432e+01 2.077083e+01 2.127000e+01 2.082500e+01 2.076598e+01 2.077106e+01
2.035000e+01 2.082500e+01 2.085789e+01 2.075706e+01 2.035000e+01 2.083500e+01 2.085617e+01 2.075727e+01
2.127000e+01 2.082500e+01 2.076598e+01 2.077106e+01 2.127000e+01 2.083500e+01 2.076790e+01 2.077138e+01
2.035000e+01 2.083500e+01 2.085617e+01 2.075727e+01 2.035000e+01 2.084500e+01 2.085419e+01 2.075762e+01
2.127000e+01 2.083500e+01 2.076790e+01 2.077138e+01 2.127000e+01 2.084500e+01 2.077008e+01 2.077182e+01
2.035000e+01 2.084500e+01 2.085419e+01 2.075762e+01 2.035500e+01 2.085000e+01 2.085947e+01 2.075676e+01
2.035500e+01 2.085000e+01 2.085947e+01 2.075676e+01 2.036000e+01 2.085500e+01 2.086472e+01 2.075571e+01
2.127000e+01 2.084500e+01 2.077008e+01 2.077182e+01 2.127000e+01 2.085500e+01 2.077252e+01 2.077238e+01
2.036000e+01 2.085500e+01 2.086472e+01 2.075571e+01 2.036000e+01 2.086500e+01 2.086211e+01 2.075614e+01
2.126500e+01 2.086000e+01 2.076755e+01 2.077139e+01 2.126000e+01 2.086500e+01 2.076263e+01 2.077022e+01
2.127000e+01 2.085500e+01 2.077252e+01 2.077238e+01 2.126500e+01 2.086000e+01 2.076755e+01 2.077139e+01
2.036000e+01 2.086500e+01 2.086211e+01 2.075614e+01 2.036000e+01 2.087500e+01 2.085926e+01 2.075676e+01
2.126000e+01 2.086500e+01 2.076263e+01 2.077022e+01 2.126000e+01 2.087500e+01 2.076567e+01 2.077084e+01
2.036000e+01 2.087500e+01 2.085926e+01 2.075676e+01 2.036000e+01 2.088500e+01 2.085618e+01 2.075757e+01
2.126000e+01 2.087500e+01 2.076567e+01 2.077084e+01 2.126000e+01 2.088500e+01 2.076895e+01 2.077164e+01
2.036000e+01 2.088500e+01 2.085618e+01 2.075757e+01 2.036500e+01 2.089000e+01 2.086068e+01 2.075644e+01
2.036500e+01 2.089000e+01 2.086068e+01 2.075644e+01 2.037000e+01 2.089500e+01 2.086510e+01 2.075512e+01
2.126000e+01 2.088500e+01 2.076895e+01 2.077164e+01 2.126000e+01 2.089500e+01 2.077244e+01 2.077262e+01
2.037000e+01 2.089500e+01 2.086510e+01 2.075512e+01 2.037000e+01 2.090500e+01 2.086142e+01 2.075617e+01
2.126000e+01 2.089500e+01 2.077244e+01 2.077262e+01 2.126000e+01 2.090500e+01 2.077614e+01 2.077380e+01
2.037000e+01 2.090500e+01 2.086142e+01 2.075617e+01 2.037000e+01 2.091500e+01 2.085756e+01 2.075746e+01
2.125500e+01 2.091000e+01 2.077213e+01 2.077255e+01 2.125000e+01 2.091500e+01 2.076822e+01 2.077111e+01
2.126000e+01 2.090500e+01 2.077614e+01 2.077380e+01 2.125500e+01 2.091000e+01 2.077213e+01 2.077255e+01
2.037000e+01 2.091500e+01 2.085756e+01 2.075746e+01 2.037500e+01 2.092000e+01 2.086141e+01 2.075620e+01
2.037500e+01 2.092000e+01 2.086141e+01 2.075620e+01 2.038000e+01 2.092500e+01 2.086516e+01 2.075477e+01
2.125000e+01 2.091500e+01 2.076822e+01 2.077111e+01 2.125000e+01 2.092500e+01 2.077246e+01 2.077254e+01
2.038000e+01 2.092500e+01 2.086516e+01 2.075477e+01 2.038000e+01 2.093500e+01 2.086075e+01 2.075640e+01
2.125000e+01 2.092500e+01 2.077246e+01 2.077254e+01 2.125000e+01 2.093500e+01 2.077688e+01 2.077420e+01
2.038000e+01 2.093500e+01 2.086075e+01 2.075640e+01 2.038000e+01 2.094500e+01 2.085618e+01 2.075830e+01
2.125000e+01 2.093500e+01 2.077688e+01 2.077420e+01 2.125000e+01 2.094500e+01 2.078145e+01 2.077610e+01
2.038000e+01 2.094500e+01 2.085618e+01 2.075830e+01 2.038500e+01 2.095000e+01 2.085939e+01 2.075704e+01
2.038500e+01 2.095000e+01 2.085939e+01 2.075704e+01 2.039000e+01 2.095500e+01 2.086247e+01 2.075561e+01
2.124500e+01 2.095000e+01 2.077823e+01 2.077482e+01 2.124000e+01 2.095500e+01 2.077513e+01 2.077337e+01
2.125000e+01 2.094500e+01 2.078145e+01 2.077610e+01 2.124500e+01 2.095000e+01 2.077823e+01 2.077482e+01
2.039000e+01 2.095500e+01 2.086247e+01 2.075561e+01 2.039000e+01 2.096500e+01 2.085743e+01 2.075795e+01
2.124000e+01 2.095500e+01 2.077513e+01 2.077337e+01 2.124000e+01 2.096500e+01 2.078017e+01 2.077565e+01
2.039000e+01 2.096500e+01 2.085743e+01 2.075795e+01 2.039500e+01 2.097000e+01 2.086017e+01 2.075669e+01
2.039500e+01 2.097000e+01 2.086017e+01 2.075669e+01 2.040000e+01 2.097500e+01 2.086276e+01 2.075527e+01
2.124000e+01 2.096500e+01 2.078017e+01 2.077565e+01 2.124000e+01 2.097500e+01 2.078531e+01 2.077819e+01
2.040000e+01 2.097500e+01 2.086276e+01 2.075527e+01 2.040000e+01 2.098500e+01 2.085730e+01 2.075811e+01
2.123500e+01 2.098000e+01 2.078268e+01 2.077698e+01 2.123000e+01 2.098500e+01 2.078020e+01 2.077561e+01
2.124000e+01 2.097500e+01 2.078531e+01 2.077819e+01 2.123500e+01 2.098000e+01 2.078268e+01 2.077698e+01
2.040000e+01 2.098500e+01 2.085730e+01 2.075811e+01 2.040500e+01 2.099000e+01 2.085958e+01 2.075692e+01
2.040500e+01 2.099000e+01 2.085958e+01 2.075692e+01 2.041000e+01 2.099500e+01 2.086168e+01 2.075558e+01
2.123000e+01 2.098500e+01 2.078020e+01 2.077561e+01 2.123000e+01 2.099500e+01 2.078572e+01 2.077861e+01
2.041000e+01 2.099500e+01 2.086168e+01 2.075558e+01 2.041000e+01 2.100500e+01 2.085587e+01 2.075897e+01
2.122500e+01 2.100000e+01 2.078352e+01 2.077746e+01 2.122000e+01 2.100500e+01 2.078148e+01 2.077617e+01
2.123000e+01 2.099500e+01 2.078572e+01 2.077861e+01 2.122500e+01 2.100000e+01 2.078352e+01 2.077746e+01
2.041000e+01 2.100500e+01 2.085587e+01 2.075897e+01 2.041500e+01 2.101000e+01 2.085771e+01 2.075789e+01
2.041500e+01 2.101000e+01 2.085771e+01 2.075789e+01 2.042000e+01 2.101500e+01 2.085935e+01 2.075669e+01
2.122000e+01 2.100500e+01 2.078148e+01 2.077617e+01 2.122000e+01 2.101500e+01 2.078732e+01 2.077968e+01
2.042000e+01 2.101500e+01 2.085935e+01 2.075669e+01 2.042000e+01 2.102500e+01 2.085326e+01 2.076067e+01
2.121500e+01 2.102000e+01 2.078553e+01 2.077863e+01 2.121000e+01 2.102500e+01 2.078391e+01 2.077748e+01
2.122000e+01 2.101500e+01 2.078732e+01 2.077968e+01 2.121500e+01 2.102000e+01 2.078553e+01 2.077863e+01
2.042000e+01 2.102500e+01 2.085326e+01 2.076067e+01 2.042500e+01 2.103000e+01 2.085467e+01 2.075977e+01
2.042500e+01 2.103000e+01 2.085467e+01 2.075977e+01 2.043000e+01 2.103500e+01 2.085588e+01 2.075876e+01
2.121000e+01 2.102500e+01 2.078391e+01 2.077748e+01 2.121000e+01 2.103500e+01 2.079001e+01 2.078154e+01
2.043000e+01 2.103500e+01 2.085588e+01 2.075876e+01 2.043000e+01 2.104500e+01 2.084959e+01 2.076336e+01
2.120500e+01 2.104000e+01 2.078859e+01 2.078066e+01 2.120000e+01 2.104500e+01 2.078737e+01 2.077969e+01
2.121000e+01 2.103500e+01 2.079001e+01 2.078154e+01 2.120500e+01 2.104000e+01 2.078859e+01 2.078066e+01
2.043000e+01 2.104500e+01 2.084959e+01 2.076336e+01 2.043500e+01 2.105000e+01 2.085061e+01 2.076267e+01
2.043500e+01 2.105000e+01 2.085061e+01 2.076267e+01 2.044000e+01 2.105500e+01 2.085142e+01 2.076191e+01
2.120000e+01 2.104500e+01 2.078737e+01 2.077969e+01 2.120000e+01 2.105500e+01 2.079364e+01 2.078433e+01
2.044000e+01 2.105500e+01 2.085142e+01 2.076191e+01 2.044000e+01 2.106500e+01 2.084500e+01 2.076714e+01
2.119500e+01 2.106000e+01 2.079258e+01 2.078366e+01 2.119000e+01 2.106500e+01 2.079171e+01 2.078293e+01
2.120000e+01 2.105500e+01 2.079364e+01 2.078433e+01 2.119500e+01 2.106000e+01 2.079258e+01 2.078366e+01
2.044000e+01 2.106500e+01 2.084500e+01 2.076714e+01 2.044500e+01 2.107000e+01 2.084568e+01 2.076671e+01
2.044500e+01 2.107000e+01 2.084568e+01 2.076671e+01 2.045000e+01 2.107500e+01 2.084614e+01 2.076623e+01
2.118500e+01 2.107000e+01 2.079091e+01 2.078235e+01 2.118000e+01 2.107500e+01 2.079030e+01 2.078172e+01
2.119000e+01 2.106500e+01 2.079171e+01 2.078293e+01 2.118500e+01 2.107000e+01 2.079091e+01 2.078235e+01
2.045000e+01 2.107500e+01 2.084614e+01 2.076623e+01 2.045500e+01 2.108000e+01 2.084655e+01 2.076593e+01
2.045500e+01 2.108000e+01 2.084655e+01 2.076593e+01 2.046000e+01 2.108500e+01 2.084674e+01 2.076559e+01
2.118000e+01 2.107500e+01 2.079030e+01 2.078172e+01 2.118000e+01 2.108500e+01 2.079679e+01 2.078729e+01
2.046000e+01 2.108500e+01 2.084674e+01 2.076559e+01 2.046000e+01 2.109500e+01 2.084020e+01 2.077181e+01
2.117500e+01 2.109000e+01 2.079628e+01 2.078700e+01 2.117000e+01 2.109500e+01 2.079596e+01 2.078667e+01
2.118000e+01 2.108500e+01 2.079679e+01 2.078729e+01 2.117500e+01 2.109000e+01 2.079628e+01 2.078700e+01
2.046000e+01 2.109500e+01 2.084020e+01 2.077181e+01 2.046500e+01 2.110000e+01 2.084033e+01 2.077183e+01
2.046500e+01 2.110000e+01 2.084033e+01 2.077183e+01 2.047000e+01 2.110500e+01 2.084025e+01 2.077184e+01
2.116500e+01 2.110000e+01 2.079568e+01 2.078652e+01 2.116000e+01 2.110500e+01 2.079559e+01 2.078634e+01
2.117000e+01 2.109500e+01 2.079596e+01 2.078667e+01 2.116500e+01 2.110000e+01 2.079568e+01 2.078652e+01
2.047000e+01 2.110500e+01 2.084025e+01 2.077184e+01 2.047500e+01 2.111000e+01 2.084016e+01 2.077202e+01
2.047500e+01 2.111000e+01 2.084016e+01 2.077202e+01 2.048000e+01 2.111500e+01 2.083986e+01 2.077220e+01
2.115500e+01 2.111000e+01 2.079551e+01 2.078634e+01 2.115000e+01 2.111500e+01 2.079563e+01 2.078634e+01
2.116000e+01 2.110500e+01 2.079559e+01 2.078634e+01 2.115500e+01 2.111000e+01 2.079551e+01 2.078634e+01
2.048000e+01 2.111500e+01 2.083986e+01 2.077220e+01 2.048500e+01 2.112000e+01 2.083956e+01 2.077257e+01
2.048500e+01 2.112000e+01 2.083956e+01 2.077257e+01 2.049000e+01 2.112500e+01 2.083905e+01 2.077295e+01
2.114500e+01 2.112000e+01 2.079576e+01 2.078651e+01 2.114000e+01 2.112500e+01 2.079608e+01 2.078670e+01
2.115000e+01 2.111500e+01 2.079563e+01 2.078634e+01 2.114500e+01 2.112000e+01 2.079576e+01 2.078651e+01
2.049000e+01 2.112500e+01 2.083905e+01 2.077295e+01 2.049000e+01 2.113500e+01 2.083260e+01 2.078054e+01
2.113500e+01 2.113000e+01 2.079639e+01 2.078706e+01 2.113000e+01 2.113500e+01 2.079689e+01 2.078745e+01
2.114000e+01 2.112500e+01 2.079608e+01 2.078670e+01 2.113500e+01 2.113000e+01 2.079639e+01 2.078706e+01
2.049000e+01 2.113500e+01 2.083260e+01 2.078054e+01 2.049500e+01 2.114000e+01 2.083213e+01 2.078128e+01
2.049500e+01 2.114000e+01 2.083213e+01 2.078128e+01 2.050000e+01 2.114500e+01 2.083147e+01 2.078206e+01
2.112500e+01 2.114000e+01 2.079736e+01 2.078802e+01 2.112000e+01 2.114500e+01 2.079802e+01 2.078863e+01
2.113000e+01 2.113500e+01 2.079689e+01 2.078745e+01 2.112500e+01 2.114000e+01 2.079736e+01 2.078802e+01
2.050000e+01 2.114500e+01 2.083147e+01 2.078206e+01 2.050500e+01 2.115000e+01 2.083085e+01 2.078302e+01
2.050500e+01 2.115000e+01 2.083085e+01 2.078302e+01 2.051000e+01 2.115500e+01 2.083004e+01 2.078402e+01
2.111500e+01 2.115000e+01 2.079864e+01 2.078942e+01 2.111000e+01 2.115500e+01 2.079944e+01 2.079026e+01
2.112000e+01 2.114500e+01 2.079802e+01 2.078863e+01 2.111500e+01 2.115000e+01 2.079864e+01 2.078942e+01
2.051000e+01 2.115500e+01 2.083004e+01 2.078402e+01 2.051500e+01 2.116000e+01 2.082929e+01 2.078520e+01
2.051500e+01 2.116000e+01 2.082929e+01 2.078520e+01 2.052000e+01 2.116500e+01 2.082835e+01 2.078644e+01
2.110500e+01 2.116000e+01 2.080019e+01 2.079128e+01 2.110000e+01 2.116500e+01 2.080111e+01 2.079236e+01
2.111000e+01 2.115500e+01 2.079944e+01 2.079026e+01 2.110500e+01 2.116000e+01 2.080019e+01 2.079128e+01
2.052000e+01 2.116500e+01 2.082835e+01 2.078644e+01 2.052500e+01 2.117000e+01 2.082748e+01 2.078785e+01
2.052500e+01 2.117000e+01 2.082748e+01 2.078785e+01 2.053000e+01 2.117500e+01 2.082643e+01 2.078934e+01
2.109500e+01 2.117000e+01 2.080197e+01 2.079361e+01 2.109000e+01 2.117500e+01 2.080299e+01 2.079494e+01
2.110000e+01 2.116500e+01 2.080111e+01 2.079236e+01 2.109500e+01 2.117000e+01 2.080197e+01 2.079361e+01
2.053000e+01 2.117500e+01 2.082643e+01 2.078934e+01 2.053500e+01 2.118000e+01 2.082546e+01 2.079099e+01
2.053500e+01 2.118000e+01 2.082546e+01 2.079099e+01 2.054000e+01 2.118500e+01 2.082433e+01 2.079272e+01
2.108500e+01 2.118000e+01 2.080393e+01 2.079644e+01 2.108000e+01 2.118500e+01 2.080503e+01 2.079803e+01
2.109000e+01 2.117500e+01 2.080299e+01 2.079494e+01 2.108500e+01 2.118000e+01 2.080393e+01 2.079644e+01
2.054000e+01 2.118500e+01 2.082433e+01 2.079272e+01 2.054500e+01 2.119000e+01 2.082329e+01 2.079461e+01
2.054500e+01 2.119000e+01 2.082329e+01 2.079461e+01 2.055000e+01 2.119500e+01 2.082210e+01 2.079660e+01
2.107500e+01 2.119000e+01 2.080604e+01 2.079978e+01 2.107000e+01 2.119500e+01 2.080719e+01 2.080162e+01
2.108000e+01 2.118500e+01 2.080503e+01 2.079803e+01 2.107500e+01 2.119000e+01 2.080604e+01 2.079978e+01
2.055000e+01 2.119500e+01 2.082210e+01 2.079660e+01 2.055500e+01 2.120000e+01 2.082101e+01 2.079873e+01
2.055500e+01 2.120000e+01 2.082101e+01 2.079873e+01 2.056500e+01 2.120000e+01 2.082406e+01 2.079323e+01
2.056500e+01 2.120000e+01 2.082406e+01 2.079323e+01 2.057000e+01 2.120500e+01 2.082269e+01 2.079558e+01
2.105500e+01 2.120000e+01 2.080497e+01 2.079797e+01 2.105000e+01 2.120500e+01 2.080630e+01 2.080018e+01
2.105500e+01 2.120000e+01 2.080497e+01 2.079797e+01 2.106500e+01 2.120000e+01 2.080825e+01 2.080362e+01
2.107000e+01 2.119500e+01 2.080719e+01 2.080162e+01 2.106500e+01 2.120000e+01 2.080825e+01 2.080362e+01
2.057000e+01 2.120500e+01 2.082269e+01 2.079558e+01 2.057500e+01 2.121000e+01 2.082144e+01 2.079807e+01
2.057500e+01 2.121000e+01 2.082144e+01 2.079807e+01 2.058000e+01 2.121500e+01 2.082007e+01 2.080069e+01
2.104500e+01 2.121000e+01 2.080750e+01 2.080255e+01 2.104000e+01 2.121500e+01 2.080882e+01 2.080503e+01
2.105000e+01 2.120500e+01 2.080630e+01 2.080018e+01 2.104500e+01 2.121000e+01 2.080750e+01 2.080255e+01
2.058000e+01 2.121500e+01 2.082007e+01 2.080069e+01 2.058500e+01 2.122000e+01 2.081883e+01 2.080344e+01
2.058500e+01 2.122000e+01 2.081883e+01 2.080344e+01 2.059500e+01 2.122000e+01 2.082110e+01 2.079846e+01
2.059500e+01 2.122000e+01 2.082110e+01 2.079846e+01 2.060000e+01 2.122500e+01 2.081965e+01 2.080147e+01
2.102500e+01 2.122000e+01 2.080751e+01 2.080253e+01 2.102000e+01 2.122500e+01 2.080891e+01 2.080541e+01
2.102500e+01 2.122000e+01 2.080751e+01 2.080253e+01 2.103500e+01 2.122000e+01 2.081002e+01 2.080765e+01
2.104000e+01 2.121500e+01 2.080882e+01 2.080503e+01 2.103500e+01 2.122000e+01 2.081002e+01 2.080765e+01
2.060000e+01 2.122500e+01 2.081965e+01 2.080147e+01 2.060500e+01 2.123000e+01 2.081834e+01 2.080460e+01
2.060500e+01 2.123000e+01 2.081834e+01 2.080460e+01 2.061000e+01 2.123500e+01 2.081694e+01 2.080787e+01
2.100500e+01 2.123000e+01 2.080812e+01 2.080366e+01 2.100000e+01 2.123500e+01 2.080956e+01 2.080695e+01
2.100500e+01 2.123000e+01 2.080812e+01 2.080366e+01 2.101500e+01 2.123000e+01 2.081018e+01 2.080842e+01
2.102000e+01 2.122500e+01 2.080891e+01 2.080541e+01 2.101500e+01 2.123000e+01 2.081018e+01 2.080842e+01
2.061000e+01 2.123500e+01 2.081694e+01 2.080787e+01 2.061500e+01 2.124000e+01 2.081568e+01 2.081124e+01
2.061500e+01 2.124000e+01 2.081568e+01 2.081124e+01 2.062500e+01 2.124000e+01 2.081734e+01 2.080691e+01
2.062500e+01 2.124000e+01 2.081734e+01 2.080691e+01 2.063000e+01 2.124500e+01 2.081595e+01 2.081058e+01
2.098500e+01 2.124000e+01 2.080919e+01 2.080599e+01 2.098000e+01 2.124500e+01 2.081059e+01 2.080969e+01
2.098500e+01 2.124000e+01 2.080919e+01 2.080599e+01 2.099500e+01 2.124000e+01 2.081084e+01 2.081034e+01
2.100000e+01 2.123500e+01 2.080956e+01 2.080695e+01 2.099500e+01 2.124000e+01 2.081084e+01 2.081034e+01
2.063000e+01 2.124500e+01 2.081595e+01 2.081058e+01 2.063500e+01 2.125000e+01 2.081471e+01 2.081434e+01
2.063500e+01 2.125000e+01 2.081471e+01 2.081434e+01 2.064500e+01 2.125000e+01 2.081602e+01 2.081044e+01
2.064500e+01 2.125000e+01 2.081602e+01 2.081044e+01 2.065000e+01 2.125500e+01 2.081469e+01 2.081450e+01
2.096500e+01 2.125000e+01 2.081053e+01 2.080958e+01 2.096000e+01 2.125500e+01 2.081186e+01 2.081368e+01
2.096500e+01 2.125000e+01 2.081053e+01 2.080958e+01 2.097500e+01 2.125000e+01 2.081184e+01 2.081348e+01
2.098000e+01 2.124500e+01 2.081059e+01 2.080969e+01 2.097500e+01 2.125000e+01 2.081184e+01 2.081348e+01
2.065000e+01 2.125500e+01 2.081469e+01 2.081450e+01 2.065500e+01 2.126000e+01 2.081351e+01 2.081864e+01
2.065500e+01 2.126000e+01 2.081351e+01 2.081864e+01 2.066500e+01 2.126000e+01 2.081455e+01 2.081520e+01
2.066500e+01 2.126000e+01 2.081455e+01 2.081520e+01 2.067500e+01 2.126000e+01 2.081538e+01 2.081193e+01
2.067500e+01 2.126000e+01 2.081538e+01 2.081193e+01 2.068000e+01 2.126500e+01 2.081416e+01 2.081654e+01
2.093500e+01 2.126000e+01 2.081114e+01 2.081118e+01 2.093000e+01 2.126500e+01 2.081235e+01 2.081583e+01
2.093500e+01 2.126000e+01 2.081114e+01 2.081118e+01 2.094500e+01 2.126000e+01 2.081199e+01 2.081443e+01
2.094500e+01 2.126000e+01 2.081199e+01 2.081443e+01 2.095500e+01 2.126000e+01 2.081303e+01 2.081785e+01
2.096000e+01 2.125500e+01 2.081186e+01 2.081368e+01 2.095500e+01 2.126000e+01 2.081303e+01 2.081785e+01
2.068000e+01 2.126500e+01 2.081416e+01 2.081654e+01 2.068500e+01 2.127000e+01 2.081310e+01 2.082119e+01
2.068500e+01 2.127000e+01 2.081310e+01 2.082119e+01 2.069500e+01 2.127000e+01 2.081375e+01 2.081843e+01
2.069500e+01 2.127000e+01 2.081375e+01 2.081843e+01 2.070500e+01 2.127000e+01 2.081425e+01 2.081586e+01
2.070500e+01 2.127000e+01 2.081425e+01 2.081586e+01 2.071000e+01 2.127500e+01 2.081324e+01 2.082099e+01
2.089500e+01 2.127000e+01 2.081185e+01 2.081296e+01 2.089000e+01 2.127500e+01 2.081279e+01 2.081829e+01
2.089500e+01 2.127000e+01 2.081185e+01 2.081296e+01 2.090500e+01 2.127000e+01 2.081221e+01 2.081527e+01
2.090500e+01 2.127000e+01 2.081221e+01 2.081527e+01 2.091500e+01 2.127000e+01 2.081272e+01 2.081780e+01
2.091500e+01 2.127000e+01 2.081272e+01 2.081780e+01 2.092500e+01 2.127000e+01 2.081339e+01 2.082054e+01
2.093000e+01 2.126500e+01 2.081235e+01 2.081583e+01 2.092500e+01 2.127000e+01 2.081339e+01 2.082054e+01
2.071000e+01 2.127500e+01 2.081324e+01 2.082099e+01 2.071500e+01 2.128000e+01 2.081239e+01 2.082615e+01
2.071500e+01 2.128000e+01 2.081239e+01 2.082615e+01 2.072500e+01 2.128000e+01 2.081281e+01 2.082410e+01
2.072500e+01 2.128000e+01 2.081281e+01 2.082410e+01 2.073500e+01 2.128000e+01 2.081312e+01 2.082227e+01
2.073500e+01 2.128000e+01 2.081312e+01 2.082227e+01 2.074500e+01 2.128000e+01 2.081332e+01 2.082067e+01
2.074500e+01 2.128000e+01 2.081332e+01 2.082067e+01 2.075500e+01 2.128000e+01 2.081343e+01 2.081929e+01
2.075500e+01 2.128000e+01 2.081343e+01 2.081929e+01 2.076500e+01 2.128000e+01 2.081347e+01 2.081815e+01
2.076500e+01 2.128000e+01 2.081347e+01 2.081815e+01 2.077500e+01 2.128000e+01 2.081344e+01 2.081725e+01
2.077500e+01 2.128000e+01 2.081344e+01 2.081725e+01 2.078500e+01 2.128000e+01 2.081337e+01 2.081660e+01
2.078500e+01 2.128000e+01 2.081337e+01 2.081660e+01 2.079500e+01 2.128000e+01 2.081327e+01 2.081620e+01
2.079500e+01 2.128000e+01 2.081327e+01 2.081620e+01 2.080500e+01 2.128000e+01 2.081315e+01 2.081604e+01
2.080500e+01 2.128000e+01 2.081315e+01 2.081604e+01 2.081500e+01 2.128000e+01 2.081304e+01 2.081613e+01
2.081500e+01 2.128000e+01 2.081304e+01 2.081613e+01 2.082500e+01 2.128000e+01 2.081294e+01 2.081648e+01
2.082500e+01 2.128000e+01 2.081294e+01 2.081648e+01 2.083500e+01 2.128000e+01 2.081287e+01 2.081707e+01
2.083500e+01 2.128000e+01 2.081287e+01 2.081707e+01 2.084500e+01 2.128000e+01 2.081286e+01 2.081791e+01
2.084500e+01 2.128000e+01 2.081286e+01 2.081791e+01 2.085500e+01 2.128000e+01 2.081290e+01 2.081899e+01
2.085500e+01 2.128000e+01 2.081290e+01 2.081899e+01 2.086500e+01 2.128000e+01 2.081303e+01 2.082031e+01
2.086500e+01 2.128000e+01 2.081303e+01 2.082031e+01 2.087500e+01 2.128000e+01 2.081325e+01 2.082186e+01
2.087500e+01 2.128000e+01 2.081325e+01 2.082186e+01 2.088500e+01 2.128000e+01 2.081357e+01 2.082365e+01
2.089000e+01 2.127500e+01 2.081279e+01 2.081829e+01 2.088500e+01 2.128000e+01 2.081357e+01 2.082365e+01
2.080764e+01 2.076390e+01 1.874074e+01 2.077118e+01 2.080764e+01 2.076390e+01 1.874524e+01 2.063621e+01
2.080764e+01 2.076390e+01 1.874524e+01 2.063621e+01 2.080764e+01 2.076390e+01 1.875896e+01 2.050166e+01
2.080764e+01 2.076390e+01 1.875896e+01 2.050166e+01 2.080764e+01 2.076390e+01 1.878190e+01 2.036804e+01
2.080764e+01 2.076390e+01 1.878190e+01 2.036804e+01 2.080764e+01 2.076390e+01 1.881405e+01 2.023587e+01
2.080764e+01 2.076390e+01 1.881405e+01 2.023587e+01 2.080764e+01 2.076390e+01 1.885534e+01 2.010568e+01
2.080764e+01 2.076390e+01 1.885534e+01 2.010568e+01 2.080764e+01 2.076390e+01 1.890573e+01 1.997800e+01
2.080764e+01 2.076390e+01 1.890573e+01 1.997800e+01 2.080764e+01 2.076390e+01 1.896513e+01 1.985339e+01
2.080764e+01 2.076390e+01 1.896513e+01 1.985339e+01 2.080764e+01 2.076390e+01 1.903342e+01 1.973240e+01
2.080764e+01 2.076390e+01 1.903342e+01 1.973240e+01 2.080764e+01 2.076390e+01 1.911046e+01 1.961563e+01
2.080764e+01 2.076390e+01 1.911046e+01 1.961563e+01 2.080764e+01 2.076390e+01 1.919604e+01 1.950366e+01
2.080764e+01 2.076390e+01 1.919604e+01 1.950366e+01 2.080764e+01 2.076390e+01 1.928994e+01 1.939709e+01
2.080764e+01 2.076390e+01 1.928994e+01 1.939709e+01 2.080764e+01 2.076390e+01 1.939187e+01 1.929654e+01
2.080764e+01 2.076390e+01 1.939187e+01 1.929654e+01 2.080764e+01 2.076390e+01 1.950146e+01 1.920263e+01
2.080764e+01 2.076390e+01 1.950146e+01 1.920263e+01 2.080764e+01 2.076390e+01 1.961831e+01 1.911596e+01
2.080764e+01 2.076390e+01 1.961831e+01 1.911596e+01 2.080764e+01 2.076390e+01 1.974192e+01 1.903713e+01
2.080764e+01 2.076390e+01 1.974192e+01 1.903713e+01 2.080764e+01 2.076390e+01 1.987171e+01 1.896671e+01
2.080764e+01 2.076390e+01 1.987171e+01 1.896671e+01 2.080764e+01 2.076390e+01 2.000706e+01 1.890526e+01
2.080764e+01 2.076390e+01 2.000706e+01 1.890526e+01 2.080764e+01 2.076390e+01 2.014723e+01 1.885326e+01
2.080764e+01 2.076390e+01 2.014723e+01 1.885326e+01 2.080764e+01 2.076390e+01 2.029144e+01 1.881114e+01
2.080764e+01 2.076390e+01 2.029144e+01 1.881114e+01 2.080764e+01 2.076390e+01 2.043882e+01 1.877927e+01
2.080764e+01 2.076390e+01 2.043882e+01 1.877927e+01 2.080764e+01 2.076390e+01 2.058847e+01 1.875791e+01
2.080764e+01 2.076390e+01 2.058847e+01 1.875791e+01 2.080764e+01 2.076390e+01 2.073945e+01 1.874726e+01
2.080764e+01 2.076390e+01 2.073945e+01 1.874726e+01 2.080764e+01 2.076390e+01 2.089079e+01 1.874738e+01
2.080764e+01 2.076390e+01 2.089079e+01 1.874738e+01 2.080764e+01 2.076390e+01 2.104152e+01 1.875827e+01
2.080764e+01 2.076390e+01 2.104152e+01 1.875827e+01 2.080764e+01 2.076390e+01 2.119068e+01 1.877981e+01
2.080764e+01 2.076390e+01 2.119068e+01 1.877981e+01 2.080764e+01 2.076390e+01 2.133737e+01 1.881176e+01
2.080764e+01 2.076390e+01 2.133737e+01 1.881176e+01 2.080764e+01 2.076390e+01 2.148070e+01 1.885385e+01
2.080764e+01 2.076390e+01 2.148070e+01 1.885385e+01 2.080764e+01 2.076390e+01 2.161985e+01 1.890568e+01
2.080764e+01 2.076390e+01 2.161985e+01 1.890568e+01 2.080764e+01 2.076390e+01 2.175409e+01 1.896682e+01
2.080764e+01 2.076390e+01 2.175409e+01 1.896682e+01 2.080764e+01 2.076390e+01 2.188274e+01 1.903676e+01
2.080764e+01 2.076390e+01 2.188274e+01 1.903676e+01 2.080764e+01 2.076390e+01 2.200519e+01 1.911498e+01
2.080764e+01 2.076390e+01 2.200519e+01 1.911498e+01 2.080764e+01 2.076390e+01 2.212092e+01 1.920092e+01
2.080764e+01 2.076390e+01 2.212092e+01 1.920092e+01 2.080764e+01 2.076390e+01 2.222947e+01 1.929400e+01
2.080764e+01 2.076390e+01 2.222947e+01 1.929400e+01 2.080764e+01 2.076390e+01 2.233045e+01 1.939363e+01
2.080764e+01 2.076390e+01 2.233045e+01 1.939363e+01 2.080764e+01 2.076390e+01 2.242353e+01 1.949923e+01
2.080764e+01 2.076390e+01 2.242353e+01 1.949923e+01 2.080764e+01 2.076390e+01 2.250843e+01 1.961022e+01
2.080764e+01 2.076390e+01 2.250843e+01 1.961022e+01 2.080764e+01 2.076390e+01 2.258492e+01 1.972601e+01
2.080764e+01 2.076390e+01 2.258492e+01 1.972601e+01 2.080764e+01 2.076390e+01 2.265282e+01 1.984606e+01
2.080764e+01 2.076390e+01 2.265282e+01 1.984606e+01 2.080764e+01 2.076390e+01 2.271196e+01 1.996980e+01
2.080764e+01 2.076390e+01 2.271196e+01 1.996980e+01 2.080764e+01 2.076390e+01 2.276222e+01 2.009670e+01
2.080764e+01 2.076390e+01 2.276222e+01 2.009670e+01 2.080764e+01 2.076390e+01 2.280350e+01 2.022622e+01
2.080764e+01 2.076390e+01 2.280350e+01 2.022622e+01 2.080764e+01 2.076390e+01 2.283571e+01 2.035785e+01
2.080764e+01 2.076390e+01 2.283571e+01 2.035785e+01 2.080764e+01 2.076390e+01 2.285881e+01 2.049107e+01
2.080764e+01 2.076390e+01 2.285881e+01 2.049107e+01 2.080764e+01 2.076390e+01 2.287273e+01 2.062538e+01
2.080764e+01 2.076390e+01 2.287273e+01 2.062538e+01 2.080764e+01 2.076390e+01 2.287746e+01 2.076027e+01
2.080764e+01 2.076390e+01 2.287746e+01 2.076027e+01 2.080764e+01 2.076390e+01 2.287296e+01 2.089525e+01
2.080764e+01 2.076390e+01 2.287296e+01 2.089525e+01 2.080764e+01 2.076390e+01 2.285923e+01 2.102980e+01
2.080764e+01 2.076390e+01 2.285923e+01 2.102980e+01 2.080764e+01 2.076390e+01 2.283629e+01 2.116342e+01
2.080764e+01 2.076390e+01 2.283629e+01 2.116342e+01 2.080764e+01 2.076390e+01 2.280415e+01 2.129558e+01
2.080764e+01 2.076390e+01 2.280415e+01 2.129558e+01 2.080764e+01 2.076390e+01 2.276285e+01 2.142578e+01
2.080764e+01 2.076390e+01 2.276285e+01 2.142578e+01 2.080764e+01 2.076390e+01 2.271246e+01 2.155345e+01
2.080764e+01 2.076390e+01 2.271246e+01 2.155345e+01 2.080764e+01 2.076390e+01 2.265306e+01 2.167807e+01
2.080764e+01 2.076390e+01 2.265306e+01 2.167807e+01 2.080764e+01 2.076390e+01 2.258477e+01 2.179905e+01
2.080764e+01 2.076390e+01 2.258477e+01 2.179905e+01 2.080764e+01 2.076390e+01 2.250774e+01 2.191582e+01
2.080764e+01 2.076390e+01 2.250774e+01 2.191582e+01 2.080764e+01 2.076390e+01 2.242215e+01 2.202780e+01
2.080764e+01 2.076390e+01 2.242215e+01 2.202780e+01 2.080764e+01 2.076390e+01 2.232825e+01 2.213436e+01
2.080764e+01 2.076390e+01 2.232825e+01 2.213436e+01 2.080764e+01 2.076390e+01 2.222633e+01 2.223491e+01
2.080764e+01 2.076390e+01 2.222633e+01 2.223491e+01 2.080764e+01 2.076390e+01 2.211673e+01 2.232883e+01
2.080764e+01 2.076390e+01 2.211673e+01 2.232883e+01 2.080764e+01 2.076390e+01 2.199989e+01 2.241550e+01
2.080764e+01 2.076390e+01 2.199989e+01 2.241550e+01 2.080764e+01 2.076390e+01 2.187628e+01 2.249433e+01
2.080764e+01 2.076390e+01 2.187628e+01 2.249433e+01 2.080764e+01 2.076390e+01 2.174648e+01 2.256474e+01
2.080764e+01 2.076390e+01 2.174648e+01 2.256474e+01 2.080764e+01 2.076390e+01 2.161114e+01 2.262619e+01
2.080764e+01 2.076390e+01 2.161114e+01 2.262619e+01 2.080764e+01 2.076390e+01 2.147097e+01 2.267820e+01
2.080764e+01 2.076390e+01 2.147097e+01 2.267820e+01 2.080764e+01 2.076390e+01 2.132677e+01 2.272031e+01
2.080764e+01 2.076390e+01 2.132677e+01 2.272031e+01 2.080764e+01 2.076390e+01 2.117938e+01 2.275219e+01
2.080764e+01 2.076390e+01 2.117938e+01 2.275219e+01 2.080764e+01 2.076390e+01 2.102973e+01 2.277354e+01
2.080764e+01 2.076390e+01 2.102973e+01 2.277354e+01 2.080764e+01 2.076390e+01 2.087875e+01 2.278420e+01
2.080764e+01 2.076390e+01 2.087875e+01 2.278420e+01 2.080764e+01 2.076390e+01 2.072742e+01 2.278407e+01
2.080764e+01 2.076390e+01 2.072742e+01 2.278407e+01 2.080764e+01 2.076390e+01 2.057669e+01 2.277318e+01
2.080764e+01 2.076390e+01 2.057669e+01 2.277318e+01 2.080764e+01 2.076390e+01 2.042752e+01 2.275165e+01
2.080764e+01 2.076390e+01 2.042752e+01 2.275165e+01 2.080764e+01 2.076390e+01 2.028084e+01 2.271969e+01
2.080764e+01 2.076390e+01 2.028084e+01 2.271969e+01 2.080764e+01 2.076390e+01 2.013751e+01 2.267761e+01
2.080764e+01 2.076390e+01 2.013751e+01 2.267761e+01 2.080764e+01 2.076390e+01 1.999835e+01 2.262578e+01
2.080764e+01 2.076390e+01 1.999835e+01 2.262578e+01 2.080764e+01 2.076390e+01 1.986411e+01 2.256464e+01
2.080764e+01 2.076390e+01 1.986411e+01 2.256464e+01 2.080764e+01 2.076390e+01 1.973547e+01 2.249470e+01
2.080764e+01 2.076390e+01 1.973547e+01 2.249470e+01 2.080764e+01 2.076390e+01 1.961302e+01 2.241647e+01
2.080764e+01 2.076390e+01 1.961302e+01 2.241647e+01 2.080764e+01 2.076390e+01 1.949729e+01 2.233053e+01
2.080764e+01 2.076390e+01 1.949729e+01 2.233053e+01 2.080764e+01 2.076390e+01 1.938874e+01 2.223746e+01
2.080764e+01 2.076390e+01 1.938874e+01 2.223746e+01 2.080764e+01 2.076390e+01 1.928776e+01 2.213782e+01
2.080764e+01 2.076390e+01 1.928776e+01 2.213782e+01 2.080764e+01 2.076390e+01 1.919467e+01 2.203222e+01
2.080764e+01 2.076390e+01 1.919467e+01 2.203222e+01 2.080764e+01 2.076390e+01 1.910977e+01 2.192124e+01
2.080764e+01 2.076390e+01 1.910977e+01 2.192124e+01 2.080764e+01 2.076390e+01 1.903328e+01 2.180544e+01
2.080764e+01 2.076390e+01 1.903328e+01 2.180544e+01 2.080764e+01 2.076390e+01 1.896538e+01 2.168540e+01
2.080764e+01 2.076390e+01 1.896538e+01 2.168540e+01 2.080764e+01 2.076390e+01 1.890624e+01 2.156166e+01
2.080764e+01 2.076390e+01 1.890624e+01 2.156166e+01 2.080764e+01 2.076390e+01 1.885598e+01 2.143476e+01
2.080764e+01 2.076390e+01 1.885598e+01 2.143476e+01 2.080764e+01 2.076390e+01 1.881470e+01 2.130524e+01
2.080764e+01 2.076390e+01 1.881470e+01 2.130524e+01 2.080764e+01 2.076390e+01 1.878248e+01 2.117361e+01
2.080764e+01 2.076390e+01 1.878248e+01 2.117361e+01 2.080764e+01 2.076390e+01 1.875939e+01 2.104039e+01
2.080764e+01 2.076390e+01 1.875939e+01 2.104039e+01 2.080764e+01 2.076390e+01 1.874546e+01 2.090608e+01
2.080764e+01 2.076390e+01 1.874546e+01 2.090608e+01 2.080764e+01 2.076390e+01 1.874074e+01 2.077118e+01
