3.000000e-02 1.319889e+01
3.077000e-02 1.288355e+01
3.154000e-02 1.245747e+01
3.231000e-02 1.221509e+01
3.308000e-02 1.208621e+01
3.385000e-02 1.217049e+01
3.462000e-02 1.186938e+01
3.539000e-02 1.146886e+01
3.616000e-02 1.121464e+01
3.693000e-02 1.103007e+01
3.770000e-02 1.090472e+01
3.847000e-02 1.086488e+01
3.924000e-02 1.169168e+01
4.001000e-02 1.053033e+01
4.078000e-02 1.024150e+01
4.155000e-02 1.002935e+01
4.232000e-02 9.858297e+00
4.309000e-02 9.718272e+00
4.386000e-02 9.607596e+00
4.463000e-02 9.533163e+00
4.540000e-02 9.526193e+00
4.617000e-02 9.785297e+00
4.694000e-02 9.232865e+00
4.771000e-02 8.999593e+00
4.848000e-02 8.821348e+00
4.925000e-02 8.671521e+00
5.002000e-02 8.540614e+00
5.079000e-02 8.425016e+00
5.156000e-02 8.323150e+00
5.233000e-02 8.234743e+00
5.310000e-02 8.161466e+00
5.387000e-02 8.108339e+00
5.464000e-02 8.091405e+00
5.541000e-02 8.198711e+00
5.618000e-02 7.972168e+00
5.695000e-02 7.760575e+00
5.772000e-02 7.609694e+00
5.849000e-02 7.483605e+00
5.926000e-02 7.372284e+00
6.003000e-02 7.271310e+00
6.080000e-02 7.178753e+00
6.157000e-02 7.093241e+00
6.234000e-02 7.013931e+00
6.311000e-02 6.940595e+00
6.388000e-02 6.872730e+00
6.465000e-02 6.810542e+00
6.542000e-02 6.754609e+00
6.619000e-02 6.706011e+00
6.696000e-02 6.667086e+00
6.773000e-02 6.643457e+00
6.850000e-02 6.653303e+00
6.927000e-02 6.942775e+00
7.004000e-02 6.517055e+00
7.081000e-02 6.381945e+00
7.158000e-02 6.278672e+00
7.235000e-02 6.189979e+00
7.312000e-02 6.110204e+00
7.389000e-02 6.036713e+00
7.466000e-02 5.968254e+00
7.543000e-02 5.903573e+00
7.620000e-02 5.842347e+00
7.697000e-02 5.784112e+00
7.774000e-02 5.728563e+00
7.851000e-02 5.675515e+00
7.928000e-02 5.624823e+00
8.005000e-02 5.576324e+00
8.082000e-02 5.529965e+00
8.159000e-02 5.485757e+00
8.236000e-02 5.443562e+00
8.313000e-02 5.403713e+00
8.390000e-02 5.366171e+00
8.467000e-02 5.331186e+00
8.544000e-02 5.299137e+00
8.621000e-02 5.270638e+00
8.698000e-02 5.246900e+00
8.775000e-02 5.230253e+00
8.852000e-02 5.226646e+00
8.929000e-02 5.261467e+00
9.006000e-02 5.244084e+00
9.083000e-02 5.113853e+00
9.160000e-02 5.034605e+00
9.237000e-02 4.970337e+00
9.314000e-02 4.913786e+00
9.391000e-02 4.862130e+00
9.468000e-02 4.813981e+00
9.545000e-02 4.768516e+00
9.622000e-02 4.725245e+00
9.699000e-02 4.683822e+00
9.776000e-02 4.643977e+00
9.853000e-02 4.605583e+00
9.930000e-02 4.568464e+00
1.000700e-01 4.532510e+00
1.008400e-01 4.497613e+00
1.016100e-01 4.463743e+00
1.023800e-01 4.430819e+00
1.031500e-01 4.398800e+00
1.039200e-01 4.367619e+00
1.046900e-01 4.337256e+00
1.054600e-01 4.307672e+00
1.062300e-01 4.278857e+00
1.070000e-01 4.250785e+00
1.077700e-01 4.223438e+00
1.085400e-01 4.196805e+00
1.093100e-01 4.170879e+00
1.100800e-01 4.145656e+00
1.108500e-01 4.121139e+00
1.116200e-01 4.097438e+00
1.123900e-01 4.074356e+00
1.131600e-01 4.052053e+00
1.139300e-01 4.030526e+00
1.147000e-01 4.009843e+00
1.154700e-01 3.990078e+00
1.162400e-01 3.971335e+00
1.170100e-01 3.953754e+00
1.177800e-01 3.937579e+00
1.185500e-01 3.923162e+00
1.193200e-01 3.911111e+00
1.200900e-01 3.902507e+00
1.208600e-01 3.900001e+00
1.216300e-01 3.911715e+00
1.224000e-01 4.068981e+00
1.231700e-01 3.865190e+00
1.239400e-01 3.809811e+00
1.247100e-01 3.768319e+00
1.254800e-01 3.732822e+00
1.262500e-01 3.700825e+00
1.270200e-01 3.671176e+00
1.277900e-01 3.643235e+00
1.285600e-01 3.616638e+00
1.293300e-01 3.591117e+00
1.301000e-01 3.566500e+00
1.308700e-01 3.542685e+00
1.316400e-01 3.519566e+00
1.324100e-01 3.497069e+00
1.331800e-01 3.475118e+00
1.339500e-01 3.453706e+00
1.347200e-01 3.432770e+00
1.354900e-01 3.412278e+00
1.362600e-01 3.392202e+00
1.370300e-01 3.372519e+00
1.378000e-01 3.353209e+00
1.385700e-01 3.334252e+00
1.393400e-01 3.315635e+00
1.401100e-01 3.297351e+00
1.408800e-01 3.279365e+00
1.416500e-01 3.261681e+00
1.424200e-01 3.244286e+00
1.431900e-01 3.227171e+00
1.439600e-01 3.210404e+00
1.447300e-01 3.193819e+00
1.455000e-01 3.177491e+00
1.462700e-01 3.161412e+00
1.470400e-01 3.145576e+00
1.478100e-01 3.129978e+00
1.485800e-01 3.114611e+00
1.493500e-01 3.099472e+00
1.501200e-01 3.084555e+00
1.508900e-01 3.069857e+00
1.516600e-01 3.055373e+00
1.524300e-01 3.041100e+00
1.532000e-01 3.027036e+00
1.539700e-01 3.013172e+00
1.547400e-01 2.999514e+00
1.555100e-01 2.986058e+00
1.562800e-01 2.972799e+00
1.570500e-01 2.959738e+00
1.578200e-01 2.946874e+00
1.585900e-01 2.934204e+00
1.593600e-01 2.921729e+00
1.601300e-01 2.909450e+00
1.609000e-01 2.897366e+00
1.616700e-01 2.885479e+00
1.624400e-01 2.873792e+00
1.632100e-01 2.862305e+00
1.639800e-01 2.851024e+00
1.647500e-01 2.839951e+00
1.655200e-01 2.829109e+00
1.662900e-01 2.818479e+00
1.670600e-01 2.808082e+00
1.678300e-01 2.797930e+00
1.686000e-01 2.788037e+00
1.693700e-01 2.778422e+00
1.701400e-01 2.769110e+00
1.709100e-01 2.760132e+00
1.716800e-01 2.751518e+00
1.724500e-01 2.743339e+00
1.732200e-01 2.735667e+00
1.739900e-01 2.728609e+00
1.747600e-01 2.722332e+00
1.755300e-01 2.717104e+00
1.763000e-01 2.713390e+00
1.770700e-01 2.712076e+00
1.778400e-01 2.715582e+00
1.786100e-01 2.734371e+00
1.793800e-01 2.725885e+00
1.801500e-01 2.684038e+00
1.809200e-01 2.658816e+00
1.816900e-01 2.638647e+00
1.824600e-01 2.620978e+00
1.832300e-01 2.604875e+00
1.840000e-01 2.589849e+00
1.847700e-01 2.575619e+00
1.855400e-01 2.562009e+00
1.863100e-01 2.548903e+00
1.870800e-01 2.536218e+00
1.878500e-01 2.523898e+00
1.886200e-01 2.511885e+00
1.893900e-01 2.500151e+00
1.901600e-01 2.488668e+00
1.909300e-01 2.477413e+00
1.917000e-01 2.466367e+00
1.924700e-01 2.455513e+00
1.932400e-01 2.444839e+00
1.940100e-01 2.434332e+00
1.947800e-01 2.423942e+00
1.955500e-01 2.413744e+00
1.963200e-01 2.403737e+00
1.970900e-01 2.393814e+00
1.978600e-01 2.384019e+00
1.986300e-01 2.374349e+00
1.994000e-01 2.364797e+00
2.001700e-01 2.355360e+00
2.009400e-01 2.346034e+00
2.017100e-01 2.336815e+00
2.024800e-01 2.327700e+00
2.032500e-01 2.318685e+00
2.040200e-01 2.309768e+00
2.047900e-01 2.300947e+00
2.055600e-01 2.292222e+00
2.063300e-01 2.283586e+00
2.071000e-01 2.275034e+00
2.078700e-01 2.266568e+00
2.086400e-01 2.258187e+00
2.094100e-01 2.249888e+00
2.101800e-01 2.241669e+00
2.109500e-01 2.233529e+00
2.117200e-01 2.225466e+00
2.124900e-01 2.217478e+00
2.132600e-01 2.209565e+00
2.140300e-01 2.201725e+00
2.148000e-01 2.193956e+00
2.155700e-01 2.186258e+00
2.163400e-01 2.178628e+00
2.171100e-01 2.171067e+00
2.178800e-01 2.163572e+00
2.186500e-01 2.156142e+00
2.194200e-01 2.148778e+00
2.201900e-01 2.141477e+00
2.209600e-01 2.134239e+00
2.217300e-01 2.127062e+00
2.225000e-01 2.119946e+00
2.232700e-01 2.112891e+00
2.240400e-01 2.105894e+00
2.248100e-01 2.098956e+00
2.255800e-01 2.092075e+00
2.263500e-01 2.085251e+00
2.271200e-01 2.078483e+00
2.278900e-01 2.071771e+00
2.286600e-01 2.065113e+00
2.294300e-01 2.058509e+00
2.302000e-01 2.051958e+00
2.309700e-01 2.045460e+00
2.317400e-01 2.039014e+00
2.325100e-01 2.032620e+00
2.332800e-01 2.026277e+00
2.340500e-01 2.019983e+00
2.348200e-01 2.013740e+00
2.355900e-01 2.007546e+00
2.363600e-01 2.001401e+00
2.371300e-01 1.995303e+00
2.379000e-01 1.989254e+00
2.386700e-01 1.983252e+00
2.394400e-01 1.977297e+00
2.402100e-01 1.971388e+00
2.409800e-01 1.965525e+00
2.417500e-01 1.959708e+00
2.425200e-01 1.953937e+00
2.432900e-01 1.948210e+00
2.440600e-01 1.942527e+00
2.448300e-01 1.936889e+00
2.456000e-01 1.931294e+00
2.463700e-01 1.925743e+00
2.471400e-01 1.920235e+00
2.479100e-01 1.914770e+00
2.486800e-01 1.909348e+00
2.494500e-01 1.903968e+00
2.502200e-01 1.898628e+00
2.509900e-01 1.893332e+00
2.517600e-01 1.888078e+00
2.525300e-01 1.882866e+00
2.533000e-01 1.877694e+00
2.540700e-01 1.872564e+00
2.548400e-01 1.867476e+00
2.556100e-01 1.862428e+00
2.563800e-01 1.857421e+00
2.571500e-01 1.852455e+00
2.579200e-01 1.847530e+00
2.586900e-01 1.842646e+00
2.594600e-01 1.837799e+00
2.602300e-01 1.832997e+00
2.610000e-01 1.828236e+00
2.617700e-01 1.823517e+00
2.625400e-01 1.818839e+00
2.633100e-01 1.814202e+00
2.640800e-01 1.809608e+00
2.648500e-01 1.805056e+00
2.656200e-01 1.800546e+00
2.663900e-01 1.796080e+00
2.671600e-01 1.791657e+00
2.679300e-01 1.787285e+00
2.687000e-01 1.782953e+00
2.694700e-01 1.778667e+00
2.702400e-01 1.774428e+00
2.710100e-01 1.770238e+00
2.717800e-01 1.766097e+00
2.725500e-01 1.762007e+00
2.733200e-01 1.757970e+00
2.740900e-01 1.753988e+00
2.748600e-01 1.750063e+00
2.756300e-01 1.746198e+00
2.764000e-01 1.742396e+00
2.771700e-01 1.738662e+00
2.779400e-01 1.734995e+00
2.787100e-01 1.731408e+00
2.794800e-01 1.727905e+00
2.802500e-01 1.724492e+00
2.810200e-01 1.721179e+00
2.817900e-01 1.717980e+00
2.825600e-01 1.714909e+00
2.833300e-01 1.711986e+00
2.841000e-01 1.709238e+00
2.848700e-01 1.706701e+00
2.856400e-01 1.704428e+00
2.864100e-01 1.702496e+00
2.871800e-01 1.701036e+00
2.879500e-01 1.700226e+00
2.887200e-01 1.700482e+00
2.894900e-01 1.702798e+00
2.902600e-01 1.710989e+00
2.910300e-01 1.716034e+00
2.918000e-01 1.693289e+00
2.925700e-01 1.681384e+00
2.933400e-01 1.672257e+00
2.941100e-01 1.664435e+00
2.948800e-01 1.657398e+00
2.956500e-01 1.650893e+00
2.964200e-01 1.644755e+00
2.971900e-01 1.638907e+00
2.979600e-01 1.633288e+00
2.987300e-01 1.627858e+00
2.995000e-01 1.622584e+00
3.002700e-01 1.617446e+00
3.010400e-01 1.612424e+00
3.018100e-01 1.607505e+00
3.025800e-01 1.602678e+00
3.033500e-01 1.597934e+00
3.041200e-01 1.593266e+00
3.048900e-01 1.588669e+00
3.056600e-01 1.584134e+00
3.064300e-01 1.579658e+00
3.072000e-01 1.575237e+00
3.079700e-01 1.570869e+00
3.087400e-01 1.566550e+00
3.095100e-01 1.562278e+00
3.102800e-01 1.558050e+00
3.110500e-01 1.553864e+00
3.118200e-01 1.549719e+00
3.125900e-01 1.545612e+00
3.133600e-01 1.541543e+00
3.141300e-01 1.537509e+00
3.149000e-01 1.533510e+00
3.156700e-01 1.529538e+00
3.164400e-01 1.525605e+00
3.172100e-01 1.521703e+00
3.179800e-01 1.517832e+00
3.187500e-01 1.513989e+00
3.195200e-01 1.510176e+00
3.202900e-01 1.506390e+00
3.210600e-01 1.502632e+00
3.218300e-01 1.498900e+00
3.226000e-01 1.495195e+00
3.233700e-01 1.491514e+00
3.241400e-01 1.487859e+00
3.249100e-01 1.484228e+00
3.256800e-01 1.480621e+00
3.264500e-01 1.477038e+00
3.272200e-01 1.473477e+00
3.279900e-01 1.469939e+00
3.287600e-01 1.466424e+00
3.295300e-01 1.462930e+00
3.303000e-01 1.459458e+00
3.310700e-01 1.456007e+00
3.318400e-01 1.452577e+00
3.326100e-01 1.449167e+00
3.333800e-01 1.445780e+00
3.341500e-01 1.442410e+00
3.349200e-01 1.439060e+00
3.356900e-01 1.435729e+00
3.364600e-01 1.432418e+00
3.372300e-01 1.429125e+00
3.380000e-01 1.425851e+00
3.387700e-01 1.422595e+00
3.395400e-01 1.419357e+00
3.403100e-01 1.416137e+00
3.410800e-01 1.412935e+00
3.418500e-01 1.409751e+00
3.426200e-01 1.406583e+00
3.433900e-01 1.403433e+00
3.441600e-01 1.400300e+00
3.449300e-01 1.397183e+00
3.457000e-01 1.394083e+00
3.464700e-01 1.390999e+00
3.472400e-01 1.387931e+00
3.480100e-01 1.384879e+00
3.487800e-01 1.381843e+00
3.495500e-01 1.378823e+00
3.503200e-01 1.375818e+00
3.510900e-01 1.372829e+00
3.518600e-01 1.369854e+00
3.526300e-01 1.366895e+00
3.534000e-01 1.363950e+00
3.541700e-01 1.361021e+00
3.549400e-01 1.358106e+00
3.557100e-01 1.355205e+00
3.564800e-01 1.352319e+00
3.572500e-01 1.349446e+00
3.580200e-01 1.346588e+00
3.587900e-01 1.343744e+00
3.595600e-01 1.340914e+00
3.603300e-01 1.338097e+00
3.611000e-01 1.335294e+00
3.618700e-01 1.332505e+00
3.626400e-01 1.329728e+00
3.634100e-01 1.326965e+00
3.641800e-01 1.324215e+00
3.649500e-01 1.321478e+00
3.657200e-01 1.318754e+00
3.664900e-01 1.316043e+00
3.672600e-01 1.313344e+00
3.680300e-01 1.310658e+00
3.688000e-01 1.307985e+00
3.695700e-01 1.305323e+00
3.703400e-01 1.302674e+00
3.711100e-01 1.300038e+00
3.718800e-01 1.297413e+00
3.726500e-01 1.294800e+00
3.734200e-01 1.292199e+00
3.741900e-01 1.289610e+00
3.749600e-01 1.287033e+00
3.757300e-01 1.284455e+00
3.765000e-01 1.281901e+00
3.772700e-01 1.279358e+00
3.780400e-01 1.276826e+00
3.788100e-01 1.274306e+00
3.795800e-01 1.271797e+00
3.803500e-01 1.269298e+00
3.811200e-01 1.266811e+00
3.818900e-01 1.264335e+00
3.826600e-01 1.261870e+00
3.834300e-01 1.259415e+00
3.842000e-01 1.256972e+00
3.849700e-01 1.254539e+00
3.857400e-01 1.252116e+00
3.865100e-01 1.249704e+00
3.872800e-01 1.247302e+00
3.880500e-01 1.244911e+00
3.888200e-01 1.242530e+00
3.895900e-01 1.240159e+00
3.903600e-01 1.237798e+00
3.911300e-01 1.235447e+00
3.919000e-01 1.233107e+00
3.926700e-01 1.230776e+00
3.934400e-01 1.228455e+00
3.942100e-01 1.226144e+00
3.949800e-01 1.223842e+00
3.957500e-01 1.221551e+00
3.965200e-01 1.219268e+00
3.972900e-01 1.216996e+00
3.980600e-01 1.214734e+00
3.988300e-01 1.212480e+00
3.996000e-01 1.210236e+00
4.003700e-01 1.208001e+00
4.011400e-01 1.205775e+00
4.019100e-01 1.203558e+00
4.026800e-01 1.201351e+00
4.034500e-01 1.199152e+00
4.042200e-01 1.196963e+00
4.049900e-01 1.194782e+00
4.057600e-01 1.192610e+00
4.065300e-01 1.190448e+00
4.073000e-01 1.188294e+00
4.080700e-01 1.186148e+00
4.088400e-01 1.184011e+00
4.096100e-01 1.181883e+00
4.103800e-01 1.179764e+00
4.111500e-01 1.177653e+00
4.119200e-01 1.175550e+00
4.126900e-01 1.173456e+00
4.134600e-01 1.171370e+00
4.142300e-01 1.169293e+00
4.150000e-01 1.167224e+00
4.157700e-01 1.165163e+00
4.165400e-01 1.163110e+00
4.173100e-01 1.161065e+00
4.180800e-01 1.159029e+00
4.188500e-01 1.157000e+00
4.196200e-01 1.154979e+00
4.203900e-01 1.152966e+00
4.211600e-01 1.150960e+00
4.219300e-01 1.148963e+00
4.227000e-01 1.146973e+00
4.234700e-01 1.144992e+00
4.242400e-01 1.143018e+00
4.250100e-01 1.141052e+00
4.257800e-01 1.139094e+00
4.265500e-01 1.137143e+00
4.273200e-01 1.135200e+00
4.280900e-01 1.133264e+00
4.288600e-01 1.131335e+00
4.296300e-01 1.129414e+00
4.304000e-01 1.127501e+00
4.311700e-01 1.125594e+00
4.319400e-01 1.123695e+00
4.327100e-01 1.121804e+00
4.334800e-01 1.119919e+00
4.342500e-01 1.118042e+00
4.350200e-01 1.116172e+00
4.357900e-01 1.114308e+00
4.365600e-01 1.112452e+00
4.373300e-01 1.110603e+00
4.381000e-01 1.108761e+00
4.388700e-01 1.106926e+00
4.396400e-01 1.105098e+00
4.404100e-01 1.103277e+00
4.411800e-01 1.101462e+00
4.419500e-01 1.099655e+00
4.427200e-01 1.097854e+00
4.434900e-01 1.096060e+00
4.442600e-01 1.094272e+00
4.450300e-01 1.092492e+00
4.458000e-01 1.090718e+00
4.465700e-01 1.088950e+00
4.473400e-01 1.087189e+00
4.481100e-01 1.085435e+00
4.488800e-01 1.083687e+00
4.496500e-01 1.081946e+00
4.504200e-01 1.080211e+00
4.511900e-01 1.078482e+00
4.519600e-01 1.076760e+00
4.527300e-01 1.075045e+00
4.535000e-01 1.073335e+00
4.542700e-01 1.071632e+00
4.550400e-01 1.069935e+00
4.558100e-01 1.068245e+00
4.565800e-01 1.066561e+00
4.573500e-01 1.064882e+00
4.581200e-01 1.063210e+00
4.588900e-01 1.061545e+00
4.596600e-01 1.059885e+00
4.604300e-01 1.058231e+00
4.612000e-01 1.056584e+00
4.619700e-01 1.054942e+00
4.627400e-01 1.053307e+00
4.635100e-01 1.051677e+00
4.642800e-01 1.050054e+00
4.650500e-01 1.048436e+00
4.658200e-01 1.046824e+00
4.665900e-01 1.045233e+00
4.673600e-01 1.043632e+00
4.681300e-01 1.042038e+00
4.689000e-01 1.040450e+00
4.696700e-01 1.038867e+00
4.704400e-01 1.037290e+00
4.712100e-01 1.035719e+00
4.719800e-01 1.034153e+00
4.727500e-01 1.032593e+00
4.735200e-01 1.031039e+00
4.742900e-01 1.029491e+00
4.750600e-01 1.027948e+00
4.758300e-01 1.026411e+00
4.766000e-01 1.024879e+00
4.773700e-01 1.023354e+00
4.781400e-01 1.021833e+00
4.789100e-01 1.020318e+00
4.796800e-01 1.018809e+00
4.804500e-01 1.017306e+00
4.812200e-01 1.015807e+00
4.819900e-01 1.014315e+00
4.827600e-01 1.012827e+00
4.835300e-01 1.011345e+00
4.843000e-01 1.009869e+00
4.850700e-01 1.008398e+00
4.858400e-01 1.006932e+00
4.866100e-01 1.005472e+00
4.873800e-01 1.004017e+00
4.881500e-01 1.002568e+00
4.889200e-01 1.001124e+00
4.896900e-01 9.996856e-01
4.904600e-01 9.982524e-01
4.912300e-01 9.968245e-01
4.920000e-01 9.954019e-01
4.927700e-01 9.939847e-01
4.935400e-01 9.925728e-01
4.943100e-01 9.911662e-01
4.950800e-01 9.897648e-01
4.958500e-01 9.883688e-01
4.966200e-01 9.869781e-01
4.973900e-01 9.855926e-01
4.981600e-01 9.842124e-01
4.989300e-01 9.828375e-01
4.997000e-01 9.814679e-01
5.004700e-01 9.801035e-01
5.012400e-01 9.787444e-01
5.020100e-01 9.773906e-01
5.027800e-01 9.760420e-01
5.035500e-01 9.746987e-01
5.043200e-01 9.733607e-01
5.050900e-01 9.720280e-01
5.058600e-01 9.707005e-01
5.066300e-01 9.693784e-01
5.074000e-01 9.680615e-01
5.081700e-01 9.667500e-01
5.089400e-01 9.654438e-01
5.097100e-01 9.641429e-01
5.104800e-01 9.628474e-01
5.112500e-01 9.615572e-01
5.120200e-01 9.602724e-01
5.127900e-01 9.589930e-01
5.135600e-01 9.577190e-01
5.143300e-01 9.564504e-01
5.151000e-01 9.551874e-01
5.158700e-01 9.539298e-01
5.166400e-01 9.526777e-01
5.174100e-01 9.514312e-01
5.181800e-01 9.501926e-01
5.189500e-01 9.489576e-01
5.197200e-01 9.477282e-01
5.204900e-01 9.465046e-01
5.212600e-01 9.452867e-01
5.220300e-01 9.440747e-01
5.228000e-01 9.428686e-01
5.235700e-01 9.416684e-01
5.243400e-01 9.404743e-01
5.251100e-01 9.392862e-01
5.258800e-01 9.381044e-01
5.266500e-01 9.369288e-01
5.274200e-01 9.357596e-01
5.281900e-01 9.345968e-01
5.289600e-01 9.334406e-01
5.297300e-01 9.322910e-01
5.305000e-01 9.311483e-01
5.312700e-01 9.300125e-01
5.320400e-01 9.288839e-01
5.328100e-01 9.277624e-01
5.335800e-01 9.266485e-01
5.343500e-01 9.255421e-01
5.351200e-01 9.244436e-01
5.358900e-01 9.233532e-01
5.366600e-01 9.222698e-01
5.374300e-01 9.211961e-01
5.382000e-01 9.201313e-01
5.389700e-01 9.190757e-01
5.397400e-01 9.180297e-01
5.405100e-01 9.169937e-01
5.412800e-01 9.159682e-01
5.420500e-01 9.149537e-01
5.428200e-01 9.139507e-01
5.435900e-01 9.129599e-01
5.443600e-01 9.119822e-01
5.451300e-01 9.110181e-01
5.459000e-01 9.100689e-01
5.466700e-01 9.091355e-01
5.474400e-01 9.082193e-01
5.482100e-01 9.073217e-01
5.489800e-01 9.064445e-01
5.497500e-01 9.055898e-01
5.505200e-01 9.047601e-01
5.512900e-01 9.039584e-01
5.520600e-01 9.031885e-01
5.528300e-01 9.024549e-01
5.536000e-01 9.017591e-01
5.543700e-01 9.011162e-01
5.551400e-01 9.005331e-01
5.559100e-01 9.000233e-01
5.566800e-01 8.996066e-01
5.574500e-01 8.993122e-01
5.582200e-01 8.991789e-01
5.589900e-01 8.992952e-01
5.597600e-01 8.998150e-01
5.605300e-01 9.011086e-01
5.613000e-01 9.047151e-01
5.620700e-01 9.060428e-01
5.628400e-01 8.984726e-01
5.636100e-01 8.945371e-01
5.643800e-01 8.915615e-01
5.651500e-01 8.890573e-01
5.659200e-01 8.868348e-01
5.666900e-01 8.847889e-01
5.674600e-01 8.828764e-01
5.682300e-01 8.810643e-01
5.690000e-01 8.793308e-01
5.697700e-01 8.776608e-01
5.705400e-01 8.760470e-01
5.713100e-01 8.744728e-01
5.720800e-01 8.729367e-01
5.728500e-01 8.714337e-01
5.736200e-01 8.699600e-01
5.743900e-01 8.685121e-01
5.751600e-01 8.670876e-01
5.759300e-01 8.656840e-01
5.767000e-01 8.642995e-01
5.774700e-01 8.629325e-01
5.782400e-01 8.615816e-01
5.790100e-01 8.602456e-01
5.797800e-01 8.589235e-01
5.805500e-01 8.576144e-01
5.813200e-01 8.563174e-01
5.820900e-01 8.550318e-01
5.828600e-01 8.537571e-01
5.836300e-01 8.524926e-01
5.844000e-01 8.512378e-01
5.851700e-01 8.499922e-01
5.859400e-01 8.487555e-01
5.867100e-01 8.475272e-01
5.874800e-01 8.463071e-01
5.882500e-01 8.450947e-01
5.890200e-01 8.438910e-01
5.897900e-01 8.426932e-01
5.905600e-01 8.415024e-01
5.913300e-01 8.403184e-01
5.921000e-01 8.391409e-01
5.928700e-01 8.379698e-01
5.936400e-01 8.368049e-01
5.944100e-01 8.356459e-01
5.951800e-01 8.344928e-01
5.959500e-01 8.333453e-01
5.967200e-01 8.322034e-01
5.974900e-01 8.310668e-01
5.982600e-01 8.299356e-01
5.990300e-01 8.288095e-01
5.998000e-01 8.276884e-01
6.005700e-01 8.265723e-01
6.013400e-01 8.254610e-01
6.021100e-01 8.243545e-01
6.028800e-01 8.232526e-01
6.036500e-01 8.221552e-01
6.044200e-01 8.210624e-01
6.051900e-01 8.199735e-01
6.059600e-01 8.188894e-01
6.067300e-01 8.178095e-01
6.075000e-01 8.167339e-01
6.082700e-01 8.156623e-01
6.090400e-01 8.145948e-01
6.098100e-01 8.135292e-01
6.105800e-01 8.124699e-01
6.113500e-01 8.114144e-01
6.121200e-01 8.103627e-01
6.128900e-01 8.093148e-01
6.136600e-01 8.082706e-01
6.144300e-01 8.072302e-01
6.152000e-01 8.061933e-01
6.159700e-01 8.051601e-01
6.167400e-01 8.041304e-01
6.175100e-01 8.031042e-01
6.182800e-01 8.020815e-01
6.190500e-01 8.010622e-01
6.198200e-01 8.000463e-01
6.205900e-01 7.990338e-01
6.213600e-01 7.980246e-01
6.221300e-01 7.970187e-01
6.229000e-01 7.960160e-01
6.236700e-01 7.950166e-01
6.244400e-01 7.940204e-01
6.252100e-01 7.930273e-01
6.259800e-01 7.920374e-01
6.267500e-01 7.910506e-01
6.275200e-01 7.900669e-01
6.282900e-01 7.890862e-01
6.290600e-01 7.881086e-01
6.298300e-01 7.871340e-01
6.306000e-01 7.861623e-01
6.313700e-01 7.851936e-01
6.321400e-01 7.842278e-01
6.329100e-01 7.832650e-01
6.336800e-01 7.823050e-01
6.344500e-01 7.813479e-01
6.352200e-01 7.803936e-01
6.359900e-01 7.794421e-01
6.367600e-01 7.784935e-01
6.375300e-01 7.775476e-01
6.383000e-01 7.766044e-01
6.390700e-01 7.756640e-01
6.398400e-01 7.747263e-01
6.406100e-01 7.737913e-01
6.413800e-01 7.728590e-01
6.421500e-01 7.719294e-01
6.429200e-01 7.710035e-01
6.436900e-01 7.700790e-01
6.444600e-01 7.691572e-01
6.452300e-01 7.682379e-01
6.460000e-01 7.673212e-01
6.467700e-01 7.664071e-01
6.475400e-01 7.654955e-01
6.483100e-01 7.645865e-01
6.490800e-01 7.636799e-01
6.498500e-01 7.627759e-01
6.506200e-01 7.618743e-01
6.513900e-01 7.609752e-01
6.521600e-01 7.600786e-01
6.529300e-01 7.591844e-01
6.537000e-01 7.582926e-01
6.544700e-01 7.574032e-01
6.552400e-01 7.565162e-01
6.560100e-01 7.556316e-01
6.567800e-01 7.547494e-01
6.575500e-01 7.538695e-01
6.583200e-01 7.529919e-01
6.590900e-01 7.521167e-01
6.598600e-01 7.512438e-01
6.606300e-01 7.503731e-01
6.614000e-01 7.495048e-01
6.621700e-01 7.486388e-01
6.629400e-01 7.477750e-01
6.637100e-01 7.469134e-01
6.644800e-01 7.460541e-01
6.652500e-01 7.451970e-01
6.660200e-01 7.443422e-01
6.667900e-01 7.434895e-01
6.675600e-01 7.426391e-01
6.683300e-01 7.417908e-01
6.691000e-01 7.409447e-01
6.698700e-01 7.401007e-01
6.706400e-01 7.392589e-01
6.714100e-01 7.384192e-01
6.721800e-01 7.375817e-01
6.729500e-01 7.367463e-01
6.737200e-01 7.359130e-01
6.744900e-01 7.350817e-01
6.752600e-01 7.342526e-01
6.760300e-01 7.334255e-01
6.768000e-01 7.326005e-01
6.775700e-01 7.317776e-01
6.783400e-01 7.309567e-01
6.791100e-01 7.301379e-01
6.798800e-01 7.293210e-01
6.806500e-01 7.285062e-01
6.814200e-01 7.276934e-01
6.821900e-01 7.268827e-01
6.829600e-01 7.260738e-01
6.837300e-01 7.252670e-01
6.845000e-01 7.244622e-01
6.852700e-01 7.236593e-01
6.860400e-01 7.228583e-01
6.868100e-01 7.220594e-01
6.875800e-01 7.212623e-01
6.883500e-01 7.204672e-01
6.891200e-01 7.196740e-01
6.898900e-01 7.188827e-01
6.906600e-01 7.180933e-01
6.914300e-01 7.173058e-01
6.922000e-01 7.165202e-01
6.929700e-01 7.157365e-01
6.937400e-01 7.149547e-01
6.945100e-01 7.141747e-01
6.952800e-01 7.133965e-01
6.960500e-01 7.126202e-01
6.968200e-01 7.118458e-01
6.975900e-01 7.110732e-01
6.983600e-01 7.103024e-01
6.991300e-01 7.095334e-01
6.999000e-01 7.087663e-01
7.006700e-01 7.080009e-01
7.014400e-01 7.072373e-01
7.022100e-01 7.064756e-01
7.029800e-01 7.057155e-01
7.037500e-01 7.049573e-01
7.045200e-01 7.042009e-01
7.052900e-01 7.034461e-01
7.060600e-01 7.026932e-01
7.068300e-01 7.019420e-01
7.076000e-01 7.011925e-01
7.083700e-01 7.004448e-01
7.091400e-01 6.996987e-01
7.099100e-01 6.989544e-01
7.106800e-01 6.982118e-01
7.114500e-01 6.974709e-01
7.122200e-01 6.967317e-01
7.129900e-01 6.959942e-01
7.137600e-01 6.952584e-01
7.145300e-01 6.945242e-01
7.153000e-01 6.937918e-01
7.160700e-01 6.930609e-01
7.168400e-01 6.923318e-01
7.176100e-01 6.916043e-01
7.183800e-01 6.908784e-01
7.191500e-01 6.901542e-01
7.199200e-01 6.894316e-01
7.206900e-01 6.887106e-01
7.214600e-01 6.879912e-01
7.222300e-01 6.872735e-01
7.230000e-01 6.865574e-01
7.237700e-01 6.858428e-01
7.245400e-01 6.851299e-01
7.253100e-01 6.844185e-01
7.260800e-01 6.837088e-01
7.268500e-01 6.830006e-01
7.276200e-01 6.822940e-01
7.283900e-01 6.815889e-01
7.291600e-01 6.808854e-01
7.299300e-01 6.801835e-01
7.307000e-01 6.794831e-01
7.314700e-01 6.787842e-01
7.322400e-01 6.780869e-01
7.330100e-01 6.773911e-01
7.337800e-01 6.766969e-01
7.345500e-01 6.760042e-01
7.353200e-01 6.753129e-01
7.360900e-01 6.746232e-01
7.368600e-01 6.739350e-01
7.376300e-01 6.732483e-01
7.384000e-01 6.725631e-01
7.391700e-01 6.718794e-01
7.399400e-01 6.711971e-01
7.407100e-01 6.705164e-01
7.414800e-01 6.698371e-01
7.422500e-01 6.691592e-01
7.430200e-01 6.684829e-01
7.437900e-01 6.678079e-01
7.445600e-01 6.671345e-01
7.453300e-01 6.664625e-01
7.461000e-01 6.657919e-01
7.468700e-01 6.651228e-01
7.476400e-01 6.644550e-01
7.484100e-01 6.637888e-01
7.491800e-01 6.631239e-01
7.499500e-01 6.624605e-01
7.507200e-01 6.617984e-01
7.514900e-01 6.611378e-01
7.522600e-01 6.604786e-01
7.530300e-01 6.598208e-01
7.538000e-01 6.591643e-01
7.545700e-01 6.585093e-01
7.553400e-01 6.578556e-01
7.561100e-01 6.572033e-01
7.568800e-01 6.565524e-01
7.576500e-01 6.559028e-01
7.584200e-01 6.552547e-01
7.591900e-01 6.546078e-01
7.599600e-01 6.539624e-01
7.607300e-01 6.533182e-01
7.615000e-01 6.526755e-01
7.622700e-01 6.520340e-01
7.630400e-01 6.513939e-01
7.638100e-01 6.507552e-01
7.645800e-01 6.501177e-01
7.653500e-01 6.494816e-01
7.661200e-01 6.488468e-01
7.668900e-01 6.482133e-01
7.676600e-01 6.475812e-01
7.684300e-01 6.469503e-01
7.692000e-01 6.463207e-01
7.699700e-01 6.456924e-01
7.707400e-01 6.450655e-01
7.715100e-01 6.444398e-01
7.722800e-01 6.438154e-01
7.730500e-01 6.431922e-01
7.738200e-01 6.425704e-01
7.745900e-01 6.419498e-01
7.753600e-01 6.413305e-01
7.761300e-01 6.407125e-01
7.769000e-01 6.400957e-01
7.776700e-01 6.394801e-01
7.784400e-01 6.388659e-01
7.792100e-01 6.382528e-01
7.799800e-01 6.376410e-01
7.807500e-01 6.370305e-01
7.815200e-01 6.364212e-01
7.822900e-01 6.358131e-01
7.830600e-01 6.352062e-01
7.838300e-01 6.346006e-01
7.846000e-01 6.339962e-01
7.853700e-01 6.333930e-01
7.861400e-01 6.327910e-01
7.869100e-01 6.321902e-01
7.876800e-01 6.315906e-01
7.884500e-01 6.309922e-01
7.892200e-01 6.303951e-01
7.899900e-01 6.297991e-01
7.907600e-01 6.292043e-01
7.915300e-01 6.286107e-01
7.923000e-01 6.280182e-01
7.930700e-01 6.274270e-01
7.938400e-01 6.268369e-01
7.946100e-01 6.262480e-01
7.953800e-01 6.256602e-01
7.961500e-01 6.250736e-01
7.969200e-01 6.244882e-01
7.976900e-01 6.239040e-01
7.984600e-01 6.233208e-01
7.992300e-01 6.227389e-01
8.000000e-01 6.221580e-01
