3.000000e-02 1.299379e+01
3.077000e-02 1.306330e+01
3.154000e-02 1.276315e+01
3.231000e-02 1.233643e+01
3.308000e-02 1.209360e+01
3.385000e-02 1.195906e+01
3.462000e-02 1.199942e+01
3.539000e-02 1.183460e+01
3.616000e-02 1.139245e+01
3.693000e-02 1.112847e+01
3.770000e-02 1.093700e+01
3.847000e-02 1.080149e+01
3.924000e-02 1.073629e+01
4.001000e-02 1.087524e+01
4.078000e-02 1.053934e+01
4.155000e-02 1.020654e+01
4.232000e-02 9.979992e+00
4.309000e-02 9.800421e+00
4.386000e-02 9.652967e+00
4.463000e-02 9.533434e+00
4.540000e-02 9.444242e+00
4.617000e-02 9.399240e+00
4.694000e-02 9.478419e+00
4.771000e-02 9.311141e+00
4.848000e-02 9.008651e+00
4.925000e-02 8.809638e+00
5.002000e-02 8.648833e+00
5.079000e-02 8.510973e+00
5.156000e-02 8.389499e+00
5.233000e-02 8.281974e+00
5.310000e-02 8.187299e+00
5.387000e-02 8.105662e+00
5.464000e-02 8.039221e+00
5.541000e-02 7.994027e+00
5.618000e-02 7.990019e+00
5.695000e-02 8.220532e+00
5.772000e-02 7.835077e+00
5.849000e-02 7.639990e+00
5.926000e-02 7.496139e+00
6.003000e-02 7.374874e+00
6.080000e-02 7.267422e+00
6.157000e-02 7.169753e+00
6.234000e-02 7.080106e+00
6.311000e-02 6.997189e+00
6.388000e-02 6.920198e+00
6.465000e-02 6.848713e+00
6.542000e-02 6.782795e+00
6.619000e-02 6.722120e+00
6.696000e-02 6.667256e+00
6.773000e-02 6.619163e+00
6.850000e-02 6.579682e+00
6.927000e-02 6.553098e+00
7.004000e-02 6.551548e+00
7.081000e-02 6.650469e+00
7.158000e-02 6.487084e+00
7.235000e-02 6.332358e+00
7.312000e-02 6.223863e+00
7.389000e-02 6.133221e+00
7.466000e-02 6.052736e+00
7.543000e-02 5.979103e+00
7.620000e-02 5.910817e+00
7.697000e-02 5.846493e+00
7.774000e-02 5.785637e+00
7.851000e-02 5.727854e+00
7.928000e-02 5.672765e+00
8.005000e-02 5.620157e+00
8.082000e-02 5.569847e+00
8.159000e-02 5.521724e+00
8.236000e-02 5.475662e+00
8.313000e-02 5.431616e+00
8.390000e-02 5.389495e+00
8.467000e-02 5.349511e+00
8.544000e-02 5.311686e+00
8.621000e-02 5.276086e+00
8.698000e-02 5.242978e+00
8.775000e-02 5.212753e+00
8.852000e-02 5.186036e+00
8.929000e-02 5.164069e+00
9.006000e-02 5.149234e+00
9.083000e-02 5.147626e+00
9.160000e-02 5.185402e+00
9.237000e-02 5.167026e+00
9.314000e-02 5.038209e+00
9.391000e-02 4.960157e+00
9.468000e-02 4.897086e+00
9.545000e-02 4.841720e+00
9.622000e-02 4.791225e+00
9.699000e-02 4.744211e+00
9.776000e-02 4.699849e+00
9.853000e-02 4.657648e+00
9.930000e-02 4.617264e+00
1.000700e-01 4.578423e+00
1.008400e-01 4.541007e+00
1.016100e-01 4.504833e+00
1.023800e-01 4.469795e+00
1.031500e-01 4.435782e+00
1.039200e-01 4.402768e+00
1.046900e-01 4.370669e+00
1.054600e-01 4.339448e+00
1.062300e-01 4.309034e+00
1.070000e-01 4.279410e+00
1.077700e-01 4.250545e+00
1.085400e-01 4.222403e+00
1.093100e-01 4.194981e+00
1.100800e-01 4.168254e+00
1.108500e-01 4.142208e+00
1.116200e-01 4.116834e+00
1.123900e-01 4.092128e+00
1.131600e-01 4.068088e+00
1.139300e-01 4.044719e+00
1.147000e-01 4.022132e+00
1.154700e-01 4.000131e+00
1.162400e-01 3.978881e+00
1.170100e-01 3.958373e+00
1.177800e-01 3.938680e+00
1.185500e-01 3.919874e+00
1.193200e-01 3.902060e+00
1.200900e-01 3.885374e+00
1.208600e-01 3.870059e+00
1.216300e-01 3.856457e+00
1.224000e-01 3.845157e+00
1.231700e-01 3.837194e+00
1.239400e-01 3.835077e+00
1.247100e-01 3.846262e+00
1.254800e-01 3.957720e+00
1.262500e-01 3.808956e+00
1.270200e-01 3.752011e+00
1.277900e-01 3.710442e+00
1.285600e-01 3.675240e+00
1.293300e-01 3.643690e+00
1.301000e-01 3.614560e+00
1.308700e-01 3.587172e+00
1.316400e-01 3.561148e+00
1.324100e-01 3.536203e+00
1.331800e-01 3.512176e+00
1.339500e-01 3.488927e+00
1.347200e-01 3.466379e+00
1.354900e-01 3.444447e+00
1.362600e-01 3.423052e+00
1.370300e-01 3.402191e+00
1.378000e-01 3.381797e+00
1.385700e-01 3.361838e+00
1.393400e-01 3.342286e+00
1.401100e-01 3.323118e+00
1.408800e-01 3.304312e+00
1.416500e-01 3.285852e+00
1.424200e-01 3.267720e+00
1.431900e-01 3.249915e+00
1.439600e-01 3.232397e+00
1.447300e-01 3.215171e+00
1.455000e-01 3.198225e+00
1.462700e-01 3.181551e+00
1.470400e-01 3.165140e+00
1.478100e-01 3.148982e+00
1.485800e-01 3.133145e+00
1.493500e-01 3.117472e+00
1.501200e-01 3.102033e+00
1.508900e-01 3.086822e+00
1.516600e-01 3.071836e+00
1.524300e-01 3.057068e+00
1.532000e-01 3.042514e+00
1.539700e-01 3.028170e+00
1.547400e-01 3.014032e+00
1.555100e-01 3.000096e+00
1.562800e-01 2.986360e+00
1.570500e-01 2.972821e+00
1.578200e-01 2.959476e+00
1.585900e-01 2.946317e+00
1.593600e-01 2.933352e+00
1.601300e-01 2.920574e+00
1.609000e-01 2.907983e+00
1.616700e-01 2.895577e+00
1.624400e-01 2.883356e+00
1.632100e-01 2.871319e+00
1.639800e-01 2.859466e+00
1.647500e-01 2.847798e+00
1.655200e-01 2.836316e+00
1.662900e-01 2.825020e+00
1.670600e-01 2.813914e+00
1.678300e-01 2.803001e+00
1.686000e-01 2.792283e+00
1.693700e-01 2.781779e+00
1.701400e-01 2.771474e+00
1.709100e-01 2.761384e+00
1.716800e-01 2.751519e+00
1.724500e-01 2.741893e+00
1.732200e-01 2.732519e+00
1.739900e-01 2.723418e+00
1.747600e-01 2.714614e+00
1.755300e-01 2.706132e+00
1.763000e-01 2.698025e+00
1.770700e-01 2.690346e+00
1.778400e-01 2.683171e+00
1.786100e-01 2.676615e+00
1.793800e-01 2.670848e+00
1.801500e-01 2.666146e+00
1.809200e-01 2.662970e+00
1.816900e-01 2.662318e+00
1.824600e-01 2.666660e+00
1.832300e-01 2.687542e+00
1.840000e-01 2.675732e+00
1.847700e-01 2.635125e+00
1.855400e-01 2.610340e+00
1.863100e-01 2.590592e+00
1.870800e-01 2.573317e+00
1.878500e-01 2.557599e+00
1.886200e-01 2.542952e+00
1.893900e-01 2.529095e+00
1.901600e-01 2.515854e+00
1.909300e-01 2.503112e+00
1.917000e-01 2.490785e+00
1.924700e-01 2.478821e+00
1.932400e-01 2.467157e+00
1.940100e-01 2.455769e+00
1.947800e-01 2.444627e+00
1.955500e-01 2.433708e+00
1.963200e-01 2.422994e+00
1.970900e-01 2.412468e+00
1.978600e-01 2.402118e+00
1.986300e-01 2.391932e+00
1.994000e-01 2.381855e+00
2.001700e-01 2.371969e+00
2.009400e-01 2.362221e+00
2.017100e-01 2.352603e+00
2.024800e-01 2.343159e+00
2.032500e-01 2.333784e+00
2.040200e-01 2.324525e+00
2.047900e-01 2.315377e+00
2.055600e-01 2.306336e+00
2.063300e-01 2.297398e+00
2.071000e-01 2.288561e+00
2.078700e-01 2.279821e+00
2.086400e-01 2.271175e+00
2.094100e-01 2.262627e+00
2.101800e-01 2.254161e+00
2.109500e-01 2.245785e+00
2.117200e-01 2.237491e+00
2.124900e-01 2.229280e+00
2.132600e-01 2.221150e+00
2.140300e-01 2.213099e+00
2.148000e-01 2.205126e+00
2.155700e-01 2.197228e+00
2.163400e-01 2.189405e+00
2.171100e-01 2.181654e+00
2.178800e-01 2.173975e+00
2.186500e-01 2.166365e+00
2.194200e-01 2.158825e+00
2.201900e-01 2.151352e+00
2.209600e-01 2.143945e+00
2.217300e-01 2.136603e+00
2.225000e-01 2.129326e+00
2.232700e-01 2.122111e+00
2.240400e-01 2.114959e+00
2.248100e-01 2.107867e+00
2.255800e-01 2.100836e+00
2.263500e-01 2.093865e+00
2.271200e-01 2.086951e+00
2.278900e-01 2.080095e+00
2.286600e-01 2.073296e+00
2.294300e-01 2.066553e+00
2.302000e-01 2.059865e+00
2.309700e-01 2.053232e+00
2.317400e-01 2.046652e+00
2.325100e-01 2.040126e+00
2.332800e-01 2.033652e+00
2.340500e-01 2.027229e+00
2.348200e-01 2.020858e+00
2.355900e-01 2.014537e+00
2.363600e-01 2.008266e+00
2.371300e-01 2.002045e+00
2.379000e-01 1.995872e+00
2.386700e-01 1.989748e+00
2.394400e-01 1.983671e+00
2.402100e-01 1.977642e+00
2.409800e-01 1.971659e+00
2.417500e-01 1.965723e+00
2.425200e-01 1.959832e+00
2.432900e-01 1.953986e+00
2.440600e-01 1.948186e+00
2.448300e-01 1.942430e+00
2.456000e-01 1.936718e+00
2.463700e-01 1.931049e+00
2.471400e-01 1.925424e+00
2.479100e-01 1.919842e+00
2.486800e-01 1.914302e+00
2.494500e-01 1.908805e+00
2.502200e-01 1.903349e+00
2.509900e-01 1.897935e+00
2.517600e-01 1.892562e+00
2.525300e-01 1.887231e+00
2.533000e-01 1.881940e+00
2.540700e-01 1.876689e+00
2.548400e-01 1.871478e+00
2.556100e-01 1.866308e+00
2.563800e-01 1.861177e+00
2.571500e-01 1.856083e+00
2.579200e-01 1.851031e+00
2.586900e-01 1.846018e+00
2.594600e-01 1.841044e+00
2.602300e-01 1.836109e+00
2.610000e-01 1.831212e+00
2.617700e-01 1.826354e+00
2.625400e-01 1.821535e+00
2.633100e-01 1.816755e+00
2.640800e-01 1.812013e+00
2.648500e-01 1.807309e+00
2.656200e-01 1.802644e+00
2.663900e-01 1.798013e+00
2.671600e-01 1.793426e+00
2.679300e-01 1.788877e+00
2.687000e-01 1.784367e+00
2.694700e-01 1.779896e+00
2.702400e-01 1.775464e+00
2.710100e-01 1.771073e+00
2.717800e-01 1.766721e+00
2.725500e-01 1.762409e+00
2.733200e-01 1.758138e+00
2.740900e-01 1.753909e+00
2.748600e-01 1.749727e+00
2.756300e-01 1.745584e+00
2.764000e-01 1.741484e+00
2.771700e-01 1.737428e+00
2.779400e-01 1.733418e+00
2.787100e-01 1.729455e+00
2.794800e-01 1.725541e+00
2.802500e-01 1.721676e+00
2.810200e-01 1.717863e+00
2.817900e-01 1.714104e+00
2.825600e-01 1.710402e+00
2.833300e-01 1.706759e+00
2.841000e-01 1.703179e+00
2.848700e-01 1.699662e+00
2.856400e-01 1.696220e+00
2.864100e-01 1.692856e+00
2.871800e-01 1.689575e+00
2.879500e-01 1.686388e+00
2.887200e-01 1.683303e+00
2.894900e-01 1.680335e+00
2.902600e-01 1.677501e+00
2.910300e-01 1.674822e+00
2.918000e-01 1.672329e+00
2.925700e-01 1.670063e+00
2.933400e-01 1.668082e+00
2.941100e-01 1.666462e+00
2.948800e-01 1.665368e+00
2.956500e-01 1.665048e+00
2.964200e-01 1.666046e+00
2.971900e-01 1.669740e+00
2.979600e-01 1.683965e+00
2.987300e-01 1.671990e+00
2.995000e-01 1.655017e+00
3.002700e-01 1.644356e+00
3.010400e-01 1.635816e+00
3.018100e-01 1.628407e+00
3.025800e-01 1.621690e+00
3.033500e-01 1.615456e+00
3.041200e-01 1.609560e+00
3.048900e-01 1.603935e+00
3.056600e-01 1.598526e+00
3.064300e-01 1.593295e+00
3.072000e-01 1.588213e+00
3.079700e-01 1.583259e+00
3.087400e-01 1.578418e+00
3.095100e-01 1.573675e+00
3.102800e-01 1.569021e+00
3.110500e-01 1.564447e+00
3.118200e-01 1.559945e+00
3.125900e-01 1.555513e+00
3.133600e-01 1.551140e+00
3.141300e-01 1.546823e+00
3.149000e-01 1.542561e+00
3.156700e-01 1.538348e+00
3.164400e-01 1.534184e+00
3.172100e-01 1.530064e+00
3.179800e-01 1.525987e+00
3.187500e-01 1.521950e+00
3.195200e-01 1.517953e+00
3.202900e-01 1.513992e+00
3.210600e-01 1.510068e+00
3.218300e-01 1.506178e+00
3.226000e-01 1.502321e+00
3.233700e-01 1.498496e+00
3.241400e-01 1.494696e+00
3.249100e-01 1.490933e+00
3.256800e-01 1.487199e+00
3.264500e-01 1.483493e+00
3.272200e-01 1.479815e+00
3.279900e-01 1.476163e+00
3.287600e-01 1.472538e+00
3.295300e-01 1.468938e+00
3.303000e-01 1.465363e+00
3.310700e-01 1.461813e+00
3.318400e-01 1.458286e+00
3.326100e-01 1.454783e+00
3.333800e-01 1.451302e+00
3.341500e-01 1.447845e+00
3.349200e-01 1.444409e+00
3.356900e-01 1.440995e+00
3.364600e-01 1.437602e+00
3.372300e-01 1.434230e+00
3.380000e-01 1.430879e+00
3.387700e-01 1.427548e+00
3.395400e-01 1.424237e+00
3.403100e-01 1.420948e+00
3.410800e-01 1.417676e+00
3.418500e-01 1.414422e+00
3.426200e-01 1.411188e+00
3.433900e-01 1.407972e+00
3.441600e-01 1.404774e+00
3.449300e-01 1.401594e+00
3.457000e-01 1.398432e+00
3.464700e-01 1.395288e+00
3.472400e-01 1.392160e+00
3.480100e-01 1.389050e+00
3.487800e-01 1.385957e+00
3.495500e-01 1.382881e+00
3.503200e-01 1.379821e+00
3.510900e-01 1.376778e+00
3.518600e-01 1.373750e+00
3.526300e-01 1.370739e+00
3.534000e-01 1.367743e+00
3.541700e-01 1.364763e+00
3.549400e-01 1.361798e+00
3.557100e-01 1.358849e+00
3.564800e-01 1.355914e+00
3.572500e-01 1.352995e+00
3.580200e-01 1.350090e+00
3.587900e-01 1.347200e+00
3.595600e-01 1.344325e+00
3.603300e-01 1.341463e+00
3.611000e-01 1.338617e+00
3.618700e-01 1.335784e+00
3.626400e-01 1.332965e+00
3.634100e-01 1.330159e+00
3.641800e-01 1.327368e+00
3.649500e-01 1.324590e+00
3.657200e-01 1.321826e+00
3.664900e-01 1.319074e+00
3.672600e-01 1.316336e+00
3.680300e-01 1.313611e+00
3.688000e-01 1.310899e+00
3.695700e-01 1.308200e+00
3.703400e-01 1.305514e+00
3.711100e-01 1.302840e+00
3.718800e-01 1.300179e+00
3.726500e-01 1.297530e+00
3.734200e-01 1.294893e+00
3.741900e-01 1.292269e+00
3.749600e-01 1.289657e+00
3.757300e-01 1.287057e+00
3.765000e-01 1.284468e+00
3.772700e-01 1.281892e+00
3.780400e-01 1.279327e+00
3.788100e-01 1.276774e+00
3.795800e-01 1.274232e+00
3.803500e-01 1.271702e+00
3.811200e-01 1.269183e+00
3.818900e-01 1.266676e+00
3.826600e-01 1.264180e+00
3.834300e-01 1.261694e+00
3.842000e-01 1.259220e+00
3.849700e-01 1.256745e+00
3.857400e-01 1.254292e+00
3.865100e-01 1.251850e+00
3.872800e-01 1.249419e+00
3.880500e-01 1.246998e+00
3.888200e-01 1.244588e+00
3.895900e-01 1.242188e+00
3.903600e-01 1.239799e+00
3.911300e-01 1.237420e+00
3.919000e-01 1.235051e+00
3.926700e-01 1.232693e+00
3.934400e-01 1.230344e+00
3.942100e-01 1.228006e+00
3.949800e-01 1.225678e+00
3.957500e-01 1.223359e+00
3.965200e-01 1.221050e+00
3.972900e-01 1.218751e+00
3.980600e-01 1.216462e+00
3.988300e-01 1.214182e+00
3.996000e-01 1.211912e+00
4.003700e-01 1.209651e+00
4.011400e-01 1.207400e+00
4.019100e-01 1.205158e+00
4.026800e-01 1.202925e+00
4.034500e-01 1.200702e+00
4.042200e-01 1.198488e+00
4.049900e-01 1.196283e+00
4.057600e-01 1.194087e+00
4.065300e-01 1.191900e+00
4.073000e-01 1.189723e+00
4.080700e-01 1.187554e+00
4.088400e-01 1.185394e+00
4.096100e-01 1.183242e+00
4.103800e-01 1.181100e+00
4.111500e-01 1.178965e+00
4.119200e-01 1.176840e+00
4.126900e-01 1.174723e+00
4.134600e-01 1.172614e+00
4.142300e-01 1.170514e+00
4.150000e-01 1.168423e+00
4.157700e-01 1.166340e+00
4.165400e-01 1.164265e+00
4.173100e-01 1.162198e+00
4.180800e-01 1.160139e+00
4.188500e-01 1.158089e+00
4.196200e-01 1.156047e+00
4.203900e-01 1.154013e+00
4.211600e-01 1.151986e+00
4.219300e-01 1.149968e+00
4.227000e-01 1.147958e+00
4.234700e-01 1.145955e+00
4.242400e-01 1.143961e+00
4.250100e-01 1.141974e+00
4.257800e-01 1.139995e+00
4.265500e-01 1.138023e+00
4.273200e-01 1.136059e+00
4.280900e-01 1.134103e+00
4.288600e-01 1.132155e+00
4.296300e-01 1.130213e+00
4.304000e-01 1.128280e+00
4.311700e-01 1.126353e+00
4.319400e-01 1.124434e+00
4.327100e-01 1.122521e+00
4.334800e-01 1.120617e+00
4.342500e-01 1.118720e+00
4.350200e-01 1.116830e+00
4.357900e-01 1.114947e+00
4.365600e-01 1.113072e+00
4.373300e-01 1.111204e+00
4.381000e-01 1.109342e+00
4.388700e-01 1.107488e+00
4.396400e-01 1.105641e+00
4.404100e-01 1.103801e+00
4.411800e-01 1.101967e+00
4.419500e-01 1.100141e+00
4.427200e-01 1.098321e+00
4.434900e-01 1.096508e+00
4.442600e-01 1.094702e+00
4.450300e-01 1.092903e+00
4.458000e-01 1.091110e+00
4.465700e-01 1.089324e+00
4.473400e-01 1.087545e+00
4.481100e-01 1.085772e+00
4.488800e-01 1.084006e+00
4.496500e-01 1.082246e+00
4.504200e-01 1.080493e+00
4.511900e-01 1.078746e+00
4.519600e-01 1.077006e+00
4.527300e-01 1.075272e+00
4.535000e-01 1.073544e+00
4.542700e-01 1.071823e+00
4.550400e-01 1.070108e+00
4.558100e-01 1.068400e+00
4.565800e-01 1.066697e+00
4.573500e-01 1.065001e+00
4.581200e-01 1.063311e+00
4.588900e-01 1.061628e+00
4.596600e-01 1.059950e+00
4.604300e-01 1.058278e+00
4.612000e-01 1.056613e+00
4.619700e-01 1.054953e+00
4.627400e-01 1.053300e+00
4.635100e-01 1.051653e+00
4.642800e-01 1.050011e+00
4.650500e-01 1.048376e+00
4.658200e-01 1.046746e+00
4.665900e-01 1.045122e+00
4.673600e-01 1.043504e+00
4.681300e-01 1.041892e+00
4.689000e-01 1.040286e+00
4.696700e-01 1.038685e+00
4.704400e-01 1.037091e+00
4.712100e-01 1.035502e+00
4.719800e-01 1.033918e+00
4.727500e-01 1.032341e+00
4.735200e-01 1.030769e+00
4.742900e-01 1.029202e+00
4.750600e-01 1.027642e+00
4.758300e-01 1.026087e+00
4.766000e-01 1.024537e+00
4.773700e-01 1.022993e+00
4.781400e-01 1.021455e+00
4.789100e-01 1.019922e+00
4.796800e-01 1.018394e+00
4.804500e-01 1.016886e+00
4.812200e-01 1.015369e+00
4.819900e-01 1.013858e+00
4.827600e-01 1.012352e+00
4.835300e-01 1.010851e+00
4.843000e-01 1.009356e+00
4.850700e-01 1.007866e+00
4.858400e-01 1.006381e+00
4.866100e-01 1.004902e+00
4.873800e-01 1.003428e+00
4.881500e-01 1.001959e+00
4.889200e-01 1.000496e+00
4.896900e-01 9.990377e-01
4.904600e-01 9.975847e-01
4.912300e-01 9.961370e-01
4.920000e-01 9.946944e-01
4.927700e-01 9.932570e-01
4.935400e-01 9.918248e-01
4.943100e-01 9.903977e-01
4.950800e-01 9.889758e-01
4.958500e-01 9.875580e-01
4.966200e-01 9.861463e-01
4.973900e-01 9.847396e-01
4.981600e-01 9.833380e-01
4.989300e-01 9.819415e-01
4.997000e-01 9.805500e-01
5.004700e-01 9.791636e-01
5.012400e-01 9.777822e-01
5.020100e-01 9.764059e-01
5.027800e-01 9.750345e-01
5.035500e-01 9.736682e-01
5.043200e-01 9.723069e-01
5.050900e-01 9.709505e-01
5.058600e-01 9.695991e-01
5.066300e-01 9.682528e-01
5.074000e-01 9.669113e-01
5.081700e-01 9.655749e-01
5.089400e-01 9.642434e-01
5.097100e-01 9.629168e-01
5.104800e-01 9.615952e-01
5.112500e-01 9.602786e-01
5.120200e-01 9.589669e-01
5.127900e-01 9.576602e-01
5.135600e-01 9.563583e-01
5.143300e-01 9.550615e-01
5.151000e-01 9.537696e-01
5.158700e-01 9.524826e-01
5.166400e-01 9.512006e-01
5.174100e-01 9.499235e-01
5.181800e-01 9.486514e-01
5.189500e-01 9.473842e-01
5.197200e-01 9.461220e-01
5.204900e-01 9.448648e-01
5.212600e-01 9.436126e-01
5.220300e-01 9.423654e-01
5.228000e-01 9.411232e-01
5.235700e-01 9.398860e-01
5.243400e-01 9.386539e-01
5.251100e-01 9.374268e-01
5.258800e-01 9.362047e-01
5.266500e-01 9.349878e-01
5.274200e-01 9.337760e-01
5.281900e-01 9.325693e-01
5.289600e-01 9.313678e-01
5.297300e-01 9.301714e-01
5.305000e-01 9.289803e-01
5.312700e-01 9.277968e-01
5.320400e-01 9.266164e-01
5.328100e-01 9.254414e-01
5.335800e-01 9.242718e-01
5.343500e-01 9.231076e-01
5.351200e-01 9.219489e-01
5.358900e-01 9.207957e-01
5.366600e-01 9.196481e-01
5.374300e-01 9.185062e-01
5.382000e-01 9.173700e-01
5.389700e-01 9.162395e-01
5.397400e-01 9.151150e-01
5.405100e-01 9.139964e-01
5.412800e-01 9.128838e-01
5.420500e-01 9.117774e-01
5.428200e-01 9.106772e-01
5.435900e-01 9.095834e-01
5.443600e-01 9.084961e-01
5.451300e-01 9.074154e-01
5.459000e-01 9.063414e-01
5.466700e-01 9.052743e-01
5.474400e-01 9.042144e-01
5.482100e-01 9.031617e-01
5.489800e-01 9.021165e-01
5.497500e-01 9.010790e-01
5.505200e-01 9.000480e-01
5.512900e-01 8.990264e-01
5.520600e-01 8.980133e-01
5.528300e-01 8.970089e-01
5.536000e-01 8.960137e-01
5.543700e-01 8.950281e-01
5.551400e-01 8.940523e-01
5.559100e-01 8.930870e-01
5.566800e-01 8.921327e-01
5.574500e-01 8.911900e-01
5.582200e-01 8.902596e-01
5.589900e-01 8.893421e-01
5.597600e-01 8.884387e-01
5.605300e-01 8.875501e-01
5.613000e-01 8.866777e-01
5.620700e-01 8.858228e-01
5.628400e-01 8.849869e-01
5.636100e-01 8.841720e-01
5.643800e-01 8.833802e-01
5.651500e-01 8.826143e-01
5.659200e-01 8.818775e-01
5.666900e-01 8.811738e-01
5.674600e-01 8.805082e-01
5.682300e-01 8.798817e-01
5.690000e-01 8.793119e-01
5.697700e-01 8.788058e-01
5.705400e-01 8.783787e-01
5.713100e-01 8.780531e-01
5.720800e-01 8.778632e-01
5.728500e-01 8.778515e-01
5.736200e-01 8.781273e-01
5.743900e-01 8.788861e-01
5.751600e-01 8.806556e-01
5.759300e-01 8.863681e-01
5.767000e-01 8.821124e-01
5.774700e-01 8.762698e-01
5.782400e-01 8.727020e-01
5.790100e-01 8.699150e-01
5.797800e-01 8.675349e-01
5.805500e-01 8.654069e-01
5.813200e-01 8.634413e-01
5.820900e-01 8.616005e-01
5.828600e-01 8.598544e-01
5.836300e-01 8.581830e-01
5.844000e-01 8.565722e-01
5.851700e-01 8.550158e-01
5.859400e-01 8.534969e-01
5.867100e-01 8.520150e-01
5.874800e-01 8.505653e-01
5.882500e-01 8.491439e-01
5.890200e-01 8.477478e-01
5.897900e-01 8.463742e-01
5.905600e-01 8.450211e-01
5.913300e-01 8.436866e-01
5.921000e-01 8.423692e-01
5.928700e-01 8.410674e-01
5.936400e-01 8.397802e-01
5.944100e-01 8.385066e-01
5.951800e-01 8.372455e-01
5.959500e-01 8.359963e-01
5.967200e-01 8.347583e-01
5.974900e-01 8.335308e-01
5.982600e-01 8.323132e-01
5.990300e-01 8.311052e-01
5.998000e-01 8.299061e-01
6.005700e-01 8.287156e-01
6.013400e-01 8.275334e-01
6.021100e-01 8.263591e-01
6.028800e-01 8.251923e-01
6.036500e-01 8.240328e-01
6.044200e-01 8.228814e-01
6.051900e-01 8.217355e-01
6.059600e-01 8.205962e-01
6.067300e-01 8.194633e-01
6.075000e-01 8.183366e-01
6.082700e-01 8.172158e-01
6.090400e-01 8.161008e-01
6.098100e-01 8.149914e-01
6.105800e-01 8.138876e-01
6.113500e-01 8.127891e-01
6.121200e-01 8.116958e-01
6.128900e-01 8.106076e-01
6.136600e-01 8.095244e-01
6.144300e-01 8.084460e-01
6.152000e-01 8.073724e-01
6.159700e-01 8.063035e-01
6.167400e-01 8.052392e-01
6.175100e-01 8.041789e-01
6.182800e-01 8.031234e-01
6.190500e-01 8.020723e-01
6.198200e-01 8.010254e-01
6.205900e-01 7.999826e-01
6.213600e-01 7.989439e-01
6.221300e-01 7.979093e-01
6.229000e-01 7.968786e-01
6.236700e-01 7.958519e-01
6.244400e-01 7.948290e-01
6.252100e-01 7.938098e-01
6.259800e-01 7.927924e-01
6.267500e-01 7.917809e-01
6.275200e-01 7.907729e-01
6.282900e-01 7.897686e-01
6.290600e-01 7.887678e-01
6.298300e-01 7.877704e-01
6.306000e-01 7.867765e-01
6.313700e-01 7.857860e-01
6.321400e-01 7.847989e-01
6.329100e-01 7.838151e-01
6.336800e-01 7.828346e-01
6.344500e-01 7.818573e-01
6.352200e-01 7.808832e-01
6.359900e-01 7.799124e-01
6.367600e-01 7.789447e-01
6.375300e-01 7.779801e-01
6.383000e-01 7.770185e-01
6.390700e-01 7.760601e-01
6.398400e-01 7.751047e-01
6.406100e-01 7.741522e-01
6.413800e-01 7.732028e-01
6.421500e-01 7.722563e-01
6.429200e-01 7.713127e-01
6.436900e-01 7.703720e-01
6.444600e-01 7.694341e-01
6.452300e-01 7.684991e-01
6.460000e-01 7.675670e-01
6.467700e-01 7.666376e-01
6.475400e-01 7.657110e-01
6.483100e-01 7.647871e-01
6.490800e-01 7.638660e-01
6.498500e-01 7.629476e-01
6.506200e-01 7.620319e-01
6.513900e-01 7.611188e-01
6.521600e-01 7.602084e-01
6.529300e-01 7.593006e-01
6.537000e-01 7.583955e-01
6.544700e-01 7.574929e-01
6.552400e-01 7.565929e-01
6.560100e-01 7.556954e-01
6.567800e-01 7.548005e-01
6.575500e-01 7.539093e-01
6.583200e-01 7.530193e-01
6.590900e-01 7.521318e-01
6.598600e-01 7.512468e-01
6.606300e-01 7.503642e-01
6.614000e-01 7.494840e-01
6.621700e-01 7.486063e-01
6.629400e-01 7.477310e-01
6.637100e-01 7.468581e-01
6.644800e-01 7.459876e-01
6.652500e-01 7.451194e-01
6.660200e-01 7.442536e-01
6.667900e-01 7.433901e-01
6.675600e-01 7.425290e-01
6.683300e-01 7.416701e-01
6.691000e-01 7.408136e-01
6.698700e-01 7.399593e-01
6.706400e-01 7.391073e-01
6.714100e-01 7.382575e-01
6.721800e-01 7.374100e-01
6.729500e-01 7.365647e-01
6.737200e-01 7.357216e-01
6.744900e-01 7.348807e-01
6.752600e-01 7.340420e-01
6.760300e-01 7.332055e-01
6.768000e-01 7.323711e-01
6.775700e-01 7.315389e-01
6.783400e-01 7.307089e-01
6.791100e-01 7.298809e-01
6.798800e-01 7.290551e-01
6.806500e-01 7.282314e-01
6.814200e-01 7.274098e-01
6.821900e-01 7.265903e-01
6.829600e-01 7.257729e-01
6.837300e-01 7.249575e-01
6.845000e-01 7.241442e-01
6.852700e-01 7.233329e-01
6.860400e-01 7.225237e-01
6.868100e-01 7.217165e-01
6.875800e-01 7.209113e-01
6.883500e-01 7.201081e-01
6.891200e-01 7.193069e-01
6.898900e-01 7.185077e-01
6.906600e-01 7.177104e-01
6.914300e-01 7.169152e-01
6.922000e-01 7.161218e-01
6.929700e-01 7.153305e-01
6.937400e-01 7.145411e-01
6.945100e-01 7.137536e-01
6.952800e-01 7.129680e-01
6.960500e-01 7.121843e-01
6.968200e-01 7.114026e-01
6.975900e-01 7.106227e-01
6.983600e-01 7.098447e-01
6.991300e-01 7.090686e-01
6.999000e-01 7.082944e-01
7.006700e-01 7.075220e-01
7.014400e-01 7.067515e-01
7.022100e-01 7.059828e-01
7.029800e-01 7.052159e-01
7.037500e-01 7.044509e-01
7.045200e-01 7.036877e-01
7.052900e-01 7.029263e-01
7.060600e-01 7.021668e-01
7.068300e-01 7.014090e-01
7.076000e-01 7.006530e-01
7.083700e-01 6.998987e-01
7.091400e-01 6.991463e-01
7.099100e-01 6.983956e-01
7.106800e-01 6.976467e-01
7.114500e-01 6.968995e-01
7.122200e-01 6.961541e-01
7.129900e-01 6.954104e-01
7.137600e-01 6.946685e-01
7.145300e-01 6.939282e-01
7.153000e-01 6.931897e-01
7.160700e-01 6.924529e-01
7.168400e-01 6.917178e-01
7.176100e-01 6.909843e-01
7.183800e-01 6.902526e-01
7.191500e-01 6.895225e-01
7.199200e-01 6.887942e-01
7.206900e-01 6.880674e-01
7.214600e-01 6.873424e-01
7.222300e-01 6.866190e-01
7.230000e-01 6.858972e-01
7.237700e-01 6.851771e-01
7.245400e-01 6.844586e-01
7.253100e-01 6.837418e-01
7.260800e-01 6.830265e-01
7.268500e-01 6.823129e-01
7.276200e-01 6.816009e-01
7.283900e-01 6.808905e-01
7.291600e-01 6.801817e-01
7.299300e-01 6.794745e-01
7.307000e-01 6.787688e-01
7.314700e-01 6.780648e-01
7.322400e-01 6.773623e-01
7.330100e-01 6.766613e-01
7.337800e-01 6.759620e-01
7.345500e-01 6.752642e-01
7.353200e-01 6.745679e-01
7.360900e-01 6.738732e-01
7.368600e-01 6.731800e-01
7.376300e-01 6.724883e-01
7.384000e-01 6.717982e-01
7.391700e-01 6.711096e-01
7.399400e-01 6.704225e-01
7.407100e-01 6.697369e-01
7.414800e-01 6.690528e-01
7.422500e-01 6.683702e-01
7.430200e-01 6.676891e-01
7.437900e-01 6.670095e-01
7.445600e-01 6.663314e-01
7.453300e-01 6.656547e-01
7.461000e-01 6.649795e-01
7.468700e-01 6.643058e-01
7.476400e-01 6.636335e-01
7.484100e-01 6.629627e-01
7.491800e-01 6.622933e-01
7.499500e-01 6.616254e-01
7.507200e-01 6.609589e-01
7.514900e-01 6.602939e-01
7.522600e-01 6.596302e-01
7.530300e-01 6.589680e-01
7.538000e-01 6.583072e-01
7.545700e-01 6.576479e-01
7.553400e-01 6.569899e-01
7.561100e-01 6.563333e-01
7.568800e-01 6.556782e-01
7.576500e-01 6.550244e-01
7.584200e-01 6.543720e-01
7.591900e-01 6.537210e-01
7.599600e-01 6.530714e-01
7.607300e-01 6.524231e-01
7.615000e-01 6.517763e-01
7.622700e-01 6.511307e-01
7.630400e-01 6.504866e-01
7.638100e-01 6.498438e-01
7.645800e-01 6.492023e-01
7.653500e-01 6.485622e-01
7.661200e-01 6.479235e-01
7.668900e-01 6.472860e-01
7.676600e-01 6.466499e-01
7.684300e-01 6.460152e-01
7.692000e-01 6.453817e-01
7.699700e-01 6.447496e-01
7.707400e-01 6.441188e-01
7.715100e-01 6.434893e-01
7.722800e-01 6.428611e-01
7.730500e-01 6.422342e-01
7.738200e-01 6.416086e-01
7.745900e-01 6.409842e-01
7.753600e-01 6.403612e-01
7.761300e-01 6.397395e-01
7.769000e-01 6.391190e-01
7.776700e-01 6.384998e-01
7.784400e-01 6.378819e-01
7.792100e-01 6.372652e-01
7.799800e-01 6.366499e-01
7.807500e-01 6.360357e-01
7.815200e-01 6.354228e-01
7.822900e-01 6.348112e-01
7.830600e-01 6.342008e-01
7.838300e-01 6.335917e-01
7.846000e-01 6.329838e-01
7.853700e-01 6.323771e-01
7.861400e-01 6.317717e-01
7.869100e-01 6.311674e-01
7.876800e-01 6.305644e-01
7.884500e-01 6.299627e-01
7.892200e-01 6.293621e-01
7.899900e-01 6.287627e-01
7.907600e-01 6.281646e-01
7.915300e-01 6.275677e-01
7.923000e-01 6.269719e-01
7.930700e-01 6.263773e-01
7.938400e-01 6.257840e-01
7.946100e-01 6.251918e-01
7.953800e-01 6.246008e-01
7.961500e-01 6.240110e-01
7.969200e-01 6.234223e-01
7.976900e-01 6.228349e-01
7.984600e-01 6.222486e-01
7.992300e-01 6.216634e-01
8.000000e-01 6.210795e-01
