2.070000e+01 2.024000e+01 2.080505e+01 2.071314e+01 2.068000e+01 2.026000e+01 2.080756e+01 2.072617e+01
2.070000e+01 2.024000e+01 2.080505e+01 2.071314e+01 2.074000e+01 2.024000e+01 2.080657e+01 2.071913e+01
2.074000e+01 2.024000e+01 2.080657e+01 2.071913e+01 2.078000e+01 2.024000e+01 2.080699e+01 2.072257e+01
2.078000e+01 2.024000e+01 2.080699e+01 2.072257e+01 2.082000e+01 2.024000e+01 2.080694e+01 2.072328e+01
2.082000e+01 2.024000e+01 2.080694e+01 2.072328e+01 2.086000e+01 2.024000e+01 2.080713e+01 2.072123e+01
2.086000e+01 2.024000e+01 2.080713e+01 2.072123e+01 2.090000e+01 2.024000e+01 2.080820e+01 2.071654e+01
2.090000e+01 2.024000e+01 2.080820e+01 2.071654e+01 2.092000e+01 2.026000e+01 2.080597e+01 2.073042e+01
2.062000e+01 2.028000e+01 2.080823e+01 2.072674e+01 2.060000e+01 2.030000e+01 2.081152e+01 2.073556e+01
2.062000e+01 2.028000e+01 2.080823e+01 2.072674e+01 2.066000e+01 2.028000e+01 2.081176e+01 2.073822e+01
2.068000e+01 2.026000e+01 2.080756e+01 2.072617e+01 2.066000e+01 2.028000e+01 2.081176e+01 2.073822e+01
2.092000e+01 2.026000e+01 2.080597e+01 2.073042e+01 2.094000e+01 2.028000e+01 2.080203e+01 2.074346e+01
2.094000e+01 2.028000e+01 2.080203e+01 2.074346e+01 2.098000e+01 2.028000e+01 2.080461e+01 2.073307e+01
2.098000e+01 2.028000e+01 2.080461e+01 2.073307e+01 2.100000e+01 2.030000e+01 2.080125e+01 2.074275e+01
2.054000e+01 2.032000e+01 2.080768e+01 2.072726e+01 2.052000e+01 2.034000e+01 2.080967e+01 2.073224e+01
2.054000e+01 2.032000e+01 2.080768e+01 2.072726e+01 2.058000e+01 2.032000e+01 2.081625e+01 2.074280e+01
2.060000e+01 2.030000e+01 2.081152e+01 2.073556e+01 2.058000e+01 2.032000e+01 2.081625e+01 2.074280e+01
2.100000e+01 2.030000e+01 2.080125e+01 2.074275e+01 2.102000e+01 2.032000e+01 2.079635e+01 2.075092e+01
2.102000e+01 2.032000e+01 2.079635e+01 2.075092e+01 2.106000e+01 2.032000e+01 2.080365e+01 2.073602e+01
2.106000e+01 2.032000e+01 2.080365e+01 2.073602e+01 2.108000e+01 2.034000e+01 2.080127e+01 2.074167e+01
2.050000e+01 2.036000e+01 2.081241e+01 2.073535e+01 2.048000e+01 2.038000e+01 2.081328e+01 2.073796e+01
2.052000e+01 2.034000e+01 2.080967e+01 2.073224e+01 2.050000e+01 2.036000e+01 2.081241e+01 2.073535e+01
2.108000e+01 2.034000e+01 2.080127e+01 2.074167e+01 2.110000e+01 2.036000e+01 2.079799e+01 2.074543e+01
2.110000e+01 2.036000e+01 2.079799e+01 2.074543e+01 2.112000e+01 2.038000e+01 2.079655e+01 2.074853e+01
2.046000e+01 2.040000e+01 2.081439e+01 2.073862e+01 2.044000e+01 2.042000e+01 2.081340e+01 2.073932e+01
2.048000e+01 2.038000e+01 2.081328e+01 2.073796e+01 2.046000e+01 2.040000e+01 2.081439e+01 2.073862e+01
2.112000e+01 2.038000e+01 2.079655e+01 2.074853e+01 2.114000e+01 2.040000e+01 2.079473e+01 2.074961e+01
2.114000e+01 2.040000e+01 2.079473e+01 2.074961e+01 2.116000e+01 2.042000e+01 2.079503e+01 2.075059e+01
2.044000e+01 2.042000e+01 2.081340e+01 2.073932e+01 2.044000e+01 2.046000e+01 2.083123e+01 2.075493e+01
2.116000e+01 2.042000e+01 2.079503e+01 2.075059e+01 2.118000e+01 2.044000e+01 2.079551e+01 2.074963e+01
2.118000e+01 2.044000e+01 2.079551e+01 2.074963e+01 2.120000e+01 2.046000e+01 2.079817e+01 2.074913e+01
2.042000e+01 2.048000e+01 2.082929e+01 2.075202e+01 2.040000e+01 2.050000e+01 2.082513e+01 2.075001e+01
2.044000e+01 2.046000e+01 2.083123e+01 2.075493e+01 2.042000e+01 2.048000e+01 2.082929e+01 2.075202e+01
2.120000e+01 2.046000e+01 2.079817e+01 2.074913e+01 2.120000e+01 2.050000e+01 2.078127e+01 2.076174e+01
2.040000e+01 2.050000e+01 2.082513e+01 2.075001e+01 2.040000e+01 2.054000e+01 2.084100e+01 2.075911e+01
2.120000e+01 2.050000e+01 2.078127e+01 2.076174e+01 2.122000e+01 2.052000e+01 2.078571e+01 2.075808e+01
2.122000e+01 2.052000e+01 2.078571e+01 2.075808e+01 2.124000e+01 2.054000e+01 2.079219e+01 2.075570e+01
2.038000e+01 2.056000e+01 2.083421e+01 2.075465e+01 2.036000e+01 2.058000e+01 2.082564e+01 2.075180e+01
2.040000e+01 2.054000e+01 2.084100e+01 2.075911e+01 2.038000e+01 2.056000e+01 2.083421e+01 2.075465e+01
2.124000e+01 2.054000e+01 2.079219e+01 2.075570e+01 2.124000e+01 2.058000e+01 2.077856e+01 2.076257e+01
2.036000e+01 2.058000e+01 2.082564e+01 2.075180e+01 2.036000e+01 2.062000e+01 2.083693e+01 2.075639e+01
2.124000e+01 2.058000e+01 2.077856e+01 2.076257e+01 2.124000e+01 2.062000e+01 2.076661e+01 2.076652e+01
2.036000e+01 2.062000e+01 2.083693e+01 2.075639e+01 2.036000e+01 2.066000e+01 2.084602e+01 2.075869e+01
2.124000e+01 2.062000e+01 2.076661e+01 2.076652e+01 2.126000e+01 2.064000e+01 2.077815e+01 2.076238e+01
2.126000e+01 2.064000e+01 2.077815e+01 2.076238e+01 2.128000e+01 2.066000e+01 2.079085e+01 2.076013e+01
2.036000e+01 2.066000e+01 2.084602e+01 2.075869e+01 2.036000e+01 2.070000e+01 2.085242e+01 2.075917e+01
2.128000e+01 2.066000e+01 2.079085e+01 2.076013e+01 2.128000e+01 2.070000e+01 2.078502e+01 2.076220e+01
2.036000e+01 2.070000e+01 2.085242e+01 2.075917e+01 2.036000e+01 2.074000e+01 2.085576e+01 2.075851e+01
2.078000e+01 2.072000e+01 2.103245e+01 2.099792e+01 2.076000e+01 2.074000e+01 2.111886e+01 2.089619e+01
2.078000e+01 2.072000e+01 2.103245e+01 2.099792e+01 2.082000e+01 2.072000e+01 2.070072e+01 2.107063e+01
2.082000e+01 2.072000e+01 2.070072e+01 2.107063e+01 2.084000e+01 2.074000e+01 2.056980e+01 2.097076e+01
2.128000e+01 2.070000e+01 2.078502e+01 2.076220e+01 2.128000e+01 2.074000e+01 2.078200e+01 2.076318e+01
2.036000e+01 2.074000e+01 2.085576e+01 2.075851e+01 2.036000e+01 2.078000e+01 2.085584e+01 2.075748e+01
2.076000e+01 2.074000e+01 2.111886e+01 2.089619e+01 2.076000e+01 2.078000e+01 2.112338e+01 2.062930e+01
2.084000e+01 2.074000e+01 2.056980e+01 2.097076e+01 2.084000e+01 2.078000e+01 2.056559e+01 2.055912e+01
2.128000e+01 2.074000e+01 2.078200e+01 2.076318e+01 2.128000e+01 2.078000e+01 2.078196e+01 2.076375e+01
2.036000e+01 2.078000e+01 2.085584e+01 2.075748e+01 2.036000e+01 2.082000e+01 2.085268e+01 2.075690e+01
2.076000e+01 2.078000e+01 2.112338e+01 2.062930e+01 2.078000e+01 2.080000e+01 2.103927e+01 2.052697e+01
2.078000e+01 2.080000e+01 2.103927e+01 2.052697e+01 2.082000e+01 2.080000e+01 2.069945e+01 2.045361e+01
2.084000e+01 2.078000e+01 2.056559e+01 2.055912e+01 2.082000e+01 2.080000e+01 2.069945e+01 2.045361e+01
2.128000e+01 2.078000e+01 2.078196e+01 2.076375e+01 2.128000e+01 2.082000e+01 2.078494e+01 2.076461e+01
2.036000e+01 2.082000e+01 2.085268e+01 2.075690e+01 2.036000e+01 2.086000e+01 2.084646e+01 2.075752e+01
2.128000e+01 2.082000e+01 2.078494e+01 2.076461e+01 2.128000e+01 2.086000e+01 2.079074e+01 2.076645e+01
2.036000e+01 2.086000e+01 2.084646e+01 2.075752e+01 2.036000e+01 2.090000e+01 2.083758e+01 2.076000e+01
2.126000e+01 2.088000e+01 2.077806e+01 2.076403e+01 2.124000e+01 2.090000e+01 2.076651e+01 2.075968e+01
2.128000e+01 2.086000e+01 2.079074e+01 2.076645e+01 2.126000e+01 2.088000e+01 2.077806e+01 2.076403e+01
2.036000e+01 2.090000e+01 2.083758e+01 2.076000e+01 2.036000e+01 2.094000e+01 2.082652e+01 2.076483e+01
2.124000e+01 2.090000e+01 2.076651e+01 2.075968e+01 2.124000e+01 2.094000e+01 2.077857e+01 2.076319e+01
2.036000e+01 2.094000e+01 2.082652e+01 2.076483e+01 2.038000e+01 2.096000e+01 2.083528e+01 2.076222e+01
2.038000e+01 2.096000e+01 2.083528e+01 2.076222e+01 2.040000e+01 2.098000e+01 2.084230e+01 2.075804e+01
2.124000e+01 2.094000e+01 2.077857e+01 2.076319e+01 2.124000e+01 2.098000e+01 2.079236e+01 2.076959e+01
2.040000e+01 2.098000e+01 2.084230e+01 2.075804e+01 2.040000e+01 2.102000e+01 2.082672e+01 2.076742e+01
2.122000e+01 2.100000e+01 2.078603e+01 2.076686e+01 2.120000e+01 2.102000e+01 2.078176e+01 2.076280e+01
2.124000e+01 2.098000e+01 2.079236e+01 2.076959e+01 2.122000e+01 2.100000e+01 2.078603e+01 2.076686e+01
2.040000e+01 2.102000e+01 2.082672e+01 2.076742e+01 2.042000e+01 2.104000e+01 2.083116e+01 2.076569e+01
2.042000e+01 2.104000e+01 2.083116e+01 2.076569e+01 2.044000e+01 2.106000e+01 2.083341e+01 2.076307e+01
2.120000e+01 2.102000e+01 2.078176e+01 2.076280e+01 2.120000e+01 2.106000e+01 2.079897e+01 2.077490e+01
2.044000e+01 2.106000e+01 2.083341e+01 2.076307e+01 2.046000e+01 2.108000e+01 2.083502e+01 2.076225e+01
2.046000e+01 2.108000e+01 2.083502e+01 2.076225e+01 2.048000e+01 2.110000e+01 2.083431e+01 2.076109e+01
2.118000e+01 2.108000e+01 2.079657e+01 2.077401e+01 2.116000e+01 2.110000e+01 2.079640e+01 2.077263e+01
2.120000e+01 2.106000e+01 2.079897e+01 2.077490e+01 2.118000e+01 2.108000e+01 2.079657e+01 2.077401e+01
2.048000e+01 2.110000e+01 2.083431e+01 2.076109e+01 2.048000e+01 2.114000e+01 2.081645e+01 2.078079e+01
2.114000e+01 2.112000e+01 2.079643e+01 2.077321e+01 2.112000e+01 2.114000e+01 2.079864e+01 2.077390e+01
2.116000e+01 2.110000e+01 2.079640e+01 2.077263e+01 2.114000e+01 2.112000e+01 2.079643e+01 2.077321e+01
2.048000e+01 2.114000e+01 2.081645e+01 2.078079e+01 2.050000e+01 2.116000e+01 2.081592e+01 2.078362e+01
2.050000e+01 2.116000e+01 2.081592e+01 2.078362e+01 2.054000e+01 2.116000e+01 2.082820e+01 2.076652e+01
2.054000e+01 2.116000e+01 2.082820e+01 2.076652e+01 2.056000e+01 2.118000e+01 2.082398e+01 2.077069e+01
2.110000e+01 2.116000e+01 2.080045e+01 2.077664e+01 2.108000e+01 2.118000e+01 2.080414e+01 2.078006e+01
2.112000e+01 2.114000e+01 2.079864e+01 2.077390e+01 2.110000e+01 2.116000e+01 2.080045e+01 2.077664e+01
2.056000e+01 2.118000e+01 2.082398e+01 2.077069e+01 2.058000e+01 2.120000e+01 2.082083e+01 2.077678e+01
2.058000e+01 2.120000e+01 2.082083e+01 2.077678e+01 2.060000e+01 2.122000e+01 2.081640e+01 2.078413e+01
2.106000e+01 2.120000e+01 2.080691e+01 2.078541e+01 2.104000e+01 2.122000e+01 2.081108e+01 2.079189e+01
2.108000e+01 2.118000e+01 2.080414e+01 2.078006e+01 2.106000e+01 2.120000e+01 2.080691e+01 2.078541e+01
2.060000e+01 2.122000e+01 2.081640e+01 2.078413e+01 2.062000e+01 2.124000e+01 2.081337e+01 2.079306e+01
2.062000e+01 2.124000e+01 2.081337e+01 2.079306e+01 2.066000e+01 2.124000e+01 2.081722e+01 2.078170e+01
2.066000e+01 2.124000e+01 2.081722e+01 2.078170e+01 2.068000e+01 2.126000e+01 2.081319e+01 2.079380e+01
2.098000e+01 2.124000e+01 2.080909e+01 2.078763e+01 2.096000e+01 2.126000e+01 2.081328e+01 2.079875e+01
2.098000e+01 2.124000e+01 2.080909e+01 2.078763e+01 2.102000e+01 2.124000e+01 2.081397e+01 2.080000e+01
2.104000e+01 2.122000e+01 2.081108e+01 2.079189e+01 2.102000e+01 2.124000e+01 2.081397e+01 2.080000e+01
2.068000e+01 2.126000e+01 2.081319e+01 2.079380e+01 2.070000e+01 2.128000e+01 2.081083e+01 2.080687e+01
2.070000e+01 2.128000e+01 2.081083e+01 2.080687e+01 2.074000e+01 2.128000e+01 2.081249e+01 2.080093e+01
2.074000e+01 2.128000e+01 2.081249e+01 2.080093e+01 2.078000e+01 2.128000e+01 2.081294e+01 2.079753e+01
2.078000e+01 2.128000e+01 2.081294e+01 2.079753e+01 2.082000e+01 2.128000e+01 2.081282e+01 2.079687e+01
2.082000e+01 2.128000e+01 2.081282e+01 2.079687e+01 2.086000e+01 2.128000e+01 2.081282e+01 2.079898e+01
2.086000e+01 2.128000e+01 2.081282e+01 2.079898e+01 2.090000e+01 2.128000e+01 2.081363e+01 2.080376e+01
2.090000e+01 2.128000e+01 2.081363e+01 2.080376e+01 2.094000e+01 2.128000e+01 2.081584e+01 2.081096e+01
2.096000e+01 2.126000e+01 2.081328e+01 2.079875e+01 2.094000e+01 2.128000e+01 2.081584e+01 2.081096e+01
2.080991e+01 2.076072e+01 2.046642e+01 2.076273e+01 2.080991e+01 2.076072e+01 2.046722e+01 2.074055e+01
2.080991e+01 2.076072e+01 2.046722e+01 2.074055e+01 2.080991e+01 2.076072e+01 2.046957e+01 2.071844e+01
2.080991e+01 2.076072e+01 2.046957e+01 2.071844e+01 2.080991e+01 2.076072e+01 2.047349e+01 2.069647e+01
2.080991e+01 2.076072e+01 2.047349e+01 2.069647e+01 2.080991e+01 2.076072e+01 2.047896e+01 2.067475e+01
2.080991e+01 2.076072e+01 2.047896e+01 2.067475e+01 2.080991e+01 2.076072e+01 2.048598e+01 2.065336e+01
2.080991e+01 2.076072e+01 2.048598e+01 2.065336e+01 2.080991e+01 2.076072e+01 2.049453e+01 2.063239e+01
2.080991e+01 2.076072e+01 2.049453e+01 2.063239e+01 2.080991e+01 2.076072e+01 2.050460e+01 2.061195e+01
2.080991e+01 2.076072e+01 2.050460e+01 2.061195e+01 2.080991e+01 2.076072e+01 2.051615e+01 2.059212e+01
2.080991e+01 2.076072e+01 2.051615e+01 2.059212e+01 2.080991e+01 2.076072e+01 2.052915e+01 2.057300e+01
2.080991e+01 2.076072e+01 2.052915e+01 2.057300e+01 2.080991e+01 2.076072e+01 2.054357e+01 2.055470e+01
2.080991e+01 2.076072e+01 2.054357e+01 2.055470e+01 2.080991e+01 2.076072e+01 2.055936e+01 2.053730e+01
2.080991e+01 2.076072e+01 2.055936e+01 2.053730e+01 2.080991e+01 2.076072e+01 2.057646e+01 2.052092e+01
2.080991e+01 2.076072e+01 2.057646e+01 2.052092e+01 2.080991e+01 2.076072e+01 2.059480e+01 2.050565e+01
2.080991e+01 2.076072e+01 2.059480e+01 2.050565e+01 2.080991e+01 2.076072e+01 2.061431e+01 2.049158e+01
2.080991e+01 2.076072e+01 2.061431e+01 2.049158e+01 2.080991e+01 2.076072e+01 2.063489e+01 2.047881e+01
2.080991e+01 2.076072e+01 2.063489e+01 2.047881e+01 2.080991e+01 2.076072e+01 2.065646e+01 2.046742e+01
2.080991e+01 2.076072e+01 2.065646e+01 2.046742e+01 2.080991e+01 2.076072e+01 2.067889e+01 2.045750e+01
2.080991e+01 2.076072e+01 2.067889e+01 2.045750e+01 2.080991e+01 2.076072e+01 2.070208e+01 2.044912e+01
2.080991e+01 2.076072e+01 2.070208e+01 2.044912e+01 2.080991e+01 2.076072e+01 2.072588e+01 2.044233e+01
2.080991e+01 2.076072e+01 2.072588e+01 2.044233e+01 2.080991e+01 2.076072e+01 2.075017e+01 2.043719e+01
2.080991e+01 2.076072e+01 2.075017e+01 2.043719e+01 2.080991e+01 2.076072e+01 2.077479e+01 2.043375e+01
2.080991e+01 2.076072e+01 2.077479e+01 2.043375e+01 2.080991e+01 2.076072e+01 2.079961e+01 2.043201e+01
2.080991e+01 2.076072e+01 2.079961e+01 2.043201e+01 2.080991e+01 2.076072e+01 2.082447e+01 2.043199e+01
2.080991e+01 2.076072e+01 2.082447e+01 2.043199e+01 2.080991e+01 2.076072e+01 2.084922e+01 2.043370e+01
2.080991e+01 2.076072e+01 2.084922e+01 2.043370e+01 2.080991e+01 2.076072e+01 2.087372e+01 2.043710e+01
2.080991e+01 2.076072e+01 2.087372e+01 2.043710e+01 2.080991e+01 2.076072e+01 2.089782e+01 2.044217e+01
2.080991e+01 2.076072e+01 2.089782e+01 2.044217e+01 2.080991e+01 2.076072e+01 2.092139e+01 2.044886e+01
2.080991e+01 2.076072e+01 2.092139e+01 2.044886e+01 2.080991e+01 2.076072e+01 2.094430e+01 2.045712e+01
2.080991e+01 2.076072e+01 2.094430e+01 2.045712e+01 2.080991e+01 2.076072e+01 2.096643e+01 2.046689e+01
2.080991e+01 2.076072e+01 2.096643e+01 2.046689e+01 2.080991e+01 2.076072e+01 2.098767e+01 2.047808e+01
2.080991e+01 2.076072e+01 2.098767e+01 2.047808e+01 2.080991e+01 2.076072e+01 2.100793e+01 2.049063e+01
2.080991e+01 2.076072e+01 2.100793e+01 2.049063e+01 2.080991e+01 2.076072e+01 2.102710e+01 2.050445e+01
2.080991e+01 2.076072e+01 2.102710e+01 2.050445e+01 2.080991e+01 2.076072e+01 2.104513e+01 2.051945e+01
2.080991e+01 2.076072e+01 2.104513e+01 2.051945e+01 2.080991e+01 2.076072e+01 2.106192e+01 2.053554e+01
2.080991e+01 2.076072e+01 2.106192e+01 2.053554e+01 2.080991e+01 2.076072e+01 2.107744e+01 2.055263e+01
2.080991e+01 2.076072e+01 2.107744e+01 2.055263e+01 2.080991e+01 2.076072e+01 2.109161e+01 2.057063e+01
2.080991e+01 2.076072e+01 2.109161e+01 2.057063e+01 2.080991e+01 2.076072e+01 2.110440e+01 2.058945e+01
2.080991e+01 2.076072e+01 2.110440e+01 2.058945e+01 2.080991e+01 2.076072e+01 2.111577e+01 2.060900e+01
2.080991e+01 2.076072e+01 2.111577e+01 2.060900e+01 2.080991e+01 2.076072e+01 2.112568e+01 2.062918e+01
2.080991e+01 2.076072e+01 2.112568e+01 2.062918e+01 2.080991e+01 2.076072e+01 2.113411e+01 2.064991e+01
2.080991e+01 2.076072e+01 2.113411e+01 2.064991e+01 2.080991e+01 2.076072e+01 2.114104e+01 2.067110e+01
2.080991e+01 2.076072e+01 2.114104e+01 2.067110e+01 2.080991e+01 2.076072e+01 2.114645e+01 2.069266e+01
2.080991e+01 2.076072e+01 2.114645e+01 2.069266e+01 2.080991e+01 2.076072e+01 2.115032e+01 2.071451e+01
2.080991e+01 2.076072e+01 2.115032e+01 2.071451e+01 2.080991e+01 2.076072e+01 2.115264e+01 2.073655e+01
2.080991e+01 2.076072e+01 2.115264e+01 2.073655e+01 2.080991e+01 2.076072e+01 2.115341e+01 2.075871e+01
2.080991e+01 2.076072e+01 2.115341e+01 2.075871e+01 2.080991e+01 2.076072e+01 2.115261e+01 2.078089e+01
2.080991e+01 2.076072e+01 2.115261e+01 2.078089e+01 2.080991e+01 2.076072e+01 2.115026e+01 2.080301e+01
2.080991e+01 2.076072e+01 2.115026e+01 2.080301e+01 2.080991e+01 2.076072e+01 2.114634e+01 2.082497e+01
2.080991e+01 2.076072e+01 2.114634e+01 2.082497e+01 2.080991e+01 2.076072e+01 2.114086e+01 2.084669e+01
2.080991e+01 2.076072e+01 2.114086e+01 2.084669e+01 2.080991e+01 2.076072e+01 2.113385e+01 2.086808e+01
2.080991e+01 2.076072e+01 2.113385e+01 2.086808e+01 2.080991e+01 2.076072e+01 2.112530e+01 2.088905e+01
2.080991e+01 2.076072e+01 2.112530e+01 2.088905e+01 2.080991e+01 2.076072e+01 2.111523e+01 2.090950e+01
2.080991e+01 2.076072e+01 2.111523e+01 2.090950e+01 2.080991e+01 2.076072e+01 2.110368e+01 2.092933e+01
2.080991e+01 2.076072e+01 2.110368e+01 2.092933e+01 2.080991e+01 2.076072e+01 2.109068e+01 2.094844e+01
2.080991e+01 2.076072e+01 2.109068e+01 2.094844e+01 2.080991e+01 2.076072e+01 2.107626e+01 2.096675e+01
2.080991e+01 2.076072e+01 2.107626e+01 2.096675e+01 2.080991e+01 2.076072e+01 2.106047e+01 2.098414e+01
2.080991e+01 2.076072e+01 2.106047e+01 2.098414e+01 2.080991e+01 2.076072e+01 2.104337e+01 2.100052e+01
2.080991e+01 2.076072e+01 2.104337e+01 2.100052e+01 2.080991e+01 2.076072e+01 2.102503e+01 2.101579e+01
2.080991e+01 2.076072e+01 2.102503e+01 2.101579e+01 2.080991e+01 2.076072e+01 2.100552e+01 2.102986e+01
2.080991e+01 2.076072e+01 2.100552e+01 2.102986e+01 2.080991e+01 2.076072e+01 2.098494e+01 2.104263e+01
2.080991e+01 2.076072e+01 2.098494e+01 2.104263e+01 2.080991e+01 2.076072e+01 2.096337e+01 2.105402e+01
2.080991e+01 2.076072e+01 2.096337e+01 2.105402e+01 2.080991e+01 2.076072e+01 2.094093e+01 2.106394e+01
2.080991e+01 2.076072e+01 2.094093e+01 2.106394e+01 2.080991e+01 2.076072e+01 2.091775e+01 2.107233e+01
2.080991e+01 2.076072e+01 2.091775e+01 2.107233e+01 2.080991e+01 2.076072e+01 2.089395e+01 2.107911e+01
2.080991e+01 2.076072e+01 2.089395e+01 2.107911e+01 2.080991e+01 2.076072e+01 2.086966e+01 2.108425e+01
2.080991e+01 2.076072e+01 2.086966e+01 2.108425e+01 2.080991e+01 2.076072e+01 2.084503e+01 2.108770e+01
2.080991e+01 2.076072e+01 2.084503e+01 2.108770e+01 2.080991e+01 2.076072e+01 2.082022e+01 2.108943e+01
2.080991e+01 2.076072e+01 2.082022e+01 2.108943e+01 2.080991e+01 2.076072e+01 2.079536e+01 2.108945e+01
2.080991e+01 2.076072e+01 2.079536e+01 2.108945e+01 2.080991e+01 2.076072e+01 2.077061e+01 2.108775e+01
2.080991e+01 2.076072e+01 2.077061e+01 2.108775e+01 2.080991e+01 2.076072e+01 2.074611e+01 2.108435e+01
2.080991e+01 2.076072e+01 2.074611e+01 2.108435e+01 2.080991e+01 2.076072e+01 2.072201e+01 2.107928e+01
2.080991e+01 2.076072e+01 2.072201e+01 2.107928e+01 2.080991e+01 2.076072e+01 2.069844e+01 2.107258e+01
2.080991e+01 2.076072e+01 2.069844e+01 2.107258e+01 2.080991e+01 2.076072e+01 2.067553e+01 2.106432e+01
2.080991e+01 2.076072e+01 2.067553e+01 2.106432e+01 2.080991e+01 2.076072e+01 2.065340e+01 2.105456e+01
2.080991e+01 2.076072e+01 2.065340e+01 2.105456e+01 2.080991e+01 2.076072e+01 2.063216e+01 2.104336e+01
2.080991e+01 2.076072e+01 2.063216e+01 2.104336e+01 2.080991e+01 2.076072e+01 2.061190e+01 2.103081e+01
2.080991e+01 2.076072e+01 2.061190e+01 2.103081e+01 2.080991e+01 2.076072e+01 2.059272e+01 2.101700e+01
2.080991e+01 2.076072e+01 2.059272e+01 2.101700e+01 2.080991e+01 2.076072e+01 2.057470e+01 2.100200e+01
2.080991e+01 2.076072e+01 2.057470e+01 2.100200e+01 2.080991e+01 2.076072e+01 2.055790e+01 2.098591e+01
2.080991e+01 2.076072e+01 2.055790e+01 2.098591e+01 2.080991e+01 2.076072e+01 2.054239e+01 2.096881e+01
2.080991e+01 2.076072e+01 2.054239e+01 2.096881e+01 2.080991e+01 2.076072e+01 2.052822e+01 2.095081e+01
2.080991e+01 2.076072e+01 2.052822e+01 2.095081e+01 2.080991e+01 2.076072e+01 2.051543e+01 2.093199e+01
2.080991e+01 2.076072e+01 2.051543e+01 2.093199e+01 2.080991e+01 2.076072e+01 2.050406e+01 2.091245e+01
2.080991e+01 2.076072e+01 2.050406e+01 2.091245e+01 2.080991e+01 2.076072e+01 2.049415e+01 2.089226e+01
2.080991e+01 2.076072e+01 2.049415e+01 2.089226e+01 2.080991e+01 2.076072e+01 2.048571e+01 2.087153e+01
2.080991e+01 2.076072e+01 2.048571e+01 2.087153e+01 2.080991e+01 2.076072e+01 2.047879e+01 2.085034e+01
2.080991e+01 2.076072e+01 2.047879e+01 2.085034e+01 2.080991e+01 2.076072e+01 2.047338e+01 2.082878e+01
2.080991e+01 2.076072e+01 2.047338e+01 2.082878e+01 2.080991e+01 2.076072e+01 2.046951e+01 2.080693e+01
2.080991e+01 2.076072e+01 2.046951e+01 2.080693e+01 2.080991e+01 2.076072e+01 2.046719e+01 2.078489e+01
2.080991e+01 2.076072e+01 2.046719e+01 2.078489e+01 2.080991e+01 2.076072e+01 2.046642e+01 2.076273e+01
