2.074500e+01 2.025000e+01 2.080801e+01 2.073515e+01 2.074000e+01 2.025500e+01 2.080841e+01 2.073835e+01
2.074500e+01 2.025000e+01 2.080801e+01 2.073515e+01 2.075500e+01 2.025000e+01 2.080816e+01 2.073601e+01
2.075500e+01 2.025000e+01 2.080816e+01 2.073601e+01 2.076500e+01 2.025000e+01 2.080826e+01 2.073674e+01
2.076500e+01 2.025000e+01 2.080826e+01 2.073674e+01 2.077500e+01 2.025000e+01 2.080832e+01 2.073732e+01
2.077500e+01 2.025000e+01 2.080832e+01 2.073732e+01 2.078500e+01 2.025000e+01 2.080836e+01 2.073777e+01
2.078500e+01 2.025000e+01 2.080836e+01 2.073777e+01 2.079500e+01 2.025000e+01 2.080837e+01 2.073807e+01
2.079500e+01 2.025000e+01 2.080837e+01 2.073807e+01 2.080500e+01 2.025000e+01 2.080837e+01 2.073823e+01
2.080500e+01 2.025000e+01 2.080837e+01 2.073823e+01 2.081500e+01 2.025000e+01 2.080837e+01 2.073825e+01
2.081500e+01 2.025000e+01 2.080837e+01 2.073825e+01 2.082500e+01 2.025000e+01 2.080838e+01 2.073812e+01
2.082500e+01 2.025000e+01 2.080838e+01 2.073812e+01 2.083500e+01 2.025000e+01 2.080840e+01 2.073785e+01
2.083500e+01 2.025000e+01 2.080840e+01 2.073785e+01 2.084500e+01 2.025000e+01 2.080844e+01 2.073744e+01
2.084500e+01 2.025000e+01 2.080844e+01 2.073744e+01 2.085500e+01 2.025000e+01 2.080852e+01 2.073688e+01
2.085500e+01 2.025000e+01 2.080852e+01 2.073688e+01 2.086500e+01 2.025000e+01 2.080863e+01 2.073619e+01
2.086500e+01 2.025000e+01 2.080863e+01 2.073619e+01 2.087000e+01 2.025500e+01 2.080830e+01 2.073949e+01
2.069500e+01 2.026000e+01 2.080790e+01 2.073608e+01 2.069000e+01 2.026500e+01 2.080850e+01 2.073882e+01
2.069500e+01 2.026000e+01 2.080790e+01 2.073608e+01 2.070500e+01 2.026000e+01 2.080827e+01 2.073763e+01
2.070500e+01 2.026000e+01 2.080827e+01 2.073763e+01 2.071500e+01 2.026000e+01 2.080855e+01 2.073905e+01
2.071500e+01 2.026000e+01 2.080855e+01 2.073905e+01 2.072500e+01 2.026000e+01 2.080876e+01 2.074035e+01
2.072500e+01 2.026000e+01 2.080876e+01 2.074035e+01 2.073500e+01 2.026000e+01 2.080889e+01 2.074152e+01
2.074000e+01 2.025500e+01 2.080841e+01 2.073835e+01 2.073500e+01 2.026000e+01 2.080889e+01 2.074152e+01
2.087000e+01 2.025500e+01 2.080830e+01 2.073949e+01 2.087500e+01 2.026000e+01 2.080788e+01 2.074276e+01
2.087500e+01 2.026000e+01 2.080788e+01 2.074276e+01 2.088500e+01 2.026000e+01 2.080797e+01 2.074177e+01
2.088500e+01 2.026000e+01 2.080797e+01 2.074177e+01 2.089500e+01 2.026000e+01 2.080813e+01 2.074064e+01
2.089500e+01 2.026000e+01 2.080813e+01 2.074064e+01 2.090500e+01 2.026000e+01 2.080836e+01 2.073938e+01
2.090500e+01 2.026000e+01 2.080836e+01 2.073938e+01 2.091500e+01 2.026000e+01 2.080867e+01 2.073799e+01
2.091500e+01 2.026000e+01 2.080867e+01 2.073799e+01 2.092000e+01 2.026500e+01 2.080811e+01 2.074083e+01
2.066500e+01 2.027000e+01 2.080817e+01 2.073771e+01 2.066000e+01 2.027500e+01 2.080885e+01 2.074014e+01
2.066500e+01 2.027000e+01 2.080817e+01 2.073771e+01 2.067500e+01 2.027000e+01 2.080873e+01 2.073966e+01
2.067500e+01 2.027000e+01 2.080873e+01 2.073966e+01 2.068500e+01 2.027000e+01 2.080919e+01 2.074150e+01
2.069000e+01 2.026500e+01 2.080850e+01 2.073882e+01 2.068500e+01 2.027000e+01 2.080919e+01 2.074150e+01
2.092000e+01 2.026500e+01 2.080811e+01 2.074083e+01 2.092500e+01 2.027000e+01 2.080747e+01 2.074362e+01
2.092500e+01 2.027000e+01 2.080747e+01 2.074362e+01 2.093500e+01 2.027000e+01 2.080785e+01 2.074194e+01
2.093500e+01 2.027000e+01 2.080785e+01 2.074194e+01 2.094500e+01 2.027000e+01 2.080834e+01 2.074014e+01
2.094500e+01 2.027000e+01 2.080834e+01 2.074014e+01 2.095000e+01 2.027500e+01 2.080769e+01 2.074268e+01
2.063500e+01 2.028000e+01 2.080809e+01 2.073796e+01 2.063000e+01 2.028500e+01 2.080880e+01 2.074008e+01
2.063500e+01 2.028000e+01 2.080809e+01 2.073796e+01 2.064500e+01 2.028000e+01 2.080892e+01 2.074028e+01
2.064500e+01 2.028000e+01 2.080892e+01 2.074028e+01 2.065500e+01 2.028000e+01 2.080963e+01 2.074250e+01
2.066000e+01 2.027500e+01 2.080885e+01 2.074014e+01 2.065500e+01 2.028000e+01 2.080963e+01 2.074250e+01
2.095000e+01 2.027500e+01 2.080769e+01 2.074268e+01 2.095500e+01 2.028000e+01 2.080695e+01 2.074516e+01
2.095500e+01 2.028000e+01 2.080695e+01 2.074516e+01 2.096500e+01 2.028000e+01 2.080757e+01 2.074308e+01
2.096500e+01 2.028000e+01 2.080757e+01 2.074308e+01 2.097000e+01 2.028500e+01 2.080685e+01 2.074539e+01
2.061500e+01 2.029000e+01 2.080857e+01 2.073956e+01 2.061000e+01 2.029500e+01 2.080930e+01 2.074144e+01
2.061500e+01 2.029000e+01 2.080857e+01 2.073956e+01 2.062500e+01 2.029000e+01 2.080960e+01 2.074212e+01
2.063000e+01 2.028500e+01 2.080880e+01 2.074008e+01 2.062500e+01 2.029000e+01 2.080960e+01 2.074212e+01
2.097000e+01 2.028500e+01 2.080685e+01 2.074539e+01 2.097500e+01 2.029000e+01 2.080605e+01 2.074762e+01
2.097500e+01 2.029000e+01 2.080605e+01 2.074762e+01 2.098500e+01 2.029000e+01 2.080684e+01 2.074528e+01
2.098500e+01 2.029000e+01 2.080684e+01 2.074528e+01 2.099500e+01 2.029000e+01 2.080776e+01 2.074285e+01
2.099500e+01 2.029000e+01 2.080776e+01 2.074285e+01 2.100000e+01 2.029500e+01 2.080704e+01 2.074485e+01
2.059500e+01 2.030000e+01 2.080885e+01 2.074047e+01 2.059000e+01 2.030500e+01 2.080956e+01 2.074213e+01
2.059500e+01 2.030000e+01 2.080885e+01 2.074047e+01 2.060500e+01 2.030000e+01 2.081011e+01 2.074325e+01
2.061000e+01 2.029500e+01 2.080930e+01 2.074144e+01 2.060500e+01 2.030000e+01 2.081011e+01 2.074325e+01
2.100000e+01 2.029500e+01 2.080704e+01 2.074485e+01 2.100500e+01 2.030000e+01 2.080625e+01 2.074677e+01
2.100500e+01 2.030000e+01 2.080625e+01 2.074677e+01 2.101500e+01 2.030000e+01 2.080739e+01 2.074410e+01
2.101500e+01 2.030000e+01 2.080739e+01 2.074410e+01 2.102000e+01 2.030500e+01 2.080668e+01 2.074587e+01
2.058500e+01 2.031000e+01 2.081035e+01 2.074371e+01 2.058000e+01 2.031500e+01 2.081108e+01 2.074522e+01
2.059000e+01 2.030500e+01 2.080956e+01 2.074213e+01 2.058500e+01 2.031000e+01 2.081035e+01 2.074371e+01
2.102000e+01 2.030500e+01 2.080668e+01 2.074587e+01 2.102500e+01 2.031000e+01 2.080589e+01 2.074756e+01
2.102500e+01 2.031000e+01 2.080589e+01 2.074756e+01 2.103000e+01 2.031500e+01 2.080516e+01 2.074917e+01
2.056500e+01 2.032000e+01 2.081023e+01 2.074353e+01 2.056000e+01 2.032500e+01 2.081090e+01 2.074483e+01
2.056500e+01 2.032000e+01 2.081023e+01 2.074353e+01 2.057500e+01 2.032000e+01 2.081187e+01 2.074664e+01
2.058000e+01 2.031500e+01 2.081108e+01 2.074522e+01 2.057500e+01 2.032000e+01 2.081187e+01 2.074664e+01
2.103000e+01 2.031500e+01 2.080516e+01 2.074917e+01 2.103500e+01 2.032000e+01 2.080436e+01 2.075070e+01
2.103500e+01 2.032000e+01 2.080436e+01 2.075070e+01 2.104500e+01 2.032000e+01 2.080587e+01 2.074769e+01
2.104500e+01 2.032000e+01 2.080587e+01 2.074769e+01 2.105000e+01 2.032500e+01 2.080519e+01 2.074909e+01
2.055500e+01 2.033000e+01 2.081162e+01 2.074603e+01 2.055000e+01 2.033500e+01 2.081228e+01 2.074717e+01
2.056000e+01 2.032500e+01 2.081090e+01 2.074483e+01 2.055500e+01 2.033000e+01 2.081162e+01 2.074603e+01
2.105000e+01 2.032500e+01 2.080519e+01 2.074909e+01 2.105500e+01 2.033000e+01 2.080445e+01 2.075039e+01
2.105500e+01 2.033000e+01 2.080445e+01 2.075039e+01 2.106000e+01 2.033500e+01 2.080377e+01 2.075163e+01
2.053500e+01 2.034000e+01 2.081088e+01 2.074486e+01 2.053000e+01 2.034500e+01 2.081143e+01 2.074581e+01
2.053500e+01 2.034000e+01 2.081088e+01 2.074486e+01 2.054500e+01 2.034000e+01 2.081298e+01 2.074822e+01
2.055000e+01 2.033500e+01 2.081228e+01 2.074717e+01 2.054500e+01 2.034000e+01 2.081298e+01 2.074822e+01
2.106000e+01 2.033500e+01 2.080377e+01 2.075163e+01 2.106500e+01 2.034000e+01 2.080304e+01 2.075278e+01
2.106500e+01 2.034000e+01 2.080304e+01 2.075278e+01 2.107500e+01 2.034000e+01 2.080501e+01 2.074950e+01
2.107500e+01 2.034000e+01 2.080501e+01 2.074950e+01 2.108000e+01 2.034500e+01 2.080444e+01 2.075054e+01
2.052500e+01 2.035000e+01 2.081202e+01 2.074667e+01 2.052000e+01 2.035500e+01 2.081252e+01 2.074748e+01
2.053000e+01 2.034500e+01 2.081143e+01 2.074581e+01 2.052500e+01 2.035000e+01 2.081202e+01 2.074667e+01
2.108000e+01 2.034500e+01 2.080444e+01 2.075054e+01 2.108500e+01 2.035000e+01 2.080381e+01 2.075149e+01
2.108500e+01 2.035000e+01 2.080381e+01 2.075149e+01 2.109000e+01 2.035500e+01 2.080327e+01 2.075239e+01
2.051500e+01 2.036000e+01 2.081306e+01 2.074819e+01 2.051000e+01 2.036500e+01 2.081351e+01 2.074886e+01
2.052000e+01 2.035500e+01 2.081252e+01 2.074748e+01 2.051500e+01 2.036000e+01 2.081306e+01 2.074819e+01
2.109000e+01 2.035500e+01 2.080327e+01 2.075239e+01 2.109500e+01 2.036000e+01 2.080269e+01 2.075318e+01
2.109500e+01 2.036000e+01 2.080269e+01 2.075318e+01 2.110000e+01 2.036500e+01 2.080220e+01 2.075394e+01
2.050500e+01 2.037000e+01 2.081400e+01 2.074943e+01 2.050000e+01 2.037500e+01 2.081438e+01 2.074998e+01
2.051000e+01 2.036500e+01 2.081351e+01 2.074886e+01 2.050500e+01 2.037000e+01 2.081400e+01 2.074943e+01
2.110000e+01 2.036500e+01 2.080220e+01 2.075394e+01 2.110500e+01 2.037000e+01 2.080168e+01 2.075459e+01
2.110500e+01 2.037000e+01 2.080168e+01 2.075459e+01 2.111000e+01 2.037500e+01 2.080125e+01 2.075521e+01
2.049500e+01 2.038000e+01 2.081479e+01 2.075042e+01 2.049000e+01 2.038500e+01 2.081510e+01 2.075084e+01
2.050000e+01 2.037500e+01 2.081438e+01 2.074998e+01 2.049500e+01 2.038000e+01 2.081479e+01 2.075042e+01
2.111000e+01 2.037500e+01 2.080125e+01 2.075521e+01 2.111500e+01 2.038000e+01 2.080079e+01 2.075573e+01
2.111500e+01 2.038000e+01 2.080079e+01 2.075573e+01 2.112000e+01 2.038500e+01 2.080044e+01 2.075622e+01
2.048500e+01 2.039000e+01 2.081542e+01 2.075115e+01 2.048000e+01 2.039500e+01 2.081564e+01 2.075145e+01
2.049000e+01 2.038500e+01 2.081510e+01 2.075084e+01 2.048500e+01 2.039000e+01 2.081542e+01 2.075115e+01
2.112000e+01 2.038500e+01 2.080044e+01 2.075622e+01 2.112500e+01 2.039000e+01 2.080006e+01 2.075661e+01
2.112500e+01 2.039000e+01 2.080006e+01 2.075661e+01 2.113000e+01 2.039500e+01 2.079978e+01 2.075697e+01
2.047500e+01 2.040000e+01 2.081587e+01 2.075165e+01 2.047000e+01 2.040500e+01 2.081600e+01 2.075184e+01
2.048000e+01 2.039500e+01 2.081564e+01 2.075145e+01 2.047500e+01 2.040000e+01 2.081587e+01 2.075165e+01
2.113000e+01 2.039500e+01 2.079978e+01 2.075697e+01 2.113500e+01 2.040000e+01 2.079949e+01 2.075723e+01
2.113500e+01 2.040000e+01 2.079949e+01 2.075723e+01 2.114000e+01 2.040500e+01 2.079931e+01 2.075748e+01
2.046500e+01 2.041000e+01 2.081612e+01 2.075192e+01 2.046000e+01 2.041500e+01 2.081614e+01 2.075201e+01
2.047000e+01 2.040500e+01 2.081600e+01 2.075184e+01 2.046500e+01 2.041000e+01 2.081612e+01 2.075192e+01
2.114000e+01 2.040500e+01 2.079931e+01 2.075748e+01 2.114500e+01 2.041000e+01 2.079912e+01 2.075763e+01
2.114500e+01 2.041000e+01 2.079912e+01 2.075763e+01 2.115000e+01 2.041500e+01 2.079904e+01 2.075777e+01
2.045500e+01 2.042000e+01 2.081616e+01 2.075200e+01 2.045000e+01 2.042500e+01 2.081606e+01 2.075199e+01
2.046000e+01 2.041500e+01 2.081614e+01 2.075201e+01 2.045500e+01 2.042000e+01 2.081616e+01 2.075200e+01
2.115000e+01 2.041500e+01 2.079904e+01 2.075777e+01 2.115500e+01 2.042000e+01 2.079896e+01 2.075780e+01
2.115500e+01 2.042000e+01 2.079896e+01 2.075780e+01 2.116000e+01 2.042500e+01 2.079899e+01 2.075785e+01
2.045000e+01 2.042500e+01 2.081606e+01 2.075199e+01 2.045000e+01 2.043500e+01 2.081975e+01 2.075548e+01
2.116000e+01 2.042500e+01 2.079899e+01 2.075785e+01 2.116500e+01 2.043000e+01 2.079903e+01 2.075779e+01
2.116500e+01 2.043000e+01 2.079903e+01 2.075779e+01 2.117000e+01 2.043500e+01 2.079918e+01 2.075774e+01
2.044500e+01 2.044000e+01 2.081963e+01 2.075527e+01 2.044000e+01 2.044500e+01 2.081939e+01 2.075509e+01
2.045000e+01 2.043500e+01 2.081975e+01 2.075548e+01 2.044500e+01 2.044000e+01 2.081963e+01 2.075527e+01
2.117000e+01 2.043500e+01 2.079918e+01 2.075774e+01 2.117000e+01 2.044500e+01 2.079552e+01 2.076110e+01
2.043500e+01 2.045000e+01 2.081913e+01 2.075481e+01 2.043000e+01 2.045500e+01 2.081876e+01 2.075456e+01
2.044000e+01 2.044500e+01 2.081939e+01 2.075509e+01 2.043500e+01 2.045000e+01 2.081913e+01 2.075481e+01
2.117000e+01 2.044500e+01 2.079552e+01 2.076110e+01 2.117500e+01 2.045000e+01 2.079571e+01 2.076086e+01
2.117500e+01 2.045000e+01 2.079571e+01 2.076086e+01 2.118000e+01 2.045500e+01 2.079601e+01 2.076063e+01
2.043000e+01 2.045500e+01 2.081876e+01 2.075456e+01 2.043000e+01 2.046500e+01 2.082238e+01 2.075749e+01
2.118000e+01 2.045500e+01 2.079601e+01 2.076063e+01 2.118500e+01 2.046000e+01 2.079634e+01 2.076031e+01
2.118500e+01 2.046000e+01 2.079634e+01 2.076031e+01 2.119000e+01 2.046500e+01 2.079678e+01 2.076002e+01
2.042500e+01 2.047000e+01 2.082194e+01 2.075706e+01 2.042000e+01 2.047500e+01 2.082139e+01 2.075666e+01
2.043000e+01 2.046500e+01 2.082238e+01 2.075749e+01 2.042500e+01 2.047000e+01 2.082194e+01 2.075706e+01
2.119000e+01 2.046500e+01 2.079678e+01 2.076002e+01 2.119000e+01 2.047500e+01 2.079321e+01 2.076283e+01
2.041500e+01 2.048000e+01 2.082080e+01 2.075618e+01 2.041000e+01 2.048500e+01 2.082009e+01 2.075574e+01
2.042000e+01 2.047500e+01 2.082139e+01 2.075666e+01 2.041500e+01 2.048000e+01 2.082080e+01 2.075618e+01
2.119000e+01 2.047500e+01 2.079321e+01 2.076283e+01 2.119500e+01 2.048000e+01 2.079373e+01 2.076236e+01
2.119500e+01 2.048000e+01 2.079373e+01 2.076236e+01 2.120000e+01 2.048500e+01 2.079435e+01 2.076194e+01
2.041000e+01 2.048500e+01 2.082009e+01 2.075574e+01 2.041000e+01 2.049500e+01 2.082354e+01 2.075816e+01
2.120000e+01 2.048500e+01 2.079435e+01 2.076194e+01 2.120500e+01 2.049000e+01 2.079503e+01 2.076143e+01
2.120500e+01 2.049000e+01 2.079503e+01 2.076143e+01 2.121000e+01 2.049500e+01 2.079581e+01 2.076096e+01
2.040500e+01 2.050000e+01 2.082274e+01 2.075756e+01 2.040000e+01 2.050500e+01 2.082183e+01 2.075702e+01
2.041000e+01 2.049500e+01 2.082354e+01 2.075816e+01 2.040500e+01 2.050000e+01 2.082274e+01 2.075756e+01
2.121000e+01 2.049500e+01 2.079581e+01 2.076096e+01 2.121000e+01 2.050500e+01 2.079243e+01 2.076326e+01
2.040000e+01 2.050500e+01 2.082183e+01 2.075702e+01 2.040000e+01 2.051500e+01 2.082515e+01 2.075912e+01
2.121000e+01 2.050500e+01 2.079243e+01 2.076326e+01 2.121500e+01 2.051000e+01 2.079332e+01 2.076264e+01
2.121500e+01 2.051000e+01 2.079332e+01 2.076264e+01 2.122000e+01 2.051500e+01 2.079432e+01 2.076208e+01
2.039500e+01 2.052000e+01 2.082412e+01 2.075844e+01 2.039000e+01 2.052500e+01 2.082299e+01 2.075783e+01
2.040000e+01 2.051500e+01 2.082515e+01 2.075912e+01 2.039500e+01 2.052000e+01 2.082412e+01 2.075844e+01
2.122000e+01 2.051500e+01 2.079432e+01 2.076208e+01 2.122000e+01 2.052500e+01 2.079108e+01 2.076406e+01
2.039000e+01 2.052500e+01 2.082299e+01 2.075783e+01 2.039000e+01 2.053500e+01 2.082614e+01 2.075962e+01
2.122000e+01 2.052500e+01 2.079108e+01 2.076406e+01 2.122500e+01 2.053000e+01 2.079221e+01 2.076336e+01
2.122500e+01 2.053000e+01 2.079221e+01 2.076336e+01 2.123000e+01 2.053500e+01 2.079343e+01 2.076273e+01
2.038500e+01 2.054000e+01 2.082487e+01 2.075889e+01 2.038000e+01 2.054500e+01 2.082350e+01 2.075823e+01
2.039000e+01 2.053500e+01 2.082614e+01 2.075962e+01 2.038500e+01 2.054000e+01 2.082487e+01 2.075889e+01
2.123000e+01 2.053500e+01 2.079343e+01 2.076273e+01 2.123000e+01 2.054500e+01 2.079038e+01 2.076441e+01
2.038000e+01 2.054500e+01 2.082350e+01 2.075823e+01 2.038000e+01 2.055500e+01 2.082644e+01 2.075975e+01
2.123000e+01 2.054500e+01 2.079038e+01 2.076441e+01 2.123000e+01 2.055500e+01 2.078739e+01 2.076593e+01
2.038000e+01 2.055500e+01 2.082644e+01 2.075975e+01 2.038000e+01 2.056500e+01 2.082932e+01 2.076112e+01
2.123000e+01 2.055500e+01 2.078739e+01 2.076593e+01 2.123500e+01 2.056000e+01 2.078883e+01 2.076514e+01
2.123500e+01 2.056000e+01 2.078883e+01 2.076514e+01 2.124000e+01 2.056500e+01 2.079037e+01 2.076443e+01
2.037500e+01 2.057000e+01 2.082772e+01 2.076033e+01 2.037000e+01 2.057500e+01 2.082603e+01 2.075961e+01
2.038000e+01 2.056500e+01 2.082932e+01 2.076112e+01 2.037500e+01 2.057000e+01 2.082772e+01 2.076033e+01
2.124000e+01 2.056500e+01 2.079037e+01 2.076443e+01 2.124000e+01 2.057500e+01 2.078761e+01 2.076568e+01
2.037000e+01 2.057500e+01 2.082603e+01 2.075961e+01 2.037000e+01 2.058500e+01 2.082867e+01 2.076075e+01
2.124000e+01 2.057500e+01 2.078761e+01 2.076568e+01 2.124500e+01 2.058000e+01 2.078931e+01 2.076489e+01
2.124500e+01 2.058000e+01 2.078931e+01 2.076489e+01 2.125000e+01 2.058500e+01 2.079111e+01 2.076419e+01
2.037000e+01 2.058500e+01 2.082867e+01 2.076075e+01 2.037000e+01 2.059500e+01 2.083121e+01 2.076175e+01
2.125000e+01 2.058500e+01 2.079111e+01 2.076419e+01 2.125000e+01 2.059500e+01 2.078860e+01 2.076523e+01
2.036500e+01 2.060000e+01 2.082926e+01 2.076095e+01 2.036000e+01 2.060500e+01 2.082723e+01 2.076025e+01
2.037000e+01 2.059500e+01 2.083121e+01 2.076175e+01 2.036500e+01 2.060000e+01 2.082926e+01 2.076095e+01
2.125000e+01 2.059500e+01 2.078860e+01 2.076523e+01 2.125000e+01 2.060500e+01 2.078618e+01 2.076612e+01
2.036000e+01 2.060500e+01 2.082723e+01 2.076025e+01 2.036000e+01 2.061500e+01 2.082950e+01 2.076107e+01
2.125000e+01 2.060500e+01 2.078618e+01 2.076612e+01 2.125500e+01 2.061000e+01 2.078824e+01 2.076534e+01
2.125500e+01 2.061000e+01 2.078824e+01 2.076534e+01 2.126000e+01 2.061500e+01 2.079038e+01 2.076466e+01
2.036000e+01 2.061500e+01 2.082950e+01 2.076107e+01 2.036000e+01 2.062500e+01 2.083165e+01 2.076177e+01
2.126000e+01 2.061500e+01 2.079038e+01 2.076466e+01 2.126000e+01 2.062500e+01 2.078825e+01 2.076539e+01
2.036000e+01 2.062500e+01 2.083165e+01 2.076177e+01 2.036000e+01 2.063500e+01 2.083370e+01 2.076234e+01
2.126000e+01 2.062500e+01 2.078825e+01 2.076539e+01 2.126000e+01 2.063500e+01 2.078624e+01 2.076600e+01
2.035500e+01 2.064000e+01 2.083130e+01 2.076162e+01 2.035000e+01 2.064500e+01 2.082883e+01 2.076098e+01
2.036000e+01 2.063500e+01 2.083370e+01 2.076234e+01 2.035500e+01 2.064000e+01 2.083130e+01 2.076162e+01
2.126000e+01 2.063500e+01 2.078624e+01 2.076600e+01 2.126000e+01 2.064500e+01 2.078434e+01 2.076649e+01
2.035000e+01 2.064500e+01 2.082883e+01 2.076098e+01 2.035000e+01 2.065500e+01 2.083056e+01 2.076147e+01
2.126000e+01 2.064500e+01 2.078434e+01 2.076649e+01 2.126500e+01 2.065000e+01 2.078685e+01 2.076580e+01
2.126500e+01 2.065000e+01 2.078685e+01 2.076580e+01 2.127000e+01 2.065500e+01 2.078943e+01 2.076520e+01
2.035000e+01 2.065500e+01 2.083056e+01 2.076147e+01 2.035000e+01 2.066500e+01 2.083215e+01 2.076185e+01
2.127000e+01 2.065500e+01 2.078943e+01 2.076520e+01 2.127000e+01 2.066500e+01 2.078785e+01 2.076562e+01
2.035000e+01 2.066500e+01 2.083215e+01 2.076185e+01 2.035000e+01 2.067500e+01 2.083362e+01 2.076215e+01
2.127000e+01 2.066500e+01 2.078785e+01 2.076562e+01 2.127000e+01 2.067500e+01 2.078641e+01 2.076593e+01
2.035000e+01 2.067500e+01 2.083362e+01 2.076215e+01 2.035000e+01 2.068500e+01 2.083494e+01 2.076237e+01
2.127000e+01 2.067500e+01 2.078641e+01 2.076593e+01 2.127000e+01 2.068500e+01 2.078511e+01 2.076617e+01
2.035000e+01 2.068500e+01 2.083494e+01 2.076237e+01 2.035000e+01 2.069500e+01 2.083611e+01 2.076251e+01
2.077500e+01 2.069000e+01 2.091102e+01 2.096151e+01 2.077000e+01 2.069500e+01 2.092745e+01 2.095279e+01
2.077500e+01 2.069000e+01 2.091102e+01 2.096151e+01 2.078500e+01 2.069000e+01 2.088592e+01 2.097174e+01
2.078500e+01 2.069000e+01 2.088592e+01 2.097174e+01 2.079500e+01 2.069000e+01 2.085737e+01 2.097948e+01
2.079500e+01 2.069000e+01 2.085737e+01 2.097948e+01 2.080500e+01 2.069000e+01 2.082639e+01 2.098376e+01
2.080500e+01 2.069000e+01 2.082639e+01 2.098376e+01 2.081500e+01 2.069000e+01 2.079450e+01 2.098397e+01
2.081500e+01 2.069000e+01 2.079450e+01 2.098397e+01 2.082500e+01 2.069000e+01 2.076348e+01 2.098010e+01
2.082500e+01 2.069000e+01 2.076348e+01 2.098010e+01 2.083500e+01 2.069000e+01 2.073487e+01 2.097272e+01
2.083500e+01 2.069000e+01 2.073487e+01 2.097272e+01 2.084500e+01 2.069000e+01 2.070969e+01 2.096281e+01
2.084500e+01 2.069000e+01 2.070969e+01 2.096281e+01 2.085000e+01 2.069500e+01 2.069336e+01 2.095434e+01
2.127000e+01 2.068500e+01 2.078511e+01 2.076617e+01 2.127000e+01 2.069500e+01 2.078396e+01 2.076632e+01
2.035000e+01 2.069500e+01 2.083611e+01 2.076251e+01 2.035000e+01 2.070500e+01 2.083714e+01 2.076259e+01
2.076500e+01 2.070000e+01 2.094520e+01 2.094170e+01 2.076000e+01 2.070500e+01 2.096076e+01 2.092970e+01
2.077000e+01 2.069500e+01 2.092745e+01 2.095279e+01 2.076500e+01 2.070000e+01 2.094520e+01 2.094170e+01
2.085000e+01 2.069500e+01 2.069336e+01 2.095434e+01 2.085500e+01 2.070000e+01 2.067568e+01 2.094352e+01
2.085500e+01 2.070000e+01 2.067568e+01 2.094352e+01 2.086000e+01 2.070500e+01 2.066016e+01 2.093175e+01
2.127000e+01 2.069500e+01 2.078396e+01 2.076632e+01 2.127000e+01 2.070500e+01 2.078295e+01 2.076641e+01
2.034500e+01 2.071000e+01 2.083401e+01 2.076216e+01 2.034000e+01 2.071500e+01 2.083085e+01 2.076183e+01
2.035000e+01 2.070500e+01 2.083714e+01 2.076259e+01 2.034500e+01 2.071000e+01 2.083401e+01 2.076216e+01
2.075500e+01 2.071000e+01 2.097671e+01 2.091509e+01 2.075000e+01 2.071500e+01 2.098992e+01 2.090063e+01
2.076000e+01 2.070500e+01 2.096076e+01 2.092970e+01 2.075500e+01 2.071000e+01 2.097671e+01 2.091509e+01
2.086000e+01 2.070500e+01 2.066016e+01 2.093175e+01 2.086500e+01 2.071000e+01 2.064421e+01 2.091737e+01
2.086500e+01 2.071000e+01 2.064421e+01 2.091737e+01 2.087000e+01 2.071500e+01 2.063100e+01 2.090309e+01
2.127000e+01 2.070500e+01 2.078295e+01 2.076641e+01 2.127500e+01 2.071000e+01 2.078609e+01 2.076600e+01
2.127500e+01 2.071000e+01 2.078609e+01 2.076600e+01 2.128000e+01 2.071500e+01 2.078927e+01 2.076568e+01
2.034000e+01 2.071500e+01 2.083085e+01 2.076183e+01 2.034000e+01 2.072500e+01 2.083154e+01 2.076196e+01
2.074500e+01 2.072000e+01 2.100242e+01 2.088398e+01 2.074000e+01 2.072500e+01 2.101232e+01 2.086848e+01
2.075000e+01 2.071500e+01 2.098992e+01 2.090063e+01 2.074500e+01 2.072000e+01 2.100242e+01 2.088398e+01
2.087000e+01 2.071500e+01 2.063100e+01 2.090309e+01 2.087500e+01 2.072000e+01 2.061845e+01 2.088658e+01
2.087500e+01 2.072000e+01 2.061845e+01 2.088658e+01 2.088000e+01 2.072500e+01 2.060851e+01 2.087119e+01
2.128000e+01 2.071500e+01 2.078927e+01 2.076568e+01 2.128000e+01 2.072500e+01 2.078860e+01 2.076581e+01
2.034000e+01 2.072500e+01 2.083154e+01 2.076196e+01 2.034000e+01 2.073500e+01 2.083208e+01 2.076205e+01
2.074000e+01 2.072500e+01 2.101232e+01 2.086848e+01 2.074000e+01 2.073500e+01 2.102343e+01 2.084587e+01
2.088000e+01 2.072500e+01 2.060851e+01 2.087119e+01 2.088500e+01 2.073000e+01 2.060003e+01 2.085444e+01
2.088500e+01 2.073000e+01 2.060003e+01 2.085444e+01 2.089000e+01 2.073500e+01 2.059356e+01 2.083936e+01
2.128000e+01 2.072500e+01 2.078860e+01 2.076581e+01 2.128000e+01 2.073500e+01 2.078808e+01 2.076591e+01
2.034000e+01 2.073500e+01 2.083208e+01 2.076205e+01 2.034000e+01 2.074500e+01 2.083247e+01 2.076212e+01
2.073500e+01 2.074000e+01 2.102983e+01 2.082837e+01 2.073000e+01 2.074500e+01 2.103453e+01 2.081292e+01
2.074000e+01 2.073500e+01 2.102343e+01 2.084587e+01 2.073500e+01 2.074000e+01 2.102983e+01 2.082837e+01
2.089000e+01 2.073500e+01 2.059356e+01 2.083936e+01 2.089000e+01 2.074500e+01 2.058621e+01 2.081569e+01
2.128000e+01 2.073500e+01 2.078808e+01 2.076591e+01 2.128000e+01 2.074500e+01 2.078771e+01 2.076597e+01
2.034000e+01 2.074500e+01 2.083247e+01 2.076212e+01 2.034000e+01 2.075500e+01 2.083270e+01 2.076217e+01
2.073000e+01 2.074500e+01 2.103453e+01 2.081292e+01 2.073000e+01 2.075500e+01 2.103918e+01 2.078728e+01
2.089000e+01 2.074500e+01 2.058621e+01 2.081569e+01 2.089000e+01 2.075500e+01 2.058158e+01 2.078991e+01
2.128000e+01 2.074500e+01 2.078771e+01 2.076597e+01 2.128000e+01 2.075500e+01 2.078750e+01 2.076602e+01
2.034000e+01 2.075500e+01 2.083270e+01 2.076217e+01 2.034000e+01 2.076500e+01 2.083277e+01 2.076222e+01
2.073000e+01 2.075500e+01 2.103918e+01 2.078728e+01 2.073000e+01 2.076500e+01 2.104061e+01 2.076060e+01
2.089000e+01 2.075500e+01 2.058158e+01 2.078991e+01 2.089000e+01 2.076500e+01 2.058020e+01 2.076299e+01
2.128000e+01 2.075500e+01 2.078750e+01 2.076602e+01 2.128000e+01 2.076500e+01 2.078745e+01 2.076605e+01
2.034000e+01 2.076500e+01 2.083277e+01 2.076222e+01 2.034000e+01 2.077500e+01 2.083269e+01 2.076227e+01
2.073000e+01 2.076500e+01 2.104061e+01 2.076060e+01 2.073000e+01 2.077500e+01 2.103868e+01 2.073407e+01
2.089000e+01 2.076500e+01 2.058020e+01 2.076299e+01 2.089000e+01 2.077500e+01 2.058225e+01 2.073615e+01
2.128000e+01 2.076500e+01 2.078745e+01 2.076605e+01 2.128000e+01 2.077500e+01 2.078755e+01 2.076609e+01
2.034000e+01 2.077500e+01 2.083269e+01 2.076227e+01 2.034000e+01 2.078500e+01 2.083246e+01 2.076233e+01
2.073000e+01 2.077500e+01 2.103868e+01 2.073407e+01 2.073000e+01 2.078500e+01 2.103362e+01 2.070882e+01
2.089000e+01 2.077500e+01 2.058225e+01 2.073615e+01 2.089000e+01 2.078500e+01 2.058750e+01 2.071056e+01
2.128000e+01 2.077500e+01 2.078755e+01 2.076609e+01 2.128000e+01 2.078500e+01 2.078781e+01 2.076613e+01
2.034000e+01 2.078500e+01 2.083246e+01 2.076233e+01 2.034000e+01 2.079500e+01 2.083206e+01 2.076241e+01
2.073000e+01 2.078500e+01 2.103362e+01 2.070882e+01 2.073500e+01 2.079000e+01 2.102868e+01 2.069353e+01
2.073500e+01 2.079000e+01 2.102868e+01 2.069353e+01 2.074000e+01 2.079500e+01 2.102199e+01 2.067626e+01
2.088500e+01 2.079000e+01 2.059264e+01 2.069498e+01 2.088000e+01 2.079500e+01 2.059959e+01 2.067737e+01
2.089000e+01 2.078500e+01 2.058750e+01 2.071056e+01 2.088500e+01 2.079000e+01 2.059264e+01 2.069498e+01
2.128000e+01 2.078500e+01 2.078781e+01 2.076613e+01 2.128000e+01 2.079500e+01 2.078822e+01 2.076619e+01
2.034000e+01 2.079500e+01 2.083206e+01 2.076241e+01 2.034000e+01 2.080500e+01 2.083152e+01 2.076252e+01
2.074000e+01 2.079500e+01 2.102199e+01 2.067626e+01 2.074000e+01 2.080500e+01 2.101079e+01 2.065452e+01
2.088000e+01 2.079500e+01 2.059959e+01 2.067737e+01 2.088000e+01 2.080500e+01 2.061111e+01 2.065530e+01
2.128000e+01 2.079500e+01 2.078822e+01 2.076619e+01 2.128000e+01 2.080500e+01 2.078879e+01 2.076628e+01
2.034000e+01 2.080500e+01 2.083152e+01 2.076252e+01 2.034500e+01 2.081000e+01 2.083477e+01 2.076225e+01
2.034500e+01 2.081000e+01 2.083477e+01 2.076225e+01 2.035000e+01 2.081500e+01 2.083799e+01 2.076189e+01
2.074000e+01 2.080500e+01 2.101079e+01 2.065452e+01 2.074500e+01 2.081000e+01 2.100084e+01 2.063947e+01
2.074500e+01 2.081000e+01 2.100084e+01 2.063947e+01 2.075000e+01 2.081500e+01 2.098836e+01 2.062342e+01
2.087500e+01 2.081000e+01 2.062140e+01 2.063997e+01 2.087000e+01 2.081500e+01 2.063430e+01 2.062362e+01
2.088000e+01 2.080500e+01 2.061111e+01 2.065530e+01 2.087500e+01 2.081000e+01 2.062140e+01 2.063997e+01
2.128000e+01 2.080500e+01 2.078879e+01 2.076628e+01 2.128000e+01 2.081500e+01 2.078951e+01 2.076641e+01
2.035000e+01 2.081500e+01 2.083799e+01 2.076189e+01 2.035000e+01 2.082500e+01 2.083711e+01 2.076194e+01
2.075000e+01 2.081500e+01 2.098836e+01 2.062342e+01 2.075500e+01 2.082000e+01 2.097529e+01 2.060955e+01
2.075500e+01 2.082000e+01 2.097529e+01 2.060955e+01 2.076000e+01 2.082500e+01 2.095960e+01 2.059563e+01
2.086500e+01 2.082000e+01 2.064776e+01 2.060952e+01 2.086000e+01 2.082500e+01 2.066390e+01 2.059541e+01
2.087000e+01 2.081500e+01 2.063430e+01 2.062362e+01 2.086500e+01 2.082000e+01 2.064776e+01 2.060952e+01
2.128000e+01 2.081500e+01 2.078951e+01 2.076641e+01 2.128000e+01 2.082500e+01 2.079039e+01 2.076658e+01
2.035000e+01 2.082500e+01 2.083711e+01 2.076194e+01 2.035000e+01 2.083500e+01 2.083608e+01 2.076205e+01
2.076000e+01 2.082500e+01 2.095960e+01 2.059563e+01 2.076500e+01 2.083000e+01 2.094436e+01 2.058421e+01
2.076500e+01 2.083000e+01 2.094436e+01 2.058421e+01 2.077500e+01 2.083000e+01 2.092263e+01 2.057124e+01
2.077500e+01 2.083000e+01 2.092263e+01 2.057124e+01 2.078000e+01 2.083500e+01 2.090362e+01 2.056241e+01
2.084500e+01 2.083000e+01 2.070187e+01 2.057073e+01 2.084000e+01 2.083500e+01 2.072121e+01 2.056194e+01
2.084500e+01 2.083000e+01 2.070187e+01 2.057073e+01 2.085500e+01 2.083000e+01 2.067953e+01 2.058387e+01
2.086000e+01 2.082500e+01 2.066390e+01 2.059541e+01 2.085500e+01 2.083000e+01 2.067953e+01 2.058387e+01
2.127500e+01 2.083000e+01 2.078733e+01 2.076618e+01 2.127000e+01 2.083500e+01 2.078431e+01 2.076569e+01
2.128000e+01 2.082500e+01 2.079039e+01 2.076658e+01 2.127500e+01 2.083000e+01 2.078733e+01 2.076618e+01
2.035000e+01 2.083500e+01 2.083608e+01 2.076205e+01 2.035000e+01 2.084500e+01 2.083491e+01 2.076223e+01
2.078000e+01 2.083500e+01 2.090362e+01 2.056241e+01 2.078500e+01 2.084000e+01 2.088652e+01 2.055575e+01
2.078500e+01 2.084000e+01 2.088652e+01 2.055575e+01 2.079500e+01 2.084000e+01 2.085866e+01 2.054840e+01
2.079500e+01 2.084000e+01 2.085866e+01 2.054840e+01 2.080500e+01 2.084000e+01 2.082844e+01 2.054438e+01
2.080500e+01 2.084000e+01 2.082844e+01 2.054438e+01 2.081500e+01 2.084000e+01 2.079727e+01 2.054426e+01
2.081500e+01 2.084000e+01 2.079727e+01 2.054426e+01 2.082500e+01 2.084000e+01 2.076681e+01 2.054809e+01
2.082500e+01 2.084000e+01 2.076681e+01 2.054809e+01 2.083500e+01 2.084000e+01 2.073855e+01 2.055532e+01
2.084000e+01 2.083500e+01 2.072121e+01 2.056194e+01 2.083500e+01 2.084000e+01 2.073855e+01 2.055532e+01
2.127000e+01 2.083500e+01 2.078431e+01 2.076569e+01 2.127000e+01 2.084500e+01 2.078552e+01 2.076583e+01
2.035000e+01 2.084500e+01 2.083491e+01 2.076223e+01 2.035000e+01 2.085500e+01 2.083359e+01 2.076249e+01
2.127000e+01 2.084500e+01 2.078552e+01 2.076583e+01 2.127000e+01 2.085500e+01 2.078687e+01 2.076605e+01
2.035000e+01 2.085500e+01 2.083359e+01 2.076249e+01 2.035000e+01 2.086500e+01 2.083213e+01 2.076284e+01
2.127000e+01 2.085500e+01 2.078687e+01 2.076605e+01 2.127000e+01 2.086500e+01 2.078836e+01 2.076635e+01
2.035000e+01 2.086500e+01 2.083213e+01 2.076284e+01 2.035500e+01 2.087000e+01 2.083478e+01 2.076226e+01
2.035500e+01 2.087000e+01 2.083478e+01 2.076226e+01 2.036000e+01 2.087500e+01 2.083738e+01 2.076159e+01
2.127000e+01 2.086500e+01 2.078836e+01 2.076635e+01 2.127000e+01 2.087500e+01 2.078998e+01 2.076675e+01
2.036000e+01 2.087500e+01 2.083738e+01 2.076159e+01 2.036000e+01 2.088500e+01 2.083560e+01 2.076200e+01
2.127000e+01 2.087500e+01 2.078998e+01 2.076675e+01 2.127000e+01 2.088500e+01 2.079174e+01 2.076724e+01
2.036000e+01 2.088500e+01 2.083560e+01 2.076200e+01 2.036000e+01 2.089500e+01 2.083369e+01 2.076252e+01
2.126500e+01 2.089000e+01 2.078929e+01 2.076659e+01 2.126000e+01 2.089500e+01 2.078691e+01 2.076586e+01
2.127000e+01 2.088500e+01 2.079174e+01 2.076724e+01 2.126500e+01 2.089000e+01 2.078929e+01 2.076659e+01
2.036000e+01 2.089500e+01 2.083369e+01 2.076252e+01 2.036000e+01 2.090500e+01 2.083166e+01 2.076316e+01
2.126000e+01 2.089500e+01 2.078691e+01 2.076586e+01 2.126000e+01 2.090500e+01 2.078898e+01 2.076644e+01
2.036000e+01 2.090500e+01 2.083166e+01 2.076316e+01 2.036500e+01 2.091000e+01 2.083388e+01 2.076247e+01
2.036500e+01 2.091000e+01 2.083388e+01 2.076247e+01 2.037000e+01 2.091500e+01 2.083602e+01 2.076169e+01
2.126000e+01 2.090500e+01 2.078898e+01 2.076644e+01 2.126000e+01 2.091500e+01 2.079116e+01 2.076715e+01
2.037000e+01 2.091500e+01 2.083602e+01 2.076169e+01 2.037000e+01 2.092500e+01 2.083369e+01 2.076248e+01
2.126000e+01 2.091500e+01 2.079116e+01 2.076715e+01 2.126000e+01 2.092500e+01 2.079345e+01 2.076799e+01
2.037000e+01 2.092500e+01 2.083369e+01 2.076248e+01 2.037000e+01 2.093500e+01 2.083127e+01 2.076341e+01
2.125500e+01 2.093000e+01 2.079144e+01 2.076728e+01 2.125000e+01 2.093500e+01 2.078952e+01 2.076648e+01
2.126000e+01 2.092500e+01 2.079345e+01 2.076799e+01 2.125500e+01 2.093000e+01 2.079144e+01 2.076728e+01
2.037000e+01 2.093500e+01 2.083127e+01 2.076341e+01 2.037500e+01 2.094000e+01 2.083314e+01 2.076269e+01
2.037500e+01 2.094000e+01 2.083314e+01 2.076269e+01 2.038000e+01 2.094500e+01 2.083492e+01 2.076187e+01
2.125000e+01 2.093500e+01 2.078952e+01 2.076648e+01 2.125000e+01 2.094500e+01 2.079208e+01 2.076750e+01
2.038000e+01 2.094500e+01 2.083492e+01 2.076187e+01 2.038000e+01 2.095500e+01 2.083223e+01 2.076301e+01
2.125000e+01 2.094500e+01 2.079208e+01 2.076750e+01 2.125000e+01 2.095500e+01 2.079474e+01 2.076866e+01
2.038000e+01 2.095500e+01 2.083223e+01 2.076301e+01 2.038000e+01 2.096500e+01 2.082946e+01 2.076430e+01
2.124500e+01 2.096000e+01 2.079307e+01 2.076794e+01 2.124000e+01 2.096500e+01 2.079149e+01 2.076714e+01
2.125000e+01 2.095500e+01 2.079474e+01 2.076866e+01 2.124500e+01 2.096000e+01 2.079307e+01 2.076794e+01
2.038000e+01 2.096500e+01 2.082946e+01 2.076430e+01 2.038500e+01 2.097000e+01 2.083100e+01 2.076360e+01
2.038500e+01 2.097000e+01 2.083100e+01 2.076360e+01 2.039000e+01 2.097500e+01 2.083244e+01 2.076283e+01
2.124000e+01 2.096500e+01 2.079149e+01 2.076714e+01 2.124000e+01 2.097500e+01 2.079439e+01 2.076853e+01
2.039000e+01 2.097500e+01 2.083244e+01 2.076283e+01 2.039000e+01 2.098500e+01 2.082944e+01 2.076437e+01
2.124000e+01 2.097500e+01 2.079439e+01 2.076853e+01 2.124000e+01 2.098500e+01 2.079736e+01 2.077008e+01
2.039000e+01 2.098500e+01 2.082944e+01 2.076437e+01 2.039500e+01 2.099000e+01 2.083073e+01 2.076370e+01
2.039500e+01 2.099000e+01 2.083073e+01 2.076370e+01 2.040000e+01 2.099500e+01 2.083192e+01 2.076296e+01
2.123500e+01 2.099000e+01 2.079601e+01 2.076942e+01 2.123000e+01 2.099500e+01 2.079476e+01 2.076870e+01
2.124000e+01 2.098500e+01 2.079736e+01 2.077008e+01 2.123500e+01 2.099000e+01 2.079601e+01 2.076942e+01
2.040000e+01 2.099500e+01 2.083192e+01 2.076296e+01 2.040000e+01 2.100500e+01 2.082873e+01 2.076480e+01
2.123000e+01 2.099500e+01 2.079476e+01 2.076870e+01 2.123000e+01 2.100500e+01 2.079792e+01 2.077052e+01
2.040000e+01 2.100500e+01 2.082873e+01 2.076480e+01 2.040500e+01 2.101000e+01 2.082978e+01 2.076419e+01
2.040500e+01 2.101000e+01 2.082978e+01 2.076419e+01 2.041000e+01 2.101500e+01 2.083073e+01 2.076351e+01
2.122500e+01 2.101000e+01 2.079681e+01 2.076991e+01 2.122000e+01 2.101500e+01 2.079580e+01 2.076924e+01
2.123000e+01 2.100500e+01 2.079792e+01 2.077052e+01 2.122500e+01 2.101000e+01 2.079681e+01 2.076991e+01
2.041000e+01 2.101500e+01 2.083073e+01 2.076351e+01 2.041000e+01 2.102500e+01 2.082738e+01 2.076566e+01
2.122000e+01 2.101500e+01 2.079580e+01 2.076924e+01 2.122000e+01 2.102500e+01 2.079913e+01 2.077136e+01
2.041000e+01 2.102500e+01 2.082738e+01 2.076566e+01 2.041500e+01 2.103000e+01 2.082821e+01 2.076514e+01
2.041500e+01 2.103000e+01 2.082821e+01 2.076514e+01 2.042000e+01 2.103500e+01 2.082893e+01 2.076456e+01
2.121500e+01 2.103000e+01 2.079823e+01 2.077083e+01 2.121000e+01 2.103500e+01 2.079745e+01 2.077024e+01
2.122000e+01 2.102500e+01 2.079913e+01 2.077136e+01 2.121500e+01 2.103000e+01 2.079823e+01 2.077083e+01
2.042000e+01 2.103500e+01 2.082893e+01 2.076456e+01 2.042000e+01 2.104500e+01 2.082546e+01 2.076705e+01
2.121000e+01 2.103500e+01 2.079745e+01 2.077024e+01 2.121000e+01 2.104500e+01 2.080091e+01 2.077269e+01
2.042000e+01 2.104500e+01 2.082546e+01 2.076705e+01 2.042500e+01 2.105000e+01 2.082609e+01 2.076664e+01
2.042500e+01 2.105000e+01 2.082609e+01 2.076664e+01 2.043000e+01 2.105500e+01 2.082660e+01 2.076619e+01
2.120500e+01 2.105000e+01 2.080022e+01 2.077226e+01 2.120000e+01 2.105500e+01 2.079965e+01 2.077179e+01
2.121000e+01 2.104500e+01 2.080091e+01 2.077269e+01 2.120500e+01 2.105000e+01 2.080022e+01 2.077226e+01
2.043000e+01 2.105500e+01 2.082660e+01 2.076619e+01 2.043000e+01 2.106500e+01 2.082304e+01 2.076903e+01
2.119500e+01 2.106000e+01 2.079911e+01 2.077140e+01 2.119000e+01 2.106500e+01 2.079869e+01 2.077098e+01
2.120000e+01 2.105500e+01 2.079965e+01 2.077179e+01 2.119500e+01 2.106000e+01 2.079911e+01 2.077140e+01
2.043000e+01 2.106500e+01 2.082304e+01 2.076903e+01 2.043500e+01 2.107000e+01 2.082349e+01 2.076876e+01
2.043500e+01 2.107000e+01 2.082349e+01 2.076876e+01 2.044000e+01 2.107500e+01 2.082382e+01 2.076846e+01
2.119000e+01 2.106500e+01 2.079869e+01 2.077098e+01 2.119000e+01 2.107500e+01 2.080232e+01 2.077395e+01
2.044000e+01 2.107500e+01 2.082382e+01 2.076846e+01 2.044500e+01 2.108000e+01 2.082413e+01 2.076826e+01
2.044500e+01 2.108000e+01 2.082413e+01 2.076826e+01 2.045000e+01 2.108500e+01 2.082432e+01 2.076803e+01
2.118500e+01 2.108000e+01 2.080195e+01 2.077371e+01 2.118000e+01 2.108500e+01 2.080171e+01 2.077344e+01
2.119000e+01 2.107500e+01 2.080232e+01 2.077395e+01 2.118500e+01 2.108000e+01 2.080195e+01 2.077371e+01
2.045000e+01 2.108500e+01 2.082432e+01 2.076803e+01 2.045500e+01 2.109000e+01 2.082449e+01 2.076790e+01
2.045500e+01 2.109000e+01 2.082449e+01 2.076790e+01 2.046000e+01 2.109500e+01 2.082455e+01 2.076775e+01
2.117500e+01 2.109000e+01 2.080148e+01 2.077327e+01 2.117000e+01 2.109500e+01 2.080137e+01 2.077309e+01
2.118000e+01 2.108500e+01 2.080171e+01 2.077344e+01 2.117500e+01 2.109000e+01 2.080148e+01 2.077327e+01
2.046000e+01 2.109500e+01 2.082455e+01 2.076775e+01 2.046000e+01 2.110500e+01 2.082087e+01 2.077135e+01
2.117000e+01 2.109500e+01 2.080137e+01 2.077309e+01 2.117000e+01 2.110500e+01 2.080507e+01 2.077661e+01
2.046000e+01 2.110500e+01 2.082087e+01 2.077135e+01 2.046500e+01 2.111000e+01 2.082091e+01 2.077141e+01
2.046500e+01 2.111000e+01 2.082091e+01 2.077141e+01 2.047000e+01 2.111500e+01 2.082084e+01 2.077146e+01
2.116500e+01 2.111000e+01 2.080498e+01 2.077662e+01 2.116000e+01 2.111500e+01 2.080500e+01 2.077662e+01
2.117000e+01 2.110500e+01 2.080507e+01 2.077661e+01 2.116500e+01 2.111000e+01 2.080498e+01 2.077662e+01
2.047000e+01 2.111500e+01 2.082084e+01 2.077146e+01 2.047500e+01 2.112000e+01 2.082077e+01 2.077162e+01
2.047500e+01 2.112000e+01 2.082077e+01 2.077162e+01 2.048000e+01 2.112500e+01 2.082059e+01 2.077178e+01
2.115500e+01 2.112000e+01 2.080503e+01 2.077672e+01 2.115000e+01 2.112500e+01 2.080516e+01 2.077683e+01
2.116000e+01 2.111500e+01 2.080500e+01 2.077662e+01 2.115500e+01 2.112000e+01 2.080503e+01 2.077672e+01
2.048000e+01 2.112500e+01 2.082059e+01 2.077178e+01 2.048500e+01 2.113000e+01 2.082041e+01 2.077205e+01
2.048500e+01 2.113000e+01 2.082041e+01 2.077205e+01 2.049000e+01 2.113500e+01 2.082014e+01 2.077233e+01
2.114500e+01 2.113000e+01 2.080530e+01 2.077704e+01 2.114000e+01 2.113500e+01 2.080553e+01 2.077725e+01
2.115000e+01 2.112500e+01 2.080516e+01 2.077683e+01 2.114500e+01 2.113000e+01 2.080530e+01 2.077704e+01
2.049000e+01 2.113500e+01 2.082014e+01 2.077233e+01 2.049500e+01 2.114000e+01 2.081987e+01 2.077271e+01
2.049500e+01 2.114000e+01 2.081987e+01 2.077271e+01 2.050000e+01 2.114500e+01 2.081950e+01 2.077311e+01
2.113500e+01 2.114000e+01 2.080576e+01 2.077757e+01 2.113000e+01 2.114500e+01 2.080609e+01 2.077791e+01
2.114000e+01 2.113500e+01 2.080553e+01 2.077725e+01 2.113500e+01 2.114000e+01 2.080576e+01 2.077757e+01
2.050000e+01 2.114500e+01 2.081950e+01 2.077311e+01 2.050500e+01 2.115000e+01 2.081916e+01 2.077362e+01
2.050500e+01 2.115000e+01 2.081916e+01 2.077362e+01 2.051000e+01 2.115500e+01 2.081871e+01 2.077415e+01
2.112500e+01 2.115000e+01 2.080640e+01 2.077834e+01 2.112000e+01 2.115500e+01 2.080682e+01 2.077880e+01
2.113000e+01 2.114500e+01 2.080609e+01 2.077791e+01 2.112500e+01 2.115000e+01 2.080640e+01 2.077834e+01
2.051000e+01 2.115500e+01 2.081871e+01 2.077415e+01 2.051500e+01 2.116000e+01 2.081830e+01 2.077479e+01
2.051500e+01 2.116000e+01 2.081830e+01 2.077479e+01 2.052000e+01 2.116500e+01 2.081779e+01 2.077546e+01
2.111500e+01 2.116000e+01 2.080720e+01 2.077937e+01 2.111000e+01 2.116500e+01 2.080769e+01 2.077996e+01
2.112000e+01 2.115500e+01 2.080682e+01 2.077880e+01 2.111500e+01 2.116000e+01 2.080720e+01 2.077937e+01
2.052000e+01 2.116500e+01 2.081779e+01 2.077546e+01 2.052500e+01 2.117000e+01 2.081731e+01 2.077623e+01
2.052500e+01 2.117000e+01 2.081731e+01 2.077623e+01 2.053000e+01 2.117500e+01 2.081674e+01 2.077704e+01
2.110500e+01 2.117000e+01 2.080814e+01 2.078065e+01 2.110000e+01 2.117500e+01 2.080868e+01 2.078138e+01
2.111000e+01 2.116500e+01 2.080769e+01 2.077996e+01 2.110500e+01 2.117000e+01 2.080814e+01 2.078065e+01
2.053000e+01 2.117500e+01 2.081674e+01 2.077704e+01 2.053500e+01 2.118000e+01 2.081622e+01 2.077796e+01
2.053500e+01 2.118000e+01 2.081622e+01 2.077796e+01 2.054500e+01 2.118000e+01 2.081837e+01 2.077459e+01
2.054500e+01 2.118000e+01 2.081837e+01 2.077459e+01 2.055000e+01 2.118500e+01 2.081768e+01 2.077560e+01
2.109500e+01 2.118000e+01 2.080919e+01 2.078222e+01 2.109000e+01 2.118500e+01 2.080978e+01 2.078309e+01
2.110000e+01 2.117500e+01 2.080868e+01 2.078138e+01 2.109500e+01 2.118000e+01 2.080919e+01 2.078222e+01
2.055000e+01 2.118500e+01 2.081768e+01 2.077560e+01 2.055500e+01 2.119000e+01 2.081704e+01 2.077670e+01
2.055500e+01 2.119000e+01 2.081704e+01 2.077670e+01 2.056000e+01 2.119500e+01 2.081632e+01 2.077786e+01
2.107500e+01 2.119000e+01 2.080823e+01 2.078072e+01 2.107000e+01 2.119500e+01 2.080893e+01 2.078179e+01
2.107500e+01 2.119000e+01 2.080823e+01 2.078072e+01 2.108500e+01 2.119000e+01 2.081032e+01 2.078406e+01
2.109000e+01 2.118500e+01 2.080978e+01 2.078309e+01 2.108500e+01 2.119000e+01 2.081032e+01 2.078406e+01
2.056000e+01 2.119500e+01 2.081632e+01 2.077786e+01 2.056500e+01 2.120000e+01 2.081566e+01 2.077911e+01
2.056500e+01 2.120000e+01 2.081566e+01 2.077911e+01 2.057000e+01 2.120500e+01 2.081494e+01 2.078043e+01
2.106500e+01 2.120000e+01 2.080958e+01 2.078295e+01 2.106000e+01 2.120500e+01 2.081030e+01 2.078418e+01
2.107000e+01 2.119500e+01 2.080893e+01 2.078179e+01 2.106500e+01 2.120000e+01 2.080958e+01 2.078295e+01
2.057000e+01 2.120500e+01 2.081494e+01 2.078043e+01 2.057500e+01 2.121000e+01 2.081427e+01 2.078184e+01
2.057500e+01 2.121000e+01 2.081427e+01 2.078184e+01 2.058500e+01 2.121000e+01 2.081581e+01 2.077884e+01
2.058500e+01 2.121000e+01 2.081581e+01 2.077884e+01 2.059000e+01 2.121500e+01 2.081502e+01 2.078038e+01
2.104500e+01 2.121000e+01 2.080933e+01 2.078240e+01 2.104000e+01 2.121500e+01 2.081012e+01 2.078384e+01
2.104500e+01 2.121000e+01 2.080933e+01 2.078240e+01 2.105500e+01 2.121000e+01 2.081097e+01 2.078549e+01
2.106000e+01 2.120500e+01 2.081030e+01 2.078418e+01 2.105500e+01 2.121000e+01 2.081097e+01 2.078549e+01
2.059000e+01 2.121500e+01 2.081502e+01 2.078038e+01 2.059500e+01 2.122000e+01 2.081430e+01 2.078200e+01
2.059500e+01 2.122000e+01 2.081430e+01 2.078200e+01 2.060500e+01 2.122000e+01 2.081556e+01 2.077920e+01
2.060500e+01 2.122000e+01 2.081556e+01 2.077920e+01 2.061000e+01 2.122500e+01 2.081475e+01 2.078097e+01
2.102500e+01 2.122000e+01 2.080949e+01 2.078247e+01 2.102000e+01 2.122500e+01 2.081032e+01 2.078414e+01
2.102500e+01 2.122000e+01 2.080949e+01 2.078247e+01 2.103500e+01 2.122000e+01 2.081084e+01 2.078537e+01
2.104000e+01 2.121500e+01 2.081012e+01 2.078384e+01 2.103500e+01 2.122000e+01 2.081084e+01 2.078537e+01
2.061000e+01 2.122500e+01 2.081475e+01 2.078097e+01 2.061500e+01 2.123000e+01 2.081401e+01 2.078282e+01
2.061500e+01 2.123000e+01 2.081401e+01 2.078282e+01 2.062500e+01 2.123000e+01 2.081503e+01 2.078024e+01
2.062500e+01 2.123000e+01 2.081503e+01 2.078024e+01 2.063000e+01 2.123500e+01 2.081421e+01 2.078224e+01
2.101500e+01 2.123000e+01 2.081107e+01 2.078589e+01 2.101000e+01 2.123500e+01 2.081186e+01 2.078772e+01
2.102000e+01 2.122500e+01 2.081032e+01 2.078414e+01 2.101500e+01 2.123000e+01 2.081107e+01 2.078589e+01
2.063000e+01 2.123500e+01 2.081421e+01 2.078224e+01 2.063500e+01 2.124000e+01 2.081348e+01 2.078432e+01
2.063500e+01 2.124000e+01 2.081348e+01 2.078432e+01 2.064500e+01 2.124000e+01 2.081429e+01 2.078199e+01
2.064500e+01 2.124000e+01 2.081429e+01 2.078199e+01 2.065000e+01 2.124500e+01 2.081350e+01 2.078423e+01
2.098500e+01 2.124000e+01 2.081067e+01 2.078462e+01 2.098000e+01 2.124500e+01 2.081148e+01 2.078677e+01
2.098500e+01 2.124000e+01 2.081067e+01 2.078462e+01 2.099500e+01 2.124000e+01 2.081155e+01 2.078708e+01
2.099500e+01 2.124000e+01 2.081155e+01 2.078708e+01 2.100500e+01 2.124000e+01 2.081259e+01 2.078963e+01
2.101000e+01 2.123500e+01 2.081186e+01 2.078772e+01 2.100500e+01 2.124000e+01 2.081259e+01 2.078963e+01
2.065000e+01 2.124500e+01 2.081350e+01 2.078423e+01 2.065500e+01 2.125000e+01 2.081280e+01 2.078654e+01
2.065500e+01 2.125000e+01 2.081280e+01 2.078654e+01 2.066500e+01 2.125000e+01 2.081345e+01 2.078447e+01
2.066500e+01 2.125000e+01 2.081345e+01 2.078447e+01 2.067500e+01 2.125000e+01 2.081397e+01 2.078250e+01
2.067500e+01 2.125000e+01 2.081397e+01 2.078250e+01 2.068000e+01 2.125500e+01 2.081324e+01 2.078506e+01
2.096500e+01 2.125000e+01 2.081149e+01 2.078678e+01 2.096000e+01 2.125500e+01 2.081225e+01 2.078916e+01
2.096500e+01 2.125000e+01 2.081149e+01 2.078678e+01 2.097500e+01 2.125000e+01 2.081220e+01 2.078898e+01
2.098000e+01 2.124500e+01 2.081148e+01 2.078677e+01 2.097500e+01 2.125000e+01 2.081220e+01 2.078898e+01
2.068000e+01 2.125500e+01 2.081324e+01 2.078506e+01 2.068500e+01 2.126000e+01 2.081260e+01 2.078769e+01
2.068500e+01 2.126000e+01 2.081260e+01 2.078769e+01 2.069500e+01 2.126000e+01 2.081301e+01 2.078601e+01
2.069500e+01 2.126000e+01 2.081301e+01 2.078601e+01 2.070500e+01 2.126000e+01 2.081332e+01 2.078444e+01
2.070500e+01 2.126000e+01 2.081332e+01 2.078444e+01 2.071000e+01 2.126500e+01 2.081271e+01 2.078733e+01
2.092500e+01 2.126000e+01 2.081152e+01 2.078615e+01 2.092000e+01 2.126500e+01 2.081218e+01 2.078894e+01
2.092500e+01 2.126000e+01 2.081152e+01 2.078615e+01 2.093500e+01 2.126000e+01 2.081188e+01 2.078785e+01
2.093500e+01 2.126000e+01 2.081188e+01 2.078785e+01 2.094500e+01 2.126000e+01 2.081235e+01 2.078967e+01
2.094500e+01 2.126000e+01 2.081235e+01 2.078967e+01 2.095500e+01 2.126000e+01 2.081292e+01 2.079160e+01
2.096000e+01 2.125500e+01 2.081225e+01 2.078916e+01 2.095500e+01 2.126000e+01 2.081292e+01 2.079160e+01
2.071000e+01 2.126500e+01 2.081271e+01 2.078733e+01 2.071500e+01 2.127000e+01 2.081219e+01 2.079026e+01
2.071500e+01 2.127000e+01 2.081219e+01 2.079026e+01 2.072500e+01 2.127000e+01 2.081244e+01 2.078899e+01
2.072500e+01 2.127000e+01 2.081244e+01 2.078899e+01 2.073500e+01 2.127000e+01 2.081263e+01 2.078786e+01
2.073500e+01 2.127000e+01 2.081263e+01 2.078786e+01 2.074500e+01 2.127000e+01 2.081274e+01 2.078686e+01
2.074500e+01 2.127000e+01 2.081274e+01 2.078686e+01 2.075500e+01 2.127000e+01 2.081280e+01 2.078599e+01
2.075500e+01 2.127000e+01 2.081280e+01 2.078599e+01 2.076000e+01 2.127500e+01 2.081244e+01 2.078935e+01
2.087500e+01 2.127000e+01 2.081200e+01 2.078692e+01 2.087000e+01 2.127500e+01 2.081242e+01 2.079019e+01
2.087500e+01 2.127000e+01 2.081200e+01 2.078692e+01 2.088500e+01 2.127000e+01 2.081208e+01 2.078794e+01
2.088500e+01 2.127000e+01 2.081208e+01 2.078794e+01 2.089500e+01 2.127000e+01 2.081223e+01 2.078909e+01
2.089500e+01 2.127000e+01 2.081223e+01 2.078909e+01 2.090500e+01 2.127000e+01 2.081245e+01 2.079037e+01
2.090500e+01 2.127000e+01 2.081245e+01 2.079037e+01 2.091500e+01 2.127000e+01 2.081275e+01 2.079177e+01
2.092000e+01 2.126500e+01 2.081218e+01 2.078894e+01 2.091500e+01 2.127000e+01 2.081275e+01 2.079177e+01
2.076000e+01 2.127500e+01 2.081244e+01 2.078935e+01 2.076500e+01 2.128000e+01 2.081216e+01 2.079273e+01
2.076500e+01 2.128000e+01 2.081216e+01 2.079273e+01 2.077500e+01 2.128000e+01 2.081226e+01 2.079217e+01
2.077500e+01 2.128000e+01 2.081226e+01 2.079217e+01 2.078500e+01 2.128000e+01 2.081233e+01 2.079175e+01
2.078500e+01 2.128000e+01 2.081233e+01 2.079175e+01 2.079500e+01 2.128000e+01 2.081238e+01 2.079147e+01
2.079500e+01 2.128000e+01 2.081238e+01 2.079147e+01 2.080500e+01 2.128000e+01 2.081241e+01 2.079133e+01
2.080500e+01 2.128000e+01 2.081241e+01 2.079133e+01 2.081500e+01 2.128000e+01 2.081243e+01 2.079133e+01
2.081500e+01 2.128000e+01 2.081243e+01 2.079133e+01 2.082500e+01 2.128000e+01 2.081246e+01 2.079148e+01
2.082500e+01 2.128000e+01 2.081246e+01 2.079148e+01 2.083500e+01 2.128000e+01 2.081250e+01 2.079177e+01
2.083500e+01 2.128000e+01 2.081250e+01 2.079177e+01 2.084500e+01 2.128000e+01 2.081255e+01 2.079220e+01
2.084500e+01 2.128000e+01 2.081255e+01 2.079220e+01 2.085500e+01 2.128000e+01 2.081264e+01 2.079277e+01
2.085500e+01 2.128000e+01 2.081264e+01 2.079277e+01 2.086500e+01 2.128000e+01 2.081276e+01 2.079348e+01
2.087000e+01 2.127500e+01 2.081242e+01 2.079019e+01 2.086500e+01 2.128000e+01 2.081276e+01 2.079348e+01
