2.076500e+01 2.039000e+01 2.082144e+01 2.086329e+01 2.076000e+01 2.039500e+01 2.082198e+01 2.086754e+01
2.076500e+01 2.039000e+01 2.082144e+01 2.086329e+01 2.077500e+01 2.039000e+01 2.082167e+01 2.086449e+01
2.078500e+01 2.039000e+01 2.082184e+01 2.086551e+01 2.079500e+01 2.039000e+01 2.082196e+01 2.086635e+01
2.079500e+01 2.039000e+01 2.082196e+01 2.086635e+01 2.080500e+01 2.039000e+01 2.082188e+01 2.086703e+01
2.080500e+01 2.039000e+01 2.082188e+01 2.086703e+01 2.081500e+01 2.039000e+01 2.082211e+01 2.086747e+01
2.081500e+01 2.039000e+01 2.082211e+01 2.086747e+01 2.082500e+01 2.039000e+01 2.082217e+01 2.086775e+01
2.082500e+01 2.039000e+01 2.082217e+01 2.086775e+01 2.083500e+01 2.039000e+01 2.082222e+01 2.086785e+01
2.083500e+01 2.039000e+01 2.082222e+01 2.086785e+01 2.084500e+01 2.039000e+01 2.082228e+01 2.086775e+01
2.084500e+01 2.039000e+01 2.082228e+01 2.086775e+01 2.085500e+01 2.039000e+01 2.082236e+01 2.086746e+01
2.085500e+01 2.039000e+01 2.082236e+01 2.086746e+01 2.086000e+01 2.039500e+01 2.082218e+01 2.087225e+01
2.071500e+01 2.040000e+01 2.082124e+01 2.086431e+01 2.071000e+01 2.040500e+01 2.082206e+01 2.086794e+01
2.071500e+01 2.040000e+01 2.082124e+01 2.086431e+01 2.072500e+01 2.040000e+01 2.082175e+01 2.086642e+01
2.072500e+01 2.040000e+01 2.082175e+01 2.086642e+01 2.073500e+01 2.040000e+01 2.082214e+01 2.086837e+01
2.073500e+01 2.040000e+01 2.082214e+01 2.086837e+01 2.074500e+01 2.040000e+01 2.082244e+01 2.087015e+01
2.074500e+01 2.040000e+01 2.082244e+01 2.087015e+01 2.075500e+01 2.040000e+01 2.082264e+01 2.087175e+01
2.076000e+01 2.039500e+01 2.082198e+01 2.086754e+01 2.075500e+01 2.040000e+01 2.082264e+01 2.087175e+01
2.086000e+01 2.039500e+01 2.082218e+01 2.087225e+01 2.086500e+01 2.040000e+01 2.082195e+01 2.087736e+01
2.086500e+01 2.040000e+01 2.082195e+01 2.087736e+01 2.087500e+01 2.040000e+01 2.082192e+01 2.087667e+01
2.087500e+01 2.040000e+01 2.082192e+01 2.087667e+01 2.088500e+01 2.040000e+01 2.082189e+01 2.087546e+01
2.088500e+01 2.040000e+01 2.082189e+01 2.087546e+01 2.089500e+01 2.040000e+01 2.082199e+01 2.087441e+01
2.089500e+01 2.040000e+01 2.082199e+01 2.087441e+01 2.090500e+01 2.040000e+01 2.082216e+01 2.087318e+01
2.090500e+01 2.040000e+01 2.082216e+01 2.087318e+01 2.091500e+01 2.040000e+01 2.082242e+01 2.087177e+01
2.091500e+01 2.040000e+01 2.082242e+01 2.087177e+01 2.092000e+01 2.040500e+01 2.082181e+01 2.087587e+01
2.067500e+01 2.041000e+01 2.082073e+01 2.086360e+01 2.067000e+01 2.041500e+01 2.082166e+01 2.086671e+01
2.067500e+01 2.041000e+01 2.082073e+01 2.086360e+01 2.068500e+01 2.041000e+01 2.082184e+01 2.086635e+01
2.068500e+01 2.041000e+01 2.082184e+01 2.086635e+01 2.069500e+01 2.041000e+01 2.082238e+01 2.086902e+01
2.069500e+01 2.041000e+01 2.082238e+01 2.086902e+01 2.070500e+01 2.041000e+01 2.082299e+01 2.087152e+01
2.071000e+01 2.040500e+01 2.082206e+01 2.086794e+01 2.070500e+01 2.041000e+01 2.082299e+01 2.087152e+01
2.092000e+01 2.040500e+01 2.082181e+01 2.087587e+01 2.092500e+01 2.041000e+01 2.082109e+01 2.087992e+01
2.092500e+01 2.041000e+01 2.082109e+01 2.087992e+01 2.093500e+01 2.041000e+01 2.082138e+01 2.087812e+01
2.093500e+01 2.041000e+01 2.082138e+01 2.087812e+01 2.094500e+01 2.041000e+01 2.082180e+01 2.087615e+01
2.094500e+01 2.041000e+01 2.082180e+01 2.087615e+01 2.095000e+01 2.041500e+01 2.082101e+01 2.087985e+01
2.065500e+01 2.042000e+01 2.082160e+01 2.086662e+01 2.065000e+01 2.042500e+01 2.082259e+01 2.086943e+01
2.065500e+01 2.042000e+01 2.082160e+01 2.086662e+01 2.066500e+01 2.042000e+01 2.082270e+01 2.086975e+01
2.067000e+01 2.041500e+01 2.082166e+01 2.086671e+01 2.066500e+01 2.042000e+01 2.082270e+01 2.086975e+01
2.095000e+01 2.041500e+01 2.082101e+01 2.087985e+01 2.095500e+01 2.042000e+01 2.082010e+01 2.088348e+01
2.095500e+01 2.042000e+01 2.082010e+01 2.088348e+01 2.096500e+01 2.042000e+01 2.082063e+01 2.088112e+01
2.096500e+01 2.042000e+01 2.082063e+01 2.088112e+01 2.097500e+01 2.042000e+01 2.082131e+01 2.087861e+01
2.097500e+01 2.042000e+01 2.082131e+01 2.087861e+01 2.098000e+01 2.042500e+01 2.082040e+01 2.088190e+01
2.063500e+01 2.043000e+01 2.082234e+01 2.086870e+01 2.063000e+01 2.043500e+01 2.082335e+01 2.087121e+01
2.063500e+01 2.043000e+01 2.082234e+01 2.086870e+01 2.064500e+01 2.043000e+01 2.082368e+01 2.087216e+01
2.065000e+01 2.042500e+01 2.082259e+01 2.086943e+01 2.064500e+01 2.043000e+01 2.082368e+01 2.087216e+01
2.098000e+01 2.042500e+01 2.082040e+01 2.088190e+01 2.098500e+01 2.043000e+01 2.081938e+01 2.088509e+01
2.098500e+01 2.043000e+01 2.081938e+01 2.088509e+01 2.099500e+01 2.043000e+01 2.082024e+01 2.088222e+01
2.099500e+01 2.043000e+01 2.082024e+01 2.088222e+01 2.100500e+01 2.043000e+01 2.082127e+01 2.087922e+01
2.100500e+01 2.043000e+01 2.082127e+01 2.087922e+01 2.101000e+01 2.043500e+01 2.082031e+01 2.088208e+01
2.061500e+01 2.044000e+01 2.082283e+01 2.086987e+01 2.061000e+01 2.044500e+01 2.082383e+01 2.087209e+01
2.061500e+01 2.044000e+01 2.082283e+01 2.086987e+01 2.062500e+01 2.044000e+01 2.082452e+01 2.087396e+01
2.063000e+01 2.043500e+01 2.082335e+01 2.087121e+01 2.062500e+01 2.044000e+01 2.082452e+01 2.087396e+01
2.101000e+01 2.043500e+01 2.082031e+01 2.088208e+01 2.101500e+01 2.044000e+01 2.081925e+01 2.088483e+01
2.101500e+01 2.044000e+01 2.081925e+01 2.088483e+01 2.102500e+01 2.044000e+01 2.082052e+01 2.088150e+01
2.102500e+01 2.044000e+01 2.082052e+01 2.088150e+01 2.103000e+01 2.044500e+01 2.081954e+01 2.088404e+01
2.059500e+01 2.045000e+01 2.082295e+01 2.087017e+01 2.059000e+01 2.045500e+01 2.082391e+01 2.087210e+01
2.059500e+01 2.045000e+01 2.082295e+01 2.087017e+01 2.060500e+01 2.045000e+01 2.082492e+01 2.087419e+01
2.061000e+01 2.044500e+01 2.082383e+01 2.087209e+01 2.060500e+01 2.045000e+01 2.082492e+01 2.087419e+01
2.103000e+01 2.044500e+01 2.081954e+01 2.088404e+01 2.103500e+01 2.045000e+01 2.081846e+01 2.088648e+01
2.103500e+01 2.045000e+01 2.081846e+01 2.088648e+01 2.104500e+01 2.045000e+01 2.082002e+01 2.088284e+01
2.104500e+01 2.045000e+01 2.082002e+01 2.088284e+01 2.105500e+01 2.045000e+01 2.082177e+01 2.087913e+01
2.105500e+01 2.045000e+01 2.082177e+01 2.087913e+01 2.106000e+01 2.045500e+01 2.082086e+01 2.088127e+01
2.057500e+01 2.046000e+01 2.082266e+01 2.086998e+01 2.057000e+01 2.046500e+01 2.082348e+01 2.087131e+01
2.057500e+01 2.046000e+01 2.082266e+01 2.086998e+01 2.058500e+01 2.046000e+01 2.082494e+01 2.087391e+01
2.059000e+01 2.045500e+01 2.082391e+01 2.087210e+01 2.058500e+01 2.046000e+01 2.082494e+01 2.087391e+01
2.106000e+01 2.045500e+01 2.082086e+01 2.088127e+01 2.106500e+01 2.046000e+01 2.081984e+01 2.088324e+01
2.106500e+01 2.046000e+01 2.081984e+01 2.088324e+01 2.107500e+01 2.046000e+01 2.082193e+01 2.087927e+01
2.107500e+01 2.046000e+01 2.082193e+01 2.087927e+01 2.108000e+01 2.046500e+01 2.082105e+01 2.088107e+01
2.056500e+01 2.047000e+01 2.082442e+01 2.087284e+01 2.056000e+01 2.047500e+01 2.082527e+01 2.087429e+01
2.057000e+01 2.046500e+01 2.082348e+01 2.087131e+01 2.056500e+01 2.047000e+01 2.082442e+01 2.087284e+01
2.108000e+01 2.046500e+01 2.082105e+01 2.088107e+01 2.108500e+01 2.047000e+01 2.082010e+01 2.088270e+01
2.108500e+01 2.047000e+01 2.082010e+01 2.088270e+01 2.109500e+01 2.047000e+01 2.082254e+01 2.087850e+01
2.109500e+01 2.047000e+01 2.082254e+01 2.087850e+01 2.110000e+01 2.047500e+01 2.082174e+01 2.087997e+01
2.054500e+01 2.048000e+01 2.082326e+01 2.087105e+01 2.054000e+01 2.048500e+01 2.082397e+01 2.087225e+01
2.054500e+01 2.048000e+01 2.082326e+01 2.087105e+01 2.055500e+01 2.048000e+01 2.082618e+01 2.087561e+01
2.056000e+01 2.047500e+01 2.082527e+01 2.087429e+01 2.055500e+01 2.048000e+01 2.082618e+01 2.087561e+01
2.110000e+01 2.047500e+01 2.082174e+01 2.087997e+01 2.110500e+01 2.048000e+01 2.082087e+01 2.088130e+01
2.110500e+01 2.048000e+01 2.082087e+01 2.088130e+01 2.111500e+01 2.048000e+01 2.082369e+01 2.087691e+01
2.111500e+01 2.048000e+01 2.082369e+01 2.087691e+01 2.112000e+01 2.048500e+01 2.082300e+01 2.087810e+01
2.053500e+01 2.049000e+01 2.082474e+01 2.087332e+01 2.053000e+01 2.049500e+01 2.082540e+01 2.087433e+01
2.054000e+01 2.048500e+01 2.082397e+01 2.087225e+01 2.053500e+01 2.049000e+01 2.082474e+01 2.087332e+01
2.112000e+01 2.048500e+01 2.082300e+01 2.087810e+01 2.112500e+01 2.049000e+01 2.082225e+01 2.087912e+01
2.112500e+01 2.049000e+01 2.082225e+01 2.087912e+01 2.113500e+01 2.049000e+01 2.082547e+01 2.087458e+01
2.113500e+01 2.049000e+01 2.082547e+01 2.087458e+01 2.114000e+01 2.049500e+01 2.082491e+01 2.087548e+01
2.052500e+01 2.050000e+01 2.082611e+01 2.087521e+01 2.052000e+01 2.050500e+01 2.082671e+01 2.087604e+01
2.053000e+01 2.049500e+01 2.082540e+01 2.087433e+01 2.052500e+01 2.050000e+01 2.082611e+01 2.087521e+01
2.114000e+01 2.049500e+01 2.082491e+01 2.087548e+01 2.114500e+01 2.050000e+01 2.082430e+01 2.087620e+01
2.114500e+01 2.050000e+01 2.082430e+01 2.087620e+01 2.115500e+01 2.050000e+01 2.082793e+01 2.087155e+01
2.115500e+01 2.050000e+01 2.082793e+01 2.087155e+01 2.116000e+01 2.050500e+01 2.082753e+01 2.087218e+01
2.050500e+01 2.051000e+01 2.082353e+01 2.087189e+01 2.050000e+01 2.051500e+01 2.082393e+01 2.087251e+01
2.050500e+01 2.051000e+01 2.082353e+01 2.087189e+01 2.051500e+01 2.051000e+01 2.082734e+01 2.087673e+01
2.052000e+01 2.050500e+01 2.082671e+01 2.087604e+01 2.051500e+01 2.051000e+01 2.082734e+01 2.087673e+01
2.116000e+01 2.050500e+01 2.082753e+01 2.087218e+01 2.116500e+01 2.051000e+01 2.082699e+01 2.087263e+01
2.116500e+01 2.051000e+01 2.082699e+01 2.087263e+01 2.117500e+01 2.051000e+01 2.083104e+01 2.086790e+01
2.117500e+01 2.051000e+01 2.083104e+01 2.086790e+01 2.118000e+01 2.051500e+01 2.083082e+01 2.086827e+01
2.049500e+01 2.052000e+01 2.082435e+01 2.087300e+01 2.049000e+01 2.052500e+01 2.082465e+01 2.087346e+01
2.050000e+01 2.051500e+01 2.082393e+01 2.087251e+01 2.049500e+01 2.052000e+01 2.082435e+01 2.087300e+01
2.118000e+01 2.051500e+01 2.083082e+01 2.086827e+01 2.118500e+01 2.052000e+01 2.083057e+01 2.086844e+01
2.118500e+01 2.052000e+01 2.083057e+01 2.086844e+01 2.119500e+01 2.052000e+01 2.083504e+01 2.086368e+01
2.119500e+01 2.052000e+01 2.083504e+01 2.086368e+01 2.120000e+01 2.052500e+01 2.083501e+01 2.086381e+01
2.048500e+01 2.053000e+01 2.082496e+01 2.087377e+01 2.048000e+01 2.053500e+01 2.082516e+01 2.087407e+01
2.049000e+01 2.052500e+01 2.082465e+01 2.087346e+01 2.048500e+01 2.053000e+01 2.082496e+01 2.087377e+01
2.120000e+01 2.052500e+01 2.083501e+01 2.086381e+01 2.120500e+01 2.053000e+01 2.083498e+01 2.086374e+01
2.120500e+01 2.053000e+01 2.083498e+01 2.086374e+01 2.121500e+01 2.053000e+01 2.083988e+01 2.085898e+01
2.121500e+01 2.053000e+01 2.083988e+01 2.085898e+01 2.122000e+01 2.053500e+01 2.084006e+01 2.085890e+01
2.047500e+01 2.054000e+01 2.082536e+01 2.087425e+01 2.047000e+01 2.054500e+01 2.082544e+01 2.087440e+01
2.048000e+01 2.053500e+01 2.082516e+01 2.087407e+01 2.047500e+01 2.054000e+01 2.082536e+01 2.087425e+01
2.122000e+01 2.053500e+01 2.084006e+01 2.085890e+01 2.122500e+01 2.054000e+01 2.084025e+01 2.085861e+01
2.122500e+01 2.054000e+01 2.084025e+01 2.085861e+01 2.123500e+01 2.054000e+01 2.084567e+01 2.085387e+01
2.123500e+01 2.054000e+01 2.084567e+01 2.085387e+01 2.124000e+01 2.054500e+01 2.084608e+01 2.085360e+01
2.046500e+01 2.055000e+01 2.082551e+01 2.087440e+01 2.046000e+01 2.055500e+01 2.082546e+01 2.087443e+01
2.047000e+01 2.054500e+01 2.082544e+01 2.087440e+01 2.046500e+01 2.055000e+01 2.082551e+01 2.087440e+01
2.124000e+01 2.054500e+01 2.084608e+01 2.085360e+01 2.124500e+01 2.055000e+01 2.084650e+01 2.085306e+01
2.124500e+01 2.055000e+01 2.084650e+01 2.085306e+01 2.125500e+01 2.055000e+01 2.085226e+01 2.084848e+01
2.125500e+01 2.055000e+01 2.085226e+01 2.084848e+01 2.126000e+01 2.055500e+01 2.085293e+01 2.084804e+01
2.045500e+01 2.056000e+01 2.082540e+01 2.087429e+01 2.045000e+01 2.056500e+01 2.082521e+01 2.087415e+01
2.046000e+01 2.055500e+01 2.082546e+01 2.087443e+01 2.045500e+01 2.056000e+01 2.082540e+01 2.087429e+01
2.126000e+01 2.055500e+01 2.085293e+01 2.084804e+01 2.126500e+01 2.056000e+01 2.085361e+01 2.084742e+01
2.126500e+01 2.056000e+01 2.085361e+01 2.084742e+01 2.127500e+01 2.056000e+01 2.085977e+01 2.084287e+01
2.127500e+01 2.056000e+01 2.085977e+01 2.084287e+01 2.128000e+01 2.056500e+01 2.086069e+01 2.084230e+01
2.044500e+01 2.057000e+01 2.082500e+01 2.087385e+01 2.044000e+01 2.057500e+01 2.082466e+01 2.087357e+01
2.045000e+01 2.056500e+01 2.082521e+01 2.087415e+01 2.044500e+01 2.057000e+01 2.082500e+01 2.087385e+01
2.128000e+01 2.056500e+01 2.086069e+01 2.084230e+01 2.128500e+01 2.057000e+01 2.086165e+01 2.084156e+01
2.128500e+01 2.057000e+01 2.086165e+01 2.084156e+01 2.129500e+01 2.057000e+01 2.086821e+01 2.083715e+01
2.129500e+01 2.057000e+01 2.086821e+01 2.083715e+01 2.130000e+01 2.057500e+01 2.086940e+01 2.083648e+01
2.043500e+01 2.058000e+01 2.082430e+01 2.087317e+01 2.043000e+01 2.058500e+01 2.082381e+01 2.087280e+01
2.044000e+01 2.057500e+01 2.082466e+01 2.087357e+01 2.043500e+01 2.058000e+01 2.082430e+01 2.087317e+01
2.130000e+01 2.057500e+01 2.086940e+01 2.083648e+01 2.130500e+01 2.058000e+01 2.087063e+01 2.083564e+01
2.130500e+01 2.058000e+01 2.087063e+01 2.083564e+01 2.131000e+01 2.058500e+01 2.087198e+01 2.083485e+01
2.042500e+01 2.059000e+01 2.082329e+01 2.087227e+01 2.042000e+01 2.059500e+01 2.082264e+01 2.087179e+01
2.043000e+01 2.058500e+01 2.082381e+01 2.087280e+01 2.042500e+01 2.059000e+01 2.082329e+01 2.087227e+01
2.131000e+01 2.058500e+01 2.087198e+01 2.083485e+01 2.131500e+01 2.059000e+01 2.087339e+01 2.083391e+01
2.131500e+01 2.059000e+01 2.087339e+01 2.083391e+01 2.132500e+01 2.059000e+01 2.088056e+01 2.082977e+01
2.132500e+01 2.059000e+01 2.088056e+01 2.082977e+01 2.133000e+01 2.059500e+01 2.088219e+01 2.082894e+01
2.041500e+01 2.060000e+01 2.082195e+01 2.087117e+01 2.041000e+01 2.060500e+01 2.082113e+01 2.087058e+01
2.042000e+01 2.059500e+01 2.082264e+01 2.087179e+01 2.041500e+01 2.060000e+01 2.082195e+01 2.087117e+01
2.133000e+01 2.059500e+01 2.088219e+01 2.082894e+01 2.133500e+01 2.060000e+01 2.088389e+01 2.082797e+01
2.133500e+01 2.060000e+01 2.088389e+01 2.082797e+01 2.134000e+01 2.060500e+01 2.088570e+01 2.082707e+01
2.040500e+01 2.061000e+01 2.082027e+01 2.086986e+01 2.040000e+01 2.061500e+01 2.081928e+01 2.086919e+01
2.041000e+01 2.060500e+01 2.082113e+01 2.087058e+01 2.040500e+01 2.061000e+01 2.082027e+01 2.086986e+01
2.134000e+01 2.060500e+01 2.088570e+01 2.082707e+01 2.134500e+01 2.061000e+01 2.088758e+01 2.082602e+01
2.134500e+01 2.061000e+01 2.088758e+01 2.082602e+01 2.135500e+01 2.061000e+01 2.089535e+01 2.082224e+01
2.135500e+01 2.061000e+01 2.089535e+01 2.082224e+01 2.136000e+01 2.061500e+01 2.089745e+01 2.082136e+01
2.039500e+01 2.062000e+01 2.081823e+01 2.086838e+01 2.039000e+01 2.062500e+01 2.081707e+01 2.086764e+01
2.040000e+01 2.061500e+01 2.081928e+01 2.086919e+01 2.039500e+01 2.062000e+01 2.081823e+01 2.086838e+01
2.136000e+01 2.061500e+01 2.089745e+01 2.082136e+01 2.136500e+01 2.062000e+01 2.089962e+01 2.082036e+01
2.136500e+01 2.062000e+01 2.089962e+01 2.082036e+01 2.137000e+01 2.062500e+01 2.090190e+01 2.081944e+01
2.038500e+01 2.063000e+01 2.081584e+01 2.086676e+01 2.038000e+01 2.063500e+01 2.081450e+01 2.086594e+01
2.039000e+01 2.062500e+01 2.081707e+01 2.086764e+01 2.038500e+01 2.063000e+01 2.081584e+01 2.086676e+01
2.137000e+01 2.062500e+01 2.090190e+01 2.081944e+01 2.137500e+01 2.063000e+01 2.090427e+01 2.081841e+01
2.137500e+01 2.063000e+01 2.090427e+01 2.081841e+01 2.138000e+01 2.063500e+01 2.090674e+01 2.081748e+01
2.037500e+01 2.064000e+01 2.081309e+01 2.086500e+01 2.037000e+01 2.064500e+01 2.081156e+01 2.086413e+01
2.038000e+01 2.063500e+01 2.081450e+01 2.086594e+01 2.037500e+01 2.064000e+01 2.081309e+01 2.086500e+01
2.138000e+01 2.063500e+01 2.090674e+01 2.081748e+01 2.138500e+01 2.064000e+01 2.090931e+01 2.081646e+01
2.138500e+01 2.064000e+01 2.090931e+01 2.081646e+01 2.139000e+01 2.064500e+01 2.091197e+01 2.081553e+01
2.036500e+01 2.065000e+01 2.080996e+01 2.086313e+01 2.036000e+01 2.065500e+01 2.080825e+01 2.086222e+01
2.037000e+01 2.064500e+01 2.081156e+01 2.086413e+01 2.036500e+01 2.065000e+01 2.080996e+01 2.086313e+01
2.139000e+01 2.064500e+01 2.091197e+01 2.081553e+01 2.139500e+01 2.065000e+01 2.091473e+01 2.081453e+01
2.139500e+01 2.065000e+01 2.091473e+01 2.081453e+01 2.140000e+01 2.065500e+01 2.091758e+01 2.081364e+01
2.035500e+01 2.066000e+01 2.080645e+01 2.086118e+01 2.035000e+01 2.066500e+01 2.080455e+01 2.086023e+01
2.036000e+01 2.065500e+01 2.080825e+01 2.086222e+01 2.035500e+01 2.066000e+01 2.080645e+01 2.086118e+01
2.140000e+01 2.065500e+01 2.091758e+01 2.081364e+01 2.140000e+01 2.066500e+01 2.091475e+01 2.081456e+01
2.034500e+01 2.067000e+01 2.080257e+01 2.085917e+01 2.034000e+01 2.067500e+01 2.080048e+01 2.085820e+01
2.035000e+01 2.066500e+01 2.080455e+01 2.086023e+01 2.034500e+01 2.067000e+01 2.080257e+01 2.085917e+01
2.081500e+01 2.067000e+01 2.083313e+01 2.107941e+01 2.081000e+01 2.067500e+01 2.083884e+01 2.107941e+01
2.081500e+01 2.067000e+01 2.083313e+01 2.107941e+01 2.082500e+01 2.067000e+01 2.082211e+01 2.107902e+01
2.082500e+01 2.067000e+01 2.082211e+01 2.107902e+01 2.083500e+01 2.067000e+01 2.081119e+01 2.107779e+01
2.083500e+01 2.067000e+01 2.081119e+01 2.107779e+01 2.084500e+01 2.067000e+01 2.080051e+01 2.107578e+01
2.084500e+01 2.067000e+01 2.080051e+01 2.107578e+01 2.085000e+01 2.067500e+01 2.079397e+01 2.107426e+01
2.140000e+01 2.066500e+01 2.091475e+01 2.081456e+01 2.140500e+01 2.067000e+01 2.091782e+01 2.081355e+01
2.140500e+01 2.067000e+01 2.091782e+01 2.081355e+01 2.141000e+01 2.067500e+01 2.092098e+01 2.081266e+01
2.033500e+01 2.068000e+01 2.079830e+01 2.085712e+01 2.033000e+01 2.068500e+01 2.079603e+01 2.085614e+01
2.034000e+01 2.067500e+01 2.080048e+01 2.085820e+01 2.033500e+01 2.068000e+01 2.079830e+01 2.085712e+01
2.076500e+01 2.068000e+01 2.088823e+01 2.106861e+01 2.076000e+01 2.068500e+01 2.089493e+01 2.106581e+01
2.076500e+01 2.068000e+01 2.088823e+01 2.106861e+01 2.077500e+01 2.068000e+01 2.087833e+01 2.107230e+01
2.077500e+01 2.068000e+01 2.087833e+01 2.107230e+01 2.078500e+01 2.068000e+01 2.086773e+01 2.107531e+01
2.078500e+01 2.068000e+01 2.086773e+01 2.107531e+01 2.079500e+01 2.068000e+01 2.085657e+01 2.107753e+01
2.079500e+01 2.068000e+01 2.085657e+01 2.107753e+01 2.080500e+01 2.068000e+01 2.084498e+01 2.107889e+01
2.081000e+01 2.067500e+01 2.083884e+01 2.107941e+01 2.080500e+01 2.068000e+01 2.084498e+01 2.107889e+01
2.085000e+01 2.067500e+01 2.079397e+01 2.107426e+01 2.085500e+01 2.068000e+01 2.078690e+01 2.107202e+01
2.085500e+01 2.068000e+01 2.078690e+01 2.107202e+01 2.086500e+01 2.068000e+01 2.077643e+01 2.106819e+01
2.086500e+01 2.068000e+01 2.077643e+01 2.106819e+01 2.087500e+01 2.068000e+01 2.076663e+01 2.106373e+01
2.087500e+01 2.068000e+01 2.076663e+01 2.106373e+01 2.088500e+01 2.068000e+01 2.075757e+01 2.105876e+01
2.088500e+01 2.068000e+01 2.075757e+01 2.105876e+01 2.089000e+01 2.068500e+01 2.075073e+01 2.105460e+01
2.141000e+01 2.067500e+01 2.092098e+01 2.081266e+01 2.141500e+01 2.068000e+01 2.092425e+01 2.081174e+01
2.141500e+01 2.068000e+01 2.092425e+01 2.081174e+01 2.142000e+01 2.068500e+01 2.092760e+01 2.081093e+01
2.032500e+01 2.069000e+01 2.079366e+01 2.085506e+01 2.032000e+01 2.069500e+01 2.079120e+01 2.085408e+01
2.033000e+01 2.068500e+01 2.079603e+01 2.085614e+01 2.032500e+01 2.069000e+01 2.079366e+01 2.085506e+01
2.074500e+01 2.069000e+01 2.091075e+01 2.105722e+01 2.074000e+01 2.069500e+01 2.091731e+01 2.105295e+01
2.074500e+01 2.069000e+01 2.091075e+01 2.105722e+01 2.075500e+01 2.069000e+01 2.090202e+01 2.106222e+01
2.076000e+01 2.068500e+01 2.089493e+01 2.106581e+01 2.075500e+01 2.069000e+01 2.090202e+01 2.106222e+01
2.089000e+01 2.068500e+01 2.075073e+01 2.105460e+01 2.089500e+01 2.069000e+01 2.074351e+01 2.104956e+01
2.089500e+01 2.069000e+01 2.074351e+01 2.104956e+01 2.090500e+01 2.069000e+01 2.073574e+01 2.104347e+01
2.090500e+01 2.069000e+01 2.073574e+01 2.104347e+01 2.091000e+01 2.069500e+01 2.072914e+01 2.103779e+01
2.142000e+01 2.068500e+01 2.092760e+01 2.081093e+01 2.142000e+01 2.069500e+01 2.092538e+01 2.081151e+01
2.031500e+01 2.070000e+01 2.078863e+01 2.085294e+01 2.031000e+01 2.070500e+01 2.078597e+01 2.085192e+01
2.032000e+01 2.069500e+01 2.079120e+01 2.085408e+01 2.031500e+01 2.070000e+01 2.078863e+01 2.085294e+01
2.072500e+01 2.070000e+01 2.093116e+01 2.104201e+01 2.072000e+01 2.070500e+01 2.093714e+01 2.103652e+01
2.072500e+01 2.070000e+01 2.093116e+01 2.104201e+01 2.073500e+01 2.070000e+01 2.092414e+01 2.104782e+01
2.074000e+01 2.069500e+01 2.091731e+01 2.105295e+01 2.073500e+01 2.070000e+01 2.092414e+01 2.104782e+01
2.091000e+01 2.069500e+01 2.072914e+01 2.103779e+01 2.091500e+01 2.070000e+01 2.072231e+01 2.103120e+01
2.091500e+01 2.070000e+01 2.072231e+01 2.103120e+01 2.092000e+01 2.070500e+01 2.071588e+01 2.102441e+01
2.142000e+01 2.069500e+01 2.092538e+01 2.081151e+01 2.142000e+01 2.070500e+01 2.092333e+01 2.081192e+01
2.030500e+01 2.071000e+01 2.078323e+01 2.085093e+01 2.030000e+01 2.071500e+01 2.078040e+01 2.085004e+01
2.031000e+01 2.070500e+01 2.078597e+01 2.085192e+01 2.030500e+01 2.071000e+01 2.078323e+01 2.085093e+01
2.071500e+01 2.071000e+01 2.094322e+01 2.103018e+01 2.071000e+01 2.071500e+01 2.094859e+01 2.102384e+01
2.072000e+01 2.070500e+01 2.093714e+01 2.103652e+01 2.071500e+01 2.071000e+01 2.094322e+01 2.103018e+01
2.092000e+01 2.070500e+01 2.071588e+01 2.102441e+01 2.092500e+01 2.071000e+01 2.070931e+01 2.101671e+01
2.092500e+01 2.071000e+01 2.070931e+01 2.101671e+01 2.093000e+01 2.071500e+01 2.070322e+01 2.100892e+01
2.142000e+01 2.070500e+01 2.092333e+01 2.081192e+01 2.142500e+01 2.071000e+01 2.092703e+01 2.081111e+01
2.142500e+01 2.071000e+01 2.092703e+01 2.081111e+01 2.143000e+01 2.071500e+01 2.093081e+01 2.081043e+01
2.029500e+01 2.072000e+01 2.077746e+01 2.084903e+01 2.029000e+01 2.072500e+01 2.077445e+01 2.084812e+01
2.030000e+01 2.071500e+01 2.078040e+01 2.085004e+01 2.029500e+01 2.072000e+01 2.077746e+01 2.084903e+01
2.070500e+01 2.072000e+01 2.095415e+01 2.101664e+01 2.070000e+01 2.072500e+01 2.095938e+01 2.100948e+01
2.071000e+01 2.071500e+01 2.094859e+01 2.102384e+01 2.070500e+01 2.072000e+01 2.095415e+01 2.101664e+01
2.093000e+01 2.071500e+01 2.070322e+01 2.100892e+01 2.093500e+01 2.072000e+01 2.069709e+01 2.100026e+01
2.093500e+01 2.072000e+01 2.069709e+01 2.100026e+01 2.094000e+01 2.072500e+01 2.069146e+01 2.099162e+01
2.143000e+01 2.071500e+01 2.093081e+01 2.081043e+01 2.143000e+01 2.072500e+01 2.092918e+01 2.081074e+01
2.028500e+01 2.073000e+01 2.077132e+01 2.084716e+01 2.028000e+01 2.073500e+01 2.076813e+01 2.084630e+01
2.029000e+01 2.072500e+01 2.077445e+01 2.084812e+01 2.028500e+01 2.073000e+01 2.077132e+01 2.084716e+01
2.069500e+01 2.073000e+01 2.096428e+01 2.100159e+01 2.069000e+01 2.073500e+01 2.096864e+01 2.099387e+01
2.070000e+01 2.072500e+01 2.095938e+01 2.100948e+01 2.069500e+01 2.073000e+01 2.096428e+01 2.100159e+01
2.094000e+01 2.072500e+01 2.069146e+01 2.099162e+01 2.094000e+01 2.073500e+01 2.068451e+01 2.097969e+01
2.143000e+01 2.072500e+01 2.092918e+01 2.081074e+01 2.143000e+01 2.073500e+01 2.092775e+01 2.081095e+01
2.027500e+01 2.074000e+01 2.076482e+01 2.084539e+01 2.027000e+01 2.074500e+01 2.076145e+01 2.084458e+01
2.028000e+01 2.073500e+01 2.076813e+01 2.084630e+01 2.027500e+01 2.074000e+01 2.076482e+01 2.084539e+01
2.068500e+01 2.074000e+01 2.097279e+01 2.098548e+01 2.068000e+01 2.074500e+01 2.097643e+01 2.097735e+01
2.069000e+01 2.073500e+01 2.096864e+01 2.099387e+01 2.068500e+01 2.074000e+01 2.097279e+01 2.098548e+01
2.094000e+01 2.073500e+01 2.068451e+01 2.097969e+01 2.094500e+01 2.074000e+01 2.067912e+01 2.096948e+01
2.094500e+01 2.074000e+01 2.067912e+01 2.096948e+01 2.095000e+01 2.074500e+01 2.067425e+01 2.095948e+01
2.143000e+01 2.073500e+01 2.092775e+01 2.081095e+01 2.143000e+01 2.074500e+01 2.092651e+01 2.081108e+01
2.026500e+01 2.075000e+01 2.075797e+01 2.084374e+01 2.026000e+01 2.075500e+01 2.075442e+01 2.084301e+01
2.027000e+01 2.074500e+01 2.076145e+01 2.084458e+01 2.026500e+01 2.075000e+01 2.075797e+01 2.084374e+01
2.068000e+01 2.074500e+01 2.097643e+01 2.097735e+01 2.068000e+01 2.075500e+01 2.098128e+01 2.096478e+01
2.095000e+01 2.074500e+01 2.067425e+01 2.095948e+01 2.095000e+01 2.075500e+01 2.066784e+01 2.094462e+01
2.143000e+01 2.074500e+01 2.092651e+01 2.081108e+01 2.143000e+01 2.075500e+01 2.092547e+01 2.081114e+01
2.026000e+01 2.075500e+01 2.075442e+01 2.084301e+01 2.026000e+01 2.076500e+01 2.075633e+01 2.084340e+01
2.067500e+01 2.076000e+01 2.098427e+01 2.095557e+01 2.067000e+01 2.076500e+01 2.098681e+01 2.094673e+01
2.068000e+01 2.075500e+01 2.098128e+01 2.096478e+01 2.067500e+01 2.076000e+01 2.098427e+01 2.095557e+01
2.095000e+01 2.075500e+01 2.066784e+01 2.094462e+01 2.095500e+01 2.076000e+01 2.066355e+01 2.093345e+01
2.095500e+01 2.076000e+01 2.066355e+01 2.093345e+01 2.096000e+01 2.076500e+01 2.065974e+01 2.092264e+01
2.143000e+01 2.075500e+01 2.092547e+01 2.081114e+01 2.143000e+01 2.076500e+01 2.092464e+01 2.081118e+01
2.025500e+01 2.077000e+01 2.075256e+01 2.084262e+01 2.025000e+01 2.077500e+01 2.074873e+01 2.084196e+01
2.026000e+01 2.076500e+01 2.075633e+01 2.084340e+01 2.025500e+01 2.077000e+01 2.075256e+01 2.084262e+01
2.067000e+01 2.076500e+01 2.098681e+01 2.094673e+01 2.067000e+01 2.077500e+01 2.099039e+01 2.093187e+01
2.096000e+01 2.076500e+01 2.065974e+01 2.092264e+01 2.096000e+01 2.077500e+01 2.065446e+01 2.090558e+01
2.143000e+01 2.076500e+01 2.092464e+01 2.081118e+01 2.143000e+01 2.077500e+01 2.092401e+01 2.081120e+01
2.024500e+01 2.078000e+01 2.074478e+01 2.084128e+01 2.024000e+01 2.078500e+01 2.074080e+01 2.084072e+01
2.025000e+01 2.077500e+01 2.074873e+01 2.084196e+01 2.024500e+01 2.078000e+01 2.074478e+01 2.084128e+01
2.067000e+01 2.077500e+01 2.099039e+01 2.093187e+01 2.067000e+01 2.078500e+01 2.099330e+01 2.091579e+01
2.096000e+01 2.077500e+01 2.065446e+01 2.090558e+01 2.096000e+01 2.078500e+01 2.064974e+01 2.088749e+01
2.143000e+01 2.077500e+01 2.092401e+01 2.081120e+01 2.143000e+01 2.078500e+01 2.092360e+01 2.081122e+01
2.024000e+01 2.078500e+01 2.074080e+01 2.084072e+01 2.024000e+01 2.079500e+01 2.074208e+01 2.084087e+01
2.067000e+01 2.078500e+01 2.099330e+01 2.091579e+01 2.067000e+01 2.079500e+01 2.099547e+01 2.089861e+01
2.096000e+01 2.078500e+01 2.064974e+01 2.088749e+01 2.096000e+01 2.079500e+01 2.064572e+01 2.086856e+01
2.143000e+01 2.078500e+01 2.092360e+01 2.081122e+01 2.143000e+01 2.079500e+01 2.092339e+01 2.081128e+01
2.023500e+01 2.080000e+01 2.073786e+01 2.084032e+01 2.023000e+01 2.080500e+01 2.073362e+01 2.083989e+01
2.024000e+01 2.079500e+01 2.074208e+01 2.084087e+01 2.023500e+01 2.080000e+01 2.073786e+01 2.084032e+01
2.067000e+01 2.079500e+01 2.099547e+01 2.089861e+01 2.067000e+01 2.080500e+01 2.099681e+01 2.088052e+01
2.096000e+01 2.079500e+01 2.064572e+01 2.086856e+01 2.096000e+01 2.080500e+01 2.064248e+01 2.084901e+01
2.142500e+01 2.080000e+01 2.091854e+01 2.081134e+01 2.142000e+01 2.080500e+01 2.091371e+01 2.081129e+01
2.143000e+01 2.079500e+01 2.092339e+01 2.081128e+01 2.142500e+01 2.080000e+01 2.091854e+01 2.081134e+01
2.022500e+01 2.081000e+01 2.072926e+01 2.083948e+01 2.022000e+01 2.081500e+01 2.072486e+01 2.083917e+01
2.023000e+01 2.080500e+01 2.073362e+01 2.083989e+01 2.022500e+01 2.081000e+01 2.072926e+01 2.083948e+01
2.067000e+01 2.080500e+01 2.099681e+01 2.088052e+01 2.067000e+01 2.081500e+01 2.099729e+01 2.086172e+01
2.096000e+01 2.080500e+01 2.064248e+01 2.084901e+01 2.096500e+01 2.081000e+01 2.064105e+01 2.083788e+01
2.096500e+01 2.081000e+01 2.064105e+01 2.083788e+01 2.097000e+01 2.081500e+01 2.063991e+01 2.082726e+01
2.142000e+01 2.080500e+01 2.091371e+01 2.081129e+01 2.142000e+01 2.081500e+01 2.091391e+01 2.081127e+01
2.022000e+01 2.081500e+01 2.072486e+01 2.083917e+01 2.022000e+01 2.082500e+01 2.072549e+01 2.083926e+01
2.067000e+01 2.081500e+01 2.099729e+01 2.086172e+01 2.067000e+01 2.082500e+01 2.099685e+01 2.084245e+01
2.097000e+01 2.081500e+01 2.063991e+01 2.082726e+01 2.097000e+01 2.082500e+01 2.063856e+01 2.080819e+01
2.142000e+01 2.081500e+01 2.091391e+01 2.081127e+01 2.142000e+01 2.082500e+01 2.091433e+01 2.081134e+01
2.022000e+01 2.082500e+01 2.072549e+01 2.083926e+01 2.022000e+01 2.083500e+01 2.072591e+01 2.083924e+01
2.067000e+01 2.082500e+01 2.099685e+01 2.084245e+01 2.067000e+01 2.083500e+01 2.099549e+01 2.082297e+01
2.097000e+01 2.082500e+01 2.063856e+01 2.080819e+01 2.097000e+01 2.083500e+01 2.063810e+01 2.078932e+01
2.141500e+01 2.083000e+01 2.090981e+01 2.081112e+01 2.141000e+01 2.083500e+01 2.090532e+01 2.081079e+01
2.142000e+01 2.082500e+01 2.091433e+01 2.081134e+01 2.141500e+01 2.083000e+01 2.090981e+01 2.081112e+01
2.021500e+01 2.084000e+01 2.072120e+01 2.083908e+01 2.021000e+01 2.084500e+01 2.071646e+01 2.083901e+01
2.022000e+01 2.083500e+01 2.072591e+01 2.083924e+01 2.021500e+01 2.084000e+01 2.072120e+01 2.083908e+01
2.067000e+01 2.083500e+01 2.099549e+01 2.082297e+01 2.067000e+01 2.084500e+01 2.099325e+01 2.080353e+01
2.097000e+01 2.083500e+01 2.063810e+01 2.078932e+01 2.097000e+01 2.084500e+01 2.063852e+01 2.077091e+01
2.141000e+01 2.083500e+01 2.090532e+01 2.081079e+01 2.141000e+01 2.084500e+01 2.090615e+01 2.081090e+01
2.021000e+01 2.084500e+01 2.071646e+01 2.083901e+01 2.021000e+01 2.085500e+01 2.071647e+01 2.083903e+01
2.067000e+01 2.084500e+01 2.099325e+01 2.080353e+01 2.067000e+01 2.085500e+01 2.099016e+01 2.078441e+01
2.097000e+01 2.084500e+01 2.063852e+01 2.077091e+01 2.097000e+01 2.085500e+01 2.063978e+01 2.075317e+01
2.140500e+01 2.085000e+01 2.090188e+01 2.081052e+01 2.140000e+01 2.085500e+01 2.089765e+01 2.081002e+01
2.141000e+01 2.084500e+01 2.090615e+01 2.081090e+01 2.140500e+01 2.085000e+01 2.090188e+01 2.081052e+01
2.021000e+01 2.085500e+01 2.071647e+01 2.083903e+01 2.021000e+01 2.086500e+01 2.071626e+01 2.083899e+01
2.067000e+01 2.085500e+01 2.099016e+01 2.078441e+01 2.067000e+01 2.086500e+01 2.098630e+01 2.076584e+01
2.097000e+01 2.085500e+01 2.063978e+01 2.075317e+01 2.097000e+01 2.086500e+01 2.064185e+01 2.073632e+01
2.139500e+01 2.086000e+01 2.089353e+01 2.080951e+01 2.139000e+01 2.086500e+01 2.088945e+01 2.080890e+01
2.140000e+01 2.085500e+01 2.089765e+01 2.081002e+01 2.139500e+01 2.086000e+01 2.089353e+01 2.080951e+01
2.021000e+01 2.086500e+01 2.071626e+01 2.083899e+01 2.021000e+01 2.087500e+01 2.071584e+01 2.083893e+01
2.067000e+01 2.086500e+01 2.098630e+01 2.076584e+01 2.067500e+01 2.087000e+01 2.098356e+01 2.075469e+01
2.067500e+01 2.087000e+01 2.098356e+01 2.075469e+01 2.068000e+01 2.087500e+01 2.098040e+01 2.074307e+01
2.096500e+01 2.087000e+01 2.064338e+01 2.072703e+01 2.096000e+01 2.087500e+01 2.064528e+01 2.071727e+01
2.097000e+01 2.086500e+01 2.064185e+01 2.073632e+01 2.096500e+01 2.087000e+01 2.064338e+01 2.072703e+01
2.139000e+01 2.086500e+01 2.088945e+01 2.080890e+01 2.139000e+01 2.087500e+01 2.089092e+01 2.080912e+01
2.020500e+01 2.088000e+01 2.071072e+01 2.083920e+01 2.020000e+01 2.088500e+01 2.070558e+01 2.083957e+01
2.021000e+01 2.087500e+01 2.071584e+01 2.083893e+01 2.020500e+01 2.088000e+01 2.071072e+01 2.083920e+01
2.068000e+01 2.087500e+01 2.098040e+01 2.074307e+01 2.068000e+01 2.088500e+01 2.097498e+01 2.072573e+01
2.096000e+01 2.087500e+01 2.064528e+01 2.071727e+01 2.096000e+01 2.088500e+01 2.064896e+01 2.070203e+01
2.138500e+01 2.088000e+01 2.088706e+01 2.080851e+01 2.138000e+01 2.088500e+01 2.088326e+01 2.080778e+01
2.139000e+01 2.087500e+01 2.089092e+01 2.080912e+01 2.138500e+01 2.088000e+01 2.088706e+01 2.080851e+01
2.020000e+01 2.088500e+01 2.070558e+01 2.083957e+01 2.020000e+01 2.089500e+01 2.070477e+01 2.083971e+01
2.068000e+01 2.088500e+01 2.097498e+01 2.072573e+01 2.068000e+01 2.089500e+01 2.096910e+01 2.070962e+01
2.096000e+01 2.088500e+01 2.064896e+01 2.070203e+01 2.096000e+01 2.089500e+01 2.065321e+01 2.068817e+01
2.137500e+01 2.089000e+01 2.087958e+01 2.080708e+01 2.137000e+01 2.089500e+01 2.087595e+01 2.080626e+01
2.138000e+01 2.088500e+01 2.088326e+01 2.080778e+01 2.137500e+01 2.089000e+01 2.087958e+01 2.080708e+01
2.020000e+01 2.089500e+01 2.070477e+01 2.083971e+01 2.020000e+01 2.090500e+01 2.070377e+01 2.083988e+01
2.068000e+01 2.089500e+01 2.096910e+01 2.070962e+01 2.068500e+01 2.090000e+01 2.096476e+01 2.069913e+01
2.068500e+01 2.090000e+01 2.096476e+01 2.069913e+01 2.069000e+01 2.090500e+01 2.095991e+01 2.068835e+01
2.095500e+01 2.090000e+01 2.065633e+01 2.067960e+01 2.095000e+01 2.090500e+01 2.065992e+01 2.067070e+01
2.096000e+01 2.089500e+01 2.065321e+01 2.068817e+01 2.095500e+01 2.090000e+01 2.065633e+01 2.067960e+01
2.136500e+01 2.090000e+01 2.087244e+01 2.080547e+01 2.136000e+01 2.090500e+01 2.086898e+01 2.080457e+01
2.137000e+01 2.089500e+01 2.087595e+01 2.080626e+01 2.136500e+01 2.090000e+01 2.087244e+01 2.080547e+01
2.020000e+01 2.090500e+01 2.070377e+01 2.083988e+01 2.020000e+01 2.091500e+01 2.070256e+01 2.084012e+01
2.069000e+01 2.090500e+01 2.095991e+01 2.068835e+01 2.069000e+01 2.091500e+01 2.095318e+01 2.067483e+01
2.095000e+01 2.090500e+01 2.065992e+01 2.067070e+01 2.095000e+01 2.091500e+01 2.066525e+01 2.065942e+01
2.136000e+01 2.090500e+01 2.086898e+01 2.080457e+01 2.136000e+01 2.091500e+01 2.087130e+01 2.080515e+01
2.020000e+01 2.091500e+01 2.070256e+01 2.084012e+01 2.020500e+01 2.092000e+01 2.070662e+01 2.083957e+01
2.020500e+01 2.092000e+01 2.070662e+01 2.083957e+01 2.021000e+01 2.092500e+01 2.071061e+01 2.083890e+01
2.069000e+01 2.091500e+01 2.095318e+01 2.067483e+01 2.069500e+01 2.092000e+01 2.094791e+01 2.066543e+01
2.069500e+01 2.092000e+01 2.094791e+01 2.066543e+01 2.070000e+01 2.092500e+01 2.094212e+01 2.065591e+01
2.094500e+01 2.092000e+01 2.066939e+01 2.065177e+01 2.094000e+01 2.092500e+01 2.067403e+01 2.064393e+01
2.095000e+01 2.091500e+01 2.066525e+01 2.065942e+01 2.094500e+01 2.092000e+01 2.066939e+01 2.065177e+01
2.135500e+01 2.092000e+01 2.086807e+01 2.080434e+01 2.135000e+01 2.092500e+01 2.086491e+01 2.080342e+01
2.136000e+01 2.091500e+01 2.087130e+01 2.080515e+01 2.135500e+01 2.092000e+01 2.086807e+01 2.080434e+01
2.021000e+01 2.092500e+01 2.071061e+01 2.083890e+01 2.021000e+01 2.093500e+01 2.070897e+01 2.083912e+01
2.070000e+01 2.092500e+01 2.094212e+01 2.065591e+01 2.070000e+01 2.093500e+01 2.093512e+01 2.064554e+01
2.093500e+01 2.093000e+01 2.067903e+01 2.063680e+01 2.093000e+01 2.093500e+01 2.068434e+01 2.062959e+01
2.094000e+01 2.092500e+01 2.067403e+01 2.064393e+01 2.093500e+01 2.093000e+01 2.067903e+01 2.063680e+01
2.134500e+01 2.093000e+01 2.086185e+01 2.080256e+01 2.134000e+01 2.093500e+01 2.085887e+01 2.080160e+01
2.135000e+01 2.092500e+01 2.086491e+01 2.080342e+01 2.134500e+01 2.093000e+01 2.086185e+01 2.080256e+01
2.021000e+01 2.093500e+01 2.070897e+01 2.083912e+01 2.021000e+01 2.094500e+01 2.070713e+01 2.083947e+01
2.070000e+01 2.093500e+01 2.093512e+01 2.064554e+01 2.070500e+01 2.094000e+01 2.092926e+01 2.063770e+01
2.070500e+01 2.094000e+01 2.092926e+01 2.063770e+01 2.071000e+01 2.094500e+01 2.092295e+01 2.062991e+01
2.091500e+01 2.094000e+01 2.069509e+01 2.061715e+01 2.091000e+01 2.094500e+01 2.070144e+01 2.061083e+01
2.091500e+01 2.094000e+01 2.069509e+01 2.061715e+01 2.092500e+01 2.094000e+01 2.068947e+01 2.062323e+01
2.093000e+01 2.093500e+01 2.068434e+01 2.062959e+01 2.092500e+01 2.094000e+01 2.068947e+01 2.062323e+01
2.133500e+01 2.094000e+01 2.085601e+01 2.080075e+01 2.133000e+01 2.094500e+01 2.085322e+01 2.079981e+01
2.134000e+01 2.093500e+01 2.085887e+01 2.080160e+01 2.133500e+01 2.094000e+01 2.085601e+01 2.080075e+01
2.021000e+01 2.094500e+01 2.070713e+01 2.083947e+01 2.021000e+01 2.095500e+01 2.070513e+01 2.083997e+01
2.071000e+01 2.094500e+01 2.092295e+01 2.062991e+01 2.071500e+01 2.095000e+01 2.091673e+01 2.062302e+01
2.071500e+01 2.095000e+01 2.091673e+01 2.062302e+01 2.072500e+01 2.095000e+01 2.091017e+01 2.061633e+01
2.072500e+01 2.095000e+01 2.091017e+01 2.061633e+01 2.073000e+01 2.095500e+01 2.090314e+01 2.060981e+01
2.090500e+01 2.095000e+01 2.070766e+01 2.060538e+01 2.090000e+01 2.095500e+01 2.071431e+01 2.060011e+01
2.091000e+01 2.094500e+01 2.070144e+01 2.061083e+01 2.090500e+01 2.095000e+01 2.070766e+01 2.060538e+01
2.132500e+01 2.095000e+01 2.085052e+01 2.079883e+01 2.132000e+01 2.095500e+01 2.084791e+01 2.079774e+01
2.133000e+01 2.094500e+01 2.085322e+01 2.079981e+01 2.132500e+01 2.095000e+01 2.085052e+01 2.079883e+01
2.021000e+01 2.095500e+01 2.070513e+01 2.083997e+01 2.021500e+01 2.096000e+01 2.070864e+01 2.083921e+01
2.021500e+01 2.096000e+01 2.070864e+01 2.083921e+01 2.022000e+01 2.096500e+01 2.071207e+01 2.083833e+01
2.073000e+01 2.095500e+01 2.090314e+01 2.060981e+01 2.073500e+01 2.096000e+01 2.089637e+01 2.060422e+01
2.073500e+01 2.096000e+01 2.089637e+01 2.060422e+01 2.074500e+01 2.096000e+01 2.088798e+01 2.059828e+01
2.074500e+01 2.096000e+01 2.088798e+01 2.059828e+01 2.075000e+01 2.096500e+01 2.088064e+01 2.059338e+01
2.088500e+01 2.096000e+01 2.072903e+01 2.059051e+01 2.088000e+01 2.096500e+01 2.073603e+01 2.058670e+01
2.088500e+01 2.096000e+01 2.072903e+01 2.059051e+01 2.089500e+01 2.096000e+01 2.072072e+01 2.059569e+01
2.090000e+01 2.095500e+01 2.071431e+01 2.060011e+01 2.089500e+01 2.096000e+01 2.072072e+01 2.059569e+01
2.131500e+01 2.096000e+01 2.084540e+01 2.079680e+01 2.131000e+01 2.096500e+01 2.084298e+01 2.079576e+01
2.132000e+01 2.095500e+01 2.084791e+01 2.079774e+01 2.131500e+01 2.096000e+01 2.084540e+01 2.079680e+01
2.022000e+01 2.096500e+01 2.071207e+01 2.083833e+01 2.022500e+01 2.097000e+01 2.071539e+01 2.083747e+01
2.022500e+01 2.097000e+01 2.071539e+01 2.083747e+01 2.023000e+01 2.097500e+01 2.071862e+01 2.083650e+01
2.075000e+01 2.096500e+01 2.088064e+01 2.059338e+01 2.075500e+01 2.097000e+01 2.087390e+01 2.058934e+01
2.075500e+01 2.097000e+01 2.087390e+01 2.058934e+01 2.076500e+01 2.097000e+01 2.086447e+01 2.058458e+01
2.076500e+01 2.097000e+01 2.086447e+01 2.058458e+01 2.077500e+01 2.097000e+01 2.085433e+01 2.058039e+01
2.077500e+01 2.097000e+01 2.085433e+01 2.058039e+01 2.078000e+01 2.097500e+01 2.084719e+01 2.057782e+01
2.083500e+01 2.097000e+01 2.078496e+01 2.057201e+01 2.083000e+01 2.097500e+01 2.079128e+01 2.057125e+01
2.083500e+01 2.097000e+01 2.078496e+01 2.057201e+01 2.084500e+01 2.097000e+01 2.077351e+01 2.057378e+01
2.084500e+01 2.097000e+01 2.077351e+01 2.057378e+01 2.085500e+01 2.097000e+01 2.076256e+01 2.057638e+01
2.085500e+01 2.097000e+01 2.076256e+01 2.057638e+01 2.086500e+01 2.097000e+01 2.075225e+01 2.057973e+01
2.086500e+01 2.097000e+01 2.075225e+01 2.057973e+01 2.087500e+01 2.097000e+01 2.074267e+01 2.058370e+01
2.088000e+01 2.096500e+01 2.073603e+01 2.058670e+01 2.087500e+01 2.097000e+01 2.074267e+01 2.058370e+01
2.130500e+01 2.097000e+01 2.084066e+01 2.079482e+01 2.130000e+01 2.097500e+01 2.083843e+01 2.079378e+01
2.131000e+01 2.096500e+01 2.084298e+01 2.079576e+01 2.130500e+01 2.097000e+01 2.084066e+01 2.079482e+01
2.023000e+01 2.097500e+01 2.071862e+01 2.083650e+01 2.023000e+01 2.098500e+01 2.071598e+01 2.083725e+01
2.078000e+01 2.097500e+01 2.084719e+01 2.057782e+01 2.078500e+01 2.098000e+01 2.084057e+01 2.057601e+01
2.078500e+01 2.098000e+01 2.084057e+01 2.057601e+01 2.079500e+01 2.098000e+01 2.083005e+01 2.057356e+01
2.079500e+01 2.098000e+01 2.083005e+01 2.057356e+01 2.080500e+01 2.098000e+01 2.081921e+01 2.057189e+01
2.080500e+01 2.098000e+01 2.081921e+01 2.057189e+01 2.081500e+01 2.098000e+01 2.080820e+01 2.057104e+01
2.081500e+01 2.098000e+01 2.080820e+01 2.057104e+01 2.082500e+01 2.098000e+01 2.079716e+01 2.057105e+01
2.083000e+01 2.097500e+01 2.079128e+01 2.057125e+01 2.082500e+01 2.098000e+01 2.079716e+01 2.057105e+01
2.129500e+01 2.098000e+01 2.083630e+01 2.079284e+01 2.129000e+01 2.098500e+01 2.083426e+01 2.079182e+01
2.130000e+01 2.097500e+01 2.083843e+01 2.079378e+01 2.129500e+01 2.098000e+01 2.083630e+01 2.079284e+01
2.023000e+01 2.098500e+01 2.071598e+01 2.083725e+01 2.023500e+01 2.099000e+01 2.071899e+01 2.083635e+01
2.023500e+01 2.099000e+01 2.071899e+01 2.083635e+01 2.024000e+01 2.099500e+01 2.072192e+01 2.083534e+01
2.128500e+01 2.099000e+01 2.083231e+01 2.079090e+01 2.128000e+01 2.099500e+01 2.083046e+01 2.078990e+01
2.129000e+01 2.098500e+01 2.083426e+01 2.079182e+01 2.128500e+01 2.099000e+01 2.083231e+01 2.079090e+01
2.024000e+01 2.099500e+01 2.072192e+01 2.083534e+01 2.024500e+01 2.100000e+01 2.072473e+01 2.083439e+01
2.024500e+01 2.100000e+01 2.072473e+01 2.083439e+01 2.025000e+01 2.100500e+01 2.072745e+01 2.083335e+01
2.127500e+01 2.100000e+01 2.082870e+01 2.078902e+01 2.127000e+01 2.100500e+01 2.082704e+01 2.078806e+01
2.128000e+01 2.099500e+01 2.083046e+01 2.078990e+01 2.127500e+01 2.100000e+01 2.082870e+01 2.078902e+01
2.025000e+01 2.100500e+01 2.072745e+01 2.083335e+01 2.025500e+01 2.101000e+01 2.073007e+01 2.083237e+01
2.025500e+01 2.101000e+01 2.073007e+01 2.083237e+01 2.026000e+01 2.101500e+01 2.073260e+01 2.083130e+01
2.126500e+01 2.101000e+01 2.082546e+01 2.078721e+01 2.126000e+01 2.101500e+01 2.082399e+01 2.078630e+01
2.127000e+01 2.100500e+01 2.082704e+01 2.078806e+01 2.126500e+01 2.101000e+01 2.082546e+01 2.078721e+01
2.026000e+01 2.101500e+01 2.073260e+01 2.083130e+01 2.026500e+01 2.102000e+01 2.073502e+01 2.083032e+01
2.026500e+01 2.102000e+01 2.073502e+01 2.083032e+01 2.027000e+01 2.102500e+01 2.073735e+01 2.082925e+01
2.125500e+01 2.102000e+01 2.082259e+01 2.078551e+01 2.125000e+01 2.102500e+01 2.082131e+01 2.078466e+01
2.126000e+01 2.101500e+01 2.082399e+01 2.078630e+01 2.125500e+01 2.102000e+01 2.082259e+01 2.078551e+01
2.027000e+01 2.102500e+01 2.073735e+01 2.082925e+01 2.027500e+01 2.103000e+01 2.073958e+01 2.082829e+01
2.027500e+01 2.103000e+01 2.073958e+01 2.082829e+01 2.028000e+01 2.103500e+01 2.074172e+01 2.082724e+01
2.124500e+01 2.103000e+01 2.082009e+01 2.078393e+01 2.124000e+01 2.103500e+01 2.081899e+01 2.078315e+01
2.125000e+01 2.102500e+01 2.082131e+01 2.078466e+01 2.124500e+01 2.103000e+01 2.082009e+01 2.078393e+01
2.028000e+01 2.103500e+01 2.074172e+01 2.082724e+01 2.028500e+01 2.104000e+01 2.074377e+01 2.082631e+01
2.028500e+01 2.104000e+01 2.074377e+01 2.082631e+01 2.029000e+01 2.104500e+01 2.074572e+01 2.082531e+01
2.123500e+01 2.104000e+01 2.081765e+01 2.078254e+01 2.123000e+01 2.104500e+01 2.081672e+01 2.078184e+01
2.124000e+01 2.103500e+01 2.081899e+01 2.078315e+01 2.123500e+01 2.104000e+01 2.081765e+01 2.078254e+01
2.029000e+01 2.104500e+01 2.074572e+01 2.082531e+01 2.029500e+01 2.105000e+01 2.074759e+01 2.082444e+01
2.029500e+01 2.105000e+01 2.074759e+01 2.082444e+01 2.030500e+01 2.105000e+01 2.075507e+01 2.082048e+01
2.030500e+01 2.105000e+01 2.075507e+01 2.082048e+01 2.031000e+01 2.105500e+01 2.075672e+01 2.081947e+01
2.122500e+01 2.105000e+01 2.081614e+01 2.078123e+01 2.122000e+01 2.105500e+01 2.081539e+01 2.078062e+01
2.123000e+01 2.104500e+01 2.081672e+01 2.078184e+01 2.122500e+01 2.105000e+01 2.081614e+01 2.078123e+01
2.031000e+01 2.105500e+01 2.075672e+01 2.081947e+01 2.031500e+01 2.106000e+01 2.075830e+01 2.081860e+01
2.031500e+01 2.106000e+01 2.075830e+01 2.081860e+01 2.032000e+01 2.106500e+01 2.075977e+01 2.081768e+01
2.121500e+01 2.106000e+01 2.081468e+01 2.078014e+01 2.121000e+01 2.106500e+01 2.081410e+01 2.077964e+01
2.122000e+01 2.105500e+01 2.081539e+01 2.078062e+01 2.121500e+01 2.106000e+01 2.081468e+01 2.078014e+01
2.032000e+01 2.106500e+01 2.075977e+01 2.081768e+01 2.032500e+01 2.107000e+01 2.076118e+01 2.081692e+01
2.032500e+01 2.107000e+01 2.076118e+01 2.081692e+01 2.033500e+01 2.107000e+01 2.076806e+01 2.081264e+01
2.033500e+01 2.107000e+01 2.076806e+01 2.081264e+01 2.034000e+01 2.107500e+01 2.076924e+01 2.081177e+01
2.120500e+01 2.107000e+01 2.081355e+01 2.077927e+01 2.120000e+01 2.107500e+01 2.081313e+01 2.077887e+01
2.121000e+01 2.106500e+01 2.081410e+01 2.077964e+01 2.120500e+01 2.107000e+01 2.081355e+01 2.077927e+01
2.034000e+01 2.107500e+01 2.076924e+01 2.081177e+01 2.034500e+01 2.108000e+01 2.077038e+01 2.081108e+01
2.034500e+01 2.108000e+01 2.077038e+01 2.081108e+01 2.035500e+01 2.108000e+01 2.077687e+01 2.080663e+01
2.035500e+01 2.108000e+01 2.077687e+01 2.080663e+01 2.036000e+01 2.108500e+01 2.077777e+01 2.080587e+01
2.119500e+01 2.108000e+01 2.081273e+01 2.077860e+01 2.119000e+01 2.108500e+01 2.081246e+01 2.077830e+01
2.120000e+01 2.107500e+01 2.081313e+01 2.077887e+01 2.119500e+01 2.108000e+01 2.081273e+01 2.077860e+01
2.036000e+01 2.108500e+01 2.077777e+01 2.080587e+01 2.036500e+01 2.109000e+01 2.077864e+01 2.080528e+01
2.036500e+01 2.109000e+01 2.077864e+01 2.080528e+01 2.037000e+01 2.109500e+01 2.077939e+01 2.080466e+01
2.118500e+01 2.109000e+01 2.081221e+01 2.077817e+01 2.118000e+01 2.109500e+01 2.081209e+01 2.077803e+01
2.119000e+01 2.108500e+01 2.081246e+01 2.077830e+01 2.118500e+01 2.109000e+01 2.081221e+01 2.077817e+01
2.037000e+01 2.109500e+01 2.077939e+01 2.080466e+01 2.037500e+01 2.110000e+01 2.078012e+01 2.080423e+01
2.037500e+01 2.110000e+01 2.078012e+01 2.080423e+01 2.038500e+01 2.110000e+01 2.078598e+01 2.079967e+01
2.038500e+01 2.110000e+01 2.078598e+01 2.079967e+01 2.039000e+01 2.110500e+01 2.078646e+01 2.079914e+01
2.117500e+01 2.110000e+01 2.081198e+01 2.077806e+01 2.117000e+01 2.110500e+01 2.081200e+01 2.077808e+01
2.118000e+01 2.109500e+01 2.081209e+01 2.077803e+01 2.117500e+01 2.110000e+01 2.081198e+01 2.077806e+01
2.039000e+01 2.110500e+01 2.078646e+01 2.079914e+01 2.039500e+01 2.111000e+01 2.078694e+01 2.079886e+01
2.039500e+01 2.111000e+01 2.078694e+01 2.079886e+01 2.040500e+01 2.111000e+01 2.079237e+01 2.079416e+01
2.040500e+01 2.111000e+01 2.079237e+01 2.079416e+01 2.041000e+01 2.111500e+01 2.079262e+01 2.079387e+01
2.115500e+01 2.111000e+01 2.080736e+01 2.077326e+01 2.115000e+01 2.111500e+01 2.080764e+01 2.077344e+01
2.115500e+01 2.111000e+01 2.080736e+01 2.077326e+01 2.116500e+01 2.111000e+01 2.081202e+01 2.077822e+01
2.117000e+01 2.110500e+01 2.081200e+01 2.077808e+01 2.116500e+01 2.111000e+01 2.081202e+01 2.077822e+01
2.041000e+01 2.111500e+01 2.079262e+01 2.079387e+01 2.041500e+01 2.112000e+01 2.079287e+01 2.079378e+01
2.041500e+01 2.112000e+01 2.079287e+01 2.079378e+01 2.042500e+01 2.112000e+01 2.079796e+01 2.078902e+01
2.042500e+01 2.112000e+01 2.079796e+01 2.078902e+01 2.043000e+01 2.112500e+01 2.079789e+01 2.078895e+01
2.114500e+01 2.112000e+01 2.080790e+01 2.077374e+01 2.114000e+01 2.112500e+01 2.080828e+01 2.077406e+01
2.115000e+01 2.111500e+01 2.080764e+01 2.077344e+01 2.114500e+01 2.112000e+01 2.080790e+01 2.077374e+01
2.043000e+01 2.112500e+01 2.079789e+01 2.078895e+01 2.043500e+01 2.113000e+01 2.079792e+01 2.078907e+01
2.043500e+01 2.113000e+01 2.079792e+01 2.078907e+01 2.044500e+01 2.113000e+01 2.080260e+01 2.078430e+01
2.044500e+01 2.113000e+01 2.080260e+01 2.078430e+01 2.045000e+01 2.113500e+01 2.080232e+01 2.078447e+01
2.113500e+01 2.113000e+01 2.080865e+01 2.077452e+01 2.113000e+01 2.113500e+01 2.080914e+01 2.077501e+01
2.114000e+01 2.112500e+01 2.080828e+01 2.077406e+01 2.113500e+01 2.113000e+01 2.080865e+01 2.077452e+01
2.045000e+01 2.113500e+01 2.080232e+01 2.078447e+01 2.045500e+01 2.114000e+01 2.080215e+01 2.078481e+01
2.045500e+01 2.114000e+01 2.080215e+01 2.078481e+01 2.046500e+01 2.114000e+01 2.080640e+01 2.078008e+01
2.046500e+01 2.114000e+01 2.080640e+01 2.078008e+01 2.047500e+01 2.114000e+01 2.081052e+01 2.077532e+01
2.047500e+01 2.114000e+01 2.081052e+01 2.077532e+01 2.048000e+01 2.114500e+01 2.080993e+01 2.077578e+01
2.112500e+01 2.114000e+01 2.080960e+01 2.077565e+01 2.112000e+01 2.114500e+01 2.081018e+01 2.077631e+01
2.113000e+01 2.113500e+01 2.080914e+01 2.077501e+01 2.112500e+01 2.114000e+01 2.080960e+01 2.077565e+01
2.048000e+01 2.114500e+01 2.080993e+01 2.077578e+01 2.048500e+01 2.115000e+01 2.080932e+01 2.077645e+01
2.048500e+01 2.115000e+01 2.080932e+01 2.077645e+01 2.049500e+01 2.115000e+01 2.081295e+01 2.077178e+01
2.049500e+01 2.115000e+01 2.081295e+01 2.077178e+01 2.050000e+01 2.115500e+01 2.081220e+01 2.077253e+01
2.111500e+01 2.115000e+01 2.081072e+01 2.077712e+01 2.111000e+01 2.115500e+01 2.081138e+01 2.077797e+01
2.112000e+01 2.114500e+01 2.081018e+01 2.077631e+01 2.111500e+01 2.115000e+01 2.081072e+01 2.077712e+01
2.050000e+01 2.115500e+01 2.081220e+01 2.077253e+01 2.050500e+01 2.116000e+01 2.081159e+01 2.077345e+01
2.050500e+01 2.116000e+01 2.081159e+01 2.077345e+01 2.051500e+01 2.116000e+01 2.081471e+01 2.076892e+01
2.051500e+01 2.116000e+01 2.081471e+01 2.076892e+01 2.052000e+01 2.116500e+01 2.081391e+01 2.076996e+01
2.109500e+01 2.116000e+01 2.080875e+01 2.077428e+01 2.109000e+01 2.116500e+01 2.080958e+01 2.077537e+01
2.109500e+01 2.116000e+01 2.080875e+01 2.077428e+01 2.110500e+01 2.116000e+01 2.081199e+01 2.077896e+01
2.111000e+01 2.115500e+01 2.081138e+01 2.077797e+01 2.110500e+01 2.116000e+01 2.081199e+01 2.077896e+01
2.052000e+01 2.116500e+01 2.081391e+01 2.076996e+01 2.052500e+01 2.117000e+01 2.081318e+01 2.077117e+01
2.052500e+01 2.117000e+01 2.081318e+01 2.077117e+01 2.053500e+01 2.117000e+01 2.081590e+01 2.076680e+01
2.053500e+01 2.117000e+01 2.081590e+01 2.076680e+01 2.054000e+01 2.117500e+01 2.081499e+01 2.076815e+01
2.108500e+01 2.117000e+01 2.081035e+01 2.077660e+01 2.108000e+01 2.117500e+01 2.081123e+01 2.077789e+01
2.109000e+01 2.116500e+01 2.080958e+01 2.077537e+01 2.108500e+01 2.117000e+01 2.081035e+01 2.077660e+01
2.054000e+01 2.117500e+01 2.081499e+01 2.076815e+01 2.054500e+01 2.118000e+01 2.081415e+01 2.076965e+01
2.054500e+01 2.118000e+01 2.081415e+01 2.076965e+01 2.055500e+01 2.118000e+01 2.081649e+01 2.076547e+01
2.055500e+01 2.118000e+01 2.081649e+01 2.076547e+01 2.056000e+01 2.118500e+01 2.081549e+01 2.076713e+01
2.106500e+01 2.118000e+01 2.080942e+01 2.077489e+01 2.106000e+01 2.118500e+01 2.081042e+01 2.077645e+01
2.106500e+01 2.118000e+01 2.080942e+01 2.077489e+01 2.107500e+01 2.118000e+01 2.081204e+01 2.077930e+01
2.108000e+01 2.117500e+01 2.081123e+01 2.077789e+01 2.107500e+01 2.118000e+01 2.081204e+01 2.077930e+01
2.056000e+01 2.118500e+01 2.081549e+01 2.076713e+01 2.056500e+01 2.119000e+01 2.081458e+01 2.076897e+01
2.056500e+01 2.119000e+01 2.081458e+01 2.076897e+01 2.057500e+01 2.119000e+01 2.081657e+01 2.076502e+01
2.057500e+01 2.119000e+01 2.081657e+01 2.076502e+01 2.058000e+01 2.119500e+01 2.081553e+01 2.076703e+01
2.105500e+01 2.119000e+01 2.081134e+01 2.077813e+01 2.105000e+01 2.119500e+01 2.081234e+01 2.077990e+01
2.106000e+01 2.118500e+01 2.081042e+01 2.077645e+01 2.105500e+01 2.119000e+01 2.081134e+01 2.077813e+01
2.058000e+01 2.119500e+01 2.081553e+01 2.076703e+01 2.058500e+01 2.120000e+01 2.081458e+01 2.076921e+01
2.058500e+01 2.120000e+01 2.081458e+01 2.076921e+01 2.059500e+01 2.120000e+01 2.081624e+01 2.076553e+01
2.059500e+01 2.120000e+01 2.081624e+01 2.076553e+01 2.060000e+01 2.120500e+01 2.081518e+01 2.076791e+01
2.103500e+01 2.120000e+01 2.081120e+01 2.077773e+01 2.103000e+01 2.120500e+01 2.081226e+01 2.077979e+01
2.103500e+01 2.120000e+01 2.081120e+01 2.077773e+01 2.104500e+01 2.120000e+01 2.081326e+01 2.078178e+01
2.105000e+01 2.119500e+01 2.081234e+01 2.077990e+01 2.104500e+01 2.120000e+01 2.081326e+01 2.078178e+01
2.060000e+01 2.120500e+01 2.081518e+01 2.076791e+01 2.060500e+01 2.121000e+01 2.081422e+01 2.077039e+01
2.060500e+01 2.121000e+01 2.081422e+01 2.077039e+01 2.061500e+01 2.121000e+01 2.081559e+01 2.076700e+01
2.061500e+01 2.121000e+01 2.081559e+01 2.076700e+01 2.062500e+01 2.121000e+01 2.081677e+01 2.076372e+01
2.062500e+01 2.121000e+01 2.081677e+01 2.076372e+01 2.063000e+01 2.121500e+01 2.081569e+01 2.076651e+01
2.102500e+01 2.121000e+01 2.081323e+01 2.078195e+01 2.102000e+01 2.121500e+01 2.081388e+01 2.078428e+01
2.103000e+01 2.120500e+01 2.081226e+01 2.077979e+01 2.102500e+01 2.121000e+01 2.081323e+01 2.078195e+01
2.063000e+01 2.121500e+01 2.081569e+01 2.076651e+01 2.063500e+01 2.122000e+01 2.081472e+01 2.076942e+01
2.063500e+01 2.122000e+01 2.081472e+01 2.076942e+01 2.064500e+01 2.122000e+01 2.081566e+01 2.076647e+01
2.064500e+01 2.122000e+01 2.081566e+01 2.076647e+01 2.065000e+01 2.122500e+01 2.081465e+01 2.076960e+01
2.099500e+01 2.122000e+01 2.081217e+01 2.077948e+01 2.099000e+01 2.122500e+01 2.081325e+01 2.078215e+01
2.099500e+01 2.122000e+01 2.081217e+01 2.077948e+01 2.100500e+01 2.122000e+01 2.081360e+01 2.078298e+01
2.100500e+01 2.122000e+01 2.081360e+01 2.078298e+01 2.101500e+01 2.122000e+01 2.081482e+01 2.078665e+01
2.102000e+01 2.121500e+01 2.081388e+01 2.078428e+01 2.101500e+01 2.122000e+01 2.081482e+01 2.078665e+01
2.065000e+01 2.122500e+01 2.081465e+01 2.076960e+01 2.065500e+01 2.123000e+01 2.081374e+01 2.077282e+01
2.065500e+01 2.123000e+01 2.081374e+01 2.077282e+01 2.066500e+01 2.123000e+01 2.081449e+01 2.077024e+01
2.066500e+01 2.123000e+01 2.081449e+01 2.077024e+01 2.067500e+01 2.123000e+01 2.081510e+01 2.076779e+01
2.067500e+01 2.123000e+01 2.081510e+01 2.076779e+01 2.068000e+01 2.123500e+01 2.081418e+01 2.077136e+01
2.096500e+01 2.123000e+01 2.081205e+01 2.077865e+01 2.096000e+01 2.123500e+01 2.081311e+01 2.078175e+01
2.096500e+01 2.123000e+01 2.081205e+01 2.077865e+01 2.097500e+01 2.123000e+01 2.081306e+01 2.078172e+01
2.097500e+01 2.123000e+01 2.081306e+01 2.078172e+01 2.098500e+01 2.123000e+01 2.081423e+01 2.078491e+01
2.099000e+01 2.122500e+01 2.081325e+01 2.078215e+01 2.098500e+01 2.123000e+01 2.081423e+01 2.078491e+01
2.068000e+01 2.123500e+01 2.081418e+01 2.077136e+01 2.068500e+01 2.124000e+01 2.081338e+01 2.077500e+01
2.068500e+01 2.124000e+01 2.081338e+01 2.077500e+01 2.069500e+01 2.124000e+01 2.081386e+01 2.077294e+01
2.069500e+01 2.124000e+01 2.081386e+01 2.077294e+01 2.070500e+01 2.124000e+01 2.081421e+01 2.077104e+01
2.070500e+01 2.124000e+01 2.081421e+01 2.077104e+01 2.071500e+01 2.124000e+01 2.081445e+01 2.076931e+01
2.071500e+01 2.124000e+01 2.081445e+01 2.076931e+01 2.072000e+01 2.124500e+01 2.081374e+01 2.077341e+01
2.093500e+01 2.124000e+01 2.081256e+01 2.077964e+01 2.093000e+01 2.124500e+01 2.081351e+01 2.078316e+01
2.093500e+01 2.124000e+01 2.081256e+01 2.077964e+01 2.094500e+01 2.124000e+01 2.081323e+01 2.078221e+01
2.094500e+01 2.124000e+01 2.081323e+01 2.078221e+01 2.095500e+01 2.124000e+01 2.081404e+01 2.078492e+01
2.096000e+01 2.123500e+01 2.081311e+01 2.078175e+01 2.095500e+01 2.124000e+01 2.081404e+01 2.078492e+01
2.072000e+01 2.124500e+01 2.081374e+01 2.077341e+01 2.072500e+01 2.125000e+01 2.081314e+01 2.077756e+01
2.072500e+01 2.125000e+01 2.081314e+01 2.077756e+01 2.073500e+01 2.125000e+01 2.081335e+01 2.077623e+01
2.073500e+01 2.125000e+01 2.081335e+01 2.077623e+01 2.074500e+01 2.125000e+01 2.081348e+01 2.077508e+01
2.074500e+01 2.125000e+01 2.081348e+01 2.077508e+01 2.075500e+01 2.125000e+01 2.081354e+01 2.077411e+01
2.075500e+01 2.125000e+01 2.081354e+01 2.077411e+01 2.076500e+01 2.125000e+01 2.081348e+01 2.077299e+01
2.076500e+01 2.125000e+01 2.081348e+01 2.077299e+01 2.077000e+01 2.125500e+01 2.081321e+01 2.077804e+01
2.087500e+01 2.125000e+01 2.081262e+01 2.077746e+01 2.087000e+01 2.125500e+01 2.081325e+01 2.078174e+01
2.087500e+01 2.125000e+01 2.081262e+01 2.077746e+01 2.088500e+01 2.125000e+01 2.081277e+01 2.077897e+01
2.088500e+01 2.125000e+01 2.081277e+01 2.077897e+01 2.089500e+01 2.125000e+01 2.081300e+01 2.078066e+01
2.089500e+01 2.125000e+01 2.081300e+01 2.078066e+01 2.090500e+01 2.125000e+01 2.081334e+01 2.078252e+01
2.090500e+01 2.125000e+01 2.081334e+01 2.078252e+01 2.091500e+01 2.125000e+01 2.081378e+01 2.078455e+01
2.091500e+01 2.125000e+01 2.081378e+01 2.078455e+01 2.092500e+01 2.125000e+01 2.081433e+01 2.078673e+01
2.093000e+01 2.124500e+01 2.081351e+01 2.078316e+01 2.092500e+01 2.125000e+01 2.081433e+01 2.078673e+01
2.077000e+01 2.125500e+01 2.081321e+01 2.077804e+01 2.077500e+01 2.126000e+01 2.081298e+01 2.078277e+01
2.077500e+01 2.126000e+01 2.081298e+01 2.078277e+01 2.078500e+01 2.126000e+01 2.081307e+01 2.078238e+01
2.078500e+01 2.126000e+01 2.081307e+01 2.078238e+01 2.079500e+01 2.126000e+01 2.081314e+01 2.078218e+01
2.079500e+01 2.126000e+01 2.081314e+01 2.078218e+01 2.080500e+01 2.126000e+01 2.081318e+01 2.078217e+01
2.080500e+01 2.126000e+01 2.081318e+01 2.078217e+01 2.081500e+01 2.126000e+01 2.081323e+01 2.078235e+01
2.081500e+01 2.126000e+01 2.081323e+01 2.078235e+01 2.082500e+01 2.126000e+01 2.081328e+01 2.078272e+01
2.082500e+01 2.126000e+01 2.081328e+01 2.078272e+01 2.083500e+01 2.126000e+01 2.081350e+01 2.078325e+01
2.083500e+01 2.126000e+01 2.081350e+01 2.078325e+01 2.084500e+01 2.126000e+01 2.081344e+01 2.078401e+01
2.084500e+01 2.126000e+01 2.081344e+01 2.078401e+01 2.085500e+01 2.126000e+01 2.081358e+01 2.078494e+01
2.085500e+01 2.126000e+01 2.081358e+01 2.078494e+01 2.086500e+01 2.126000e+01 2.081377e+01 2.078605e+01
2.087000e+01 2.125500e+01 2.081325e+01 2.078174e+01 2.086500e+01 2.126000e+01 2.081377e+01 2.078605e+01
2.078452e+01 2.038672e+01 2.082188e+01 2.086575e+01 2.078452e+01 2.038672e+01 2.082190e+01 2.086599e+01
2.078452e+01 2.038672e+01 2.082190e+01 2.086599e+01 2.078452e+01 2.038672e+01 2.082191e+01 2.086621e+01
2.078452e+01 2.038672e+01 2.082191e+01 2.086621e+01 2.078452e+01 2.038672e+01 2.082193e+01 2.086641e+01
2.078452e+01 2.038672e+01 2.082193e+01 2.086641e+01 2.078452e+01 2.038672e+01 2.082194e+01 2.086659e+01
2.078452e+01 2.038672e+01 2.082194e+01 2.086659e+01 2.078452e+01 2.038672e+01 2.082196e+01 2.086675e+01
2.078452e+01 2.038672e+01 2.082196e+01 2.086675e+01 2.078452e+01 2.038672e+01 2.082197e+01 2.086688e+01
2.078452e+01 2.038672e+01 2.082197e+01 2.086688e+01 2.078452e+01 2.038672e+01 2.082198e+01 2.086700e+01
2.078452e+01 2.038672e+01 2.082198e+01 2.086700e+01 2.078452e+01 2.038672e+01 2.082199e+01 2.086709e+01
2.078452e+01 2.038672e+01 2.082199e+01 2.086709e+01 2.078452e+01 2.038672e+01 2.082199e+01 2.086715e+01
2.078452e+01 2.038672e+01 2.082199e+01 2.086715e+01 2.078452e+01 2.038672e+01 2.082199e+01 2.086719e+01
2.078452e+01 2.038672e+01 2.082199e+01 2.086719e+01 2.078452e+01 2.038672e+01 2.082199e+01 2.086721e+01
2.078452e+01 2.038672e+01 2.082199e+01 2.086721e+01 2.078452e+01 2.038672e+01 2.082199e+01 2.086720e+01
2.078452e+01 2.038672e+01 2.082199e+01 2.086720e+01 2.078452e+01 2.038672e+01 2.082199e+01 2.086717e+01
2.078452e+01 2.038672e+01 2.082199e+01 2.086717e+01 2.078452e+01 2.038672e+01 2.082198e+01 2.086711e+01
2.078452e+01 2.038672e+01 2.082198e+01 2.086711e+01 2.078452e+01 2.038672e+01 2.082197e+01 2.086703e+01
2.078452e+01 2.038672e+01 2.082197e+01 2.086703e+01 2.078452e+01 2.038672e+01 2.082196e+01 2.086692e+01
2.078452e+01 2.038672e+01 2.082196e+01 2.086692e+01 2.078452e+01 2.038672e+01 2.082195e+01 2.086679e+01
2.078452e+01 2.038672e+01 2.082195e+01 2.086679e+01 2.078452e+01 2.038672e+01 2.082193e+01 2.086664e+01
2.078452e+01 2.038672e+01 2.082193e+01 2.086664e+01 2.078452e+01 2.038672e+01 2.082191e+01 2.086647e+01
2.078452e+01 2.038672e+01 2.082191e+01 2.086647e+01 2.078452e+01 2.038672e+01 2.082189e+01 2.086628e+01
2.078452e+01 2.038672e+01 2.082189e+01 2.086628e+01 2.078452e+01 2.038672e+01 2.082187e+01 2.086606e+01
2.078452e+01 2.038672e+01 2.082187e+01 2.086606e+01 2.078452e+01 2.038672e+01 2.082185e+01 2.086583e+01
2.078452e+01 2.038672e+01 2.082185e+01 2.086583e+01 2.078452e+01 2.038672e+01 2.082182e+01 2.086558e+01
2.078452e+01 2.038672e+01 2.082182e+01 2.086558e+01 2.078452e+01 2.038672e+01 2.082179e+01 2.086531e+01
