2.073500e+01 2.024000e+01 2.081652e+01 2.070418e+01 2.073000e+01 2.024500e+01 2.081734e+01 2.070907e+01
2.073500e+01 2.024000e+01 2.081652e+01 2.070418e+01 2.074500e+01 2.024000e+01 2.081691e+01 2.070611e+01
2.074500e+01 2.024000e+01 2.081691e+01 2.070611e+01 2.075500e+01 2.024000e+01 2.081719e+01 2.070783e+01
2.075500e+01 2.024000e+01 2.081719e+01 2.070783e+01 2.076500e+01 2.024000e+01 2.081738e+01 2.070932e+01
2.076500e+01 2.024000e+01 2.081738e+01 2.070932e+01 2.077500e+01 2.024000e+01 2.081748e+01 2.071060e+01
2.077500e+01 2.024000e+01 2.081748e+01 2.071060e+01 2.078500e+01 2.024000e+01 2.081752e+01 2.071164e+01
2.078500e+01 2.024000e+01 2.081752e+01 2.071164e+01 2.079500e+01 2.024000e+01 2.081750e+01 2.071245e+01
2.079500e+01 2.024000e+01 2.081750e+01 2.071245e+01 2.080500e+01 2.024000e+01 2.081745e+01 2.071302e+01
2.080500e+01 2.024000e+01 2.081745e+01 2.071302e+01 2.081500e+01 2.024000e+01 2.081736e+01 2.071336e+01
2.081500e+01 2.024000e+01 2.081736e+01 2.071336e+01 2.082500e+01 2.024000e+01 2.081727e+01 2.071346e+01
2.082500e+01 2.024000e+01 2.081727e+01 2.071346e+01 2.083500e+01 2.024000e+01 2.081719e+01 2.071332e+01
2.083500e+01 2.024000e+01 2.081719e+01 2.071332e+01 2.084500e+01 2.024000e+01 2.081712e+01 2.071295e+01
2.084500e+01 2.024000e+01 2.081712e+01 2.071295e+01 2.085500e+01 2.024000e+01 2.081709e+01 2.071234e+01
2.085500e+01 2.024000e+01 2.081709e+01 2.071234e+01 2.086500e+01 2.024000e+01 2.081712e+01 2.071150e+01
2.086500e+01 2.024000e+01 2.081712e+01 2.071150e+01 2.087500e+01 2.024000e+01 2.081720e+01 2.071043e+01
2.087500e+01 2.024000e+01 2.081720e+01 2.071043e+01 2.088500e+01 2.024000e+01 2.081737e+01 2.070914e+01
2.088500e+01 2.024000e+01 2.081737e+01 2.070914e+01 2.089500e+01 2.024000e+01 2.081763e+01 2.070763e+01
2.089500e+01 2.024000e+01 2.081763e+01 2.070763e+01 2.090000e+01 2.024500e+01 2.081695e+01 2.071270e+01
2.069500e+01 2.025000e+01 2.081651e+01 2.070608e+01 2.069000e+01 2.025500e+01 2.081755e+01 2.071038e+01
2.069500e+01 2.025000e+01 2.081651e+01 2.070608e+01 2.070500e+01 2.025000e+01 2.081726e+01 2.070890e+01
2.070500e+01 2.025000e+01 2.081726e+01 2.070890e+01 2.071500e+01 2.025000e+01 2.081785e+01 2.071152e+01
2.071500e+01 2.025000e+01 2.081785e+01 2.071152e+01 2.072500e+01 2.025000e+01 2.081829e+01 2.071395e+01
2.073000e+01 2.024500e+01 2.081734e+01 2.070907e+01 2.072500e+01 2.025000e+01 2.081829e+01 2.071395e+01
2.090000e+01 2.024500e+01 2.081695e+01 2.071270e+01 2.090500e+01 2.025000e+01 2.081612e+01 2.071775e+01
2.090500e+01 2.025000e+01 2.081612e+01 2.071775e+01 2.091500e+01 2.025000e+01 2.081640e+01 2.071573e+01
2.091500e+01 2.025000e+01 2.081640e+01 2.071573e+01 2.092500e+01 2.025000e+01 2.081681e+01 2.071351e+01
2.092500e+01 2.025000e+01 2.081681e+01 2.071351e+01 2.093500e+01 2.025000e+01 2.081738e+01 2.071110e+01
2.093500e+01 2.025000e+01 2.081738e+01 2.071110e+01 2.094000e+01 2.025500e+01 2.081644e+01 2.071553e+01
2.067500e+01 2.026000e+01 2.081780e+01 2.071134e+01 2.067000e+01 2.026500e+01 2.081896e+01 2.071530e+01
2.067500e+01 2.026000e+01 2.081780e+01 2.071134e+01 2.068500e+01 2.026000e+01 2.081873e+01 2.071463e+01
2.069000e+01 2.025500e+01 2.081755e+01 2.071038e+01 2.068500e+01 2.026000e+01 2.081873e+01 2.071463e+01
2.094000e+01 2.025500e+01 2.081644e+01 2.071553e+01 2.094500e+01 2.026000e+01 2.081535e+01 2.071991e+01
2.094500e+01 2.026000e+01 2.081535e+01 2.071991e+01 2.095500e+01 2.026000e+01 2.081607e+01 2.071701e+01
2.095500e+01 2.026000e+01 2.081607e+01 2.071701e+01 2.096500e+01 2.026000e+01 2.081697e+01 2.071394e+01
2.096500e+01 2.026000e+01 2.081697e+01 2.071394e+01 2.097000e+01 2.026500e+01 2.081591e+01 2.071787e+01
2.064500e+01 2.027000e+01 2.081770e+01 2.071156e+01 2.064000e+01 2.027500e+01 2.081890e+01 2.071502e+01
2.064500e+01 2.027000e+01 2.081770e+01 2.071156e+01 2.065500e+01 2.027000e+01 2.081909e+01 2.071545e+01
2.065500e+01 2.027000e+01 2.081909e+01 2.071545e+01 2.066500e+01 2.027000e+01 2.082027e+01 2.071918e+01
2.067000e+01 2.026500e+01 2.081896e+01 2.071530e+01 2.066500e+01 2.027000e+01 2.082027e+01 2.071918e+01
2.097000e+01 2.026500e+01 2.081591e+01 2.071787e+01 2.097500e+01 2.027000e+01 2.081470e+01 2.072172e+01
2.097500e+01 2.027000e+01 2.081470e+01 2.072172e+01 2.098500e+01 2.027000e+01 2.081586e+01 2.071820e+01
2.098500e+01 2.027000e+01 2.081586e+01 2.071820e+01 2.099000e+01 2.027500e+01 2.081472e+01 2.072176e+01
2.062500e+01 2.028000e+01 2.081852e+01 2.071411e+01 2.062000e+01 2.028500e+01 2.081974e+01 2.071722e+01
2.062500e+01 2.028000e+01 2.081852e+01 2.071411e+01 2.063500e+01 2.028000e+01 2.082024e+01 2.071840e+01
2.064000e+01 2.027500e+01 2.081890e+01 2.071502e+01 2.063500e+01 2.028000e+01 2.082024e+01 2.071840e+01
2.099000e+01 2.027500e+01 2.081472e+01 2.072176e+01 2.099500e+01 2.028000e+01 2.081344e+01 2.072522e+01
2.099500e+01 2.028000e+01 2.081344e+01 2.072522e+01 2.100500e+01 2.028000e+01 2.081492e+01 2.072127e+01
2.100500e+01 2.028000e+01 2.081492e+01 2.072127e+01 2.101000e+01 2.028500e+01 2.081376e+01 2.072446e+01
2.060500e+01 2.029000e+01 2.081897e+01 2.071556e+01 2.060000e+01 2.029500e+01 2.082016e+01 2.071832e+01
2.060500e+01 2.029000e+01 2.081897e+01 2.071556e+01 2.061500e+01 2.029000e+01 2.082109e+01 2.072022e+01
2.062000e+01 2.028500e+01 2.081974e+01 2.071722e+01 2.061500e+01 2.029000e+01 2.082109e+01 2.072022e+01
2.101000e+01 2.028500e+01 2.081376e+01 2.072446e+01 2.101500e+01 2.029000e+01 2.081245e+01 2.072753e+01
2.101500e+01 2.029000e+01 2.081245e+01 2.072753e+01 2.102500e+01 2.029000e+01 2.081433e+01 2.072320e+01
2.102500e+01 2.029000e+01 2.081433e+01 2.072320e+01 2.103000e+01 2.029500e+01 2.081319e+01 2.072601e+01
2.059500e+01 2.030000e+01 2.082147e+01 2.072096e+01 2.059000e+01 2.030500e+01 2.082269e+01 2.072349e+01
2.060000e+01 2.029500e+01 2.082016e+01 2.071832e+01 2.059500e+01 2.030000e+01 2.082147e+01 2.072096e+01
2.103000e+01 2.029500e+01 2.081319e+01 2.072601e+01 2.103500e+01 2.030000e+01 2.081192e+01 2.072870e+01
2.103500e+01 2.030000e+01 2.081192e+01 2.072870e+01 2.104000e+01 2.030500e+01 2.081075e+01 2.073126e+01
2.057500e+01 2.031000e+01 2.082126e+01 2.072068e+01 2.057000e+01 2.031500e+01 2.082237e+01 2.072286e+01
2.057500e+01 2.031000e+01 2.082126e+01 2.072068e+01 2.058500e+01 2.031000e+01 2.082402e+01 2.072589e+01
2.059000e+01 2.030500e+01 2.082269e+01 2.072349e+01 2.058500e+01 2.031000e+01 2.082402e+01 2.072589e+01
2.104000e+01 2.030500e+01 2.081075e+01 2.073126e+01 2.104500e+01 2.031000e+01 2.080946e+01 2.073369e+01
2.104500e+01 2.031000e+01 2.080946e+01 2.073369e+01 2.105500e+01 2.031000e+01 2.081199e+01 2.072881e+01
2.105500e+01 2.031000e+01 2.081199e+01 2.072881e+01 2.106000e+01 2.031500e+01 2.081093e+01 2.073101e+01
2.056500e+01 2.032000e+01 2.082359e+01 2.072491e+01 2.056000e+01 2.032500e+01 2.082468e+01 2.072686e+01
2.057000e+01 2.031500e+01 2.082237e+01 2.072286e+01 2.056500e+01 2.032000e+01 2.082359e+01 2.072491e+01
2.106000e+01 2.031500e+01 2.081093e+01 2.073101e+01 2.106500e+01 2.032000e+01 2.080976e+01 2.073307e+01
2.106500e+01 2.032000e+01 2.080976e+01 2.073307e+01 2.107000e+01 2.032500e+01 2.080872e+01 2.073504e+01
2.055500e+01 2.033000e+01 2.082587e+01 2.072867e+01 2.055000e+01 2.033500e+01 2.082692e+01 2.073039e+01
2.056000e+01 2.032500e+01 2.082468e+01 2.072686e+01 2.055500e+01 2.033000e+01 2.082587e+01 2.072867e+01
2.107000e+01 2.032500e+01 2.080872e+01 2.073504e+01 2.107500e+01 2.033000e+01 2.080759e+01 2.073685e+01
2.107500e+01 2.033000e+01 2.080759e+01 2.073685e+01 2.108000e+01 2.033500e+01 2.080659e+01 2.073857e+01
2.053500e+01 2.034000e+01 2.082425e+01 2.072616e+01 2.053000e+01 2.034500e+01 2.082510e+01 2.072757e+01
2.053500e+01 2.034000e+01 2.082425e+01 2.072616e+01 2.054500e+01 2.034000e+01 2.082806e+01 2.073197e+01
2.055000e+01 2.033500e+01 2.082692e+01 2.073039e+01 2.054500e+01 2.034000e+01 2.082806e+01 2.073197e+01
2.108000e+01 2.033500e+01 2.080659e+01 2.073857e+01 2.108500e+01 2.034000e+01 2.080551e+01 2.074013e+01
2.108500e+01 2.034000e+01 2.080551e+01 2.074013e+01 2.109000e+01 2.034500e+01 2.080458e+01 2.074161e+01
2.052500e+01 2.035000e+01 2.082602e+01 2.072884e+01 2.052000e+01 2.035500e+01 2.082678e+01 2.073004e+01
2.053000e+01 2.034500e+01 2.082510e+01 2.072757e+01 2.052500e+01 2.035000e+01 2.082602e+01 2.072884e+01
2.109000e+01 2.034500e+01 2.080458e+01 2.074161e+01 2.109500e+01 2.035000e+01 2.080358e+01 2.074293e+01
2.109500e+01 2.035000e+01 2.080358e+01 2.074293e+01 2.110000e+01 2.035500e+01 2.080273e+01 2.074418e+01
2.051500e+01 2.036000e+01 2.082761e+01 2.073108e+01 2.051000e+01 2.036500e+01 2.082827e+01 2.073208e+01
2.052000e+01 2.035500e+01 2.082678e+01 2.073004e+01 2.051500e+01 2.036000e+01 2.082761e+01 2.073108e+01
2.110000e+01 2.035500e+01 2.080273e+01 2.074418e+01 2.110500e+01 2.036000e+01 2.080182e+01 2.074525e+01
2.110500e+01 2.036000e+01 2.080182e+01 2.074525e+01 2.111000e+01 2.036500e+01 2.080109e+01 2.074627e+01
2.050500e+01 2.037000e+01 2.082898e+01 2.073291e+01 2.050000e+01 2.037500e+01 2.082952e+01 2.073370e+01
2.051000e+01 2.036500e+01 2.082827e+01 2.073208e+01 2.050500e+01 2.037000e+01 2.082898e+01 2.073291e+01
2.111000e+01 2.036500e+01 2.080109e+01 2.074627e+01 2.111500e+01 2.037000e+01 2.080030e+01 2.074712e+01
2.111500e+01 2.037000e+01 2.080030e+01 2.074712e+01 2.112000e+01 2.037500e+01 2.079968e+01 2.074793e+01
2.049500e+01 2.038000e+01 2.083010e+01 2.073432e+01 2.049000e+01 2.038500e+01 2.083050e+01 2.073492e+01
2.050000e+01 2.037500e+01 2.082952e+01 2.073370e+01 2.049500e+01 2.038000e+01 2.083010e+01 2.073432e+01
2.112000e+01 2.037500e+01 2.079968e+01 2.074793e+01 2.112500e+01 2.038000e+01 2.079904e+01 2.074856e+01
2.112500e+01 2.038000e+01 2.079904e+01 2.074856e+01 2.113000e+01 2.038500e+01 2.079857e+01 2.074916e+01
2.048500e+01 2.039000e+01 2.083093e+01 2.073535e+01 2.048000e+01 2.039500e+01 2.083118e+01 2.073577e+01
2.049000e+01 2.038500e+01 2.083050e+01 2.073492e+01 2.048500e+01 2.039000e+01 2.083093e+01 2.073535e+01
2.113000e+01 2.038500e+01 2.079857e+01 2.074916e+01 2.113500e+01 2.039000e+01 2.079808e+01 2.074958e+01
2.113500e+01 2.039000e+01 2.079808e+01 2.074958e+01 2.114000e+01 2.039500e+01 2.079778e+01 2.074998e+01
2.047500e+01 2.040000e+01 2.083144e+01 2.073602e+01 2.047000e+01 2.040500e+01 2.083152e+01 2.073627e+01
2.048000e+01 2.039500e+01 2.083118e+01 2.073577e+01 2.047500e+01 2.040000e+01 2.083144e+01 2.073602e+01
2.114000e+01 2.039500e+01 2.079778e+01 2.074998e+01 2.114500e+01 2.040000e+01 2.079747e+01 2.075021e+01
2.114500e+01 2.040000e+01 2.079747e+01 2.075021e+01 2.115000e+01 2.040500e+01 2.079735e+01 2.075044e+01
2.047000e+01 2.040500e+01 2.083152e+01 2.073627e+01 2.047000e+01 2.041500e+01 2.083787e+01 2.074278e+01
2.115000e+01 2.040500e+01 2.079735e+01 2.075044e+01 2.115500e+01 2.041000e+01 2.079723e+01 2.075050e+01
2.115500e+01 2.041000e+01 2.079723e+01 2.075050e+01 2.116000e+01 2.041500e+01 2.079731e+01 2.075056e+01
2.046500e+01 2.042000e+01 2.083794e+01 2.074269e+01 2.046000e+01 2.042500e+01 2.083782e+01 2.074262e+01
2.047000e+01 2.041500e+01 2.083787e+01 2.074278e+01 2.046500e+01 2.042000e+01 2.083794e+01 2.074269e+01
2.116000e+01 2.041500e+01 2.079731e+01 2.075056e+01 2.116000e+01 2.042500e+01 2.079127e+01 2.075639e+01
2.045500e+01 2.043000e+01 2.083769e+01 2.074239e+01 2.045000e+01 2.043500e+01 2.083737e+01 2.074219e+01
2.046000e+01 2.042500e+01 2.083782e+01 2.074262e+01 2.045500e+01 2.043000e+01 2.083769e+01 2.074239e+01
2.116000e+01 2.042500e+01 2.079127e+01 2.075639e+01 2.116500e+01 2.043000e+01 2.079139e+01 2.075611e+01
2.116500e+01 2.043000e+01 2.079139e+01 2.075611e+01 2.117000e+01 2.043500e+01 2.079171e+01 2.075587e+01
2.044500e+01 2.044000e+01 2.083701e+01 2.074182e+01 2.044000e+01 2.044500e+01 2.083647e+01 2.074150e+01
2.045000e+01 2.043500e+01 2.083737e+01 2.074219e+01 2.044500e+01 2.044000e+01 2.083701e+01 2.074182e+01
2.117000e+01 2.043500e+01 2.079171e+01 2.075587e+01 2.117500e+01 2.044000e+01 2.079207e+01 2.075546e+01
2.117500e+01 2.044000e+01 2.079207e+01 2.075546e+01 2.118000e+01 2.044500e+01 2.079263e+01 2.075509e+01
2.044000e+01 2.044500e+01 2.083647e+01 2.074150e+01 2.044000e+01 2.045500e+01 2.084273e+01 2.074680e+01
2.118000e+01 2.044500e+01 2.079263e+01 2.075509e+01 2.118000e+01 2.045500e+01 2.078667e+01 2.076000e+01
2.043500e+01 2.046000e+01 2.084209e+01 2.074616e+01 2.043000e+01 2.046500e+01 2.084127e+01 2.074559e+01
2.044000e+01 2.045500e+01 2.084273e+01 2.074680e+01 2.043500e+01 2.046000e+01 2.084209e+01 2.074616e+01
2.118000e+01 2.045500e+01 2.078667e+01 2.076000e+01 2.118500e+01 2.046000e+01 2.078735e+01 2.075931e+01
2.118500e+01 2.046000e+01 2.078735e+01 2.075931e+01 2.119000e+01 2.046500e+01 2.078821e+01 2.075869e+01
2.043000e+01 2.046500e+01 2.084127e+01 2.074559e+01 2.043000e+01 2.047500e+01 2.084745e+01 2.075033e+01
2.119000e+01 2.046500e+01 2.078821e+01 2.075869e+01 2.119500e+01 2.047000e+01 2.078916e+01 2.075793e+01
2.119500e+01 2.047000e+01 2.078916e+01 2.075793e+01 2.120000e+01 2.047500e+01 2.079029e+01 2.075724e+01
2.042500e+01 2.048000e+01 2.084648e+01 2.074946e+01 2.042000e+01 2.048500e+01 2.084534e+01 2.074867e+01
2.043000e+01 2.047500e+01 2.084745e+01 2.075033e+01 2.042500e+01 2.048000e+01 2.084648e+01 2.074946e+01
2.120000e+01 2.047500e+01 2.079029e+01 2.075724e+01 2.120000e+01 2.048500e+01 2.078460e+01 2.076127e+01
2.041500e+01 2.049000e+01 2.084411e+01 2.074775e+01 2.041000e+01 2.049500e+01 2.084272e+01 2.074691e+01
2.042000e+01 2.048500e+01 2.084534e+01 2.074867e+01 2.041500e+01 2.049000e+01 2.084411e+01 2.074775e+01
2.120000e+01 2.048500e+01 2.078460e+01 2.076127e+01 2.120500e+01 2.049000e+01 2.078592e+01 2.076030e+01
2.120500e+01 2.049000e+01 2.078592e+01 2.076030e+01 2.121000e+01 2.049500e+01 2.078742e+01 2.075943e+01
2.041000e+01 2.049500e+01 2.084272e+01 2.074691e+01 2.041000e+01 2.050500e+01 2.084856e+01 2.075083e+01
2.121000e+01 2.049500e+01 2.078742e+01 2.075943e+01 2.121000e+01 2.050500e+01 2.078194e+01 2.076292e+01
2.040500e+01 2.051000e+01 2.084696e+01 2.074974e+01 2.040000e+01 2.051500e+01 2.084520e+01 2.074876e+01
2.041000e+01 2.050500e+01 2.084856e+01 2.075083e+01 2.040500e+01 2.051000e+01 2.084696e+01 2.074974e+01
2.121000e+01 2.050500e+01 2.078194e+01 2.076292e+01 2.121500e+01 2.051000e+01 2.078366e+01 2.076180e+01
2.121500e+01 2.051000e+01 2.078366e+01 2.076180e+01 2.122000e+01 2.051500e+01 2.078555e+01 2.076080e+01
2.040000e+01 2.051500e+01 2.084520e+01 2.074876e+01 2.040000e+01 2.052500e+01 2.085080e+01 2.075217e+01
2.122000e+01 2.051500e+01 2.078555e+01 2.076080e+01 2.122000e+01 2.052500e+01 2.078035e+01 2.076378e+01
2.040000e+01 2.052500e+01 2.085080e+01 2.075217e+01 2.040000e+01 2.053500e+01 2.085634e+01 2.075532e+01
2.122000e+01 2.052500e+01 2.078035e+01 2.076378e+01 2.122000e+01 2.053500e+01 2.077522e+01 2.076649e+01
2.039500e+01 2.054000e+01 2.085422e+01 2.075401e+01 2.039000e+01 2.054500e+01 2.085196e+01 2.075284e+01
2.040000e+01 2.053500e+01 2.085634e+01 2.075532e+01 2.039500e+01 2.054000e+01 2.085422e+01 2.075401e+01
2.122000e+01 2.053500e+01 2.077522e+01 2.076649e+01 2.122500e+01 2.054000e+01 2.077750e+01 2.076517e+01
2.122500e+01 2.054000e+01 2.077750e+01 2.076517e+01 2.123000e+01 2.054500e+01 2.077995e+01 2.076400e+01
2.039000e+01 2.054500e+01 2.085196e+01 2.075284e+01 2.039000e+01 2.055500e+01 2.085717e+01 2.075552e+01
2.123000e+01 2.054500e+01 2.077995e+01 2.076400e+01 2.123000e+01 2.055500e+01 2.077518e+01 2.076626e+01
2.038500e+01 2.056000e+01 2.085463e+01 2.075417e+01 2.038000e+01 2.056500e+01 2.085195e+01 2.075296e+01
2.039000e+01 2.055500e+01 2.085717e+01 2.075552e+01 2.038500e+01 2.056000e+01 2.085463e+01 2.075417e+01
2.123000e+01 2.055500e+01 2.077518e+01 2.076626e+01 2.123500e+01 2.056000e+01 2.077793e+01 2.076493e+01
2.123500e+01 2.056000e+01 2.077793e+01 2.076493e+01 2.124000e+01 2.056500e+01 2.078081e+01 2.076376e+01
2.038000e+01 2.056500e+01 2.085195e+01 2.075296e+01 2.038000e+01 2.057500e+01 2.085677e+01 2.075524e+01
2.124000e+01 2.056500e+01 2.078081e+01 2.076376e+01 2.124000e+01 2.057500e+01 2.077647e+01 2.076562e+01
2.038000e+01 2.057500e+01 2.085677e+01 2.075524e+01 2.038000e+01 2.058500e+01 2.086147e+01 2.075726e+01
2.124000e+01 2.057500e+01 2.077647e+01 2.076562e+01 2.124000e+01 2.058500e+01 2.077226e+01 2.076725e+01
2.037500e+01 2.059000e+01 2.085834e+01 2.075587e+01 2.037000e+01 2.059500e+01 2.085511e+01 2.075463e+01
2.038000e+01 2.058500e+01 2.086147e+01 2.075726e+01 2.037500e+01 2.059000e+01 2.085834e+01 2.075587e+01
2.124000e+01 2.058500e+01 2.077226e+01 2.076725e+01 2.124500e+01 2.059000e+01 2.077564e+01 2.076592e+01
2.124500e+01 2.059000e+01 2.077564e+01 2.076592e+01 2.125000e+01 2.059500e+01 2.077912e+01 2.076476e+01
2.037000e+01 2.059500e+01 2.085511e+01 2.075463e+01 2.037000e+01 2.060500e+01 2.085935e+01 2.075633e+01
2.125000e+01 2.059500e+01 2.077912e+01 2.076476e+01 2.125000e+01 2.060500e+01 2.077541e+01 2.076608e+01
2.037000e+01 2.060500e+01 2.085935e+01 2.075633e+01 2.037000e+01 2.061500e+01 2.086343e+01 2.075779e+01
2.125000e+01 2.060500e+01 2.077541e+01 2.076608e+01 2.125000e+01 2.061500e+01 2.077188e+01 2.076720e+01
2.037000e+01 2.061500e+01 2.086343e+01 2.075779e+01 2.037000e+01 2.062500e+01 2.086734e+01 2.075905e+01
2.125000e+01 2.061500e+01 2.077188e+01 2.076720e+01 2.125000e+01 2.062500e+01 2.076853e+01 2.076811e+01
2.036500e+01 2.063000e+01 2.086344e+01 2.075771e+01 2.036000e+01 2.063500e+01 2.085947e+01 2.075654e+01
2.037000e+01 2.062500e+01 2.086734e+01 2.075905e+01 2.036500e+01 2.063000e+01 2.086344e+01 2.075771e+01
2.125000e+01 2.062500e+01 2.076853e+01 2.076811e+01 2.125500e+01 2.063000e+01 2.077271e+01 2.076689e+01
2.125500e+01 2.063000e+01 2.077271e+01 2.076689e+01 2.126000e+01 2.063500e+01 2.077698e+01 2.076586e+01
2.036000e+01 2.063500e+01 2.085947e+01 2.075654e+01 2.036000e+01 2.064500e+01 2.086285e+01 2.075758e+01
2.126000e+01 2.063500e+01 2.077698e+01 2.076586e+01 2.126000e+01 2.064500e+01 2.077419e+01 2.076660e+01
2.036000e+01 2.064500e+01 2.086285e+01 2.075758e+01 2.036000e+01 2.065500e+01 2.086602e+01 2.075844e+01
2.126000e+01 2.064500e+01 2.077419e+01 2.076660e+01 2.126000e+01 2.065500e+01 2.077162e+01 2.076718e+01
2.036000e+01 2.065500e+01 2.086602e+01 2.075844e+01 2.036000e+01 2.066500e+01 2.086898e+01 2.075914e+01
2.126000e+01 2.065500e+01 2.077162e+01 2.076718e+01 2.126000e+01 2.066500e+01 2.076928e+01 2.076762e+01
2.036000e+01 2.066500e+01 2.086898e+01 2.075914e+01 2.036000e+01 2.067500e+01 2.087171e+01 2.075967e+01
2.126000e+01 2.066500e+01 2.076928e+01 2.076762e+01 2.126000e+01 2.067500e+01 2.076718e+01 2.076791e+01
2.035500e+01 2.068000e+01 2.086688e+01 2.075861e+01 2.035000e+01 2.068500e+01 2.086203e+01 2.075773e+01
2.036000e+01 2.067500e+01 2.087171e+01 2.075967e+01 2.035500e+01 2.068000e+01 2.086688e+01 2.075861e+01
2.126000e+01 2.067500e+01 2.076718e+01 2.076791e+01 2.126000e+01 2.068500e+01 2.076532e+01 2.076808e+01
2.035000e+01 2.068500e+01 2.086203e+01 2.075773e+01 2.035000e+01 2.069500e+01 2.086419e+01 2.075822e+01
2.126000e+01 2.068500e+01 2.076532e+01 2.076808e+01 2.126500e+01 2.069000e+01 2.077065e+01 2.076731e+01
2.126500e+01 2.069000e+01 2.077065e+01 2.076731e+01 2.127000e+01 2.069500e+01 2.077599e+01 2.076671e+01
2.035000e+01 2.069500e+01 2.086419e+01 2.075822e+01 2.035000e+01 2.070500e+01 2.086610e+01 2.075861e+01
2.127000e+01 2.069500e+01 2.077599e+01 2.076671e+01 2.127000e+01 2.070500e+01 2.077474e+01 2.076693e+01
2.035000e+01 2.070500e+01 2.086610e+01 2.075861e+01 2.035000e+01 2.071500e+01 2.086776e+01 2.075889e+01
2.127000e+01 2.070500e+01 2.077474e+01 2.076693e+01 2.127000e+01 2.071500e+01 2.077374e+01 2.076708e+01
2.035000e+01 2.071500e+01 2.086776e+01 2.075889e+01 2.035000e+01 2.072500e+01 2.086917e+01 2.075909e+01
2.127000e+01 2.071500e+01 2.077374e+01 2.076708e+01 2.127000e+01 2.072500e+01 2.077300e+01 2.076717e+01
2.035000e+01 2.072500e+01 2.086917e+01 2.075909e+01 2.035000e+01 2.073500e+01 2.087031e+01 2.075922e+01
2.127000e+01 2.072500e+01 2.077300e+01 2.076717e+01 2.127000e+01 2.073500e+01 2.077252e+01 2.076722e+01
2.035000e+01 2.073500e+01 2.087031e+01 2.075922e+01 2.035000e+01 2.074500e+01 2.087119e+01 2.075929e+01
2.127000e+01 2.073500e+01 2.077252e+01 2.076722e+01 2.127000e+01 2.074500e+01 2.077232e+01 2.076724e+01
2.035000e+01 2.074500e+01 2.087119e+01 2.075929e+01 2.035000e+01 2.075500e+01 2.087180e+01 2.075933e+01
2.127000e+01 2.074500e+01 2.077232e+01 2.076724e+01 2.127000e+01 2.075500e+01 2.077239e+01 2.076725e+01
2.035000e+01 2.075500e+01 2.087180e+01 2.075933e+01 2.035000e+01 2.076500e+01 2.087214e+01 2.075935e+01
2.127000e+01 2.075500e+01 2.077239e+01 2.076725e+01 2.127000e+01 2.076500e+01 2.077273e+01 2.076726e+01
2.035000e+01 2.076500e+01 2.087214e+01 2.075935e+01 2.035000e+01 2.077500e+01 2.087221e+01 2.075936e+01
2.127000e+01 2.076500e+01 2.077273e+01 2.076726e+01 2.127000e+01 2.077500e+01 2.077334e+01 2.076730e+01
2.035000e+01 2.077500e+01 2.087221e+01 2.075936e+01 2.035000e+01 2.078500e+01 2.087200e+01 2.075938e+01
2.127000e+01 2.077500e+01 2.077334e+01 2.076730e+01 2.127000e+01 2.078500e+01 2.077421e+01 2.076738e+01
2.035000e+01 2.078500e+01 2.087200e+01 2.075938e+01 2.035000e+01 2.079500e+01 2.087153e+01 2.075942e+01
2.127000e+01 2.078500e+01 2.077421e+01 2.076738e+01 2.127000e+01 2.079500e+01 2.077536e+01 2.076750e+01
2.035000e+01 2.079500e+01 2.087153e+01 2.075942e+01 2.035000e+01 2.080500e+01 2.087079e+01 2.075951e+01
2.127000e+01 2.079500e+01 2.077536e+01 2.076750e+01 2.127000e+01 2.080500e+01 2.077676e+01 2.076770e+01
2.035000e+01 2.080500e+01 2.087079e+01 2.075951e+01 2.035000e+01 2.081500e+01 2.086979e+01 2.075966e+01
2.127000e+01 2.080500e+01 2.077676e+01 2.076770e+01 2.127000e+01 2.081500e+01 2.077843e+01 2.076799e+01
2.035000e+01 2.081500e+01 2.086979e+01 2.075966e+01 2.035000e+01 2.082500e+01 2.086853e+01 2.075989e+01
2.127000e+01 2.081500e+01 2.077843e+01 2.076799e+01 2.127000e+01 2.082500e+01 2.078034e+01 2.076837e+01
2.035000e+01 2.082500e+01 2.086853e+01 2.075989e+01 2.035500e+01 2.083000e+01 2.087388e+01 2.075929e+01
2.035500e+01 2.083000e+01 2.087388e+01 2.075929e+01 2.036000e+01 2.083500e+01 2.087921e+01 2.075852e+01
2.127000e+01 2.082500e+01 2.078034e+01 2.076837e+01 2.127000e+01 2.083500e+01 2.078249e+01 2.076886e+01
2.036000e+01 2.083500e+01 2.087921e+01 2.075852e+01 2.036000e+01 2.084500e+01 2.087735e+01 2.075869e+01
2.126500e+01 2.084000e+01 2.077764e+01 2.076798e+01 2.126000e+01 2.084500e+01 2.077282e+01 2.076692e+01
2.127000e+01 2.083500e+01 2.078249e+01 2.076886e+01 2.126500e+01 2.084000e+01 2.077764e+01 2.076798e+01
2.036000e+01 2.084500e+01 2.087735e+01 2.075869e+01 2.036000e+01 2.085500e+01 2.087525e+01 2.075898e+01
2.126000e+01 2.084500e+01 2.077282e+01 2.076692e+01 2.126000e+01 2.085500e+01 2.077555e+01 2.076745e+01
2.036000e+01 2.085500e+01 2.087525e+01 2.075898e+01 2.036000e+01 2.086500e+01 2.087291e+01 2.075941e+01
2.126000e+01 2.085500e+01 2.077555e+01 2.076745e+01 2.126000e+01 2.086500e+01 2.077850e+01 2.076814e+01
2.036000e+01 2.086500e+01 2.087291e+01 2.075941e+01 2.036000e+01 2.087500e+01 2.087034e+01 2.076000e+01
2.126000e+01 2.086500e+01 2.077850e+01 2.076814e+01 2.126000e+01 2.087500e+01 2.078168e+01 2.076900e+01
2.036000e+01 2.087500e+01 2.087034e+01 2.076000e+01 2.036000e+01 2.088500e+01 2.086755e+01 2.076074e+01
2.126000e+01 2.087500e+01 2.078168e+01 2.076900e+01 2.126000e+01 2.088500e+01 2.078505e+01 2.077005e+01
2.036000e+01 2.088500e+01 2.086755e+01 2.076074e+01 2.036500e+01 2.089000e+01 2.087182e+01 2.075971e+01
2.036500e+01 2.089000e+01 2.087182e+01 2.075971e+01 2.037000e+01 2.089500e+01 2.087600e+01 2.075849e+01
2.125500e+01 2.089000e+01 2.078108e+01 2.076888e+01 2.125000e+01 2.089500e+01 2.077719e+01 2.076754e+01
2.126000e+01 2.088500e+01 2.078505e+01 2.077005e+01 2.125500e+01 2.089000e+01 2.078108e+01 2.076888e+01
2.037000e+01 2.089500e+01 2.087600e+01 2.075849e+01 2.037000e+01 2.090500e+01 2.087265e+01 2.075940e+01
2.125000e+01 2.089500e+01 2.077719e+01 2.076754e+01 2.125000e+01 2.090500e+01 2.078109e+01 2.076879e+01
2.037000e+01 2.090500e+01 2.087265e+01 2.075940e+01 2.037000e+01 2.091500e+01 2.086912e+01 2.076052e+01
2.125000e+01 2.090500e+01 2.078109e+01 2.076879e+01 2.125000e+01 2.091500e+01 2.078517e+01 2.077026e+01
2.037000e+01 2.091500e+01 2.086912e+01 2.076052e+01 2.037000e+01 2.092500e+01 2.086541e+01 2.076184e+01
2.125000e+01 2.091500e+01 2.078517e+01 2.077026e+01 2.125000e+01 2.092500e+01 2.078942e+01 2.077195e+01
2.037000e+01 2.092500e+01 2.086541e+01 2.076184e+01 2.037500e+01 2.093000e+01 2.086889e+01 2.076068e+01
2.037500e+01 2.093000e+01 2.086889e+01 2.076068e+01 2.038000e+01 2.093500e+01 2.087227e+01 2.075935e+01
2.124500e+01 2.093000e+01 2.078618e+01 2.077072e+01 2.124000e+01 2.093500e+01 2.078305e+01 2.076932e+01
2.125000e+01 2.092500e+01 2.078942e+01 2.077195e+01 2.124500e+01 2.093000e+01 2.078618e+01 2.077072e+01
2.038000e+01 2.093500e+01 2.087227e+01 2.075935e+01 2.038000e+01 2.094500e+01 2.086806e+01 2.076098e+01
2.124000e+01 2.093500e+01 2.078305e+01 2.076932e+01 2.124000e+01 2.094500e+01 2.078775e+01 2.077135e+01
2.038000e+01 2.094500e+01 2.086806e+01 2.076098e+01 2.038000e+01 2.095500e+01 2.086372e+01 2.076284e+01
2.124000e+01 2.094500e+01 2.078775e+01 2.077135e+01 2.124000e+01 2.095500e+01 2.079257e+01 2.077362e+01
2.038000e+01 2.095500e+01 2.086372e+01 2.076284e+01 2.038500e+01 2.096000e+01 2.086660e+01 2.076167e+01
2.038500e+01 2.096000e+01 2.086660e+01 2.076167e+01 2.039000e+01 2.096500e+01 2.086935e+01 2.076034e+01
2.123500e+01 2.096000e+01 2.078990e+01 2.077241e+01 2.123000e+01 2.096500e+01 2.078736e+01 2.077106e+01
2.124000e+01 2.095500e+01 2.079257e+01 2.077362e+01 2.123500e+01 2.096000e+01 2.078990e+01 2.077241e+01
2.039000e+01 2.096500e+01 2.086935e+01 2.076034e+01 2.039000e+01 2.097500e+01 2.086458e+01 2.076260e+01
2.123000e+01 2.096500e+01 2.078736e+01 2.077106e+01 2.123000e+01 2.097500e+01 2.079257e+01 2.077374e+01
2.039000e+01 2.097500e+01 2.086458e+01 2.076260e+01 2.039500e+01 2.098000e+01 2.086703e+01 2.076143e+01
2.039500e+01 2.098000e+01 2.086703e+01 2.076143e+01 2.040000e+01 2.098500e+01 2.086932e+01 2.076011e+01
2.122500e+01 2.098000e+01 2.079030e+01 2.077257e+01 2.122000e+01 2.098500e+01 2.078818e+01 2.077126e+01
2.123000e+01 2.097500e+01 2.079257e+01 2.077374e+01 2.122500e+01 2.098000e+01 2.079030e+01 2.077257e+01
2.040000e+01 2.098500e+01 2.086932e+01 2.076011e+01 2.040000e+01 2.099500e+01 2.086418e+01 2.076282e+01
2.122000e+01 2.098500e+01 2.078818e+01 2.077126e+01 2.122000e+01 2.099500e+01 2.079372e+01 2.077440e+01
2.040000e+01 2.099500e+01 2.086418e+01 2.076282e+01 2.040000e+01 2.100500e+01 2.085898e+01 2.076580e+01
2.122000e+01 2.099500e+01 2.079372e+01 2.077440e+01 2.122000e+01 2.100500e+01 2.079932e+01 2.077781e+01
2.040000e+01 2.100500e+01 2.085898e+01 2.076580e+01 2.040500e+01 2.101000e+01 2.086087e+01 2.076480e+01
2.040500e+01 2.101000e+01 2.086087e+01 2.076480e+01 2.041000e+01 2.101500e+01 2.086259e+01 2.076368e+01
2.121500e+01 2.101000e+01 2.079756e+01 2.077683e+01 2.121000e+01 2.101500e+01 2.079596e+01 2.077575e+01
2.122000e+01 2.100500e+01 2.079932e+01 2.077781e+01 2.121500e+01 2.101000e+01 2.079756e+01 2.077683e+01
2.041000e+01 2.101500e+01 2.086259e+01 2.076368e+01 2.041000e+01 2.102500e+01 2.085711e+01 2.076717e+01
2.121000e+01 2.101500e+01 2.079596e+01 2.077575e+01 2.121000e+01 2.102500e+01 2.080181e+01 2.077966e+01
2.041000e+01 2.102500e+01 2.085711e+01 2.076717e+01 2.041500e+01 2.103000e+01 2.085861e+01 2.076630e+01
2.041500e+01 2.103000e+01 2.085861e+01 2.076630e+01 2.042000e+01 2.103500e+01 2.085993e+01 2.076533e+01
2.120500e+01 2.103000e+01 2.080041e+01 2.077883e+01 2.120000e+01 2.103500e+01 2.079918e+01 2.077790e+01
2.121000e+01 2.102500e+01 2.080181e+01 2.077966e+01 2.120500e+01 2.103000e+01 2.080041e+01 2.077883e+01
2.042000e+01 2.103500e+01 2.085993e+01 2.076533e+01 2.042000e+01 2.104500e+01 2.085424e+01 2.076936e+01
2.119500e+01 2.104000e+01 2.079804e+01 2.077711e+01 2.119000e+01 2.104500e+01 2.079708e+01 2.077625e+01
2.120000e+01 2.103500e+01 2.079918e+01 2.077790e+01 2.119500e+01 2.104000e+01 2.079804e+01 2.077711e+01
2.042000e+01 2.104500e+01 2.085424e+01 2.076936e+01 2.042500e+01 2.105000e+01 2.085537e+01 2.076867e+01
2.042500e+01 2.105000e+01 2.085537e+01 2.076867e+01 2.043000e+01 2.105500e+01 2.085632e+01 2.076790e+01
2.119000e+01 2.104500e+01 2.079708e+01 2.077625e+01 2.119000e+01 2.105500e+01 2.080325e+01 2.078098e+01
2.043000e+01 2.105500e+01 2.085632e+01 2.076790e+01 2.043500e+01 2.106000e+01 2.085718e+01 2.076729e+01
2.043500e+01 2.106000e+01 2.085718e+01 2.076729e+01 2.044000e+01 2.106500e+01 2.085786e+01 2.076660e+01
2.118500e+01 2.106000e+01 2.080243e+01 2.078041e+01 2.118000e+01 2.106500e+01 2.080179e+01 2.077977e+01
2.119000e+01 2.105500e+01 2.080325e+01 2.078098e+01 2.118500e+01 2.106000e+01 2.080243e+01 2.078041e+01
2.044000e+01 2.106500e+01 2.085786e+01 2.076660e+01 2.044000e+01 2.107500e+01 2.085190e+01 2.077151e+01
2.118000e+01 2.106500e+01 2.080179e+01 2.077977e+01 2.118000e+01 2.107500e+01 2.080805e+01 2.078507e+01
2.044000e+01 2.107500e+01 2.085190e+01 2.077151e+01 2.044500e+01 2.108000e+01 2.085246e+01 2.077114e+01
2.044500e+01 2.108000e+01 2.085246e+01 2.077114e+01 2.045000e+01 2.108500e+01 2.085282e+01 2.077073e+01
2.117500e+01 2.108000e+01 2.080751e+01 2.078475e+01 2.117000e+01 2.108500e+01 2.080715e+01 2.078438e+01
2.118000e+01 2.107500e+01 2.080805e+01 2.078507e+01 2.117500e+01 2.108000e+01 2.080751e+01 2.078475e+01
2.045000e+01 2.108500e+01 2.085282e+01 2.077073e+01 2.045500e+01 2.109000e+01 2.085314e+01 2.077048e+01
2.045500e+01 2.109000e+01 2.085314e+01 2.077048e+01 2.046000e+01 2.109500e+01 2.085326e+01 2.077021e+01
2.116500e+01 2.109000e+01 2.080683e+01 2.078418e+01 2.116000e+01 2.109500e+01 2.080670e+01 2.078395e+01
2.117000e+01 2.108500e+01 2.080715e+01 2.078438e+01 2.116500e+01 2.109000e+01 2.080683e+01 2.078418e+01
2.046000e+01 2.109500e+01 2.085326e+01 2.077021e+01 2.046000e+01 2.110500e+01 2.084722e+01 2.077604e+01
2.115500e+01 2.110000e+01 2.080658e+01 2.078388e+01 2.115000e+01 2.110500e+01 2.080666e+01 2.078379e+01
2.116000e+01 2.109500e+01 2.080670e+01 2.078395e+01 2.115500e+01 2.110000e+01 2.080658e+01 2.078388e+01
2.046000e+01 2.110500e+01 2.084722e+01 2.077604e+01 2.046500e+01 2.111000e+01 2.084730e+01 2.077610e+01
2.046500e+01 2.111000e+01 2.084730e+01 2.077610e+01 2.047000e+01 2.111500e+01 2.084718e+01 2.077615e+01
2.115000e+01 2.110500e+01 2.080666e+01 2.078379e+01 2.115000e+01 2.111500e+01 2.081300e+01 2.079030e+01
2.047000e+01 2.111500e+01 2.084718e+01 2.077615e+01 2.047500e+01 2.112000e+01 2.084706e+01 2.077638e+01
2.047500e+01 2.112000e+01 2.084706e+01 2.077638e+01 2.048000e+01 2.112500e+01 2.084675e+01 2.077661e+01
2.114500e+01 2.112000e+01 2.081308e+01 2.079055e+01 2.114000e+01 2.112500e+01 2.081334e+01 2.079080e+01
2.115000e+01 2.111500e+01 2.081300e+01 2.079030e+01 2.114500e+01 2.112000e+01 2.081308e+01 2.079055e+01
2.048000e+01 2.112500e+01 2.084675e+01 2.077661e+01 2.048500e+01 2.113000e+01 2.084645e+01 2.077702e+01
2.048500e+01 2.113000e+01 2.084645e+01 2.077702e+01 2.049000e+01 2.113500e+01 2.084596e+01 2.077744e+01
2.113500e+01 2.113000e+01 2.081359e+01 2.079122e+01 2.113000e+01 2.113500e+01 2.081402e+01 2.079165e+01
2.114000e+01 2.112500e+01 2.081334e+01 2.079080e+01 2.113500e+01 2.113000e+01 2.081359e+01 2.079122e+01
2.049000e+01 2.113500e+01 2.084596e+01 2.077744e+01 2.049500e+01 2.114000e+01 2.084550e+01 2.077804e+01
2.049500e+01 2.114000e+01 2.084550e+01 2.077804e+01 2.050000e+01 2.114500e+01 2.084485e+01 2.077866e+01
2.112500e+01 2.114000e+01 2.081442e+01 2.079225e+01 2.112000e+01 2.114500e+01 2.081500e+01 2.079287e+01
2.113000e+01 2.113500e+01 2.081402e+01 2.079165e+01 2.112500e+01 2.114000e+01 2.081442e+01 2.079225e+01
2.050000e+01 2.114500e+01 2.084485e+01 2.077866e+01 2.050500e+01 2.115000e+01 2.084423e+01 2.077947e+01
2.050500e+01 2.115000e+01 2.084423e+01 2.077947e+01 2.051000e+01 2.115500e+01 2.084344e+01 2.078032e+01
2.111500e+01 2.115000e+01 2.081554e+01 2.079366e+01 2.111000e+01 2.115500e+01 2.081625e+01 2.079449e+01
2.112000e+01 2.114500e+01 2.081500e+01 2.079287e+01 2.111500e+01 2.115000e+01 2.081554e+01 2.079366e+01
2.051000e+01 2.115500e+01 2.084344e+01 2.078032e+01 2.051500e+01 2.116000e+01 2.084271e+01 2.078134e+01
2.051500e+01 2.116000e+01 2.084271e+01 2.078134e+01 2.052000e+01 2.116500e+01 2.084180e+01 2.078242e+01
2.110500e+01 2.116000e+01 2.081691e+01 2.079548e+01 2.110000e+01 2.116500e+01 2.081774e+01 2.079653e+01
2.111000e+01 2.115500e+01 2.081625e+01 2.079449e+01 2.110500e+01 2.116000e+01 2.081691e+01 2.079548e+01
2.052000e+01 2.116500e+01 2.084180e+01 2.078242e+01 2.052500e+01 2.117000e+01 2.084095e+01 2.078366e+01
2.052500e+01 2.117000e+01 2.084095e+01 2.078366e+01 2.053000e+01 2.117500e+01 2.083995e+01 2.078498e+01
2.109500e+01 2.117000e+01 2.081850e+01 2.079773e+01 2.109000e+01 2.117500e+01 2.081942e+01 2.079899e+01
2.110000e+01 2.116500e+01 2.081774e+01 2.079653e+01 2.109500e+01 2.117000e+01 2.081850e+01 2.079773e+01
2.053000e+01 2.117500e+01 2.083995e+01 2.078498e+01 2.053500e+01 2.118000e+01 2.083902e+01 2.078646e+01
2.053500e+01 2.118000e+01 2.083902e+01 2.078646e+01 2.054000e+01 2.118500e+01 2.083794e+01 2.078802e+01
2.107500e+01 2.118000e+01 2.081646e+01 2.079460e+01 2.107000e+01 2.118500e+01 2.081760e+01 2.079617e+01
2.107500e+01 2.118000e+01 2.081646e+01 2.079460e+01 2.108500e+01 2.118000e+01 2.082027e+01 2.080041e+01
2.109000e+01 2.117500e+01 2.081942e+01 2.079899e+01 2.108500e+01 2.118000e+01 2.082027e+01 2.080041e+01
2.054000e+01 2.118500e+01 2.083794e+01 2.078802e+01 2.054500e+01 2.119000e+01 2.083694e+01 2.078974e+01
2.054500e+01 2.119000e+01 2.083694e+01 2.078974e+01 2.055000e+01 2.119500e+01 2.083581e+01 2.079155e+01
2.106500e+01 2.119000e+01 2.081865e+01 2.079789e+01 2.106000e+01 2.119500e+01 2.081984e+01 2.079970e+01
2.107000e+01 2.118500e+01 2.081760e+01 2.079617e+01 2.106500e+01 2.119000e+01 2.081865e+01 2.079789e+01
2.055000e+01 2.119500e+01 2.083581e+01 2.079155e+01 2.055500e+01 2.120000e+01 2.083477e+01 2.079351e+01
2.055500e+01 2.120000e+01 2.083477e+01 2.079351e+01 2.056000e+01 2.120500e+01 2.083360e+01 2.079557e+01
2.105500e+01 2.120000e+01 2.082093e+01 2.080165e+01 2.105000e+01 2.120500e+01 2.082215e+01 2.080370e+01
2.106000e+01 2.119500e+01 2.081984e+01 2.079970e+01 2.105500e+01 2.120000e+01 2.082093e+01 2.080165e+01
2.056000e+01 2.120500e+01 2.083360e+01 2.079557e+01 2.056500e+01 2.121000e+01 2.083254e+01 2.079778e+01
2.056500e+01 2.121000e+01 2.083254e+01 2.079778e+01 2.057500e+01 2.121000e+01 2.083507e+01 2.079289e+01
2.057500e+01 2.121000e+01 2.083507e+01 2.079289e+01 2.058000e+01 2.121500e+01 2.083378e+01 2.079532e+01
2.103500e+01 2.121000e+01 2.082050e+01 2.080067e+01 2.103000e+01 2.121500e+01 2.082183e+01 2.080308e+01
2.103500e+01 2.121000e+01 2.082050e+01 2.080067e+01 2.104500e+01 2.121000e+01 2.082326e+01 2.080589e+01
2.105000e+01 2.120500e+01 2.082215e+01 2.080370e+01 2.104500e+01 2.121000e+01 2.082326e+01 2.080589e+01
2.058000e+01 2.121500e+01 2.083378e+01 2.079532e+01 2.058500e+01 2.122000e+01 2.083261e+01 2.079789e+01
2.058500e+01 2.122000e+01 2.083261e+01 2.079789e+01 2.059000e+01 2.122500e+01 2.083134e+01 2.080057e+01
2.102500e+01 2.122000e+01 2.082305e+01 2.080560e+01 2.102000e+01 2.122500e+01 2.082436e+01 2.080824e+01
2.103000e+01 2.121500e+01 2.082183e+01 2.080308e+01 2.102500e+01 2.122000e+01 2.082305e+01 2.080560e+01
2.059000e+01 2.122500e+01 2.083134e+01 2.080057e+01 2.059500e+01 2.123000e+01 2.083020e+01 2.080338e+01
2.059500e+01 2.123000e+01 2.083020e+01 2.080338e+01 2.060500e+01 2.123000e+01 2.083207e+01 2.079906e+01
2.060500e+01 2.123000e+01 2.083207e+01 2.079906e+01 2.061000e+01 2.123500e+01 2.083077e+01 2.080213e+01
2.100500e+01 2.123000e+01 2.082344e+01 2.080634e+01 2.100000e+01 2.123500e+01 2.082479e+01 2.080935e+01
2.100500e+01 2.123000e+01 2.082344e+01 2.080634e+01 2.101500e+01 2.123000e+01 2.082555e+01 2.081100e+01
2.102000e+01 2.122500e+01 2.082436e+01 2.080824e+01 2.101500e+01 2.123000e+01 2.082555e+01 2.081100e+01
2.061000e+01 2.123500e+01 2.083077e+01 2.080213e+01 2.061500e+01 2.124000e+01 2.082961e+01 2.080531e+01
2.061500e+01 2.124000e+01 2.082961e+01 2.080531e+01 2.062500e+01 2.124000e+01 2.083109e+01 2.080136e+01
2.062500e+01 2.124000e+01 2.083109e+01 2.080136e+01 2.063000e+01 2.124500e+01 2.082981e+01 2.080483e+01
2.098500e+01 2.124000e+01 2.082428e+01 2.080816e+01 2.098000e+01 2.124500e+01 2.082562e+01 2.081154e+01
2.098500e+01 2.124000e+01 2.082428e+01 2.080816e+01 2.099500e+01 2.124000e+01 2.082601e+01 2.081246e+01
2.100000e+01 2.123500e+01 2.082479e+01 2.080935e+01 2.099500e+01 2.124000e+01 2.082601e+01 2.081246e+01
2.063000e+01 2.124500e+01 2.082981e+01 2.080483e+01 2.063500e+01 2.125000e+01 2.082867e+01 2.080838e+01
2.063500e+01 2.125000e+01 2.082867e+01 2.080838e+01 2.064500e+01 2.125000e+01 2.082983e+01 2.080486e+01
2.064500e+01 2.125000e+01 2.082983e+01 2.080486e+01 2.065000e+01 2.125500e+01 2.082862e+01 2.080871e+01
2.095500e+01 2.125000e+01 2.082425e+01 2.080738e+01 2.095000e+01 2.125500e+01 2.082556e+01 2.081127e+01
2.095500e+01 2.125000e+01 2.082425e+01 2.080738e+01 2.096500e+01 2.125000e+01 2.082543e+01 2.081112e+01
2.096500e+01 2.125000e+01 2.082543e+01 2.081112e+01 2.097500e+01 2.125000e+01 2.082682e+01 2.081500e+01
2.098000e+01 2.124500e+01 2.082562e+01 2.081154e+01 2.097500e+01 2.125000e+01 2.082682e+01 2.081500e+01
2.065000e+01 2.125500e+01 2.082862e+01 2.080871e+01 2.065500e+01 2.126000e+01 2.082755e+01 2.081264e+01
2.065500e+01 2.126000e+01 2.082755e+01 2.081264e+01 2.066500e+01 2.126000e+01 2.082846e+01 2.080956e+01
2.066500e+01 2.126000e+01 2.082846e+01 2.080956e+01 2.067500e+01 2.126000e+01 2.082918e+01 2.080666e+01
2.067500e+01 2.126000e+01 2.082918e+01 2.080666e+01 2.068000e+01 2.126500e+01 2.082809e+01 2.081104e+01
2.093500e+01 2.126000e+01 2.082579e+01 2.081194e+01 2.093000e+01 2.126500e+01 2.082698e+01 2.081618e+01
2.093500e+01 2.126000e+01 2.082579e+01 2.081194e+01 2.094500e+01 2.126000e+01 2.082672e+01 2.081522e+01
2.095000e+01 2.125500e+01 2.082556e+01 2.081127e+01 2.094500e+01 2.126000e+01 2.082672e+01 2.081522e+01
2.068000e+01 2.126500e+01 2.082809e+01 2.081104e+01 2.068500e+01 2.127000e+01 2.082715e+01 2.081548e+01
2.068500e+01 2.127000e+01 2.082715e+01 2.081548e+01 2.069500e+01 2.127000e+01 2.082771e+01 2.081306e+01
2.069500e+01 2.127000e+01 2.082771e+01 2.081306e+01 2.070500e+01 2.127000e+01 2.082813e+01 2.081084e+01
2.070500e+01 2.127000e+01 2.082813e+01 2.081084e+01 2.071500e+01 2.127000e+01 2.082840e+01 2.080883e+01
2.071500e+01 2.127000e+01 2.082840e+01 2.080883e+01 2.072000e+01 2.127500e+01 2.082758e+01 2.081387e+01
2.089500e+01 2.127000e+01 2.082623e+01 2.081262e+01 2.089000e+01 2.127500e+01 2.082719e+01 2.081749e+01
2.089500e+01 2.127000e+01 2.082623e+01 2.081262e+01 2.090500e+01 2.127000e+01 2.082667e+01 2.081504e+01
2.090500e+01 2.127000e+01 2.082667e+01 2.081504e+01 2.091500e+01 2.127000e+01 2.082726e+01 2.081766e+01
2.091500e+01 2.127000e+01 2.082726e+01 2.081766e+01 2.092500e+01 2.127000e+01 2.082801e+01 2.082048e+01
2.093000e+01 2.126500e+01 2.082698e+01 2.081618e+01 2.092500e+01 2.127000e+01 2.082801e+01 2.082048e+01
2.072000e+01 2.127500e+01 2.082758e+01 2.081387e+01 2.072500e+01 2.128000e+01 2.082690e+01 2.081894e+01
2.072500e+01 2.128000e+01 2.082690e+01 2.081894e+01 2.073500e+01 2.128000e+01 2.082716e+01 2.081743e+01
2.073500e+01 2.128000e+01 2.082716e+01 2.081743e+01 2.074500e+01 2.128000e+01 2.082732e+01 2.081614e+01
2.074500e+01 2.128000e+01 2.082732e+01 2.081614e+01 2.075500e+01 2.128000e+01 2.082741e+01 2.081507e+01
2.075500e+01 2.128000e+01 2.082741e+01 2.081507e+01 2.076500e+01 2.128000e+01 2.082743e+01 2.081423e+01
2.076500e+01 2.128000e+01 2.082743e+01 2.081423e+01 2.077500e+01 2.128000e+01 2.082740e+01 2.081362e+01
2.077500e+01 2.128000e+01 2.082740e+01 2.081362e+01 2.078500e+01 2.128000e+01 2.082734e+01 2.081325e+01
2.078500e+01 2.128000e+01 2.082734e+01 2.081325e+01 2.079500e+01 2.128000e+01 2.082725e+01 2.081311e+01
2.079500e+01 2.128000e+01 2.082725e+01 2.081311e+01 2.080500e+01 2.128000e+01 2.082716e+01 2.081321e+01
2.080500e+01 2.128000e+01 2.082716e+01 2.081321e+01 2.081500e+01 2.128000e+01 2.082708e+01 2.081355e+01
2.081500e+01 2.128000e+01 2.082708e+01 2.081355e+01 2.082500e+01 2.128000e+01 2.082702e+01 2.081412e+01
2.082500e+01 2.128000e+01 2.082702e+01 2.081412e+01 2.083500e+01 2.128000e+01 2.082700e+01 2.081493e+01
2.083500e+01 2.128000e+01 2.082700e+01 2.081493e+01 2.084500e+01 2.128000e+01 2.082704e+01 2.081597e+01
2.084500e+01 2.128000e+01 2.082704e+01 2.081597e+01 2.085500e+01 2.128000e+01 2.082714e+01 2.081724e+01
2.085500e+01 2.128000e+01 2.082714e+01 2.081724e+01 2.086500e+01 2.128000e+01 2.082733e+01 2.081874e+01
2.086500e+01 2.128000e+01 2.082733e+01 2.081874e+01 2.087500e+01 2.128000e+01 2.082761e+01 2.082046e+01
2.087500e+01 2.128000e+01 2.082761e+01 2.082046e+01 2.088500e+01 2.128000e+01 2.082800e+01 2.082239e+01
2.089000e+01 2.127500e+01 2.082719e+01 2.081749e+01 2.088500e+01 2.128000e+01 2.082800e+01 2.082239e+01
2.081000e+01 2.076000e+01 1.933460e+01 2.073568e+01 2.081000e+01 2.076000e+01 1.933832e+01 2.064074e+01
2.081000e+01 2.076000e+01 1.933832e+01 2.064074e+01 2.081000e+01 2.076000e+01 1.934847e+01 2.054650e+01
2.081000e+01 2.076000e+01 1.934847e+01 2.054650e+01 2.081000e+01 2.076000e+01 1.936500e+01 2.045329e+01
2.081000e+01 2.076000e+01 1.936500e+01 2.045329e+01 2.081000e+01 2.076000e+01 1.938784e+01 2.036143e+01
2.081000e+01 2.076000e+01 1.938784e+01 2.036143e+01 2.081000e+01 2.076000e+01 1.941692e+01 2.027123e+01
2.081000e+01 2.076000e+01 1.941692e+01 2.027123e+01 2.081000e+01 2.076000e+01 1.945217e+01 2.018301e+01
2.081000e+01 2.076000e+01 1.945217e+01 2.018301e+01 2.081000e+01 2.076000e+01 1.949351e+01 2.009709e+01
2.081000e+01 2.076000e+01 1.949351e+01 2.009709e+01 2.081000e+01 2.076000e+01 1.954085e+01 2.001379e+01
2.081000e+01 2.076000e+01 1.954085e+01 2.001379e+01 2.081000e+01 2.076000e+01 1.959410e+01 1.993346e+01
2.081000e+01 2.076000e+01 1.959410e+01 1.993346e+01 2.081000e+01 2.076000e+01 1.965315e+01 1.985643e+01
2.081000e+01 2.076000e+01 1.965315e+01 1.985643e+01 2.081000e+01 2.076000e+01 1.971788e+01 1.978307e+01
2.081000e+01 2.076000e+01 1.971788e+01 1.978307e+01 2.081000e+01 2.076000e+01 1.978814e+01 1.971374e+01
2.081000e+01 2.076000e+01 1.978814e+01 1.971374e+01 2.081000e+01 2.076000e+01 1.986376e+01 1.964881e+01
2.081000e+01 2.076000e+01 1.986376e+01 1.964881e+01 2.081000e+01 2.076000e+01 1.994453e+01 1.958868e+01
2.081000e+01 2.076000e+01 1.994453e+01 1.958868e+01 2.081000e+01 2.076000e+01 2.003022e+01 1.953374e+01
2.081000e+01 2.076000e+01 2.003022e+01 1.953374e+01 2.081000e+01 2.076000e+01 2.012053e+01 1.948438e+01
2.081000e+01 2.076000e+01 2.012053e+01 1.948438e+01 2.081000e+01 2.076000e+01 2.021512e+01 1.944100e+01
2.081000e+01 2.076000e+01 2.021512e+01 1.944100e+01 2.081000e+01 2.076000e+01 2.031361e+01 1.940399e+01
2.081000e+01 2.076000e+01 2.031361e+01 1.940399e+01 2.081000e+01 2.076000e+01 2.041552e+01 1.937369e+01
2.081000e+01 2.076000e+01 2.041552e+01 1.937369e+01 2.081000e+01 2.076000e+01 2.052036e+01 1.935046e+01
2.081000e+01 2.076000e+01 2.052036e+01 1.935046e+01 2.081000e+01 2.076000e+01 2.062753e+01 1.933457e+01
2.081000e+01 2.076000e+01 2.062753e+01 1.933457e+01 2.081000e+01 2.076000e+01 2.073640e+01 1.932628e+01
2.081000e+01 2.076000e+01 2.073640e+01 1.932628e+01 2.081000e+01 2.076000e+01 2.084627e+01 1.932575e+01
2.081000e+01 2.076000e+01 2.084627e+01 1.932575e+01 2.081000e+01 2.076000e+01 2.095642e+01 1.933309e+01
2.081000e+01 2.076000e+01 2.095642e+01 1.933309e+01 2.081000e+01 2.076000e+01 2.106608e+01 1.934830e+01
2.081000e+01 2.076000e+01 2.106608e+01 1.934830e+01 2.081000e+01 2.076000e+01 2.117448e+01 1.937133e+01
2.081000e+01 2.076000e+01 2.117448e+01 1.937133e+01 2.081000e+01 2.076000e+01 2.128087e+01 1.940200e+01
2.081000e+01 2.076000e+01 2.128087e+01 1.940200e+01 2.081000e+01 2.076000e+01 2.138452e+01 1.944008e+01
2.081000e+01 2.076000e+01 2.138452e+01 1.944008e+01 2.081000e+01 2.076000e+01 2.148473e+01 1.948523e+01
2.081000e+01 2.076000e+01 2.148473e+01 1.948523e+01 2.081000e+01 2.076000e+01 2.158088e+01 1.953709e+01
2.081000e+01 2.076000e+01 2.158088e+01 1.953709e+01 2.081000e+01 2.076000e+01 2.167239e+01 1.959520e+01
2.081000e+01 2.076000e+01 2.167239e+01 1.959520e+01 2.081000e+01 2.076000e+01 2.175878e+01 1.965909e+01
2.081000e+01 2.076000e+01 2.175878e+01 1.965909e+01 2.081000e+01 2.076000e+01 2.183964e+01 1.972825e+01
2.081000e+01 2.076000e+01 2.183964e+01 1.972825e+01 2.081000e+01 2.076000e+01 2.191462e+01 1.980217e+01
2.081000e+01 2.076000e+01 2.191462e+01 1.980217e+01 2.081000e+01 2.076000e+01 2.198345e+01 1.988033e+01
2.081000e+01 2.076000e+01 2.198345e+01 1.988033e+01 2.081000e+01 2.076000e+01 2.204593e+01 1.996221e+01
2.081000e+01 2.076000e+01 2.204593e+01 1.996221e+01 2.081000e+01 2.076000e+01 2.210191e+01 2.004731e+01
2.081000e+01 2.076000e+01 2.210191e+01 2.004731e+01 2.081000e+01 2.076000e+01 2.215127e+01 2.013516e+01
2.081000e+01 2.076000e+01 2.215127e+01 2.013516e+01 2.081000e+01 2.076000e+01 2.219396e+01 2.022529e+01
2.081000e+01 2.076000e+01 2.219396e+01 2.022529e+01 2.081000e+01 2.076000e+01 2.222996e+01 2.031727e+01
2.081000e+01 2.076000e+01 2.222996e+01 2.031727e+01 2.081000e+01 2.076000e+01 2.225925e+01 2.041067e+01
2.081000e+01 2.076000e+01 2.225925e+01 2.041067e+01 2.081000e+01 2.076000e+01 2.228186e+01 2.050511e+01
2.081000e+01 2.076000e+01 2.228186e+01 2.050511e+01 2.081000e+01 2.076000e+01 2.229781e+01 2.060020e+01
2.081000e+01 2.076000e+01 2.229781e+01 2.060020e+01 2.081000e+01 2.076000e+01 2.230715e+01 2.069558e+01
2.081000e+01 2.076000e+01 2.230715e+01 2.069558e+01 2.081000e+01 2.076000e+01 2.230994e+01 2.079092e+01
2.081000e+01 2.076000e+01 2.230994e+01 2.079092e+01 2.081000e+01 2.076000e+01 2.230622e+01 2.088586e+01
2.081000e+01 2.076000e+01 2.230622e+01 2.088586e+01 2.081000e+01 2.076000e+01 2.229607e+01 2.098010e+01
2.081000e+01 2.076000e+01 2.229607e+01 2.098010e+01 2.081000e+01 2.076000e+01 2.227954e+01 2.107331e+01
2.081000e+01 2.076000e+01 2.227954e+01 2.107331e+01 2.081000e+01 2.076000e+01 2.225670e+01 2.116517e+01
2.081000e+01 2.076000e+01 2.225670e+01 2.116517e+01 2.081000e+01 2.076000e+01 2.222761e+01 2.125537e+01
2.081000e+01 2.076000e+01 2.222761e+01 2.125537e+01 2.081000e+01 2.076000e+01 2.219237e+01 2.134359e+01
2.081000e+01 2.076000e+01 2.219237e+01 2.134359e+01 2.081000e+01 2.076000e+01 2.215103e+01 2.142951e+01
2.081000e+01 2.076000e+01 2.215103e+01 2.142951e+01 2.081000e+01 2.076000e+01 2.210369e+01 2.151281e+01
2.081000e+01 2.076000e+01 2.210369e+01 2.151281e+01 2.081000e+01 2.076000e+01 2.205044e+01 2.159314e+01
2.081000e+01 2.076000e+01 2.205044e+01 2.159314e+01 2.081000e+01 2.076000e+01 2.199139e+01 2.167017e+01
2.081000e+01 2.076000e+01 2.199139e+01 2.167017e+01 2.081000e+01 2.076000e+01 2.192666e+01 2.174353e+01
2.081000e+01 2.076000e+01 2.192666e+01 2.174353e+01 2.081000e+01 2.076000e+01 2.185640e+01 2.181286e+01
2.081000e+01 2.076000e+01 2.185640e+01 2.181286e+01 2.081000e+01 2.076000e+01 2.178078e+01 2.187779e+01
2.081000e+01 2.076000e+01 2.178078e+01 2.187779e+01 2.081000e+01 2.076000e+01 2.170001e+01 2.193792e+01
2.081000e+01 2.076000e+01 2.170001e+01 2.193792e+01 2.081000e+01 2.076000e+01 2.161432e+01 2.199286e+01
2.081000e+01 2.076000e+01 2.161432e+01 2.199286e+01 2.081000e+01 2.076000e+01 2.152401e+01 2.204221e+01
2.081000e+01 2.076000e+01 2.152401e+01 2.204221e+01 2.081000e+01 2.076000e+01 2.142942e+01 2.208559e+01
2.081000e+01 2.076000e+01 2.142942e+01 2.208559e+01 2.081000e+01 2.076000e+01 2.133093e+01 2.212261e+01
2.081000e+01 2.076000e+01 2.133093e+01 2.212261e+01 2.081000e+01 2.076000e+01 2.122901e+01 2.215291e+01
2.081000e+01 2.076000e+01 2.122901e+01 2.215291e+01 2.081000e+01 2.076000e+01 2.112418e+01 2.217614e+01
2.081000e+01 2.076000e+01 2.112418e+01 2.217614e+01 2.081000e+01 2.076000e+01 2.101701e+01 2.219203e+01
2.081000e+01 2.076000e+01 2.101701e+01 2.219203e+01 2.081000e+01 2.076000e+01 2.090814e+01 2.220032e+01
2.081000e+01 2.076000e+01 2.090814e+01 2.220032e+01 2.081000e+01 2.076000e+01 2.079827e+01 2.220085e+01
2.081000e+01 2.076000e+01 2.079827e+01 2.220085e+01 2.081000e+01 2.076000e+01 2.068812e+01 2.219351e+01
2.081000e+01 2.076000e+01 2.068812e+01 2.219351e+01 2.081000e+01 2.076000e+01 2.057846e+01 2.217830e+01
2.081000e+01 2.076000e+01 2.057846e+01 2.217830e+01 2.081000e+01 2.076000e+01 2.047006e+01 2.215527e+01
2.081000e+01 2.076000e+01 2.047006e+01 2.215527e+01 2.081000e+01 2.076000e+01 2.036366e+01 2.212460e+01
2.081000e+01 2.076000e+01 2.036366e+01 2.212460e+01 2.081000e+01 2.076000e+01 2.026002e+01 2.208652e+01
2.081000e+01 2.076000e+01 2.026002e+01 2.208652e+01 2.081000e+01 2.076000e+01 2.015981e+01 2.204136e+01
2.081000e+01 2.076000e+01 2.015981e+01 2.204136e+01 2.081000e+01 2.076000e+01 2.006366e+01 2.198951e+01
2.081000e+01 2.076000e+01 2.006366e+01 2.198951e+01 2.081000e+01 2.076000e+01 1.997215e+01 2.193140e+01
2.081000e+01 2.076000e+01 1.997215e+01 2.193140e+01 2.081000e+01 2.076000e+01 1.988575e+01 2.186751e+01
2.081000e+01 2.076000e+01 1.988575e+01 2.186751e+01 2.081000e+01 2.076000e+01 1.980490e+01 2.179834e+01
2.081000e+01 2.076000e+01 1.980490e+01 2.179834e+01 2.081000e+01 2.076000e+01 1.972992e+01 2.172442e+01
2.081000e+01 2.076000e+01 1.972992e+01 2.172442e+01 2.081000e+01 2.076000e+01 1.966108e+01 2.164627e+01
2.081000e+01 2.076000e+01 1.966108e+01 2.164627e+01 2.081000e+01 2.076000e+01 1.959861e+01 2.156439e+01
2.081000e+01 2.076000e+01 1.959861e+01 2.156439e+01 2.081000e+01 2.076000e+01 1.954263e+01 2.147928e+01
2.081000e+01 2.076000e+01 1.954263e+01 2.147928e+01 2.081000e+01 2.076000e+01 1.949327e+01 2.139144e+01
2.081000e+01 2.076000e+01 1.949327e+01 2.139144e+01 2.081000e+01 2.076000e+01 1.945057e+01 2.130131e+01
2.081000e+01 2.076000e+01 1.945057e+01 2.130131e+01 2.081000e+01 2.076000e+01 1.941458e+01 2.120933e+01
2.081000e+01 2.076000e+01 1.941458e+01 2.120933e+01 2.081000e+01 2.076000e+01 1.938529e+01 2.111593e+01
2.081000e+01 2.076000e+01 1.938529e+01 2.111593e+01 2.081000e+01 2.076000e+01 1.936268e+01 2.102149e+01
2.081000e+01 2.076000e+01 1.936268e+01 2.102149e+01 2.081000e+01 2.076000e+01 1.934673e+01 2.092640e+01
2.081000e+01 2.076000e+01 1.934673e+01 2.092640e+01 2.081000e+01 2.076000e+01 1.933739e+01 2.083102e+01
2.081000e+01 2.076000e+01 1.933739e+01 2.083102e+01 2.081000e+01 2.076000e+01 1.933460e+01 2.073568e+01
