2.074500e+01 2.018000e+01 2.080222e+01 2.065410e+01 2.074000e+01 2.018500e+01 2.080282e+01 2.065806e+01
2.074500e+01 2.018000e+01 2.080222e+01 2.065410e+01 2.075500e+01 2.018000e+01 2.080244e+01 2.065543e+01
2.075500e+01 2.018000e+01 2.080244e+01 2.065543e+01 2.076500e+01 2.018000e+01 2.080258e+01 2.065660e+01
2.076500e+01 2.018000e+01 2.080258e+01 2.065660e+01 2.077500e+01 2.018000e+01 2.080265e+01 2.065758e+01
2.077500e+01 2.018000e+01 2.080265e+01 2.065758e+01 2.078500e+01 2.018000e+01 2.080267e+01 2.065839e+01
2.078500e+01 2.018000e+01 2.080267e+01 2.065839e+01 2.079500e+01 2.018000e+01 2.080264e+01 2.065901e+01
2.079500e+01 2.018000e+01 2.080264e+01 2.065901e+01 2.080500e+01 2.018000e+01 2.080259e+01 2.065946e+01
2.080500e+01 2.018000e+01 2.080259e+01 2.065946e+01 2.081500e+01 2.018000e+01 2.080251e+01 2.065971e+01
2.081500e+01 2.018000e+01 2.080251e+01 2.065971e+01 2.082500e+01 2.018000e+01 2.080244e+01 2.065978e+01
2.082500e+01 2.018000e+01 2.080244e+01 2.065978e+01 2.083500e+01 2.018000e+01 2.080237e+01 2.065967e+01
2.083500e+01 2.018000e+01 2.080237e+01 2.065967e+01 2.084500e+01 2.018000e+01 2.080232e+01 2.065937e+01
2.084500e+01 2.018000e+01 2.080232e+01 2.065937e+01 2.085500e+01 2.018000e+01 2.080231e+01 2.065889e+01
2.085500e+01 2.018000e+01 2.080231e+01 2.065889e+01 2.086500e+01 2.018000e+01 2.080235e+01 2.065823e+01
2.086500e+01 2.018000e+01 2.080235e+01 2.065823e+01 2.087500e+01 2.018000e+01 2.080245e+01 2.065739e+01
2.087500e+01 2.018000e+01 2.080245e+01 2.065739e+01 2.088500e+01 2.018000e+01 2.080263e+01 2.065638e+01
2.088500e+01 2.018000e+01 2.080263e+01 2.065638e+01 2.089000e+01 2.018500e+01 2.080217e+01 2.066048e+01
2.070500e+01 2.019000e+01 2.080243e+01 2.065636e+01 2.070000e+01 2.019500e+01 2.080321e+01 2.065986e+01
2.070500e+01 2.019000e+01 2.080243e+01 2.065636e+01 2.071500e+01 2.019000e+01 2.080292e+01 2.065840e+01
2.071500e+01 2.019000e+01 2.080292e+01 2.065840e+01 2.072500e+01 2.019000e+01 2.080328e+01 2.066028e+01
2.072500e+01 2.019000e+01 2.080328e+01 2.066028e+01 2.073500e+01 2.019000e+01 2.080353e+01 2.066200e+01
2.074000e+01 2.018500e+01 2.080282e+01 2.065806e+01 2.073500e+01 2.019000e+01 2.080353e+01 2.066200e+01
2.089000e+01 2.018500e+01 2.080217e+01 2.066048e+01 2.089500e+01 2.019000e+01 2.080160e+01 2.066456e+01
2.089500e+01 2.019000e+01 2.080160e+01 2.066456e+01 2.090500e+01 2.019000e+01 2.080179e+01 2.066316e+01
2.090500e+01 2.019000e+01 2.080179e+01 2.066316e+01 2.091500e+01 2.019000e+01 2.080209e+01 2.066159e+01
2.091500e+01 2.019000e+01 2.080209e+01 2.066159e+01 2.092000e+01 2.019500e+01 2.080144e+01 2.066533e+01
2.068500e+01 2.020000e+01 2.080347e+01 2.066091e+01 2.068000e+01 2.020500e+01 2.080435e+01 2.066416e+01
2.068500e+01 2.020000e+01 2.080347e+01 2.066091e+01 2.069500e+01 2.020000e+01 2.080410e+01 2.066332e+01
2.070000e+01 2.019500e+01 2.080321e+01 2.065986e+01 2.069500e+01 2.020000e+01 2.080410e+01 2.066332e+01
2.092000e+01 2.019500e+01 2.080144e+01 2.066533e+01 2.092500e+01 2.020000e+01 2.080068e+01 2.066903e+01
2.092500e+01 2.020000e+01 2.080068e+01 2.066903e+01 2.093500e+01 2.020000e+01 2.080109e+01 2.066709e+01
2.093500e+01 2.020000e+01 2.080109e+01 2.066709e+01 2.094000e+01 2.020500e+01 2.080032e+01 2.067056e+01
2.066500e+01 2.021000e+01 2.080451e+01 2.066459e+01 2.066000e+01 2.021500e+01 2.080545e+01 2.066757e+01
2.066500e+01 2.021000e+01 2.080451e+01 2.066459e+01 2.067500e+01 2.021000e+01 2.080533e+01 2.066735e+01
2.068000e+01 2.020500e+01 2.080435e+01 2.066416e+01 2.067500e+01 2.021000e+01 2.080533e+01 2.066735e+01
2.094000e+01 2.020500e+01 2.080032e+01 2.067056e+01 2.094500e+01 2.021000e+01 2.079944e+01 2.067397e+01
2.094500e+01 2.021000e+01 2.079944e+01 2.067397e+01 2.095500e+01 2.021000e+01 2.080001e+01 2.067166e+01
2.095500e+01 2.021000e+01 2.080001e+01 2.067166e+01 2.096000e+01 2.021500e+01 2.079916e+01 2.067485e+01
2.064500e+01 2.022000e+01 2.080542e+01 2.066738e+01 2.064000e+01 2.022500e+01 2.080639e+01 2.067009e+01
2.064500e+01 2.022000e+01 2.080542e+01 2.066738e+01 2.065500e+01 2.022000e+01 2.080649e+01 2.067048e+01
2.066000e+01 2.021500e+01 2.080545e+01 2.066757e+01 2.065500e+01 2.022000e+01 2.080649e+01 2.067048e+01
2.096000e+01 2.021500e+01 2.079916e+01 2.067485e+01 2.096500e+01 2.022000e+01 2.079820e+01 2.067798e+01
2.096500e+01 2.022000e+01 2.079820e+01 2.067798e+01 2.097500e+01 2.022000e+01 2.079900e+01 2.067531e+01
2.097500e+01 2.022000e+01 2.079900e+01 2.067531e+01 2.098000e+01 2.022500e+01 2.079811e+01 2.067823e+01
2.062500e+01 2.023000e+01 2.080607e+01 2.066932e+01 2.062000e+01 2.023500e+01 2.080703e+01 2.067176e+01
2.062500e+01 2.023000e+01 2.080607e+01 2.066932e+01 2.063500e+01 2.023000e+01 2.080745e+01 2.067273e+01
2.064000e+01 2.022500e+01 2.080639e+01 2.067009e+01 2.063500e+01 2.023000e+01 2.080745e+01 2.067273e+01
2.098000e+01 2.022500e+01 2.079811e+01 2.067823e+01 2.098500e+01 2.023000e+01 2.079711e+01 2.068106e+01
2.098500e+01 2.023000e+01 2.079711e+01 2.068106e+01 2.099500e+01 2.023000e+01 2.079819e+01 2.067806e+01
2.099500e+01 2.023000e+01 2.079819e+01 2.067806e+01 2.100000e+01 2.023500e+01 2.079730e+01 2.068069e+01
2.061500e+01 2.024000e+01 2.080808e+01 2.067412e+01 2.061000e+01 2.024500e+01 2.080906e+01 2.067638e+01
2.062000e+01 2.023500e+01 2.080703e+01 2.067176e+01 2.061500e+01 2.024000e+01 2.080808e+01 2.067412e+01
2.100000e+01 2.023500e+01 2.079730e+01 2.068069e+01 2.100500e+01 2.024000e+01 2.079630e+01 2.068324e+01
2.100500e+01 2.024000e+01 2.079630e+01 2.068324e+01 2.101000e+01 2.024500e+01 2.079536e+01 2.068568e+01
2.060500e+01 2.025000e+01 2.081013e+01 2.067856e+01 2.060000e+01 2.025500e+01 2.081112e+01 2.068064e+01
2.061000e+01 2.024500e+01 2.080906e+01 2.067638e+01 2.060500e+01 2.025000e+01 2.081013e+01 2.067856e+01
2.101000e+01 2.024500e+01 2.079536e+01 2.068568e+01 2.101500e+01 2.025000e+01 2.079433e+01 2.068804e+01
2.101500e+01 2.025000e+01 2.079433e+01 2.068804e+01 2.102000e+01 2.025500e+01 2.079338e+01 2.069030e+01
2.058500e+01 2.026000e+01 2.081014e+01 2.067860e+01 2.058000e+01 2.026500e+01 2.081104e+01 2.068043e+01
2.058500e+01 2.026000e+01 2.081014e+01 2.067860e+01 2.059500e+01 2.026000e+01 2.081220e+01 2.068264e+01
2.060000e+01 2.025500e+01 2.081112e+01 2.068064e+01 2.059500e+01 2.026000e+01 2.081220e+01 2.068264e+01
2.102000e+01 2.025500e+01 2.079338e+01 2.069030e+01 2.102500e+01 2.026000e+01 2.079233e+01 2.069247e+01
2.102500e+01 2.026000e+01 2.079233e+01 2.069247e+01 2.103000e+01 2.026500e+01 2.079137e+01 2.069454e+01
2.057500e+01 2.027000e+01 2.081201e+01 2.068216e+01 2.057000e+01 2.027500e+01 2.081288e+01 2.068382e+01
2.058000e+01 2.026500e+01 2.081104e+01 2.068043e+01 2.057500e+01 2.027000e+01 2.081201e+01 2.068216e+01
2.103000e+01 2.026500e+01 2.079137e+01 2.069454e+01 2.103500e+01 2.027000e+01 2.079032e+01 2.069651e+01
2.103500e+01 2.027000e+01 2.079032e+01 2.069651e+01 2.104500e+01 2.027000e+01 2.079226e+01 2.069268e+01
2.104500e+01 2.027000e+01 2.079226e+01 2.069268e+01 2.105000e+01 2.027500e+01 2.079141e+01 2.069448e+01
2.056500e+01 2.028000e+01 2.081383e+01 2.068537e+01 2.056000e+01 2.028500e+01 2.081466e+01 2.068686e+01
2.057000e+01 2.027500e+01 2.081288e+01 2.068382e+01 2.056500e+01 2.028000e+01 2.081383e+01 2.068537e+01
2.105000e+01 2.027500e+01 2.079141e+01 2.069448e+01 2.105500e+01 2.028000e+01 2.079048e+01 2.069618e+01
2.105500e+01 2.028000e+01 2.079048e+01 2.069618e+01 2.106000e+01 2.028500e+01 2.078967e+01 2.069781e+01
2.055500e+01 2.029000e+01 2.081556e+01 2.068823e+01 2.055000e+01 2.029500e+01 2.081634e+01 2.068955e+01
2.056000e+01 2.028500e+01 2.081466e+01 2.068686e+01 2.055500e+01 2.029000e+01 2.081556e+01 2.068823e+01
2.106000e+01 2.028500e+01 2.078967e+01 2.069781e+01 2.106500e+01 2.029000e+01 2.078879e+01 2.069932e+01
2.106500e+01 2.029000e+01 2.078879e+01 2.069932e+01 2.107000e+01 2.029500e+01 2.078803e+01 2.070077e+01
2.054500e+01 2.030000e+01 2.081717e+01 2.069075e+01 2.054000e+01 2.030500e+01 2.081788e+01 2.069190e+01
2.055000e+01 2.029500e+01 2.081634e+01 2.068955e+01 2.054500e+01 2.030000e+01 2.081717e+01 2.069075e+01
2.107000e+01 2.029500e+01 2.078803e+01 2.070077e+01 2.107500e+01 2.030000e+01 2.078720e+01 2.070210e+01
2.107500e+01 2.030000e+01 2.078720e+01 2.070210e+01 2.108000e+01 2.030500e+01 2.078651e+01 2.070337e+01
2.053500e+01 2.031000e+01 2.081865e+01 2.069293e+01 2.053000e+01 2.031500e+01 2.081928e+01 2.069392e+01
2.054000e+01 2.030500e+01 2.081788e+01 2.069190e+01 2.053500e+01 2.031000e+01 2.081865e+01 2.069293e+01
2.108000e+01 2.030500e+01 2.078651e+01 2.070337e+01 2.108000e+01 2.031500e+01 2.078211e+01 2.071008e+01
2.052500e+01 2.032000e+01 2.081995e+01 2.069479e+01 2.052000e+01 2.032500e+01 2.082049e+01 2.069562e+01
2.053000e+01 2.031500e+01 2.081928e+01 2.069392e+01 2.052500e+01 2.032000e+01 2.081995e+01 2.069479e+01
2.108000e+01 2.031500e+01 2.078211e+01 2.071008e+01 2.108500e+01 2.032000e+01 2.078130e+01 2.071111e+01
2.108500e+01 2.032000e+01 2.078130e+01 2.071111e+01 2.109000e+01 2.032500e+01 2.078064e+01 2.071209e+01
2.051500e+01 2.033000e+01 2.082105e+01 2.069633e+01 2.051000e+01 2.033500e+01 2.082148e+01 2.069701e+01
2.052000e+01 2.032500e+01 2.082049e+01 2.069562e+01 2.051500e+01 2.033000e+01 2.082105e+01 2.069633e+01
2.109000e+01 2.032500e+01 2.078064e+01 2.071209e+01 2.109500e+01 2.033000e+01 2.077994e+01 2.071295e+01
2.109500e+01 2.033000e+01 2.077994e+01 2.071295e+01 2.110000e+01 2.033500e+01 2.077939e+01 2.071376e+01
2.051000e+01 2.033500e+01 2.082148e+01 2.069701e+01 2.051000e+01 2.034500e+01 2.082643e+01 2.070309e+01
2.110000e+01 2.033500e+01 2.077939e+01 2.071376e+01 2.110500e+01 2.034000e+01 2.077880e+01 2.071445e+01
2.110500e+01 2.034000e+01 2.077880e+01 2.071445e+01 2.111000e+01 2.034500e+01 2.077837e+01 2.071511e+01
2.050500e+01 2.035000e+01 2.082691e+01 2.070353e+01 2.050000e+01 2.035500e+01 2.082723e+01 2.070395e+01
2.051000e+01 2.034500e+01 2.082643e+01 2.070309e+01 2.050500e+01 2.035000e+01 2.082691e+01 2.070353e+01
2.111000e+01 2.034500e+01 2.077837e+01 2.071511e+01 2.111500e+01 2.035000e+01 2.077791e+01 2.071565e+01
2.111500e+01 2.035000e+01 2.077791e+01 2.071565e+01 2.112000e+01 2.035500e+01 2.077761e+01 2.071616e+01
2.049500e+01 2.036000e+01 2.082756e+01 2.070425e+01 2.049000e+01 2.036500e+01 2.082774e+01 2.070454e+01
2.050000e+01 2.035500e+01 2.082723e+01 2.070395e+01 2.049500e+01 2.036000e+01 2.082756e+01 2.070425e+01
2.112000e+01 2.035500e+01 2.077761e+01 2.071616e+01 2.112000e+01 2.036500e+01 2.077284e+01 2.072171e+01
2.048500e+01 2.037000e+01 2.082792e+01 2.070471e+01 2.048000e+01 2.037500e+01 2.082795e+01 2.070487e+01
2.049000e+01 2.036500e+01 2.082774e+01 2.070454e+01 2.048500e+01 2.037000e+01 2.082792e+01 2.070471e+01
2.112000e+01 2.036500e+01 2.077284e+01 2.072171e+01 2.112500e+01 2.037000e+01 2.077252e+01 2.072196e+01
2.112500e+01 2.037000e+01 2.077252e+01 2.072196e+01 2.113000e+01 2.037500e+01 2.077237e+01 2.072221e+01
2.048000e+01 2.037500e+01 2.082795e+01 2.070487e+01 2.048000e+01 2.038500e+01 2.083303e+01 2.071005e+01
2.113000e+01 2.037500e+01 2.077237e+01 2.072221e+01 2.113500e+01 2.038000e+01 2.077222e+01 2.072234e+01
2.113500e+01 2.038000e+01 2.077222e+01 2.072234e+01 2.114000e+01 2.038500e+01 2.077224e+01 2.072246e+01
2.047500e+01 2.039000e+01 2.083304e+01 2.070998e+01 2.047000e+01 2.039500e+01 2.083288e+01 2.070992e+01
2.048000e+01 2.038500e+01 2.083303e+01 2.071005e+01 2.047500e+01 2.039000e+01 2.083304e+01 2.070998e+01
2.114000e+01 2.038500e+01 2.077224e+01 2.072246e+01 2.114000e+01 2.039500e+01 2.076740e+01 2.072731e+01
2.047000e+01 2.039500e+01 2.083288e+01 2.070992e+01 2.047000e+01 2.040500e+01 2.083799e+01 2.071468e+01
2.114000e+01 2.039500e+01 2.076740e+01 2.072731e+01 2.114500e+01 2.040000e+01 2.076744e+01 2.072719e+01
2.114500e+01 2.040000e+01 2.076744e+01 2.072719e+01 2.115000e+01 2.040500e+01 2.076767e+01 2.072709e+01
2.046500e+01 2.041000e+01 2.083779e+01 2.071438e+01 2.046000e+01 2.041500e+01 2.083743e+01 2.071411e+01
2.047000e+01 2.040500e+01 2.083799e+01 2.071468e+01 2.046500e+01 2.041000e+01 2.083779e+01 2.071438e+01
2.115000e+01 2.040500e+01 2.076767e+01 2.072709e+01 2.115000e+01 2.041500e+01 2.076281e+01 2.073149e+01
2.045500e+01 2.042000e+01 2.083703e+01 2.071373e+01 2.045000e+01 2.042500e+01 2.083646e+01 2.071339e+01
2.046000e+01 2.041500e+01 2.083743e+01 2.071411e+01 2.045500e+01 2.042000e+01 2.083703e+01 2.071373e+01
2.115000e+01 2.041500e+01 2.076281e+01 2.073149e+01 2.115500e+01 2.042000e+01 2.076309e+01 2.073114e+01
2.115500e+01 2.042000e+01 2.076309e+01 2.073114e+01 2.116000e+01 2.042500e+01 2.076356e+01 2.073082e+01
2.045000e+01 2.042500e+01 2.083646e+01 2.071339e+01 2.045000e+01 2.043500e+01 2.084147e+01 2.071749e+01
2.116000e+01 2.042500e+01 2.076356e+01 2.073082e+01 2.116000e+01 2.043500e+01 2.075874e+01 2.073477e+01
2.044500e+01 2.044000e+01 2.084081e+01 2.071692e+01 2.044000e+01 2.044500e+01 2.083999e+01 2.071641e+01
2.045000e+01 2.043500e+01 2.084147e+01 2.071749e+01 2.044500e+01 2.044000e+01 2.084081e+01 2.071692e+01
2.116000e+01 2.043500e+01 2.075874e+01 2.073477e+01 2.116500e+01 2.044000e+01 2.075930e+01 2.073422e+01
2.116500e+01 2.044000e+01 2.075930e+01 2.073422e+01 2.117000e+01 2.044500e+01 2.076003e+01 2.073373e+01
2.044000e+01 2.044500e+01 2.083999e+01 2.071641e+01 2.044000e+01 2.045500e+01 2.084491e+01 2.072009e+01
2.117000e+01 2.044500e+01 2.076003e+01 2.073373e+01 2.117000e+01 2.045500e+01 2.075531e+01 2.073723e+01
2.044000e+01 2.045500e+01 2.084491e+01 2.072009e+01 2.044000e+01 2.046500e+01 2.084982e+01 2.072357e+01
2.117000e+01 2.045500e+01 2.075531e+01 2.073723e+01 2.117500e+01 2.046000e+01 2.075616e+01 2.073651e+01
2.117500e+01 2.046000e+01 2.075616e+01 2.073651e+01 2.118000e+01 2.046500e+01 2.075720e+01 2.073587e+01
2.043500e+01 2.047000e+01 2.084880e+01 2.072275e+01 2.043000e+01 2.047500e+01 2.084763e+01 2.072201e+01
2.044000e+01 2.046500e+01 2.084982e+01 2.072357e+01 2.043500e+01 2.047000e+01 2.084880e+01 2.072275e+01
2.118000e+01 2.046500e+01 2.075720e+01 2.073587e+01 2.118000e+01 2.047500e+01 2.075262e+01 2.073895e+01
2.043000e+01 2.047500e+01 2.084763e+01 2.072201e+01 2.043000e+01 2.048500e+01 2.085238e+01 2.072508e+01
2.118000e+01 2.047500e+01 2.075262e+01 2.073895e+01 2.118500e+01 2.048000e+01 2.075381e+01 2.073810e+01
2.118500e+01 2.048000e+01 2.075381e+01 2.073810e+01 2.119000e+01 2.048500e+01 2.075517e+01 2.073733e+01
2.042500e+01 2.049000e+01 2.085104e+01 2.072416e+01 2.042000e+01 2.049500e+01 2.084956e+01 2.072332e+01
2.043000e+01 2.048500e+01 2.085238e+01 2.072508e+01 2.042500e+01 2.049000e+01 2.085104e+01 2.072416e+01
2.119000e+01 2.048500e+01 2.075517e+01 2.073733e+01 2.119000e+01 2.049500e+01 2.075079e+01 2.074000e+01
2.042000e+01 2.049500e+01 2.084956e+01 2.072332e+01 2.042000e+01 2.050500e+01 2.085409e+01 2.072601e+01
2.119000e+01 2.049500e+01 2.075079e+01 2.074000e+01 2.119000e+01 2.050500e+01 2.074646e+01 2.074246e+01
2.042000e+01 2.050500e+01 2.085409e+01 2.072601e+01 2.042000e+01 2.051500e+01 2.085857e+01 2.072850e+01
2.119000e+01 2.050500e+01 2.074646e+01 2.074246e+01 2.119500e+01 2.051000e+01 2.074811e+01 2.074144e+01
2.119500e+01 2.051000e+01 2.074811e+01 2.074144e+01 2.120000e+01 2.051500e+01 2.074991e+01 2.074052e+01
2.041500e+01 2.052000e+01 2.085679e+01 2.072743e+01 2.041000e+01 2.052500e+01 2.085487e+01 2.072646e+01
2.042000e+01 2.051500e+01 2.085857e+01 2.072850e+01 2.041500e+01 2.052000e+01 2.085679e+01 2.072743e+01
2.120000e+01 2.051500e+01 2.074991e+01 2.074052e+01 2.120000e+01 2.052500e+01 2.074585e+01 2.074260e+01
2.041000e+01 2.052500e+01 2.085487e+01 2.072646e+01 2.041000e+01 2.053500e+01 2.085908e+01 2.072861e+01
2.120000e+01 2.052500e+01 2.074585e+01 2.074260e+01 2.120500e+01 2.053000e+01 2.074788e+01 2.074155e+01
2.120500e+01 2.053000e+01 2.074788e+01 2.074155e+01 2.121000e+01 2.053500e+01 2.075005e+01 2.074061e+01
2.041000e+01 2.053500e+01 2.085908e+01 2.072861e+01 2.041000e+01 2.054500e+01 2.086319e+01 2.073055e+01
2.121000e+01 2.053500e+01 2.075005e+01 2.074061e+01 2.121000e+01 2.054500e+01 2.074631e+01 2.074237e+01
2.040500e+01 2.055000e+01 2.086094e+01 2.072942e+01 2.040000e+01 2.055500e+01 2.085855e+01 2.072840e+01
2.041000e+01 2.054500e+01 2.086319e+01 2.073055e+01 2.040500e+01 2.055000e+01 2.086094e+01 2.072942e+01
2.121000e+01 2.054500e+01 2.074631e+01 2.074237e+01 2.121000e+01 2.055500e+01 2.074266e+01 2.074393e+01
2.040000e+01 2.055500e+01 2.085855e+01 2.072840e+01 2.040000e+01 2.056500e+01 2.086233e+01 2.073006e+01
2.121000e+01 2.055500e+01 2.074266e+01 2.074393e+01 2.121000e+01 2.056500e+01 2.073913e+01 2.074530e+01
2.040000e+01 2.056500e+01 2.086233e+01 2.073006e+01 2.040000e+01 2.057500e+01 2.086600e+01 2.073154e+01
2.121000e+01 2.056500e+01 2.073913e+01 2.074530e+01 2.121500e+01 2.057000e+01 2.074181e+01 2.074418e+01
2.121500e+01 2.057000e+01 2.074181e+01 2.074418e+01 2.122000e+01 2.057500e+01 2.074461e+01 2.074319e+01
2.040000e+01 2.057500e+01 2.086600e+01 2.073154e+01 2.040000e+01 2.058500e+01 2.086953e+01 2.073283e+01
2.122000e+01 2.057500e+01 2.074461e+01 2.074319e+01 2.122000e+01 2.058500e+01 2.074148e+01 2.074431e+01
2.039500e+01 2.059000e+01 2.086664e+01 2.073169e+01 2.039000e+01 2.059500e+01 2.086365e+01 2.073068e+01
2.040000e+01 2.058500e+01 2.086953e+01 2.073283e+01 2.039500e+01 2.059000e+01 2.086664e+01 2.073169e+01
2.122000e+01 2.058500e+01 2.074148e+01 2.074431e+01 2.122000e+01 2.059500e+01 2.073848e+01 2.074526e+01
2.039000e+01 2.059500e+01 2.086365e+01 2.073068e+01 2.039000e+01 2.060500e+01 2.086679e+01 2.073177e+01
2.122000e+01 2.059500e+01 2.073848e+01 2.074526e+01 2.122000e+01 2.060500e+01 2.073564e+01 2.074604e+01
2.039000e+01 2.060500e+01 2.086679e+01 2.073177e+01 2.039000e+01 2.061500e+01 2.086977e+01 2.073271e+01
2.122000e+01 2.060500e+01 2.073564e+01 2.074604e+01 2.122500e+01 2.061000e+01 2.073900e+01 2.074500e+01
2.122500e+01 2.061000e+01 2.073900e+01 2.074500e+01 2.123000e+01 2.061500e+01 2.074246e+01 2.074412e+01
2.039000e+01 2.061500e+01 2.086977e+01 2.073271e+01 2.039000e+01 2.062500e+01 2.087259e+01 2.073350e+01
2.123000e+01 2.061500e+01 2.074246e+01 2.074412e+01 2.123000e+01 2.062500e+01 2.074007e+01 2.074475e+01
2.039000e+01 2.062500e+01 2.087259e+01 2.073350e+01 2.039000e+01 2.063500e+01 2.087524e+01 2.073414e+01
2.123000e+01 2.062500e+01 2.074007e+01 2.074475e+01 2.123000e+01 2.063500e+01 2.073785e+01 2.074526e+01
2.038500e+01 2.064000e+01 2.087156e+01 2.073316e+01 2.038000e+01 2.064500e+01 2.086783e+01 2.073232e+01
2.039000e+01 2.063500e+01 2.087524e+01 2.073414e+01 2.038500e+01 2.064000e+01 2.087156e+01 2.073316e+01
2.123000e+01 2.063500e+01 2.073785e+01 2.074526e+01 2.123000e+01 2.064500e+01 2.073582e+01 2.074563e+01
2.038000e+01 2.064500e+01 2.086783e+01 2.073232e+01 2.038000e+01 2.065500e+01 2.087002e+01 2.073290e+01
2.123000e+01 2.064500e+01 2.073582e+01 2.074563e+01 2.123000e+01 2.065500e+01 2.073399e+01 2.074588e+01
2.038000e+01 2.065500e+01 2.087002e+01 2.073290e+01 2.038000e+01 2.066500e+01 2.087202e+01 2.073336e+01
2.123000e+01 2.065500e+01 2.073399e+01 2.074588e+01 2.123500e+01 2.066000e+01 2.073816e+01 2.074514e+01
2.123500e+01 2.066000e+01 2.073816e+01 2.074514e+01 2.124000e+01 2.066500e+01 2.074239e+01 2.074454e+01
2.038000e+01 2.066500e+01 2.087202e+01 2.073336e+01 2.038000e+01 2.067500e+01 2.087383e+01 2.073373e+01
2.124000e+01 2.066500e+01 2.074239e+01 2.074454e+01 2.124000e+01 2.067500e+01 2.074104e+01 2.074480e+01
2.038000e+01 2.067500e+01 2.087383e+01 2.073373e+01 2.038000e+01 2.068500e+01 2.087544e+01 2.073401e+01
2.124000e+01 2.067500e+01 2.074104e+01 2.074480e+01 2.124000e+01 2.068500e+01 2.073990e+01 2.074497e+01
2.038000e+01 2.068500e+01 2.087544e+01 2.073401e+01 2.038000e+01 2.069500e+01 2.087685e+01 2.073421e+01
2.124000e+01 2.068500e+01 2.073990e+01 2.074497e+01 2.124000e+01 2.069500e+01 2.073896e+01 2.074508e+01
2.038000e+01 2.069500e+01 2.087685e+01 2.073421e+01 2.038000e+01 2.070500e+01 2.087804e+01 2.073434e+01
2.124000e+01 2.069500e+01 2.073896e+01 2.074508e+01 2.124000e+01 2.070500e+01 2.073824e+01 2.074514e+01
2.038000e+01 2.070500e+01 2.087804e+01 2.073434e+01 2.038000e+01 2.071500e+01 2.087901e+01 2.073442e+01
2.124000e+01 2.070500e+01 2.073824e+01 2.074514e+01 2.124000e+01 2.071500e+01 2.073774e+01 2.074515e+01
2.038000e+01 2.071500e+01 2.087901e+01 2.073442e+01 2.038000e+01 2.072500e+01 2.087977e+01 2.073446e+01
2.124000e+01 2.071500e+01 2.073774e+01 2.074515e+01 2.124000e+01 2.072500e+01 2.073746e+01 2.074512e+01
2.038000e+01 2.072500e+01 2.087977e+01 2.073446e+01 2.038000e+01 2.073500e+01 2.088030e+01 2.073447e+01
2.124000e+01 2.072500e+01 2.073746e+01 2.074512e+01 2.124000e+01 2.073500e+01 2.073740e+01 2.074509e+01
2.038000e+01 2.073500e+01 2.088030e+01 2.073447e+01 2.038000e+01 2.074500e+01 2.088062e+01 2.073446e+01
2.124000e+01 2.073500e+01 2.073740e+01 2.074509e+01 2.124000e+01 2.074500e+01 2.073757e+01 2.074504e+01
2.038000e+01 2.074500e+01 2.088062e+01 2.073446e+01 2.038000e+01 2.075500e+01 2.088071e+01 2.073446e+01
2.124000e+01 2.074500e+01 2.073757e+01 2.074504e+01 2.124000e+01 2.075500e+01 2.073796e+01 2.074500e+01
2.038000e+01 2.075500e+01 2.088071e+01 2.073446e+01 2.038000e+01 2.076500e+01 2.088058e+01 2.073446e+01
2.124000e+01 2.075500e+01 2.073796e+01 2.074500e+01 2.124000e+01 2.076500e+01 2.073858e+01 2.074499e+01
2.038000e+01 2.076500e+01 2.088058e+01 2.073446e+01 2.038000e+01 2.077500e+01 2.088023e+01 2.073448e+01
2.124000e+01 2.076500e+01 2.073858e+01 2.074499e+01 2.124000e+01 2.077500e+01 2.073942e+01 2.074500e+01
2.038000e+01 2.077500e+01 2.088023e+01 2.073448e+01 2.038000e+01 2.078500e+01 2.087965e+01 2.073454e+01
2.124000e+01 2.077500e+01 2.073942e+01 2.074500e+01 2.124000e+01 2.078500e+01 2.074047e+01 2.074507e+01
2.038000e+01 2.078500e+01 2.087965e+01 2.073454e+01 2.038000e+01 2.079500e+01 2.087887e+01 2.073464e+01
2.124000e+01 2.078500e+01 2.074047e+01 2.074507e+01 2.124000e+01 2.079500e+01 2.074174e+01 2.074519e+01
2.038000e+01 2.079500e+01 2.087887e+01 2.073464e+01 2.038000e+01 2.080500e+01 2.087787e+01 2.073481e+01
2.124000e+01 2.079500e+01 2.074174e+01 2.074519e+01 2.124000e+01 2.080500e+01 2.074323e+01 2.074538e+01
2.038000e+01 2.080500e+01 2.087787e+01 2.073481e+01 2.038000e+01 2.081500e+01 2.087666e+01 2.073504e+01
2.124000e+01 2.080500e+01 2.074323e+01 2.074538e+01 2.124000e+01 2.081500e+01 2.074492e+01 2.074566e+01
2.038000e+01 2.081500e+01 2.087666e+01 2.073504e+01 2.038500e+01 2.082000e+01 2.088099e+01 2.073450e+01
2.038500e+01 2.082000e+01 2.088099e+01 2.073450e+01 2.039000e+01 2.082500e+01 2.088527e+01 2.073381e+01
2.124000e+01 2.081500e+01 2.074492e+01 2.074566e+01 2.124000e+01 2.082500e+01 2.074680e+01 2.074603e+01
2.039000e+01 2.082500e+01 2.088527e+01 2.073381e+01 2.039000e+01 2.083500e+01 2.088358e+01 2.073403e+01
2.124000e+01 2.082500e+01 2.074680e+01 2.074603e+01 2.124000e+01 2.083500e+01 2.074889e+01 2.074650e+01
2.039000e+01 2.083500e+01 2.088358e+01 2.073403e+01 2.039000e+01 2.084500e+01 2.088169e+01 2.073435e+01
2.124000e+01 2.083500e+01 2.074889e+01 2.074650e+01 2.124000e+01 2.084500e+01 2.075116e+01 2.074708e+01
2.039000e+01 2.084500e+01 2.088169e+01 2.073435e+01 2.039000e+01 2.085500e+01 2.087961e+01 2.073480e+01
2.124000e+01 2.084500e+01 2.075116e+01 2.074708e+01 2.124000e+01 2.085500e+01 2.075361e+01 2.074779e+01
2.039000e+01 2.085500e+01 2.087961e+01 2.073480e+01 2.039000e+01 2.086500e+01 2.087735e+01 2.073537e+01
2.123500e+01 2.086000e+01 2.075006e+01 2.074689e+01 2.123000e+01 2.086500e+01 2.074659e+01 2.074586e+01
2.124000e+01 2.085500e+01 2.075361e+01 2.074779e+01 2.123500e+01 2.086000e+01 2.075006e+01 2.074689e+01
2.039000e+01 2.086500e+01 2.087735e+01 2.073537e+01 2.039500e+01 2.087000e+01 2.088091e+01 2.073451e+01
2.039500e+01 2.087000e+01 2.088091e+01 2.073451e+01 2.040000e+01 2.087500e+01 2.088439e+01 2.073351e+01
2.123000e+01 2.086500e+01 2.074659e+01 2.074586e+01 2.123000e+01 2.087500e+01 2.074948e+01 2.074668e+01
2.040000e+01 2.087500e+01 2.088439e+01 2.073351e+01 2.040000e+01 2.088500e+01 2.088167e+01 2.073421e+01
2.123000e+01 2.087500e+01 2.074948e+01 2.074668e+01 2.123000e+01 2.088500e+01 2.075254e+01 2.074764e+01
2.040000e+01 2.088500e+01 2.088167e+01 2.073421e+01 2.040000e+01 2.089500e+01 2.087879e+01 2.073507e+01
2.123000e+01 2.088500e+01 2.075254e+01 2.074764e+01 2.123000e+01 2.089500e+01 2.075574e+01 2.074877e+01
2.040000e+01 2.089500e+01 2.087879e+01 2.073507e+01 2.040000e+01 2.090500e+01 2.087576e+01 2.073609e+01
2.123000e+01 2.089500e+01 2.075574e+01 2.074877e+01 2.123000e+01 2.090500e+01 2.075908e+01 2.075006e+01
2.040000e+01 2.090500e+01 2.087576e+01 2.073609e+01 2.040000e+01 2.091500e+01 2.087260e+01 2.073730e+01
2.122500e+01 2.091000e+01 2.075628e+01 2.074906e+01 2.122000e+01 2.091500e+01 2.075359e+01 2.074792e+01
2.123000e+01 2.090500e+01 2.075908e+01 2.075006e+01 2.122500e+01 2.091000e+01 2.075628e+01 2.074906e+01
2.040000e+01 2.091500e+01 2.087260e+01 2.073730e+01 2.040500e+01 2.092000e+01 2.087538e+01 2.073634e+01
2.040500e+01 2.092000e+01 2.087538e+01 2.073634e+01 2.041000e+01 2.092500e+01 2.087803e+01 2.073526e+01
2.122000e+01 2.091500e+01 2.075359e+01 2.074792e+01 2.122000e+01 2.092500e+01 2.075731e+01 2.074944e+01
2.041000e+01 2.092500e+01 2.087803e+01 2.073526e+01 2.041000e+01 2.093500e+01 2.087448e+01 2.073670e+01
2.122000e+01 2.092500e+01 2.075731e+01 2.074944e+01 2.122000e+01 2.093500e+01 2.076115e+01 2.075115e+01
2.041000e+01 2.093500e+01 2.087448e+01 2.073670e+01 2.041000e+01 2.094500e+01 2.087082e+01 2.073835e+01
2.121500e+01 2.094000e+01 2.075883e+01 2.075013e+01 2.121000e+01 2.094500e+01 2.075663e+01 2.074899e+01
2.122000e+01 2.093500e+01 2.076115e+01 2.075115e+01 2.121500e+01 2.094000e+01 2.075883e+01 2.075013e+01
2.041000e+01 2.094500e+01 2.087082e+01 2.073835e+01 2.041500e+01 2.095000e+01 2.087309e+01 2.073739e+01
2.041500e+01 2.095000e+01 2.087309e+01 2.073739e+01 2.042000e+01 2.095500e+01 2.087523e+01 2.073632e+01
2.121000e+01 2.094500e+01 2.075663e+01 2.074899e+01 2.121000e+01 2.095500e+01 2.076080e+01 2.075099e+01
2.042000e+01 2.095500e+01 2.087523e+01 2.073632e+01 2.042000e+01 2.096500e+01 2.087124e+01 2.073828e+01
2.121000e+01 2.095500e+01 2.076080e+01 2.075099e+01 2.121000e+01 2.096500e+01 2.076505e+01 2.075319e+01
2.042000e+01 2.096500e+01 2.087124e+01 2.073828e+01 2.042000e+01 2.097500e+01 2.086717e+01 2.074045e+01
2.121000e+01 2.096500e+01 2.076505e+01 2.075319e+01 2.121000e+01 2.097500e+01 2.076937e+01 2.075560e+01
2.042000e+01 2.097500e+01 2.086717e+01 2.074045e+01 2.042500e+01 2.098000e+01 2.086897e+01 2.073957e+01
2.042500e+01 2.098000e+01 2.086897e+01 2.073957e+01 2.043000e+01 2.098500e+01 2.087060e+01 2.073859e+01
2.120500e+01 2.098000e+01 2.076761e+01 2.075471e+01 2.120000e+01 2.098500e+01 2.076599e+01 2.075372e+01
2.121000e+01 2.097500e+01 2.076937e+01 2.075560e+01 2.120500e+01 2.098000e+01 2.076761e+01 2.075471e+01
2.043000e+01 2.098500e+01 2.087060e+01 2.073859e+01 2.043000e+01 2.099500e+01 2.086628e+01 2.074113e+01
2.120000e+01 2.098500e+01 2.076599e+01 2.075372e+01 2.120000e+01 2.099500e+01 2.077056e+01 2.075648e+01
2.043000e+01 2.099500e+01 2.086628e+01 2.074113e+01 2.043500e+01 2.100000e+01 2.086772e+01 2.074032e+01
2.043500e+01 2.100000e+01 2.086772e+01 2.074032e+01 2.044000e+01 2.100500e+01 2.086899e+01 2.073942e+01
2.119500e+01 2.100000e+01 2.076913e+01 2.075566e+01 2.119000e+01 2.100500e+01 2.076785e+01 2.075475e+01
2.120000e+01 2.099500e+01 2.077056e+01 2.075648e+01 2.119500e+01 2.100000e+01 2.076913e+01 2.075566e+01
2.044000e+01 2.100500e+01 2.086899e+01 2.073942e+01 2.044000e+01 2.101500e+01 2.086445e+01 2.074236e+01
2.119000e+01 2.100500e+01 2.076785e+01 2.075475e+01 2.119000e+01 2.101500e+01 2.077262e+01 2.075789e+01
2.044000e+01 2.101500e+01 2.086445e+01 2.074236e+01 2.044500e+01 2.102000e+01 2.086556e+01 2.074166e+01
2.044500e+01 2.102000e+01 2.086556e+01 2.074166e+01 2.045000e+01 2.102500e+01 2.086649e+01 2.074088e+01
2.118500e+01 2.102000e+01 2.077150e+01 2.075717e+01 2.118000e+01 2.102500e+01 2.077054e+01 2.075637e+01
2.119000e+01 2.101500e+01 2.077262e+01 2.075789e+01 2.118500e+01 2.102000e+01 2.077150e+01 2.075717e+01
2.045000e+01 2.102500e+01 2.086649e+01 2.074088e+01 2.045000e+01 2.103500e+01 2.086179e+01 2.074424e+01
2.118000e+01 2.102500e+01 2.077054e+01 2.075637e+01 2.118000e+01 2.103500e+01 2.077547e+01 2.075992e+01
2.045000e+01 2.103500e+01 2.086179e+01 2.074424e+01 2.045000e+01 2.104500e+01 2.085709e+01 2.074782e+01
2.118000e+01 2.103500e+01 2.077547e+01 2.075992e+01 2.118000e+01 2.104500e+01 2.078040e+01 2.076367e+01
2.045000e+01 2.104500e+01 2.085709e+01 2.074782e+01 2.045500e+01 2.105000e+01 2.085783e+01 2.074737e+01
2.045500e+01 2.105000e+01 2.085783e+01 2.074737e+01 2.046000e+01 2.105500e+01 2.085839e+01 2.074687e+01
2.117500e+01 2.105000e+01 2.077962e+01 2.076319e+01 2.117000e+01 2.105500e+01 2.077901e+01 2.076266e+01
2.118000e+01 2.104500e+01 2.078040e+01 2.076367e+01 2.117500e+01 2.105000e+01 2.077962e+01 2.076319e+01
2.046000e+01 2.105500e+01 2.085839e+01 2.074687e+01 2.046500e+01 2.106000e+01 2.085891e+01 2.074649e+01
2.046500e+01 2.106000e+01 2.085891e+01 2.074649e+01 2.047000e+01 2.106500e+01 2.085925e+01 2.074606e+01
2.116500e+01 2.106000e+01 2.077844e+01 2.076223e+01 2.116000e+01 2.106500e+01 2.077804e+01 2.076177e+01
2.117000e+01 2.105500e+01 2.077901e+01 2.076266e+01 2.116500e+01 2.106000e+01 2.077844e+01 2.076223e+01
2.047000e+01 2.106500e+01 2.085925e+01 2.074606e+01 2.047000e+01 2.107500e+01 2.085438e+01 2.075032e+01
2.116000e+01 2.106500e+01 2.077804e+01 2.076177e+01 2.116000e+01 2.107500e+01 2.078314e+01 2.076617e+01
2.047000e+01 2.107500e+01 2.085438e+01 2.075032e+01 2.047500e+01 2.108000e+01 2.085465e+01 2.075014e+01
2.047500e+01 2.108000e+01 2.085465e+01 2.075014e+01 2.048000e+01 2.108500e+01 2.085474e+01 2.074993e+01
2.115500e+01 2.108000e+01 2.078281e+01 2.076593e+01 2.115000e+01 2.108500e+01 2.078264e+01 2.076567e+01
2.116000e+01 2.107500e+01 2.078314e+01 2.076617e+01 2.115500e+01 2.108000e+01 2.078281e+01 2.076593e+01
2.048000e+01 2.108500e+01 2.085474e+01 2.074993e+01 2.048000e+01 2.109500e+01 2.084987e+01 2.075465e+01
2.115000e+01 2.108500e+01 2.078264e+01 2.076567e+01 2.115000e+01 2.109500e+01 2.078775e+01 2.077050e+01
2.048000e+01 2.109500e+01 2.084987e+01 2.075465e+01 2.048500e+01 2.110000e+01 2.084992e+01 2.075469e+01
2.048500e+01 2.110000e+01 2.084992e+01 2.075469e+01 2.049000e+01 2.110500e+01 2.084980e+01 2.075473e+01
2.114500e+01 2.110000e+01 2.078763e+01 2.077048e+01 2.114000e+01 2.110500e+01 2.078766e+01 2.077045e+01
2.115000e+01 2.109500e+01 2.078775e+01 2.077050e+01 2.114500e+01 2.110000e+01 2.078763e+01 2.077048e+01
2.049000e+01 2.110500e+01 2.084980e+01 2.075473e+01 2.049500e+01 2.111000e+01 2.084967e+01 2.075490e+01
2.049500e+01 2.111000e+01 2.084967e+01 2.075490e+01 2.050000e+01 2.111500e+01 2.084937e+01 2.075507e+01
2.113500e+01 2.111000e+01 2.078771e+01 2.077054e+01 2.113000e+01 2.111500e+01 2.078792e+01 2.077063e+01
2.114000e+01 2.110500e+01 2.078766e+01 2.077045e+01 2.113500e+01 2.111000e+01 2.078771e+01 2.077054e+01
2.050000e+01 2.111500e+01 2.084937e+01 2.075507e+01 2.050000e+01 2.112500e+01 2.084456e+01 2.076049e+01
2.113000e+01 2.111500e+01 2.078792e+01 2.077063e+01 2.113000e+01 2.112500e+01 2.079299e+01 2.077612e+01
2.050000e+01 2.112500e+01 2.084456e+01 2.076049e+01 2.050500e+01 2.113000e+01 2.084428e+01 2.076091e+01
2.050500e+01 2.113000e+01 2.084428e+01 2.076091e+01 2.051000e+01 2.113500e+01 2.084383e+01 2.076136e+01
2.112500e+01 2.113000e+01 2.079319e+01 2.077645e+01 2.112000e+01 2.113500e+01 2.079354e+01 2.077679e+01
2.113000e+01 2.112500e+01 2.079299e+01 2.077612e+01 2.112500e+01 2.113000e+01 2.079319e+01 2.077645e+01
2.051000e+01 2.113500e+01 2.084383e+01 2.076136e+01 2.051500e+01 2.114000e+01 2.084341e+01 2.076193e+01
2.051500e+01 2.114000e+01 2.084341e+01 2.076193e+01 2.052000e+01 2.114500e+01 2.084282e+01 2.076253e+01
2.111500e+01 2.114000e+01 2.079388e+01 2.077726e+01 2.111000e+01 2.114500e+01 2.079437e+01 2.077774e+01
2.112000e+01 2.113500e+01 2.079354e+01 2.077679e+01 2.111500e+01 2.114000e+01 2.079388e+01 2.077726e+01
2.052000e+01 2.114500e+01 2.084282e+01 2.076253e+01 2.052000e+01 2.115500e+01 2.083818e+01 2.076863e+01
2.110500e+01 2.115000e+01 2.079484e+01 2.077835e+01 2.110000e+01 2.115500e+01 2.079545e+01 2.077899e+01
2.111000e+01 2.114500e+01 2.079437e+01 2.077774e+01 2.110500e+01 2.115000e+01 2.079484e+01 2.077835e+01
2.052000e+01 2.115500e+01 2.083818e+01 2.076863e+01 2.052500e+01 2.116000e+01 2.083767e+01 2.076948e+01
2.052500e+01 2.116000e+01 2.083767e+01 2.076948e+01 2.053000e+01 2.116500e+01 2.083700e+01 2.077038e+01
2.110000e+01 2.115500e+01 2.079545e+01 2.077899e+01 2.110000e+01 2.116500e+01 2.080032e+01 2.078537e+01
2.053000e+01 2.116500e+01 2.083700e+01 2.077038e+01 2.053500e+01 2.117000e+01 2.083638e+01 2.077139e+01
2.053500e+01 2.117000e+01 2.083638e+01 2.077139e+01 2.054000e+01 2.117500e+01 2.083561e+01 2.077246e+01
2.109500e+01 2.117000e+01 2.080086e+01 2.078625e+01 2.109000e+01 2.117500e+01 2.080154e+01 2.078716e+01
2.110000e+01 2.116500e+01 2.080032e+01 2.078537e+01 2.109500e+01 2.117000e+01 2.080086e+01 2.078625e+01
2.054000e+01 2.117500e+01 2.083561e+01 2.077246e+01 2.054500e+01 2.118000e+01 2.083490e+01 2.077365e+01
2.054500e+01 2.118000e+01 2.083490e+01 2.077365e+01 2.055000e+01 2.118500e+01 2.083406e+01 2.077489e+01
2.108500e+01 2.118000e+01 2.080217e+01 2.078820e+01 2.108000e+01 2.118500e+01 2.080294e+01 2.078928e+01
2.109000e+01 2.117500e+01 2.080154e+01 2.078716e+01 2.108500e+01 2.118000e+01 2.080217e+01 2.078820e+01
2.055000e+01 2.118500e+01 2.083406e+01 2.077489e+01 2.055500e+01 2.119000e+01 2.083327e+01 2.077625e+01
2.055500e+01 2.119000e+01 2.083327e+01 2.077625e+01 2.056000e+01 2.119500e+01 2.083236e+01 2.077768e+01
2.107500e+01 2.119000e+01 2.080365e+01 2.079047e+01 2.107000e+01 2.119500e+01 2.080449e+01 2.079172e+01
2.108000e+01 2.118500e+01 2.080294e+01 2.078928e+01 2.107500e+01 2.119000e+01 2.080365e+01 2.079047e+01
2.056000e+01 2.119500e+01 2.083236e+01 2.077768e+01 2.056500e+01 2.120000e+01 2.083152e+01 2.077922e+01
2.056500e+01 2.120000e+01 2.083152e+01 2.077922e+01 2.057000e+01 2.120500e+01 2.083057e+01 2.078083e+01
2.106500e+01 2.120000e+01 2.080526e+01 2.079308e+01 2.106000e+01 2.120500e+01 2.080616e+01 2.079451e+01
2.107000e+01 2.119500e+01 2.080449e+01 2.079172e+01 2.106500e+01 2.120000e+01 2.080526e+01 2.079308e+01
2.057000e+01 2.120500e+01 2.083057e+01 2.078083e+01 2.057500e+01 2.121000e+01 2.082968e+01 2.078256e+01
2.057500e+01 2.121000e+01 2.082968e+01 2.078256e+01 2.058000e+01 2.121500e+01 2.082870e+01 2.078436e+01
2.105500e+01 2.121000e+01 2.080698e+01 2.079604e+01 2.105000e+01 2.121500e+01 2.080792e+01 2.079764e+01
2.106000e+01 2.120500e+01 2.080616e+01 2.079451e+01 2.105500e+01 2.121000e+01 2.080698e+01 2.079604e+01
2.058000e+01 2.121500e+01 2.082870e+01 2.078436e+01 2.058500e+01 2.122000e+01 2.082779e+01 2.078627e+01
2.058500e+01 2.122000e+01 2.082779e+01 2.078627e+01 2.059000e+01 2.122500e+01 2.082679e+01 2.078827e+01
2.103500e+01 2.122000e+01 2.080655e+01 2.079519e+01 2.103000e+01 2.122500e+01 2.080761e+01 2.079705e+01
2.103500e+01 2.122000e+01 2.080655e+01 2.079519e+01 2.104500e+01 2.122000e+01 2.080878e+01 2.079934e+01
2.105000e+01 2.121500e+01 2.080792e+01 2.079764e+01 2.104500e+01 2.122000e+01 2.080878e+01 2.079934e+01
2.059000e+01 2.122500e+01 2.082679e+01 2.078827e+01 2.059500e+01 2.123000e+01 2.082587e+01 2.079036e+01
2.059500e+01 2.123000e+01 2.082587e+01 2.079036e+01 2.060000e+01 2.123500e+01 2.082487e+01 2.079254e+01
2.102500e+01 2.123000e+01 2.080859e+01 2.079900e+01 2.102000e+01 2.123500e+01 2.080965e+01 2.080104e+01
2.103000e+01 2.122500e+01 2.080761e+01 2.079705e+01 2.102500e+01 2.123000e+01 2.080859e+01 2.079900e+01
2.060000e+01 2.123500e+01 2.082487e+01 2.079254e+01 2.060500e+01 2.124000e+01 2.082396e+01 2.079482e+01
2.060500e+01 2.124000e+01 2.082396e+01 2.079482e+01 2.061500e+01 2.124000e+01 2.082536e+01 2.079144e+01
2.061500e+01 2.124000e+01 2.082536e+01 2.079144e+01 2.062000e+01 2.124500e+01 2.082431e+01 2.079391e+01
2.101500e+01 2.124000e+01 2.081062e+01 2.080317e+01 2.101000e+01 2.124500e+01 2.081167e+01 2.080540e+01
2.102000e+01 2.123500e+01 2.080965e+01 2.080104e+01 2.101500e+01 2.124000e+01 2.081062e+01 2.080317e+01
2.062000e+01 2.124500e+01 2.082431e+01 2.079391e+01 2.062500e+01 2.125000e+01 2.082335e+01 2.079647e+01
2.062500e+01 2.125000e+01 2.082335e+01 2.079647e+01 2.063000e+01 2.125500e+01 2.082234e+01 2.079913e+01
2.099500e+01 2.125000e+01 2.081113e+01 2.080415e+01 2.099000e+01 2.125500e+01 2.081222e+01 2.080665e+01
2.099500e+01 2.125000e+01 2.081113e+01 2.080415e+01 2.100500e+01 2.125000e+01 2.081263e+01 2.080770e+01
2.101000e+01 2.124500e+01 2.081167e+01 2.080540e+01 2.100500e+01 2.125000e+01 2.081263e+01 2.080770e+01
2.063000e+01 2.125500e+01 2.082234e+01 2.079913e+01 2.063500e+01 2.126000e+01 2.082143e+01 2.080187e+01
2.063500e+01 2.126000e+01 2.082143e+01 2.080187e+01 2.064500e+01 2.126000e+01 2.082238e+01 2.079900e+01
2.064500e+01 2.126000e+01 2.082238e+01 2.079900e+01 2.065000e+01 2.126500e+01 2.082138e+01 2.080196e+01
2.098500e+01 2.126000e+01 2.081321e+01 2.080923e+01 2.098000e+01 2.126500e+01 2.081425e+01 2.081190e+01
2.099000e+01 2.125500e+01 2.081222e+01 2.080665e+01 2.098500e+01 2.126000e+01 2.081321e+01 2.080923e+01
2.065000e+01 2.126500e+01 2.082138e+01 2.080196e+01 2.065500e+01 2.127000e+01 2.082049e+01 2.080498e+01
2.065500e+01 2.127000e+01 2.082049e+01 2.080498e+01 2.066500e+01 2.127000e+01 2.082118e+01 2.080245e+01
2.066500e+01 2.127000e+01 2.082118e+01 2.080245e+01 2.067000e+01 2.127500e+01 2.082024e+01 2.080570e+01
2.096500e+01 2.127000e+01 2.081410e+01 2.081160e+01 2.096000e+01 2.127500e+01 2.081511e+01 2.081455e+01
2.096500e+01 2.127000e+01 2.081410e+01 2.081160e+01 2.097500e+01 2.127000e+01 2.081518e+01 2.081465e+01
2.098000e+01 2.126500e+01 2.081425e+01 2.081190e+01 2.097500e+01 2.127000e+01 2.081518e+01 2.081465e+01
2.067000e+01 2.127500e+01 2.082024e+01 2.080570e+01 2.067500e+01 2.128000e+01 2.081941e+01 2.080901e+01
2.067500e+01 2.128000e+01 2.081941e+01 2.080901e+01 2.068500e+01 2.128000e+01 2.081989e+01 2.080684e+01
2.068500e+01 2.128000e+01 2.081989e+01 2.080684e+01 2.069000e+01 2.128500e+01 2.081905e+01 2.081037e+01
2.094500e+01 2.128000e+01 2.081518e+01 2.081486e+01 2.094000e+01 2.128500e+01 2.081613e+01 2.081808e+01
2.094500e+01 2.128000e+01 2.081518e+01 2.081486e+01 2.095500e+01 2.128000e+01 2.081602e+01 2.081757e+01
2.096000e+01 2.127500e+01 2.081511e+01 2.081455e+01 2.095500e+01 2.128000e+01 2.081602e+01 2.081757e+01
2.069000e+01 2.128500e+01 2.081905e+01 2.081037e+01 2.069500e+01 2.129000e+01 2.081832e+01 2.081395e+01
2.069500e+01 2.129000e+01 2.081832e+01 2.081395e+01 2.070500e+01 2.129000e+01 2.081866e+01 2.081216e+01
2.070500e+01 2.129000e+01 2.081866e+01 2.081216e+01 2.071000e+01 2.129500e+01 2.081796e+01 2.081597e+01
2.091500e+01 2.129000e+01 2.081581e+01 2.081679e+01 2.091000e+01 2.129500e+01 2.081665e+01 2.082040e+01
2.091500e+01 2.129000e+01 2.081581e+01 2.081679e+01 2.092500e+01 2.129000e+01 2.081632e+01 2.081900e+01
2.092500e+01 2.129000e+01 2.081632e+01 2.081900e+01 2.093500e+01 2.129000e+01 2.081697e+01 2.082136e+01
2.094000e+01 2.128500e+01 2.081613e+01 2.081808e+01 2.093500e+01 2.129000e+01 2.081697e+01 2.082136e+01
2.071000e+01 2.129500e+01 2.081796e+01 2.081597e+01 2.071500e+01 2.130000e+01 2.081736e+01 2.081982e+01
2.071500e+01 2.130000e+01 2.081736e+01 2.081982e+01 2.072500e+01 2.130000e+01 2.081763e+01 2.081841e+01
2.072500e+01 2.130000e+01 2.081763e+01 2.081841e+01 2.073500e+01 2.130000e+01 2.081779e+01 2.081717e+01
2.073500e+01 2.130000e+01 2.081779e+01 2.081717e+01 2.074500e+01 2.130000e+01 2.081786e+01 2.081610e+01
2.074500e+01 2.130000e+01 2.081786e+01 2.081610e+01 2.075000e+01 2.130500e+01 2.081741e+01 2.082039e+01
2.087500e+01 2.130000e+01 2.081652e+01 2.081902e+01 2.087000e+01 2.130500e+01 2.081714e+01 2.082309e+01
2.087500e+01 2.130000e+01 2.081652e+01 2.081902e+01 2.088500e+01 2.130000e+01 2.081670e+01 2.082052e+01
2.088500e+01 2.130000e+01 2.081670e+01 2.082052e+01 2.089500e+01 2.130000e+01 2.081699e+01 2.082220e+01
2.089500e+01 2.130000e+01 2.081699e+01 2.082220e+01 2.090500e+01 2.130000e+01 2.081739e+01 2.082404e+01
2.091000e+01 2.129500e+01 2.081665e+01 2.082040e+01 2.090500e+01 2.130000e+01 2.081739e+01 2.082404e+01
2.075000e+01 2.130500e+01 2.081741e+01 2.082039e+01 2.075500e+01 2.131000e+01 2.081707e+01 2.082470e+01
2.075500e+01 2.131000e+01 2.081707e+01 2.082470e+01 2.076500e+01 2.131000e+01 2.081718e+01 2.082402e+01
2.076500e+01 2.131000e+01 2.081718e+01 2.082402e+01 2.077500e+01 2.131000e+01 2.081724e+01 2.082352e+01
2.077500e+01 2.131000e+01 2.081724e+01 2.082352e+01 2.078500e+01 2.131000e+01 2.081726e+01 2.082320e+01
2.078500e+01 2.131000e+01 2.081726e+01 2.082320e+01 2.079500e+01 2.131000e+01 2.081726e+01 2.082306e+01
2.079500e+01 2.131000e+01 2.081726e+01 2.082306e+01 2.080500e+01 2.131000e+01 2.081725e+01 2.082310e+01
2.080500e+01 2.131000e+01 2.081725e+01 2.082310e+01 2.081500e+01 2.131000e+01 2.081724e+01 2.082333e+01
2.081500e+01 2.131000e+01 2.081724e+01 2.082333e+01 2.082500e+01 2.131000e+01 2.081724e+01 2.082374e+01
2.082500e+01 2.131000e+01 2.081724e+01 2.082374e+01 2.083500e+01 2.131000e+01 2.081727e+01 2.082433e+01
2.083500e+01 2.131000e+01 2.081727e+01 2.082433e+01 2.084500e+01 2.131000e+01 2.081734e+01 2.082510e+01
2.084500e+01 2.131000e+01 2.081734e+01 2.082510e+01 2.085500e+01 2.131000e+01 2.081747e+01 2.082605e+01
2.085500e+01 2.131000e+01 2.081747e+01 2.082605e+01 2.086500e+01 2.131000e+01 2.081765e+01 2.082718e+01
2.087000e+01 2.130500e+01 2.081714e+01 2.082309e+01 2.086500e+01 2.131000e+01 2.081765e+01 2.082718e+01
2.081077e+01 2.074327e+01 2.029799e+01 2.073482e+01 2.081077e+01 2.074327e+01 2.029900e+01 2.070634e+01
2.081077e+01 2.074327e+01 2.029900e+01 2.070634e+01 2.081077e+01 2.074327e+01 2.030198e+01 2.067797e+01
2.081077e+01 2.074327e+01 2.030198e+01 2.067797e+01 2.081077e+01 2.074327e+01 2.030696e+01 2.064979e+01
2.081077e+01 2.074327e+01 2.030696e+01 2.064979e+01 2.081077e+01 2.074327e+01 2.031392e+01 2.062186e+01
2.081077e+01 2.074327e+01 2.031392e+01 2.062186e+01 2.081077e+01 2.074327e+01 2.032289e+01 2.059426e+01
2.081077e+01 2.074327e+01 2.032289e+01 2.059426e+01 2.081077e+01 2.074327e+01 2.033387e+01 2.056707e+01
2.081077e+01 2.074327e+01 2.033387e+01 2.056707e+01 2.081077e+01 2.074327e+01 2.034689e+01 2.054037e+01
2.081077e+01 2.074327e+01 2.034689e+01 2.054037e+01 2.081077e+01 2.074327e+01 2.036197e+01 2.051424e+01
2.081077e+01 2.074327e+01 2.036197e+01 2.051424e+01 2.081077e+01 2.074327e+01 2.037913e+01 2.048880e+01
2.081077e+01 2.074327e+01 2.037913e+01 2.048880e+01 2.081077e+01 2.074327e+01 2.039838e+01 2.046414e+01
2.081077e+01 2.074327e+01 2.039838e+01 2.046414e+01 2.081077e+01 2.074327e+01 2.041976e+01 2.044039e+01
2.081077e+01 2.074327e+01 2.041976e+01 2.044039e+01 2.081077e+01 2.074327e+01 2.044326e+01 2.041768e+01
2.081077e+01 2.074327e+01 2.044326e+01 2.041768e+01 2.081077e+01 2.074327e+01 2.046890e+01 2.039615e+01
2.081077e+01 2.074327e+01 2.046890e+01 2.039615e+01 2.081077e+01 2.074327e+01 2.049666e+01 2.037597e+01
2.081077e+01 2.074327e+01 2.049666e+01 2.037597e+01 2.081077e+01 2.074327e+01 2.052651e+01 2.035731e+01
2.081077e+01 2.074327e+01 2.052651e+01 2.035731e+01 2.081077e+01 2.074327e+01 2.055838e+01 2.034035e+01
2.081077e+01 2.074327e+01 2.055838e+01 2.034035e+01 2.081077e+01 2.074327e+01 2.059218e+01 2.032529e+01
2.081077e+01 2.074327e+01 2.059218e+01 2.032529e+01 2.081077e+01 2.074327e+01 2.062776e+01 2.031233e+01
2.081077e+01 2.074327e+01 2.062776e+01 2.031233e+01 2.081077e+01 2.074327e+01 2.066495e+01 2.030165e+01
2.081077e+01 2.074327e+01 2.066495e+01 2.030165e+01 2.081077e+01 2.074327e+01 2.070349e+01 2.029345e+01
2.081077e+01 2.074327e+01 2.070349e+01 2.029345e+01 2.081077e+01 2.074327e+01 2.074308e+01 2.028788e+01
2.081077e+01 2.074327e+01 2.074308e+01 2.028788e+01 2.081077e+01 2.074327e+01 2.078340e+01 2.028505e+01
2.081077e+01 2.074327e+01 2.078340e+01 2.028505e+01 2.081077e+01 2.074327e+01 2.082406e+01 2.028504e+01
2.081077e+01 2.074327e+01 2.082406e+01 2.028504e+01 2.081077e+01 2.074327e+01 2.086466e+01 2.028787e+01
2.081077e+01 2.074327e+01 2.086466e+01 2.028787e+01 2.081077e+01 2.074327e+01 2.090480e+01 2.029351e+01
2.081077e+01 2.074327e+01 2.090480e+01 2.029351e+01 2.081077e+01 2.074327e+01 2.094410e+01 2.030186e+01
2.081077e+01 2.074327e+01 2.094410e+01 2.030186e+01 2.081077e+01 2.074327e+01 2.098221e+01 2.031278e+01
2.081077e+01 2.074327e+01 2.098221e+01 2.031278e+01 2.081077e+01 2.074327e+01 2.101883e+01 2.032611e+01
2.081077e+01 2.074327e+01 2.101883e+01 2.032611e+01 2.081077e+01 2.074327e+01 2.105373e+01 2.034165e+01
2.081077e+01 2.074327e+01 2.105373e+01 2.034165e+01 2.081077e+01 2.074327e+01 2.108670e+01 2.035918e+01
2.081077e+01 2.074327e+01 2.108670e+01 2.035918e+01 2.081077e+01 2.074327e+01 2.111761e+01 2.037850e+01
2.081077e+01 2.074327e+01 2.111761e+01 2.037850e+01 2.081077e+01 2.074327e+01 2.114636e+01 2.039940e+01
2.081077e+01 2.074327e+01 2.114636e+01 2.039940e+01 2.081077e+01 2.074327e+01 2.117291e+01 2.042168e+01
2.081077e+01 2.074327e+01 2.117291e+01 2.042168e+01 2.081077e+01 2.074327e+01 2.119721e+01 2.044516e+01
2.081077e+01 2.074327e+01 2.119721e+01 2.044516e+01 2.081077e+01 2.074327e+01 2.121927e+01 2.046967e+01
2.081077e+01 2.074327e+01 2.121927e+01 2.046967e+01 2.081077e+01 2.074327e+01 2.123910e+01 2.049507e+01
2.081077e+01 2.074327e+01 2.123910e+01 2.049507e+01 2.081077e+01 2.074327e+01 2.125672e+01 2.052122e+01
2.081077e+01 2.074327e+01 2.125672e+01 2.052122e+01 2.081077e+01 2.074327e+01 2.127216e+01 2.054799e+01
2.081077e+01 2.074327e+01 2.127216e+01 2.054799e+01 2.081077e+01 2.074327e+01 2.128546e+01 2.057528e+01
2.081077e+01 2.074327e+01 2.128546e+01 2.057528e+01 2.081077e+01 2.074327e+01 2.129664e+01 2.060297e+01
2.081077e+01 2.074327e+01 2.129664e+01 2.060297e+01 2.081077e+01 2.074327e+01 2.130573e+01 2.063100e+01
2.081077e+01 2.074327e+01 2.130573e+01 2.063100e+01 2.081077e+01 2.074327e+01 2.131276e+01 2.065926e+01
2.081077e+01 2.074327e+01 2.131276e+01 2.065926e+01 2.081077e+01 2.074327e+01 2.131776e+01 2.068769e+01
2.081077e+01 2.074327e+01 2.131776e+01 2.068769e+01 2.081077e+01 2.074327e+01 2.132075e+01 2.071620e+01
2.081077e+01 2.074327e+01 2.132075e+01 2.071620e+01 2.081077e+01 2.074327e+01 2.132174e+01 2.074473e+01
2.081077e+01 2.074327e+01 2.132174e+01 2.074473e+01 2.081077e+01 2.074327e+01 2.132073e+01 2.077322e+01
2.081077e+01 2.074327e+01 2.132073e+01 2.077322e+01 2.081077e+01 2.074327e+01 2.131775e+01 2.080158e+01
2.081077e+01 2.074327e+01 2.131775e+01 2.080158e+01 2.081077e+01 2.074327e+01 2.131277e+01 2.082977e+01
2.081077e+01 2.074327e+01 2.131277e+01 2.082977e+01 2.081077e+01 2.074327e+01 2.130581e+01 2.085769e+01
2.081077e+01 2.074327e+01 2.130581e+01 2.085769e+01 2.081077e+01 2.074327e+01 2.129684e+01 2.088529e+01
2.081077e+01 2.074327e+01 2.129684e+01 2.088529e+01 2.081077e+01 2.074327e+01 2.128586e+01 2.091248e+01
2.081077e+01 2.074327e+01 2.128586e+01 2.091248e+01 2.081077e+01 2.074327e+01 2.127284e+01 2.093919e+01
2.081077e+01 2.074327e+01 2.127284e+01 2.093919e+01 2.081077e+01 2.074327e+01 2.125776e+01 2.096531e+01
2.081077e+01 2.074327e+01 2.125776e+01 2.096531e+01 2.081077e+01 2.074327e+01 2.124060e+01 2.099075e+01
2.081077e+01 2.074327e+01 2.124060e+01 2.099075e+01 2.081077e+01 2.074327e+01 2.122135e+01 2.101541e+01
2.081077e+01 2.074327e+01 2.122135e+01 2.101541e+01 2.081077e+01 2.074327e+01 2.119997e+01 2.103916e+01
2.081077e+01 2.074327e+01 2.119997e+01 2.103916e+01 2.081077e+01 2.074327e+01 2.117647e+01 2.106188e+01
2.081077e+01 2.074327e+01 2.117647e+01 2.106188e+01 2.081077e+01 2.074327e+01 2.115083e+01 2.108340e+01
2.081077e+01 2.074327e+01 2.115083e+01 2.108340e+01 2.081077e+01 2.074327e+01 2.112307e+01 2.110359e+01
2.081077e+01 2.074327e+01 2.112307e+01 2.110359e+01 2.081077e+01 2.074327e+01 2.109322e+01 2.112225e+01
2.081077e+01 2.074327e+01 2.109322e+01 2.112225e+01 2.081077e+01 2.074327e+01 2.106135e+01 2.113921e+01
2.081077e+01 2.074327e+01 2.106135e+01 2.113921e+01 2.081077e+01 2.074327e+01 2.102755e+01 2.115427e+01
2.081077e+01 2.074327e+01 2.102755e+01 2.115427e+01 2.081077e+01 2.074327e+01 2.099197e+01 2.116723e+01
2.081077e+01 2.074327e+01 2.099197e+01 2.116723e+01 2.081077e+01 2.074327e+01 2.095478e+01 2.117790e+01
2.081077e+01 2.074327e+01 2.095478e+01 2.117790e+01 2.081077e+01 2.074327e+01 2.091624e+01 2.118610e+01
2.081077e+01 2.074327e+01 2.091624e+01 2.118610e+01 2.081077e+01 2.074327e+01 2.087665e+01 2.119168e+01
2.081077e+01 2.074327e+01 2.087665e+01 2.119168e+01 2.081077e+01 2.074327e+01 2.083633e+01 2.119450e+01
2.081077e+01 2.074327e+01 2.083633e+01 2.119450e+01 2.081077e+01 2.074327e+01 2.079567e+01 2.119451e+01
2.081077e+01 2.074327e+01 2.079567e+01 2.119451e+01 2.081077e+01 2.074327e+01 2.075507e+01 2.119168e+01
2.081077e+01 2.074327e+01 2.075507e+01 2.119168e+01 2.081077e+01 2.074327e+01 2.071493e+01 2.118604e+01
2.081077e+01 2.074327e+01 2.071493e+01 2.118604e+01 2.081077e+01 2.074327e+01 2.067563e+01 2.117770e+01
2.081077e+01 2.074327e+01 2.067563e+01 2.117770e+01 2.081077e+01 2.074327e+01 2.063752e+01 2.116677e+01
2.081077e+01 2.074327e+01 2.063752e+01 2.116677e+01 2.081077e+01 2.074327e+01 2.060090e+01 2.115344e+01
2.081077e+01 2.074327e+01 2.060090e+01 2.115344e+01 2.081077e+01 2.074327e+01 2.056600e+01 2.113791e+01
2.081077e+01 2.074327e+01 2.056600e+01 2.113791e+01 2.081077e+01 2.074327e+01 2.053303e+01 2.112037e+01
2.081077e+01 2.074327e+01 2.053303e+01 2.112037e+01 2.081077e+01 2.074327e+01 2.050212e+01 2.110106e+01
2.081077e+01 2.074327e+01 2.050212e+01 2.110106e+01 2.081077e+01 2.074327e+01 2.047337e+01 2.108016e+01
2.081077e+01 2.074327e+01 2.047337e+01 2.108016e+01 2.081077e+01 2.074327e+01 2.044683e+01 2.105788e+01
2.081077e+01 2.074327e+01 2.044683e+01 2.105788e+01 2.081077e+01 2.074327e+01 2.042252e+01 2.103440e+01
2.081077e+01 2.074327e+01 2.042252e+01 2.103440e+01 2.081077e+01 2.074327e+01 2.040046e+01 2.100988e+01
2.081077e+01 2.074327e+01 2.040046e+01 2.100988e+01 2.081077e+01 2.074327e+01 2.038063e+01 2.098448e+01
2.081077e+01 2.074327e+01 2.038063e+01 2.098448e+01 2.081077e+01 2.074327e+01 2.036301e+01 2.095834e+01
2.081077e+01 2.074327e+01 2.036301e+01 2.095834e+01 2.081077e+01 2.074327e+01 2.034757e+01 2.093156e+01
2.081077e+01 2.074327e+01 2.034757e+01 2.093156e+01 2.081077e+01 2.074327e+01 2.033427e+01 2.090428e+01
2.081077e+01 2.074327e+01 2.033427e+01 2.090428e+01 2.081077e+01 2.074327e+01 2.032309e+01 2.087658e+01
2.081077e+01 2.074327e+01 2.032309e+01 2.087658e+01 2.081077e+01 2.074327e+01 2.031400e+01 2.084856e+01
2.081077e+01 2.074327e+01 2.031400e+01 2.084856e+01 2.081077e+01 2.074327e+01 2.030697e+01 2.082029e+01
2.081077e+01 2.074327e+01 2.030697e+01 2.082029e+01 2.081077e+01 2.074327e+01 2.030197e+01 2.079187e+01
2.081077e+01 2.074327e+01 2.030197e+01 2.079187e+01 2.081077e+01 2.074327e+01 2.029898e+01 2.076335e+01
2.081077e+01 2.074327e+01 2.029898e+01 2.076335e+01 2.081077e+01 2.074327e+01 2.029799e+01 2.073482e+01
