2.075500e+01 2.025000e+01 2.081418e+01 2.072332e+01 2.075000e+01 2.025500e+01 2.081476e+01 2.072752e+01
2.075500e+01 2.025000e+01 2.081418e+01 2.072332e+01 2.076500e+01 2.025000e+01 2.081443e+01 2.072465e+01
2.076500e+01 2.025000e+01 2.081443e+01 2.072465e+01 2.077500e+01 2.025000e+01 2.081461e+01 2.072580e+01
2.077500e+01 2.025000e+01 2.081461e+01 2.072580e+01 2.078500e+01 2.025000e+01 2.081473e+01 2.072676e+01
2.078500e+01 2.025000e+01 2.081473e+01 2.072676e+01 2.079500e+01 2.025000e+01 2.081480e+01 2.072753e+01
2.079500e+01 2.025000e+01 2.081480e+01 2.072753e+01 2.080500e+01 2.025000e+01 2.081483e+01 2.072812e+01
2.080500e+01 2.025000e+01 2.081483e+01 2.072812e+01 2.081500e+01 2.025000e+01 2.081483e+01 2.072851e+01
2.081500e+01 2.025000e+01 2.081483e+01 2.072851e+01 2.082500e+01 2.025000e+01 2.081482e+01 2.072870e+01
2.082500e+01 2.025000e+01 2.081482e+01 2.072870e+01 2.083500e+01 2.025000e+01 2.081481e+01 2.072871e+01
2.083500e+01 2.025000e+01 2.081481e+01 2.072871e+01 2.084500e+01 2.025000e+01 2.081480e+01 2.072852e+01
2.084500e+01 2.025000e+01 2.081480e+01 2.072852e+01 2.085500e+01 2.025000e+01 2.081482e+01 2.072814e+01
2.085500e+01 2.025000e+01 2.081482e+01 2.072814e+01 2.086500e+01 2.025000e+01 2.081487e+01 2.072757e+01
2.086500e+01 2.025000e+01 2.081487e+01 2.072757e+01 2.087500e+01 2.025000e+01 2.081496e+01 2.072681e+01
2.087500e+01 2.025000e+01 2.081496e+01 2.072681e+01 2.088500e+01 2.025000e+01 2.081511e+01 2.072587e+01
2.088500e+01 2.025000e+01 2.081511e+01 2.072587e+01 2.089000e+01 2.025500e+01 2.081465e+01 2.073023e+01
2.071500e+01 2.026000e+01 2.081437e+01 2.072598e+01 2.071000e+01 2.026500e+01 2.081519e+01 2.072970e+01
2.071500e+01 2.026000e+01 2.081437e+01 2.072598e+01 2.072500e+01 2.026000e+01 2.081485e+01 2.072806e+01
2.072500e+01 2.026000e+01 2.081485e+01 2.072806e+01 2.073500e+01 2.026000e+01 2.081521e+01 2.072996e+01
2.073500e+01 2.026000e+01 2.081521e+01 2.072996e+01 2.074500e+01 2.026000e+01 2.081546e+01 2.073169e+01
2.075000e+01 2.025500e+01 2.081476e+01 2.072752e+01 2.074500e+01 2.026000e+01 2.081546e+01 2.073169e+01
2.089000e+01 2.025500e+01 2.081465e+01 2.073023e+01 2.089500e+01 2.026000e+01 2.081408e+01 2.073455e+01
2.089500e+01 2.026000e+01 2.081408e+01 2.073455e+01 2.090500e+01 2.026000e+01 2.081419e+01 2.073319e+01
2.090500e+01 2.026000e+01 2.081419e+01 2.073319e+01 2.091500e+01 2.026000e+01 2.081440e+01 2.073165e+01
2.091500e+01 2.026000e+01 2.081440e+01 2.073165e+01 2.092500e+01 2.026000e+01 2.081471e+01 2.072995e+01
2.092500e+01 2.026000e+01 2.081471e+01 2.072995e+01 2.093500e+01 2.026000e+01 2.081513e+01 2.072808e+01
2.093500e+01 2.026000e+01 2.081513e+01 2.072808e+01 2.094000e+01 2.026500e+01 2.081439e+01 2.073179e+01
2.068500e+01 2.027000e+01 2.081482e+01 2.072827e+01 2.068000e+01 2.027500e+01 2.081576e+01 2.073159e+01
2.068500e+01 2.027000e+01 2.081482e+01 2.072827e+01 2.069500e+01 2.027000e+01 2.081555e+01 2.073089e+01
2.069500e+01 2.027000e+01 2.081555e+01 2.073089e+01 2.070500e+01 2.027000e+01 2.081613e+01 2.073336e+01
2.071000e+01 2.026500e+01 2.081519e+01 2.072970e+01 2.070500e+01 2.027000e+01 2.081613e+01 2.073336e+01
2.094000e+01 2.026500e+01 2.081439e+01 2.073179e+01 2.094500e+01 2.027000e+01 2.081352e+01 2.073544e+01
2.094500e+01 2.027000e+01 2.081352e+01 2.073544e+01 2.095500e+01 2.027000e+01 2.081405e+01 2.073317e+01
2.095500e+01 2.027000e+01 2.081405e+01 2.073317e+01 2.096500e+01 2.027000e+01 2.081471e+01 2.073075e+01
2.096500e+01 2.027000e+01 2.081471e+01 2.073075e+01 2.097000e+01 2.027500e+01 2.081384e+01 2.073404e+01
2.065500e+01 2.028000e+01 2.081483e+01 2.072872e+01 2.065000e+01 2.028500e+01 2.081582e+01 2.073163e+01
2.065500e+01 2.028000e+01 2.081483e+01 2.072872e+01 2.066500e+01 2.028000e+01 2.081591e+01 2.073184e+01
2.066500e+01 2.028000e+01 2.081591e+01 2.073184e+01 2.067500e+01 2.028000e+01 2.081682e+01 2.073484e+01
2.068000e+01 2.027500e+01 2.081576e+01 2.073159e+01 2.067500e+01 2.028000e+01 2.081682e+01 2.073484e+01
2.097000e+01 2.027500e+01 2.081384e+01 2.073404e+01 2.097500e+01 2.028000e+01 2.081286e+01 2.073725e+01
2.097500e+01 2.028000e+01 2.081286e+01 2.073725e+01 2.098500e+01 2.028000e+01 2.081371e+01 2.073445e+01
2.098500e+01 2.028000e+01 2.081371e+01 2.073445e+01 2.099000e+01 2.028500e+01 2.081276e+01 2.073742e+01
2.063500e+01 2.029000e+01 2.081559e+01 2.073100e+01 2.063000e+01 2.029500e+01 2.081661e+01 2.073361e+01
2.063500e+01 2.029000e+01 2.081559e+01 2.073100e+01 2.064500e+01 2.029000e+01 2.081692e+01 2.073446e+01
2.065000e+01 2.028500e+01 2.081582e+01 2.073163e+01 2.064500e+01 2.029000e+01 2.081692e+01 2.073446e+01
2.099000e+01 2.028500e+01 2.081276e+01 2.073742e+01 2.099500e+01 2.029000e+01 2.081170e+01 2.074031e+01
2.099500e+01 2.029000e+01 2.081170e+01 2.074031e+01 2.100500e+01 2.029000e+01 2.081279e+01 2.073716e+01
2.100500e+01 2.029000e+01 2.081279e+01 2.073716e+01 2.101500e+01 2.029000e+01 2.081407e+01 2.073391e+01
2.101500e+01 2.029000e+01 2.081407e+01 2.073391e+01 2.102000e+01 2.029500e+01 2.081314e+01 2.073645e+01
2.061500e+01 2.030000e+01 2.081610e+01 2.073236e+01 2.061000e+01 2.030500e+01 2.081710e+01 2.073468e+01
2.061500e+01 2.030000e+01 2.081610e+01 2.073236e+01 2.062500e+01 2.030000e+01 2.081773e+01 2.073614e+01
2.063000e+01 2.029500e+01 2.081661e+01 2.073361e+01 2.062500e+01 2.030000e+01 2.081773e+01 2.073614e+01
2.102000e+01 2.029500e+01 2.081314e+01 2.073645e+01 2.102500e+01 2.030000e+01 2.081210e+01 2.073889e+01
2.102500e+01 2.030000e+01 2.081210e+01 2.073889e+01 2.103000e+01 2.030500e+01 2.081112e+01 2.074123e+01
2.059500e+01 2.031000e+01 2.081623e+01 2.073285e+01 2.059000e+01 2.031500e+01 2.081719e+01 2.073488e+01
2.059500e+01 2.031000e+01 2.081623e+01 2.073285e+01 2.060500e+01 2.031000e+01 2.081821e+01 2.073690e+01
2.061000e+01 2.030500e+01 2.081710e+01 2.073468e+01 2.060500e+01 2.031000e+01 2.081821e+01 2.073690e+01
2.103000e+01 2.030500e+01 2.081112e+01 2.074123e+01 2.103500e+01 2.031000e+01 2.081003e+01 2.074345e+01
2.103500e+01 2.031000e+01 2.081003e+01 2.074345e+01 2.104500e+01 2.031000e+01 2.081176e+01 2.073969e+01
2.104500e+01 2.031000e+01 2.081176e+01 2.073969e+01 2.105000e+01 2.031500e+01 2.081083e+01 2.074172e+01
2.058500e+01 2.032000e+01 2.081825e+01 2.073680e+01 2.058000e+01 2.032500e+01 2.081921e+01 2.073864e+01
2.059000e+01 2.031500e+01 2.081719e+01 2.073488e+01 2.058500e+01 2.032000e+01 2.081825e+01 2.073680e+01
2.105000e+01 2.031500e+01 2.081083e+01 2.074172e+01 2.105500e+01 2.032000e+01 2.080980e+01 2.074363e+01
2.105500e+01 2.032000e+01 2.080980e+01 2.074363e+01 2.106500e+01 2.032000e+01 2.081192e+01 2.073963e+01
2.106500e+01 2.032000e+01 2.081192e+01 2.073963e+01 2.107000e+01 2.032500e+01 2.081106e+01 2.074136e+01
2.056500e+01 2.033000e+01 2.081772e+01 2.073590e+01 2.056000e+01 2.033500e+01 2.081858e+01 2.073746e+01
2.056500e+01 2.033000e+01 2.081772e+01 2.073590e+01 2.057500e+01 2.033000e+01 2.082026e+01 2.074036e+01
2.058000e+01 2.032500e+01 2.081921e+01 2.073864e+01 2.057500e+01 2.033000e+01 2.082026e+01 2.074036e+01
2.107000e+01 2.032500e+01 2.081106e+01 2.074136e+01 2.107500e+01 2.033000e+01 2.081013e+01 2.074297e+01
2.107500e+01 2.033000e+01 2.081013e+01 2.074297e+01 2.108000e+01 2.033500e+01 2.080930e+01 2.074450e+01
2.055500e+01 2.034000e+01 2.081951e+01 2.073891e+01 2.055000e+01 2.034500e+01 2.082034e+01 2.074028e+01
2.056000e+01 2.033500e+01 2.081858e+01 2.073746e+01 2.055500e+01 2.034000e+01 2.081951e+01 2.073891e+01
2.108000e+01 2.033500e+01 2.080930e+01 2.074450e+01 2.108500e+01 2.034000e+01 2.080840e+01 2.074589e+01
2.108500e+01 2.034000e+01 2.080840e+01 2.074589e+01 2.109000e+01 2.034500e+01 2.080761e+01 2.074722e+01
2.053500e+01 2.035000e+01 2.081804e+01 2.073677e+01 2.053000e+01 2.035500e+01 2.081870e+01 2.073789e+01
2.053500e+01 2.035000e+01 2.081804e+01 2.073677e+01 2.054500e+01 2.035000e+01 2.082123e+01 2.074152e+01
2.055000e+01 2.034500e+01 2.082034e+01 2.074028e+01 2.054500e+01 2.035000e+01 2.082123e+01 2.074152e+01
2.109000e+01 2.034500e+01 2.080761e+01 2.074722e+01 2.109500e+01 2.035000e+01 2.080675e+01 2.074841e+01
2.109500e+01 2.035000e+01 2.080675e+01 2.074841e+01 2.110000e+01 2.035500e+01 2.080601e+01 2.074953e+01
2.052500e+01 2.036000e+01 2.081942e+01 2.073889e+01 2.052000e+01 2.036500e+01 2.082001e+01 2.073984e+01
2.053000e+01 2.035500e+01 2.081870e+01 2.073789e+01 2.052500e+01 2.036000e+01 2.081942e+01 2.073889e+01
2.110000e+01 2.035500e+01 2.080601e+01 2.074953e+01 2.110500e+01 2.036000e+01 2.080521e+01 2.075052e+01
2.110500e+01 2.036000e+01 2.080521e+01 2.075052e+01 2.111500e+01 2.036000e+01 2.080845e+01 2.074595e+01
2.111500e+01 2.036000e+01 2.080845e+01 2.074595e+01 2.112000e+01 2.036500e+01 2.080791e+01 2.074684e+01
2.051500e+01 2.037000e+01 2.082065e+01 2.074066e+01 2.051000e+01 2.037500e+01 2.082117e+01 2.074144e+01
2.052000e+01 2.036500e+01 2.082001e+01 2.073984e+01 2.051500e+01 2.037000e+01 2.082065e+01 2.074066e+01
2.112000e+01 2.036500e+01 2.080791e+01 2.074684e+01 2.112500e+01 2.037000e+01 2.080733e+01 2.074758e+01
2.112500e+01 2.037000e+01 2.080733e+01 2.074758e+01 2.113000e+01 2.037500e+01 2.080688e+01 2.074829e+01
2.050500e+01 2.038000e+01 2.082171e+01 2.074208e+01 2.050000e+01 2.038500e+01 2.082213e+01 2.074270e+01
2.051000e+01 2.037500e+01 2.082117e+01 2.074144e+01 2.050500e+01 2.038000e+01 2.082171e+01 2.074208e+01
2.113000e+01 2.037500e+01 2.080688e+01 2.074829e+01 2.113500e+01 2.038000e+01 2.080641e+01 2.074886e+01
2.113500e+01 2.038000e+01 2.080641e+01 2.074886e+01 2.114000e+01 2.038500e+01 2.080607e+01 2.074940e+01
2.049500e+01 2.039000e+01 2.082257e+01 2.074317e+01 2.049000e+01 2.039500e+01 2.082287e+01 2.074363e+01
2.050000e+01 2.038500e+01 2.082213e+01 2.074270e+01 2.049500e+01 2.039000e+01 2.082257e+01 2.074317e+01
2.114000e+01 2.038500e+01 2.080607e+01 2.074940e+01 2.114500e+01 2.039000e+01 2.080571e+01 2.074980e+01
2.114500e+01 2.039000e+01 2.080571e+01 2.074980e+01 2.115000e+01 2.039500e+01 2.080550e+01 2.075019e+01
2.048500e+01 2.040000e+01 2.082319e+01 2.074395e+01 2.048000e+01 2.040500e+01 2.082338e+01 2.074426e+01
2.049000e+01 2.039500e+01 2.082287e+01 2.074363e+01 2.048500e+01 2.040000e+01 2.082319e+01 2.074395e+01
2.115000e+01 2.039500e+01 2.080550e+01 2.075019e+01 2.115000e+01 2.040500e+01 2.080070e+01 2.075548e+01
2.047500e+01 2.041000e+01 2.082356e+01 2.074443e+01 2.047000e+01 2.041500e+01 2.082361e+01 2.074460e+01
2.048000e+01 2.040500e+01 2.082338e+01 2.074426e+01 2.047500e+01 2.041000e+01 2.082356e+01 2.074443e+01
2.115000e+01 2.040500e+01 2.080070e+01 2.075548e+01 2.115500e+01 2.041000e+01 2.080047e+01 2.075557e+01
2.115500e+01 2.041000e+01 2.080047e+01 2.075557e+01 2.116000e+01 2.041500e+01 2.080039e+01 2.075567e+01
2.047000e+01 2.041500e+01 2.082361e+01 2.074460e+01 2.047000e+01 2.042500e+01 2.082877e+01 2.074983e+01
2.116000e+01 2.041500e+01 2.080039e+01 2.075567e+01 2.116500e+01 2.042000e+01 2.080033e+01 2.075563e+01
2.116500e+01 2.042000e+01 2.080033e+01 2.075563e+01 2.117000e+01 2.042500e+01 2.080041e+01 2.075559e+01
2.046500e+01 2.043000e+01 2.082880e+01 2.074973e+01 2.046000e+01 2.043500e+01 2.082869e+01 2.074964e+01
2.047000e+01 2.042500e+01 2.082877e+01 2.074983e+01 2.046500e+01 2.043000e+01 2.082880e+01 2.074973e+01
2.117000e+01 2.042500e+01 2.080041e+01 2.075559e+01 2.117500e+01 2.043000e+01 2.080052e+01 2.075542e+01
2.117500e+01 2.043000e+01 2.080052e+01 2.075542e+01 2.118000e+01 2.043500e+01 2.080078e+01 2.075527e+01
2.045500e+01 2.044000e+01 2.082856e+01 2.074942e+01 2.045000e+01 2.044500e+01 2.082828e+01 2.074922e+01
2.046000e+01 2.043500e+01 2.082869e+01 2.074964e+01 2.045500e+01 2.044000e+01 2.082856e+01 2.074942e+01
2.118000e+01 2.043500e+01 2.080078e+01 2.075527e+01 2.118500e+01 2.044000e+01 2.080107e+01 2.075498e+01
2.118500e+01 2.044000e+01 2.080107e+01 2.075498e+01 2.119000e+01 2.044500e+01 2.080151e+01 2.075473e+01
2.044500e+01 2.045000e+01 2.082797e+01 2.074889e+01 2.044000e+01 2.045500e+01 2.082752e+01 2.074860e+01
2.045000e+01 2.044500e+01 2.082828e+01 2.074922e+01 2.044500e+01 2.045000e+01 2.082797e+01 2.074889e+01
2.119000e+01 2.044500e+01 2.080151e+01 2.075473e+01 2.119000e+01 2.045500e+01 2.079678e+01 2.075870e+01
2.044000e+01 2.045500e+01 2.082752e+01 2.074860e+01 2.044000e+01 2.046500e+01 2.083258e+01 2.075282e+01
2.119000e+01 2.045500e+01 2.079678e+01 2.075870e+01 2.119500e+01 2.046000e+01 2.079731e+01 2.075819e+01
2.119500e+01 2.046000e+01 2.079731e+01 2.075819e+01 2.120000e+01 2.046500e+01 2.079799e+01 2.075773e+01
2.043500e+01 2.047000e+01 2.083205e+01 2.075228e+01 2.043000e+01 2.047500e+01 2.083137e+01 2.075178e+01
2.044000e+01 2.046500e+01 2.083258e+01 2.075282e+01 2.043500e+01 2.047000e+01 2.083205e+01 2.075228e+01
2.120000e+01 2.046500e+01 2.079799e+01 2.075773e+01 2.120000e+01 2.047500e+01 2.079334e+01 2.076121e+01
2.042500e+01 2.048000e+01 2.083064e+01 2.075116e+01 2.042000e+01 2.048500e+01 2.082976e+01 2.075060e+01
2.043000e+01 2.047500e+01 2.083137e+01 2.075178e+01 2.042500e+01 2.048000e+01 2.083064e+01 2.075116e+01
2.120000e+01 2.047500e+01 2.079334e+01 2.076121e+01 2.120500e+01 2.048000e+01 2.079414e+01 2.076051e+01
2.120500e+01 2.048000e+01 2.079414e+01 2.076051e+01 2.121000e+01 2.048500e+01 2.079509e+01 2.075988e+01
2.042000e+01 2.048500e+01 2.082976e+01 2.075060e+01 2.042000e+01 2.049500e+01 2.083463e+01 2.075413e+01
2.121000e+01 2.048500e+01 2.079509e+01 2.075988e+01 2.121500e+01 2.049000e+01 2.079612e+01 2.075913e+01
2.121500e+01 2.049000e+01 2.079612e+01 2.075913e+01 2.122000e+01 2.049500e+01 2.079729e+01 2.075846e+01
2.041500e+01 2.050000e+01 2.083363e+01 2.075334e+01 2.041000e+01 2.050500e+01 2.083248e+01 2.075263e+01
2.042000e+01 2.049500e+01 2.083463e+01 2.075413e+01 2.041500e+01 2.050000e+01 2.083363e+01 2.075334e+01
2.122000e+01 2.049500e+01 2.079729e+01 2.075846e+01 2.122000e+01 2.050500e+01 2.079293e+01 2.076127e+01
2.041000e+01 2.050500e+01 2.083248e+01 2.075263e+01 2.041000e+01 2.051500e+01 2.083719e+01 2.075572e+01
2.122000e+01 2.050500e+01 2.079293e+01 2.076127e+01 2.122500e+01 2.051000e+01 2.079427e+01 2.076039e+01
2.122500e+01 2.051000e+01 2.079427e+01 2.076039e+01 2.123000e+01 2.051500e+01 2.079576e+01 2.075961e+01
2.040500e+01 2.052000e+01 2.083590e+01 2.075480e+01 2.040000e+01 2.052500e+01 2.083446e+01 2.075398e+01
2.041000e+01 2.051500e+01 2.083719e+01 2.075572e+01 2.040500e+01 2.052000e+01 2.083590e+01 2.075480e+01
2.123000e+01 2.051500e+01 2.079576e+01 2.075961e+01 2.123000e+01 2.052500e+01 2.079162e+01 2.076201e+01
2.040000e+01 2.052500e+01 2.083446e+01 2.075398e+01 2.040000e+01 2.053500e+01 2.083897e+01 2.075664e+01
2.123000e+01 2.052500e+01 2.079162e+01 2.076201e+01 2.123000e+01 2.053500e+01 2.078753e+01 2.076418e+01
2.039500e+01 2.054000e+01 2.083735e+01 2.075564e+01 2.039000e+01 2.054500e+01 2.083561e+01 2.075473e+01
2.040000e+01 2.053500e+01 2.083897e+01 2.075664e+01 2.039500e+01 2.054000e+01 2.083735e+01 2.075564e+01
2.123000e+01 2.053500e+01 2.078753e+01 2.076418e+01 2.123500e+01 2.054000e+01 2.078931e+01 2.076315e+01
2.123500e+01 2.054000e+01 2.078931e+01 2.076315e+01 2.124000e+01 2.054500e+01 2.079123e+01 2.076222e+01
2.039000e+01 2.054500e+01 2.083561e+01 2.075473e+01 2.039000e+01 2.055500e+01 2.083986e+01 2.075701e+01
2.124000e+01 2.054500e+01 2.079123e+01 2.076222e+01 2.124000e+01 2.055500e+01 2.078743e+01 2.076403e+01
2.038500e+01 2.056000e+01 2.083792e+01 2.075596e+01 2.038000e+01 2.056500e+01 2.083587e+01 2.075501e+01
2.039000e+01 2.055500e+01 2.083986e+01 2.075701e+01 2.038500e+01 2.056000e+01 2.083792e+01 2.075596e+01
2.124000e+01 2.055500e+01 2.078743e+01 2.076403e+01 2.124500e+01 2.056000e+01 2.078957e+01 2.076297e+01
2.124500e+01 2.056000e+01 2.078957e+01 2.076297e+01 2.125000e+01 2.056500e+01 2.079183e+01 2.076204e+01
2.038000e+01 2.056500e+01 2.083587e+01 2.075501e+01 2.038000e+01 2.057500e+01 2.083982e+01 2.075695e+01
2.125000e+01 2.056500e+01 2.079183e+01 2.076204e+01 2.125000e+01 2.057500e+01 2.078837e+01 2.076353e+01
2.038000e+01 2.057500e+01 2.083982e+01 2.075695e+01 2.038000e+01 2.058500e+01 2.084368e+01 2.075867e+01
2.125000e+01 2.057500e+01 2.078837e+01 2.076353e+01 2.125000e+01 2.058500e+01 2.078502e+01 2.076482e+01
2.037500e+01 2.059000e+01 2.084128e+01 2.075756e+01 2.037000e+01 2.059500e+01 2.083879e+01 2.075657e+01
2.038000e+01 2.058500e+01 2.084368e+01 2.075867e+01 2.037500e+01 2.059000e+01 2.084128e+01 2.075756e+01
2.125000e+01 2.058500e+01 2.078502e+01 2.076482e+01 2.125500e+01 2.059000e+01 2.078766e+01 2.076376e+01
2.125500e+01 2.059000e+01 2.078766e+01 2.076376e+01 2.126000e+01 2.059500e+01 2.079039e+01 2.076283e+01
2.037000e+01 2.059500e+01 2.083879e+01 2.075657e+01 2.037000e+01 2.060500e+01 2.084230e+01 2.075802e+01
2.126000e+01 2.059500e+01 2.079039e+01 2.076283e+01 2.126000e+01 2.060500e+01 2.078743e+01 2.076388e+01
2.037000e+01 2.060500e+01 2.084230e+01 2.075802e+01 2.037000e+01 2.061500e+01 2.084567e+01 2.075927e+01
2.126000e+01 2.060500e+01 2.078743e+01 2.076388e+01 2.126000e+01 2.061500e+01 2.078461e+01 2.076476e+01
2.036500e+01 2.062000e+01 2.084281e+01 2.075819e+01 2.036000e+01 2.062500e+01 2.083987e+01 2.075723e+01
2.037000e+01 2.061500e+01 2.084567e+01 2.075927e+01 2.036500e+01 2.062000e+01 2.084281e+01 2.075819e+01
2.126000e+01 2.061500e+01 2.078461e+01 2.076476e+01 2.126000e+01 2.062500e+01 2.078194e+01 2.076547e+01
2.036000e+01 2.062500e+01 2.083987e+01 2.075723e+01 2.036000e+01 2.063500e+01 2.084285e+01 2.075828e+01
2.126000e+01 2.062500e+01 2.078194e+01 2.076547e+01 2.126500e+01 2.063000e+01 2.078522e+01 2.076450e+01
2.126500e+01 2.063000e+01 2.078522e+01 2.076450e+01 2.127000e+01 2.063500e+01 2.078857e+01 2.076366e+01
2.036000e+01 2.063500e+01 2.084285e+01 2.075828e+01 2.036000e+01 2.064500e+01 2.084568e+01 2.075916e+01
2.127000e+01 2.063500e+01 2.078857e+01 2.076366e+01 2.127000e+01 2.064500e+01 2.078634e+01 2.076425e+01
2.036000e+01 2.064500e+01 2.084568e+01 2.075916e+01 2.036000e+01 2.065500e+01 2.084835e+01 2.075989e+01
2.127000e+01 2.064500e+01 2.078634e+01 2.076425e+01 2.127000e+01 2.065500e+01 2.078429e+01 2.076470e+01
2.036000e+01 2.065500e+01 2.084835e+01 2.075989e+01 2.036000e+01 2.066500e+01 2.085084e+01 2.076047e+01
2.127000e+01 2.065500e+01 2.078429e+01 2.076470e+01 2.127000e+01 2.066500e+01 2.078241e+01 2.076503e+01
2.035500e+01 2.067000e+01 2.084725e+01 2.075953e+01 2.035000e+01 2.067500e+01 2.084361e+01 2.075873e+01
2.036000e+01 2.066500e+01 2.085084e+01 2.076047e+01 2.035500e+01 2.067000e+01 2.084725e+01 2.075953e+01
2.127000e+01 2.066500e+01 2.078241e+01 2.076503e+01 2.127000e+01 2.067500e+01 2.078073e+01 2.076524e+01
2.035000e+01 2.067500e+01 2.084361e+01 2.075873e+01 2.035000e+01 2.068500e+01 2.084566e+01 2.075923e+01
2.127000e+01 2.067500e+01 2.078073e+01 2.076524e+01 2.127500e+01 2.068000e+01 2.078477e+01 2.076456e+01
2.127500e+01 2.068000e+01 2.078477e+01 2.076456e+01 2.128000e+01 2.068500e+01 2.078886e+01 2.076401e+01
2.035000e+01 2.068500e+01 2.084566e+01 2.075923e+01 2.035000e+01 2.069500e+01 2.084753e+01 2.075962e+01
2.128000e+01 2.068500e+01 2.078886e+01 2.076401e+01 2.128000e+01 2.069500e+01 2.078765e+01 2.076425e+01
2.035000e+01 2.069500e+01 2.084753e+01 2.075962e+01 2.035000e+01 2.070500e+01 2.084919e+01 2.075991e+01
2.128000e+01 2.069500e+01 2.078765e+01 2.076425e+01 2.128000e+01 2.070500e+01 2.078663e+01 2.076441e+01
2.035000e+01 2.070500e+01 2.084919e+01 2.075991e+01 2.035000e+01 2.071500e+01 2.085066e+01 2.076010e+01
2.128000e+01 2.070500e+01 2.078663e+01 2.076441e+01 2.128000e+01 2.071500e+01 2.078582e+01 2.076451e+01
2.035000e+01 2.071500e+01 2.085066e+01 2.076010e+01 2.035000e+01 2.072500e+01 2.085193e+01 2.076022e+01
2.128000e+01 2.071500e+01 2.078582e+01 2.076451e+01 2.128000e+01 2.072500e+01 2.078522e+01 2.076456e+01
2.035000e+01 2.072500e+01 2.085193e+01 2.076022e+01 2.035000e+01 2.073500e+01 2.085298e+01 2.076027e+01
2.128000e+01 2.072500e+01 2.078522e+01 2.076456e+01 2.128000e+01 2.073500e+01 2.078483e+01 2.076459e+01
2.035000e+01 2.073500e+01 2.085298e+01 2.076027e+01 2.035000e+01 2.074500e+01 2.085382e+01 2.076027e+01
2.128000e+01 2.073500e+01 2.078483e+01 2.076459e+01 2.128000e+01 2.074500e+01 2.078465e+01 2.076459e+01
2.035000e+01 2.074500e+01 2.085382e+01 2.076027e+01 2.035000e+01 2.075500e+01 2.085445e+01 2.076023e+01
2.128000e+01 2.074500e+01 2.078465e+01 2.076459e+01 2.128000e+01 2.075500e+01 2.078469e+01 2.076458e+01
2.035000e+01 2.075500e+01 2.085445e+01 2.076023e+01 2.035000e+01 2.076500e+01 2.085485e+01 2.076016e+01
2.128000e+01 2.075500e+01 2.078469e+01 2.076458e+01 2.128000e+01 2.076500e+01 2.078494e+01 2.076458e+01
2.035000e+01 2.076500e+01 2.085485e+01 2.076016e+01 2.035000e+01 2.077500e+01 2.085504e+01 2.076007e+01
2.128000e+01 2.076500e+01 2.078494e+01 2.076458e+01 2.128000e+01 2.077500e+01 2.078541e+01 2.076459e+01
2.035000e+01 2.077500e+01 2.085504e+01 2.076007e+01 2.035000e+01 2.078500e+01 2.085501e+01 2.075998e+01
2.128000e+01 2.077500e+01 2.078541e+01 2.076459e+01 2.128000e+01 2.078500e+01 2.078610e+01 2.076464e+01
2.035000e+01 2.078500e+01 2.085501e+01 2.075998e+01 2.035000e+01 2.079500e+01 2.085476e+01 2.075991e+01
2.128000e+01 2.078500e+01 2.078610e+01 2.076464e+01 2.128000e+01 2.079500e+01 2.078699e+01 2.076473e+01
2.035000e+01 2.079500e+01 2.085476e+01 2.075991e+01 2.035000e+01 2.080500e+01 2.085430e+01 2.075986e+01
2.128000e+01 2.079500e+01 2.078699e+01 2.076473e+01 2.128000e+01 2.080500e+01 2.078809e+01 2.076488e+01
2.035000e+01 2.080500e+01 2.085430e+01 2.075986e+01 2.035000e+01 2.081500e+01 2.085362e+01 2.075985e+01
2.128000e+01 2.080500e+01 2.078809e+01 2.076488e+01 2.128000e+01 2.081500e+01 2.078940e+01 2.076510e+01
2.035000e+01 2.081500e+01 2.085362e+01 2.075985e+01 2.035000e+01 2.082500e+01 2.085273e+01 2.075989e+01
2.128000e+01 2.081500e+01 2.078940e+01 2.076510e+01 2.128000e+01 2.082500e+01 2.079091e+01 2.076540e+01
2.035000e+01 2.082500e+01 2.085273e+01 2.075989e+01 2.035000e+01 2.083500e+01 2.085163e+01 2.075999e+01
2.128000e+01 2.082500e+01 2.079091e+01 2.076540e+01 2.128000e+01 2.083500e+01 2.079262e+01 2.076578e+01
2.035000e+01 2.083500e+01 2.085163e+01 2.075999e+01 2.035000e+01 2.084500e+01 2.085033e+01 2.076017e+01
2.127500e+01 2.084000e+01 2.078874e+01 2.076508e+01 2.127000e+01 2.084500e+01 2.078491e+01 2.076425e+01
2.128000e+01 2.083500e+01 2.079262e+01 2.076578e+01 2.127500e+01 2.084000e+01 2.078874e+01 2.076508e+01
2.035000e+01 2.084500e+01 2.085033e+01 2.076017e+01 2.035000e+01 2.085500e+01 2.084883e+01 2.076044e+01
2.127000e+01 2.084500e+01 2.078491e+01 2.076425e+01 2.127000e+01 2.085500e+01 2.078706e+01 2.076467e+01
2.035000e+01 2.085500e+01 2.084883e+01 2.076044e+01 2.035000e+01 2.086500e+01 2.084714e+01 2.076081e+01
2.127000e+01 2.085500e+01 2.078706e+01 2.076467e+01 2.127000e+01 2.086500e+01 2.078940e+01 2.076522e+01
2.035000e+01 2.086500e+01 2.084714e+01 2.076081e+01 2.035500e+01 2.087000e+01 2.085091e+01 2.076012e+01
2.035500e+01 2.087000e+01 2.085091e+01 2.076012e+01 2.036000e+01 2.087500e+01 2.085461e+01 2.075928e+01
2.127000e+01 2.086500e+01 2.078940e+01 2.076522e+01 2.127000e+01 2.087500e+01 2.079191e+01 2.076591e+01
2.036000e+01 2.087500e+01 2.085461e+01 2.075928e+01 2.036000e+01 2.088500e+01 2.085246e+01 2.075970e+01
2.127000e+01 2.087500e+01 2.079191e+01 2.076591e+01 2.127000e+01 2.088500e+01 2.079459e+01 2.076674e+01
2.036000e+01 2.088500e+01 2.085246e+01 2.075970e+01 2.036000e+01 2.089500e+01 2.085014e+01 2.076026e+01
2.126500e+01 2.089000e+01 2.079141e+01 2.076582e+01 2.126000e+01 2.089500e+01 2.078829e+01 2.076476e+01
2.127000e+01 2.088500e+01 2.079459e+01 2.076674e+01 2.126500e+01 2.089000e+01 2.079141e+01 2.076582e+01
2.036000e+01 2.089500e+01 2.085014e+01 2.076026e+01 2.036000e+01 2.090500e+01 2.084766e+01 2.076097e+01
2.126000e+01 2.089500e+01 2.078829e+01 2.076476e+01 2.126000e+01 2.090500e+01 2.079139e+01 2.076576e+01
2.036000e+01 2.090500e+01 2.084766e+01 2.076097e+01 2.036000e+01 2.091500e+01 2.084502e+01 2.076183e+01
2.126000e+01 2.090500e+01 2.079139e+01 2.076576e+01 2.126000e+01 2.091500e+01 2.079462e+01 2.076694e+01
2.036000e+01 2.091500e+01 2.084502e+01 2.076183e+01 2.036500e+01 2.092000e+01 2.084803e+01 2.076094e+01
2.036500e+01 2.092000e+01 2.084803e+01 2.076094e+01 2.037000e+01 2.092500e+01 2.085096e+01 2.075993e+01
2.126000e+01 2.091500e+01 2.079462e+01 2.076694e+01 2.126000e+01 2.092500e+01 2.079800e+01 2.076830e+01
2.037000e+01 2.092500e+01 2.085096e+01 2.075993e+01 2.037000e+01 2.093500e+01 2.084791e+01 2.076098e+01
2.125500e+01 2.093000e+01 2.079539e+01 2.076733e+01 2.125000e+01 2.093500e+01 2.079287e+01 2.076623e+01
2.126000e+01 2.092500e+01 2.079800e+01 2.076830e+01 2.125500e+01 2.093000e+01 2.079539e+01 2.076733e+01
2.037000e+01 2.093500e+01 2.084791e+01 2.076098e+01 2.037000e+01 2.094500e+01 2.084473e+01 2.076221e+01
2.125000e+01 2.093500e+01 2.079287e+01 2.076623e+01 2.125000e+01 2.094500e+01 2.079660e+01 2.076785e+01
2.037000e+01 2.094500e+01 2.084473e+01 2.076221e+01 2.037500e+01 2.095000e+01 2.084726e+01 2.076128e+01
2.037500e+01 2.095000e+01 2.084726e+01 2.076128e+01 2.038000e+01 2.095500e+01 2.084969e+01 2.076021e+01
2.125000e+01 2.094500e+01 2.079660e+01 2.076785e+01 2.125000e+01 2.095500e+01 2.080044e+01 2.076968e+01
2.038000e+01 2.095500e+01 2.084969e+01 2.076021e+01 2.038000e+01 2.096500e+01 2.084614e+01 2.076172e+01
2.124500e+01 2.096000e+01 2.079827e+01 2.076873e+01 2.124000e+01 2.096500e+01 2.079621e+01 2.076767e+01
2.125000e+01 2.095500e+01 2.080044e+01 2.076968e+01 2.124500e+01 2.096000e+01 2.079827e+01 2.076873e+01
2.038000e+01 2.096500e+01 2.084614e+01 2.076172e+01 2.038000e+01 2.097500e+01 2.084250e+01 2.076344e+01
2.124000e+01 2.096500e+01 2.079621e+01 2.076767e+01 2.124000e+01 2.097500e+01 2.080035e+01 2.076983e+01
2.038000e+01 2.097500e+01 2.084250e+01 2.076344e+01 2.038500e+01 2.098000e+01 2.084457e+01 2.076253e+01
2.038500e+01 2.098000e+01 2.084457e+01 2.076253e+01 2.039000e+01 2.098500e+01 2.084651e+01 2.076152e+01
2.123500e+01 2.098000e+01 2.079850e+01 2.076890e+01 2.123000e+01 2.098500e+01 2.079677e+01 2.076788e+01
2.124000e+01 2.097500e+01 2.080035e+01 2.076983e+01 2.123500e+01 2.098000e+01 2.079850e+01 2.076890e+01
2.039000e+01 2.098500e+01 2.084651e+01 2.076152e+01 2.039000e+01 2.099500e+01 2.084256e+01 2.076358e+01
2.123000e+01 2.098500e+01 2.079677e+01 2.076788e+01 2.123000e+01 2.099500e+01 2.080119e+01 2.077041e+01
2.039000e+01 2.099500e+01 2.084256e+01 2.076358e+01 2.039500e+01 2.100000e+01 2.084429e+01 2.076271e+01
2.039500e+01 2.100000e+01 2.084429e+01 2.076271e+01 2.040000e+01 2.100500e+01 2.084588e+01 2.076174e+01
2.122500e+01 2.100000e+01 2.079965e+01 2.076955e+01 2.122000e+01 2.100500e+01 2.079823e+01 2.076860e+01
2.123000e+01 2.099500e+01 2.080119e+01 2.077041e+01 2.122500e+01 2.100000e+01 2.079965e+01 2.076955e+01
2.040000e+01 2.100500e+01 2.084588e+01 2.076174e+01 2.040000e+01 2.101500e+01 2.084168e+01 2.076418e+01
2.122000e+01 2.100500e+01 2.079823e+01 2.076860e+01 2.122000e+01 2.101500e+01 2.080288e+01 2.077153e+01
2.040000e+01 2.101500e+01 2.084168e+01 2.076418e+01 2.040500e+01 2.102000e+01 2.084308e+01 2.076339e+01
2.040500e+01 2.102000e+01 2.084308e+01 2.076339e+01 2.041000e+01 2.102500e+01 2.084434e+01 2.076252e+01
2.121500e+01 2.102000e+01 2.080163e+01 2.077078e+01 2.121000e+01 2.102500e+01 2.080052e+01 2.076995e+01
2.122000e+01 2.101500e+01 2.080288e+01 2.077153e+01 2.121500e+01 2.102000e+01 2.080163e+01 2.077078e+01
2.041000e+01 2.102500e+01 2.084434e+01 2.076252e+01 2.041000e+01 2.103500e+01 2.083992e+01 2.076539e+01
2.121000e+01 2.102500e+01 2.080052e+01 2.076995e+01 2.121000e+01 2.103500e+01 2.080534e+01 2.077331e+01
2.041000e+01 2.103500e+01 2.083992e+01 2.076539e+01 2.041500e+01 2.104000e+01 2.084102e+01 2.076472e+01
2.041500e+01 2.104000e+01 2.084102e+01 2.076472e+01 2.042000e+01 2.104500e+01 2.084196e+01 2.076398e+01
2.120500e+01 2.104000e+01 2.080437e+01 2.077270e+01 2.120000e+01 2.104500e+01 2.080354e+01 2.077202e+01
2.121000e+01 2.103500e+01 2.080534e+01 2.077331e+01 2.120500e+01 2.104000e+01 2.080437e+01 2.077270e+01
2.042000e+01 2.104500e+01 2.084196e+01 2.076398e+01 2.042000e+01 2.105500e+01 2.083739e+01 2.076730e+01
2.119500e+01 2.105000e+01 2.080276e+01 2.077146e+01 2.119000e+01 2.105500e+01 2.080214e+01 2.077084e+01
2.120000e+01 2.104500e+01 2.080354e+01 2.077202e+01 2.119500e+01 2.105000e+01 2.080276e+01 2.077146e+01
2.042000e+01 2.105500e+01 2.083739e+01 2.076730e+01 2.042500e+01 2.106000e+01 2.083820e+01 2.076678e+01
2.042500e+01 2.106000e+01 2.083820e+01 2.076678e+01 2.043000e+01 2.106500e+01 2.083887e+01 2.076622e+01
2.119000e+01 2.105500e+01 2.080214e+01 2.077084e+01 2.119000e+01 2.106500e+01 2.080718e+01 2.077490e+01
2.043000e+01 2.106500e+01 2.083887e+01 2.076622e+01 2.043500e+01 2.107000e+01 2.083948e+01 2.076578e+01
2.043500e+01 2.107000e+01 2.083948e+01 2.076578e+01 2.044000e+01 2.107500e+01 2.083993e+01 2.076529e+01
2.118500e+01 2.107000e+01 2.080665e+01 2.077453e+01 2.118000e+01 2.107500e+01 2.080626e+01 2.077412e+01
2.119000e+01 2.106500e+01 2.080718e+01 2.077490e+01 2.118500e+01 2.107000e+01 2.080665e+01 2.077453e+01
2.044000e+01 2.107500e+01 2.083993e+01 2.076529e+01 2.044000e+01 2.108500e+01 2.083517e+01 2.076933e+01
2.117500e+01 2.108000e+01 2.080591e+01 2.077385e+01 2.117000e+01 2.108500e+01 2.080570e+01 2.077354e+01
2.118000e+01 2.107500e+01 2.080626e+01 2.077412e+01 2.117500e+01 2.108000e+01 2.080591e+01 2.077385e+01
2.044000e+01 2.108500e+01 2.083517e+01 2.076933e+01 2.044500e+01 2.109000e+01 2.083554e+01 2.076911e+01
2.044500e+01 2.109000e+01 2.083554e+01 2.076911e+01 2.045000e+01 2.109500e+01 2.083576e+01 2.076885e+01
2.117000e+01 2.108500e+01 2.080570e+01 2.077354e+01 2.117000e+01 2.109500e+01 2.081084e+01 2.077833e+01
2.045000e+01 2.109500e+01 2.083576e+01 2.076885e+01 2.045500e+01 2.110000e+01 2.083596e+01 2.076873e+01
2.045500e+01 2.110000e+01 2.083596e+01 2.076873e+01 2.046000e+01 2.110500e+01 2.083600e+01 2.076859e+01
2.116500e+01 2.110000e+01 2.081068e+01 2.077829e+01 2.116000e+01 2.110500e+01 2.081066e+01 2.077823e+01
2.117000e+01 2.109500e+01 2.081084e+01 2.077833e+01 2.116500e+01 2.110000e+01 2.081068e+01 2.077829e+01
2.046000e+01 2.110500e+01 2.083600e+01 2.076859e+01 2.046500e+01 2.111000e+01 2.083602e+01 2.076859e+01
2.046500e+01 2.111000e+01 2.083602e+01 2.076859e+01 2.047000e+01 2.111500e+01 2.083589e+01 2.076859e+01
2.115500e+01 2.111000e+01 2.081065e+01 2.077831e+01 2.115000e+01 2.111500e+01 2.081079e+01 2.077838e+01
2.116000e+01 2.110500e+01 2.081066e+01 2.077823e+01 2.115500e+01 2.111000e+01 2.081065e+01 2.077831e+01
2.047000e+01 2.111500e+01 2.083589e+01 2.076859e+01 2.047000e+01 2.112500e+01 2.083108e+01 2.077368e+01
2.114500e+01 2.112000e+01 2.081092e+01 2.077859e+01 2.114000e+01 2.112500e+01 2.081120e+01 2.077881e+01
2.115000e+01 2.111500e+01 2.081079e+01 2.077838e+01 2.114500e+01 2.112000e+01 2.081092e+01 2.077859e+01
2.047000e+01 2.112500e+01 2.083108e+01 2.077368e+01 2.047500e+01 2.113000e+01 2.083095e+01 2.077396e+01
2.047500e+01 2.113000e+01 2.083095e+01 2.077396e+01 2.048000e+01 2.113500e+01 2.083067e+01 2.077425e+01
2.113500e+01 2.113000e+01 2.081146e+01 2.077917e+01 2.113000e+01 2.113500e+01 2.081186e+01 2.077954e+01
2.114000e+01 2.112500e+01 2.081120e+01 2.077881e+01 2.113500e+01 2.113000e+01 2.081146e+01 2.077917e+01
2.048000e+01 2.113500e+01 2.083067e+01 2.077425e+01 2.048500e+01 2.114000e+01 2.083041e+01 2.077468e+01
2.048500e+01 2.114000e+01 2.083041e+01 2.077468e+01 2.049000e+01 2.114500e+01 2.083000e+01 2.077513e+01
2.112500e+01 2.114000e+01 2.081225e+01 2.078005e+01 2.112000e+01 2.114500e+01 2.081277e+01 2.078058e+01
2.113000e+01 2.113500e+01 2.081186e+01 2.077954e+01 2.112500e+01 2.114000e+01 2.081225e+01 2.078005e+01
2.049000e+01 2.114500e+01 2.083000e+01 2.077513e+01 2.049500e+01 2.115000e+01 2.082962e+01 2.077572e+01
2.049500e+01 2.115000e+01 2.082962e+01 2.077572e+01 2.050000e+01 2.115500e+01 2.082910e+01 2.077634e+01
2.111500e+01 2.115000e+01 2.081325e+01 2.078125e+01 2.111000e+01 2.115500e+01 2.081387e+01 2.078196e+01
2.112000e+01 2.114500e+01 2.081277e+01 2.078058e+01 2.111500e+01 2.115000e+01 2.081325e+01 2.078125e+01
2.050000e+01 2.115500e+01 2.082910e+01 2.077634e+01 2.050500e+01 2.116000e+01 2.082861e+01 2.077711e+01
2.050500e+01 2.116000e+01 2.082861e+01 2.077711e+01 2.051000e+01 2.116500e+01 2.082800e+01 2.077791e+01
2.110500e+01 2.116000e+01 2.081445e+01 2.078280e+01 2.110000e+01 2.116500e+01 2.081516e+01 2.078369e+01
2.111000e+01 2.115500e+01 2.081387e+01 2.078196e+01 2.110500e+01 2.116000e+01 2.081445e+01 2.078280e+01
2.051000e+01 2.116500e+01 2.082800e+01 2.077791e+01 2.051500e+01 2.117000e+01 2.082742e+01 2.077886e+01
2.051500e+01 2.117000e+01 2.082742e+01 2.077886e+01 2.052000e+01 2.117500e+01 2.082672e+01 2.077985e+01
2.109500e+01 2.117000e+01 2.081582e+01 2.078470e+01 2.109000e+01 2.117500e+01 2.081659e+01 2.078577e+01
2.110000e+01 2.116500e+01 2.081516e+01 2.078369e+01 2.109500e+01 2.117000e+01 2.081582e+01 2.078470e+01
2.052000e+01 2.117500e+01 2.082672e+01 2.077985e+01 2.052500e+01 2.118000e+01 2.082607e+01 2.078098e+01
2.052500e+01 2.118000e+01 2.082607e+01 2.078098e+01 2.053500e+01 2.118000e+01 2.082897e+01 2.077655e+01
2.053500e+01 2.118000e+01 2.082897e+01 2.077655e+01 2.054000e+01 2.118500e+01 2.082809e+01 2.077781e+01
2.107500e+01 2.118000e+01 2.081426e+01 2.078226e+01 2.107000e+01 2.118500e+01 2.081520e+01 2.078358e+01
2.107500e+01 2.118000e+01 2.081426e+01 2.078226e+01 2.108500e+01 2.118000e+01 2.081731e+01 2.078697e+01
2.109000e+01 2.117500e+01 2.081659e+01 2.078577e+01 2.108500e+01 2.118000e+01 2.081731e+01 2.078697e+01
2.054000e+01 2.118500e+01 2.082809e+01 2.077781e+01 2.054500e+01 2.119000e+01 2.082727e+01 2.077920e+01
2.054500e+01 2.119000e+01 2.082727e+01 2.077920e+01 2.055000e+01 2.119500e+01 2.082635e+01 2.078066e+01
2.106500e+01 2.119000e+01 2.081607e+01 2.078503e+01 2.106000e+01 2.119500e+01 2.081705e+01 2.078656e+01
2.107000e+01 2.118500e+01 2.081520e+01 2.078358e+01 2.106500e+01 2.119000e+01 2.081607e+01 2.078503e+01
2.055000e+01 2.119500e+01 2.082635e+01 2.078066e+01 2.055500e+01 2.120000e+01 2.082550e+01 2.078226e+01
2.055500e+01 2.120000e+01 2.082550e+01 2.078226e+01 2.056000e+01 2.120500e+01 2.082456e+01 2.078393e+01
2.105500e+01 2.120000e+01 2.081795e+01 2.078820e+01 2.105000e+01 2.120500e+01 2.081894e+01 2.078992e+01
2.106000e+01 2.119500e+01 2.081705e+01 2.078656e+01 2.105500e+01 2.120000e+01 2.081795e+01 2.078820e+01
2.056000e+01 2.120500e+01 2.082456e+01 2.078393e+01 2.056500e+01 2.121000e+01 2.082370e+01 2.078573e+01
2.056500e+01 2.121000e+01 2.082370e+01 2.078573e+01 2.057500e+01 2.121000e+01 2.082575e+01 2.078179e+01
2.057500e+01 2.121000e+01 2.082575e+01 2.078179e+01 2.058000e+01 2.121500e+01 2.082472e+01 2.078376e+01
2.103500e+01 2.121000e+01 2.081761e+01 2.078754e+01 2.103000e+01 2.121500e+01 2.081868e+01 2.078955e+01
2.103500e+01 2.121000e+01 2.081761e+01 2.078754e+01 2.104500e+01 2.121000e+01 2.081985e+01 2.079176e+01
2.105000e+01 2.120500e+01 2.081894e+01 2.078992e+01 2.104500e+01 2.121000e+01 2.081985e+01 2.079176e+01
2.058000e+01 2.121500e+01 2.082472e+01 2.078376e+01 2.058500e+01 2.122000e+01 2.082378e+01 2.078586e+01
2.058500e+01 2.122000e+01 2.082378e+01 2.078586e+01 2.059500e+01 2.122000e+01 2.082545e+01 2.078217e+01
2.059500e+01 2.122000e+01 2.082545e+01 2.078217e+01 2.060000e+01 2.122500e+01 2.082437e+01 2.078446e+01
2.101500e+01 2.122000e+01 2.081780e+01 2.078769e+01 2.101000e+01 2.122500e+01 2.081892e+01 2.079001e+01
2.101500e+01 2.122000e+01 2.081780e+01 2.078769e+01 2.102500e+01 2.122000e+01 2.081967e+01 2.079167e+01
2.103000e+01 2.121500e+01 2.081868e+01 2.078955e+01 2.102500e+01 2.122000e+01 2.081967e+01 2.079167e+01
2.060000e+01 2.122500e+01 2.082437e+01 2.078446e+01 2.060500e+01 2.123000e+01 2.082339e+01 2.078687e+01
2.060500e+01 2.123000e+01 2.082339e+01 2.078687e+01 2.061500e+01 2.123000e+01 2.082473e+01 2.078347e+01
2.061500e+01 2.123000e+01 2.082473e+01 2.078347e+01 2.062000e+01 2.123500e+01 2.082365e+01 2.078609e+01
2.099500e+01 2.123000e+01 2.081840e+01 2.078873e+01 2.099000e+01 2.123500e+01 2.081952e+01 2.079135e+01
2.099500e+01 2.123000e+01 2.081840e+01 2.078873e+01 2.100500e+01 2.123000e+01 2.081994e+01 2.079242e+01
2.101000e+01 2.122500e+01 2.081892e+01 2.079001e+01 2.100500e+01 2.123000e+01 2.081994e+01 2.079242e+01
2.062000e+01 2.123500e+01 2.082365e+01 2.078609e+01 2.062500e+01 2.124000e+01 2.082268e+01 2.078882e+01
2.062500e+01 2.124000e+01 2.082268e+01 2.078882e+01 2.063500e+01 2.124000e+01 2.082374e+01 2.078575e+01
2.063500e+01 2.124000e+01 2.082374e+01 2.078575e+01 2.064000e+01 2.124500e+01 2.082270e+01 2.078870e+01
2.097500e+01 2.124000e+01 2.081929e+01 2.079070e+01 2.097000e+01 2.124500e+01 2.082038e+01 2.079362e+01
2.097500e+01 2.124000e+01 2.081929e+01 2.079070e+01 2.098500e+01 2.124000e+01 2.082054e+01 2.079406e+01
2.099000e+01 2.123500e+01 2.081952e+01 2.079135e+01 2.098500e+01 2.124000e+01 2.082054e+01 2.079406e+01
2.064000e+01 2.124500e+01 2.082270e+01 2.078870e+01 2.064500e+01 2.125000e+01 2.082178e+01 2.079174e+01
2.064500e+01 2.125000e+01 2.082178e+01 2.079174e+01 2.065500e+01 2.125000e+01 2.082260e+01 2.078902e+01
2.065500e+01 2.125000e+01 2.082260e+01 2.078902e+01 2.066500e+01 2.125000e+01 2.082327e+01 2.078645e+01
2.066500e+01 2.125000e+01 2.082327e+01 2.078645e+01 2.067000e+01 2.125500e+01 2.082230e+01 2.078985e+01
2.094500e+01 2.125000e+01 2.081950e+01 2.079073e+01 2.094000e+01 2.125500e+01 2.082053e+01 2.079407e+01
2.094500e+01 2.125000e+01 2.081950e+01 2.079073e+01 2.095500e+01 2.125000e+01 2.082035e+01 2.079361e+01
2.095500e+01 2.125000e+01 2.082035e+01 2.079361e+01 2.096500e+01 2.125000e+01 2.082136e+01 2.079662e+01
2.097000e+01 2.124500e+01 2.082038e+01 2.079362e+01 2.096500e+01 2.125000e+01 2.082136e+01 2.079662e+01
2.067000e+01 2.125500e+01 2.082230e+01 2.078985e+01 2.067500e+01 2.126000e+01 2.082146e+01 2.079332e+01
2.067500e+01 2.126000e+01 2.082146e+01 2.079332e+01 2.068500e+01 2.126000e+01 2.082198e+01 2.079113e+01
2.068500e+01 2.126000e+01 2.082198e+01 2.079113e+01 2.069500e+01 2.126000e+01 2.082236e+01 2.078910e+01
2.069500e+01 2.126000e+01 2.082236e+01 2.078910e+01 2.070000e+01 2.126500e+01 2.082156e+01 2.079294e+01
2.091500e+01 2.126000e+01 2.082023e+01 2.079263e+01 2.091000e+01 2.126500e+01 2.082111e+01 2.079638e+01
2.091500e+01 2.126000e+01 2.082023e+01 2.079263e+01 2.092500e+01 2.126000e+01 2.082076e+01 2.079497e+01
2.092500e+01 2.126000e+01 2.082076e+01 2.079497e+01 2.093500e+01 2.126000e+01 2.082144e+01 2.079748e+01
2.094000e+01 2.125500e+01 2.082053e+01 2.079407e+01 2.093500e+01 2.126000e+01 2.082144e+01 2.079748e+01
2.070000e+01 2.126500e+01 2.082156e+01 2.079294e+01 2.070500e+01 2.127000e+01 2.082088e+01 2.079684e+01
2.070500e+01 2.127000e+01 2.082088e+01 2.079684e+01 2.071500e+01 2.127000e+01 2.082120e+01 2.079521e+01
2.071500e+01 2.127000e+01 2.082120e+01 2.079521e+01 2.072500e+01 2.127000e+01 2.082142e+01 2.079376e+01
2.072500e+01 2.127000e+01 2.082142e+01 2.079376e+01 2.073500e+01 2.127000e+01 2.082156e+01 2.079249e+01
2.073500e+01 2.127000e+01 2.082156e+01 2.079249e+01 2.074500e+01 2.127000e+01 2.082162e+01 2.079140e+01
2.074500e+01 2.127000e+01 2.082162e+01 2.079140e+01 2.075000e+01 2.127500e+01 2.082116e+01 2.079589e+01
2.085500e+01 2.127000e+01 2.082062e+01 2.079217e+01 2.085000e+01 2.127500e+01 2.082114e+01 2.079665e+01
2.085500e+01 2.127000e+01 2.082062e+01 2.079217e+01 2.086500e+01 2.127000e+01 2.082069e+01 2.079341e+01
2.086500e+01 2.127000e+01 2.082069e+01 2.079341e+01 2.087500e+01 2.127000e+01 2.082085e+01 2.079484e+01
2.087500e+01 2.127000e+01 2.082085e+01 2.079484e+01 2.088500e+01 2.127000e+01 2.082109e+01 2.079644e+01
2.088500e+01 2.127000e+01 2.082109e+01 2.079644e+01 2.089500e+01 2.127000e+01 2.082144e+01 2.079822e+01
2.089500e+01 2.127000e+01 2.082144e+01 2.079822e+01 2.090500e+01 2.127000e+01 2.082189e+01 2.080018e+01
2.091000e+01 2.126500e+01 2.082111e+01 2.079638e+01 2.090500e+01 2.127000e+01 2.082189e+01 2.080018e+01
2.075000e+01 2.127500e+01 2.082116e+01 2.079589e+01 2.075500e+01 2.128000e+01 2.082082e+01 2.080042e+01
2.075500e+01 2.128000e+01 2.082082e+01 2.080042e+01 2.076500e+01 2.128000e+01 2.082095e+01 2.079974e+01
2.076500e+01 2.128000e+01 2.082095e+01 2.079974e+01 2.077500e+01 2.128000e+01 2.082104e+01 2.079925e+01
2.077500e+01 2.128000e+01 2.082104e+01 2.079925e+01 2.078500e+01 2.128000e+01 2.082110e+01 2.079895e+01
2.078500e+01 2.128000e+01 2.082110e+01 2.079895e+01 2.079500e+01 2.128000e+01 2.082115e+01 2.079884e+01
2.079500e+01 2.128000e+01 2.082115e+01 2.079884e+01 2.080500e+01 2.128000e+01 2.082119e+01 2.079892e+01
2.080500e+01 2.128000e+01 2.082119e+01 2.079892e+01 2.081500e+01 2.128000e+01 2.082124e+01 2.079919e+01
2.081500e+01 2.128000e+01 2.082124e+01 2.079919e+01 2.082500e+01 2.128000e+01 2.082131e+01 2.079965e+01
2.082500e+01 2.128000e+01 2.082131e+01 2.079965e+01 2.083500e+01 2.128000e+01 2.082141e+01 2.080030e+01
2.083500e+01 2.128000e+01 2.082141e+01 2.080030e+01 2.084500e+01 2.128000e+01 2.082155e+01 2.080114e+01
2.085000e+01 2.127500e+01 2.082114e+01 2.079665e+01 2.084500e+01 2.128000e+01 2.082155e+01 2.080114e+01
2.081311e+01 2.076352e+01 2.032753e+01 2.074934e+01 2.081311e+01 2.076352e+01 2.032867e+01 2.071706e+01
2.081311e+01 2.076352e+01 2.032867e+01 2.071706e+01 2.081311e+01 2.076352e+01 2.033204e+01 2.068508e+01
2.081311e+01 2.076352e+01 2.033204e+01 2.068508e+01 2.081311e+01 2.076352e+01 2.033761e+01 2.065352e+01
2.081311e+01 2.076352e+01 2.033761e+01 2.065352e+01 2.081311e+01 2.076352e+01 2.034536e+01 2.062252e+01
2.081311e+01 2.076352e+01 2.034536e+01 2.062252e+01 2.081311e+01 2.076352e+01 2.035523e+01 2.059218e+01
2.081311e+01 2.076352e+01 2.035523e+01 2.059218e+01 2.081311e+01 2.076352e+01 2.036718e+01 2.056262e+01
2.081311e+01 2.076352e+01 2.036718e+01 2.056262e+01 2.081311e+01 2.076352e+01 2.038117e+01 2.053396e+01
2.081311e+01 2.076352e+01 2.038117e+01 2.053396e+01 2.081311e+01 2.076352e+01 2.039715e+01 2.050630e+01
2.081311e+01 2.076352e+01 2.039715e+01 2.050630e+01 2.081311e+01 2.076352e+01 2.041505e+01 2.047977e+01
2.081311e+01 2.076352e+01 2.041505e+01 2.047977e+01 2.081311e+01 2.076352e+01 2.043483e+01 2.045446e+01
2.081311e+01 2.076352e+01 2.043483e+01 2.045446e+01 2.081311e+01 2.076352e+01 2.045642e+01 2.043049e+01
2.081311e+01 2.076352e+01 2.045642e+01 2.043049e+01 2.081311e+01 2.076352e+01 2.047974e+01 2.040797e+01
2.081311e+01 2.076352e+01 2.047974e+01 2.040797e+01 2.081311e+01 2.076352e+01 2.050473e+01 2.038701e+01
2.081311e+01 2.076352e+01 2.050473e+01 2.038701e+01 2.081311e+01 2.076352e+01 2.053128e+01 2.036772e+01
2.081311e+01 2.076352e+01 2.053128e+01 2.036772e+01 2.081311e+01 2.076352e+01 2.055932e+01 2.035020e+01
2.081311e+01 2.076352e+01 2.055932e+01 2.035020e+01 2.081311e+01 2.076352e+01 2.058873e+01 2.033456e+01
2.081311e+01 2.076352e+01 2.058873e+01 2.033456e+01 2.081311e+01 2.076352e+01 2.061940e+01 2.032090e+01
2.081311e+01 2.076352e+01 2.061940e+01 2.032090e+01 2.081311e+01 2.076352e+01 2.065121e+01 2.030931e+01
2.081311e+01 2.076352e+01 2.065121e+01 2.030931e+01 2.081311e+01 2.076352e+01 2.068401e+01 2.029990e+01
2.081311e+01 2.076352e+01 2.068401e+01 2.029990e+01 2.081311e+01 2.076352e+01 2.071765e+01 2.029274e+01
2.081311e+01 2.076352e+01 2.071765e+01 2.029274e+01 2.081311e+01 2.076352e+01 2.075198e+01 2.028791e+01
2.081311e+01 2.076352e+01 2.075198e+01 2.028791e+01 2.081311e+01 2.076352e+01 2.078682e+01 2.028546e+01
2.081311e+01 2.076352e+01 2.078682e+01 2.028546e+01 2.081311e+01 2.076352e+01 2.082197e+01 2.028545e+01
2.081311e+01 2.076352e+01 2.082197e+01 2.028545e+01 2.081311e+01 2.076352e+01 2.085724e+01 2.028791e+01
2.081311e+01 2.076352e+01 2.085724e+01 2.028791e+01 2.081311e+01 2.076352e+01 2.089243e+01 2.029284e+01
2.081311e+01 2.076352e+01 2.089243e+01 2.029284e+01 2.081311e+01 2.076352e+01 2.092732e+01 2.030025e+01
2.081311e+01 2.076352e+01 2.092732e+01 2.030025e+01 2.081311e+01 2.076352e+01 2.096170e+01 2.031009e+01
2.081311e+01 2.076352e+01 2.096170e+01 2.031009e+01 2.081311e+01 2.076352e+01 2.099537e+01 2.032234e+01
2.081311e+01 2.076352e+01 2.099537e+01 2.032234e+01 2.081311e+01 2.076352e+01 2.102810e+01 2.033690e+01
2.081311e+01 2.076352e+01 2.102810e+01 2.033690e+01 2.081311e+01 2.076352e+01 2.105970e+01 2.035369e+01
2.081311e+01 2.076352e+01 2.105970e+01 2.035369e+01 2.081311e+01 2.076352e+01 2.108998e+01 2.037260e+01
2.081311e+01 2.076352e+01 2.108998e+01 2.037260e+01 2.081311e+01 2.076352e+01 2.111877e+01 2.039351e+01
2.081311e+01 2.076352e+01 2.111877e+01 2.039351e+01 2.081311e+01 2.076352e+01 2.114590e+01 2.041627e+01
2.081311e+01 2.076352e+01 2.114590e+01 2.041627e+01 2.081311e+01 2.076352e+01 2.117124e+01 2.044073e+01
2.081311e+01 2.076352e+01 2.117124e+01 2.044073e+01 2.081311e+01 2.076352e+01 2.119466e+01 2.046674e+01
2.081311e+01 2.076352e+01 2.119466e+01 2.046674e+01 2.081311e+01 2.076352e+01 2.121605e+01 2.049412e+01
2.081311e+01 2.076352e+01 2.121605e+01 2.049412e+01 2.081311e+01 2.076352e+01 2.123533e+01 2.052270e+01
2.081311e+01 2.076352e+01 2.123533e+01 2.052270e+01 2.081311e+01 2.076352e+01 2.125244e+01 2.055233e+01
2.081311e+01 2.076352e+01 2.125244e+01 2.055233e+01 2.081311e+01 2.076352e+01 2.126731e+01 2.058283e+01
2.081311e+01 2.076352e+01 2.126731e+01 2.058283e+01 2.081311e+01 2.076352e+01 2.127991e+01 2.061404e+01
2.081311e+01 2.076352e+01 2.127991e+01 2.061404e+01 2.081311e+01 2.076352e+01 2.129022e+01 2.064580e+01
2.081311e+01 2.076352e+01 2.129022e+01 2.064580e+01 2.081311e+01 2.076352e+01 2.129823e+01 2.067795e+01
2.081311e+01 2.076352e+01 2.129823e+01 2.067795e+01 2.081311e+01 2.076352e+01 2.130393e+01 2.071034e+01
2.081311e+01 2.076352e+01 2.130393e+01 2.071034e+01 2.081311e+01 2.076352e+01 2.130734e+01 2.074283e+01
2.081311e+01 2.076352e+01 2.130734e+01 2.074283e+01 2.081311e+01 2.076352e+01 2.130846e+01 2.077529e+01
2.081311e+01 2.076352e+01 2.130846e+01 2.077529e+01 2.081311e+01 2.076352e+01 2.130732e+01 2.080757e+01
2.081311e+01 2.076352e+01 2.130732e+01 2.080757e+01 2.081311e+01 2.076352e+01 2.130395e+01 2.083955e+01
2.081311e+01 2.076352e+01 2.130395e+01 2.083955e+01 2.081311e+01 2.076352e+01 2.129838e+01 2.087110e+01
2.081311e+01 2.076352e+01 2.129838e+01 2.087110e+01 2.081311e+01 2.076352e+01 2.129064e+01 2.090210e+01
2.081311e+01 2.076352e+01 2.129064e+01 2.090210e+01 2.081311e+01 2.076352e+01 2.128077e+01 2.093244e+01
2.081311e+01 2.076352e+01 2.128077e+01 2.093244e+01 2.081311e+01 2.076352e+01 2.126881e+01 2.096200e+01
2.081311e+01 2.076352e+01 2.126881e+01 2.096200e+01 2.081311e+01 2.076352e+01 2.125482e+01 2.099066e+01
2.081311e+01 2.076352e+01 2.125482e+01 2.099066e+01 2.081311e+01 2.076352e+01 2.123885e+01 2.101832e+01
2.081311e+01 2.076352e+01 2.123885e+01 2.101832e+01 2.081311e+01 2.076352e+01 2.122094e+01 2.104486e+01
2.081311e+01 2.076352e+01 2.122094e+01 2.104486e+01 2.081311e+01 2.076352e+01 2.120116e+01 2.107016e+01
2.081311e+01 2.076352e+01 2.120116e+01 2.107016e+01 2.081311e+01 2.076352e+01 2.117957e+01 2.109413e+01
2.081311e+01 2.076352e+01 2.117957e+01 2.109413e+01 2.081311e+01 2.076352e+01 2.115625e+01 2.111665e+01
2.081311e+01 2.076352e+01 2.115625e+01 2.111665e+01 2.081311e+01 2.076352e+01 2.113127e+01 2.113761e+01
2.081311e+01 2.076352e+01 2.113127e+01 2.113761e+01 2.081311e+01 2.076352e+01 2.110471e+01 2.115691e+01
2.081311e+01 2.076352e+01 2.110471e+01 2.115691e+01 2.081311e+01 2.076352e+01 2.107667e+01 2.117443e+01
2.081311e+01 2.076352e+01 2.107667e+01 2.117443e+01 2.081311e+01 2.076352e+01 2.104726e+01 2.119007e+01
2.081311e+01 2.076352e+01 2.104726e+01 2.119007e+01 2.081311e+01 2.076352e+01 2.101659e+01 2.120373e+01
2.081311e+01 2.076352e+01 2.101659e+01 2.120373e+01 2.081311e+01 2.076352e+01 2.098479e+01 2.121531e+01
2.081311e+01 2.076352e+01 2.098479e+01 2.121531e+01 2.081311e+01 2.076352e+01 2.095198e+01 2.122472e+01
2.081311e+01 2.076352e+01 2.095198e+01 2.122472e+01 2.081311e+01 2.076352e+01 2.091834e+01 2.123188e+01
2.081311e+01 2.076352e+01 2.091834e+01 2.123188e+01 2.081311e+01 2.076352e+01 2.088401e+01 2.123672e+01
2.081311e+01 2.076352e+01 2.088401e+01 2.123672e+01 2.081311e+01 2.076352e+01 2.084917e+01 2.123916e+01
2.081311e+01 2.076352e+01 2.084917e+01 2.123916e+01 2.081311e+01 2.076352e+01 2.081402e+01 2.123917e+01
2.081311e+01 2.076352e+01 2.081402e+01 2.123917e+01 2.081311e+01 2.076352e+01 2.077875e+01 2.123672e+01
2.081311e+01 2.076352e+01 2.077875e+01 2.123672e+01 2.081311e+01 2.076352e+01 2.074356e+01 2.123178e+01
2.081311e+01 2.076352e+01 2.074356e+01 2.123178e+01 2.081311e+01 2.076352e+01 2.070867e+01 2.122438e+01
2.081311e+01 2.076352e+01 2.070867e+01 2.122438e+01 2.081311e+01 2.076352e+01 2.067429e+01 2.121453e+01
2.081311e+01 2.076352e+01 2.067429e+01 2.121453e+01 2.081311e+01 2.076352e+01 2.064063e+01 2.120229e+01
2.081311e+01 2.076352e+01 2.064063e+01 2.120229e+01 2.081311e+01 2.076352e+01 2.060789e+01 2.118772e+01
2.081311e+01 2.076352e+01 2.060789e+01 2.118772e+01 2.081311e+01 2.076352e+01 2.057629e+01 2.117093e+01
2.081311e+01 2.076352e+01 2.057629e+01 2.117093e+01 2.081311e+01 2.076352e+01 2.054601e+01 2.115202e+01
2.081311e+01 2.076352e+01 2.054601e+01 2.115202e+01 2.081311e+01 2.076352e+01 2.051722e+01 2.113111e+01
2.081311e+01 2.076352e+01 2.051722e+01 2.113111e+01 2.081311e+01 2.076352e+01 2.049009e+01 2.110835e+01
2.081311e+01 2.076352e+01 2.049009e+01 2.110835e+01 2.081311e+01 2.076352e+01 2.046475e+01 2.108389e+01
2.081311e+01 2.076352e+01 2.046475e+01 2.108389e+01 2.081311e+01 2.076352e+01 2.044133e+01 2.105789e+01
2.081311e+01 2.076352e+01 2.044133e+01 2.105789e+01 2.081311e+01 2.076352e+01 2.041994e+01 2.103051e+01
2.081311e+01 2.076352e+01 2.041994e+01 2.103051e+01 2.081311e+01 2.076352e+01 2.040066e+01 2.100192e+01
2.081311e+01 2.076352e+01 2.040066e+01 2.100192e+01 2.081311e+01 2.076352e+01 2.038356e+01 2.097229e+01
2.081311e+01 2.076352e+01 2.038356e+01 2.097229e+01 2.081311e+01 2.076352e+01 2.036868e+01 2.094179e+01
2.081311e+01 2.076352e+01 2.036868e+01 2.094179e+01 2.081311e+01 2.076352e+01 2.035608e+01 2.091058e+01
2.081311e+01 2.076352e+01 2.035608e+01 2.091058e+01 2.081311e+01 2.076352e+01 2.034577e+01 2.087883e+01
2.081311e+01 2.076352e+01 2.034577e+01 2.087883e+01 2.081311e+01 2.076352e+01 2.033776e+01 2.084668e+01
2.081311e+01 2.076352e+01 2.033776e+01 2.084668e+01 2.081311e+01 2.076352e+01 2.033206e+01 2.081428e+01
2.081311e+01 2.076352e+01 2.033206e+01 2.081428e+01 2.081311e+01 2.076352e+01 2.032865e+01 2.078179e+01
2.081311e+01 2.076352e+01 2.032865e+01 2.078179e+01 2.081311e+01 2.076352e+01 2.032753e+01 2.074934e+01
2.128070e+01 2.084980e+01 2.079243e+01 2.076591e+01 2.128070e+01 2.084980e+01 2.079221e+01 2.076586e+01
2.128070e+01 2.084980e+01 2.079221e+01 2.076586e+01 2.128070e+01 2.084980e+01 2.079202e+01 2.076582e+01
2.128070e+01 2.084980e+01 2.079202e+01 2.076582e+01 2.128070e+01 2.084980e+01 2.079185e+01 2.076577e+01
2.128070e+01 2.084980e+01 2.079185e+01 2.076577e+01 2.128070e+01 2.084980e+01 2.079169e+01 2.076574e+01
2.128070e+01 2.084980e+01 2.079169e+01 2.076574e+01 2.128070e+01 2.084980e+01 2.079156e+01 2.076571e+01
2.128070e+01 2.084980e+01 2.079156e+01 2.076571e+01 2.128070e+01 2.084980e+01 2.079145e+01 2.076568e+01
2.128070e+01 2.084980e+01 2.079145e+01 2.076568e+01 2.128070e+01 2.084980e+01 2.079137e+01 2.076566e+01
2.128070e+01 2.084980e+01 2.079137e+01 2.076566e+01 2.128070e+01 2.084980e+01 2.079131e+01 2.076564e+01
2.128070e+01 2.084980e+01 2.079131e+01 2.076564e+01 2.128070e+01 2.084980e+01 2.079127e+01 2.076563e+01
2.128070e+01 2.084980e+01 2.079127e+01 2.076563e+01 2.128070e+01 2.084980e+01 2.079126e+01 2.076563e+01
2.128070e+01 2.084980e+01 2.079126e+01 2.076563e+01 2.128070e+01 2.084980e+01 2.079127e+01 2.076563e+01
2.128070e+01 2.084980e+01 2.079127e+01 2.076563e+01 2.128070e+01 2.084980e+01 2.079130e+01 2.076563e+01
2.128070e+01 2.084980e+01 2.079130e+01 2.076563e+01 2.128070e+01 2.084980e+01 2.079136e+01 2.076565e+01
2.128070e+01 2.084980e+01 2.079136e+01 2.076565e+01 2.128070e+01 2.084980e+01 2.079144e+01 2.076566e+01
2.128070e+01 2.084980e+01 2.079144e+01 2.076566e+01 2.128070e+01 2.084980e+01 2.079155e+01 2.076568e+01
2.128070e+01 2.084980e+01 2.079155e+01 2.076568e+01 2.128070e+01 2.084980e+01 2.079167e+01 2.076571e+01
2.128070e+01 2.084980e+01 2.079167e+01 2.076571e+01 2.128070e+01 2.084980e+01 2.079182e+01 2.076574e+01
2.128070e+01 2.084980e+01 2.079182e+01 2.076574e+01 2.128070e+01 2.084980e+01 2.079200e+01 2.076577e+01
2.128070e+01 2.084980e+01 2.079200e+01 2.076577e+01 2.128070e+01 2.084980e+01 2.079219e+01 2.076581e+01
2.128070e+01 2.084980e+01 2.079243e+01 2.076591e+01 2.128070e+01 2.084980e+01 2.079221e+01 2.076586e+01
2.128070e+01 2.084980e+01 2.079221e+01 2.076586e+01 2.128070e+01 2.084980e+01 2.079202e+01 2.076582e+01
2.128070e+01 2.084980e+01 2.079202e+01 2.076582e+01 2.128070e+01 2.084980e+01 2.079185e+01 2.076577e+01
2.128070e+01 2.084980e+01 2.079185e+01 2.076577e+01 2.128070e+01 2.084980e+01 2.079169e+01 2.076574e+01
2.128070e+01 2.084980e+01 2.079169e+01 2.076574e+01 2.128070e+01 2.084980e+01 2.079156e+01 2.076571e+01
2.128070e+01 2.084980e+01 2.079156e+01 2.076571e+01 2.128070e+01 2.084980e+01 2.079145e+01 2.076568e+01
2.128070e+01 2.084980e+01 2.079145e+01 2.076568e+01 2.128070e+01 2.084980e+01 2.079137e+01 2.076566e+01
2.128070e+01 2.084980e+01 2.079137e+01 2.076566e+01 2.128070e+01 2.084980e+01 2.079131e+01 2.076564e+01
2.128070e+01 2.084980e+01 2.079131e+01 2.076564e+01 2.128070e+01 2.084980e+01 2.079127e+01 2.076563e+01
2.128070e+01 2.084980e+01 2.079127e+01 2.076563e+01 2.128070e+01 2.084980e+01 2.079126e+01 2.076563e+01
2.128070e+01 2.084980e+01 2.079126e+01 2.076563e+01 2.128070e+01 2.084980e+01 2.079127e+01 2.076563e+01
2.128070e+01 2.084980e+01 2.079127e+01 2.076563e+01 2.128070e+01 2.084980e+01 2.079130e+01 2.076563e+01
2.128070e+01 2.084980e+01 2.079130e+01 2.076563e+01 2.128070e+01 2.084980e+01 2.079136e+01 2.076565e+01
2.128070e+01 2.084980e+01 2.079136e+01 2.076565e+01 2.128070e+01 2.084980e+01 2.079144e+01 2.076566e+01
2.128070e+01 2.084980e+01 2.079144e+01 2.076566e+01 2.128070e+01 2.084980e+01 2.079155e+01 2.076568e+01
2.128070e+01 2.084980e+01 2.079155e+01 2.076568e+01 2.128070e+01 2.084980e+01 2.079167e+01 2.076571e+01
2.128070e+01 2.084980e+01 2.079167e+01 2.076571e+01 2.128070e+01 2.084980e+01 2.079182e+01 2.076574e+01
2.128070e+01 2.084980e+01 2.079182e+01 2.076574e+01 2.128070e+01 2.084980e+01 2.079200e+01 2.076577e+01
2.128070e+01 2.084980e+01 2.079200e+01 2.076577e+01 2.128070e+01 2.084980e+01 2.079219e+01 2.076581e+01
