2.072500e+01 2.022000e+01 2.080387e+01 2.069389e+01 2.072000e+01 2.022500e+01 2.080452e+01 2.069802e+01
2.072500e+01 2.022000e+01 2.080387e+01 2.069389e+01 2.073500e+01 2.022000e+01 2.080413e+01 2.069537e+01
2.073500e+01 2.022000e+01 2.080413e+01 2.069537e+01 2.074500e+01 2.022000e+01 2.080431e+01 2.069667e+01
2.074500e+01 2.022000e+01 2.080431e+01 2.069667e+01 2.075500e+01 2.022000e+01 2.080442e+01 2.069778e+01
2.075500e+01 2.022000e+01 2.080442e+01 2.069778e+01 2.076500e+01 2.022000e+01 2.080446e+01 2.069871e+01
2.076500e+01 2.022000e+01 2.080446e+01 2.069871e+01 2.077500e+01 2.022000e+01 2.080446e+01 2.069945e+01
2.077500e+01 2.022000e+01 2.080446e+01 2.069945e+01 2.078500e+01 2.022000e+01 2.080443e+01 2.069999e+01
2.078500e+01 2.022000e+01 2.080443e+01 2.069999e+01 2.079500e+01 2.022000e+01 2.080437e+01 2.070034e+01
2.079500e+01 2.022000e+01 2.080437e+01 2.070034e+01 2.080500e+01 2.022000e+01 2.080430e+01 2.070049e+01
2.080500e+01 2.022000e+01 2.080430e+01 2.070049e+01 2.081500e+01 2.022000e+01 2.080423e+01 2.070044e+01
2.081500e+01 2.022000e+01 2.080423e+01 2.070044e+01 2.082500e+01 2.022000e+01 2.080418e+01 2.070020e+01
2.082500e+01 2.022000e+01 2.080418e+01 2.070020e+01 2.083500e+01 2.022000e+01 2.080416e+01 2.069977e+01
2.083500e+01 2.022000e+01 2.080416e+01 2.069977e+01 2.084500e+01 2.022000e+01 2.080417e+01 2.069914e+01
2.084500e+01 2.022000e+01 2.080417e+01 2.069914e+01 2.085500e+01 2.022000e+01 2.080424e+01 2.069831e+01
2.085500e+01 2.022000e+01 2.080424e+01 2.069831e+01 2.086500e+01 2.022000e+01 2.080437e+01 2.069731e+01
2.086500e+01 2.022000e+01 2.080437e+01 2.069731e+01 2.087500e+01 2.022000e+01 2.080458e+01 2.069611e+01
2.087500e+01 2.022000e+01 2.080458e+01 2.069611e+01 2.088000e+01 2.022500e+01 2.080404e+01 2.070043e+01
2.068500e+01 2.023000e+01 2.080404e+01 2.069593e+01 2.068000e+01 2.023500e+01 2.080489e+01 2.069954e+01
2.068500e+01 2.023000e+01 2.080404e+01 2.069593e+01 2.069500e+01 2.023000e+01 2.080458e+01 2.069815e+01
2.069500e+01 2.023000e+01 2.080458e+01 2.069815e+01 2.070500e+01 2.023000e+01 2.080499e+01 2.070021e+01
2.070500e+01 2.023000e+01 2.080499e+01 2.070021e+01 2.071500e+01 2.023000e+01 2.080528e+01 2.070209e+01
2.072000e+01 2.022500e+01 2.080452e+01 2.069802e+01 2.071500e+01 2.023000e+01 2.080528e+01 2.070209e+01
2.088000e+01 2.022500e+01 2.080404e+01 2.070043e+01 2.088500e+01 2.023000e+01 2.080339e+01 2.070470e+01
2.088500e+01 2.023000e+01 2.080339e+01 2.070470e+01 2.089500e+01 2.023000e+01 2.080361e+01 2.070310e+01
2.089500e+01 2.023000e+01 2.080361e+01 2.070310e+01 2.090500e+01 2.023000e+01 2.080394e+01 2.070132e+01
2.090500e+01 2.023000e+01 2.080394e+01 2.070132e+01 2.091500e+01 2.023000e+01 2.080439e+01 2.069937e+01
2.091500e+01 2.023000e+01 2.080439e+01 2.069937e+01 2.092000e+01 2.023500e+01 2.080363e+01 2.070318e+01
2.065500e+01 2.024000e+01 2.080434e+01 2.069771e+01 2.065000e+01 2.024500e+01 2.080528e+01 2.070091e+01
2.065500e+01 2.024000e+01 2.080434e+01 2.069771e+01 2.066500e+01 2.024000e+01 2.080518e+01 2.070047e+01
2.066500e+01 2.024000e+01 2.080518e+01 2.070047e+01 2.067500e+01 2.024000e+01 2.080586e+01 2.070308e+01
2.068000e+01 2.023500e+01 2.080489e+01 2.069954e+01 2.067500e+01 2.024000e+01 2.080586e+01 2.070308e+01
2.092000e+01 2.023500e+01 2.080363e+01 2.070318e+01 2.092500e+01 2.024000e+01 2.080275e+01 2.070693e+01
2.092500e+01 2.024000e+01 2.080275e+01 2.070693e+01 2.093500e+01 2.024000e+01 2.080332e+01 2.070459e+01
2.093500e+01 2.024000e+01 2.080332e+01 2.070459e+01 2.094000e+01 2.024500e+01 2.080244e+01 2.070811e+01
2.063500e+01 2.025000e+01 2.080527e+01 2.070091e+01 2.063000e+01 2.025500e+01 2.080627e+01 2.070380e+01
2.063500e+01 2.025000e+01 2.080527e+01 2.070091e+01 2.064500e+01 2.025000e+01 2.080633e+01 2.070402e+01
2.065000e+01 2.024500e+01 2.080528e+01 2.070091e+01 2.064500e+01 2.025000e+01 2.080633e+01 2.070402e+01
2.094000e+01 2.024500e+01 2.080244e+01 2.070811e+01 2.094500e+01 2.025000e+01 2.080144e+01 2.071154e+01
2.094500e+01 2.025000e+01 2.080144e+01 2.071154e+01 2.095500e+01 2.025000e+01 2.080219e+01 2.070883e+01
2.095500e+01 2.025000e+01 2.080219e+01 2.070883e+01 2.096500e+01 2.025000e+01 2.080311e+01 2.070596e+01
2.096500e+01 2.025000e+01 2.080311e+01 2.070596e+01 2.097000e+01 2.025500e+01 2.080217e+01 2.070907e+01
2.061500e+01 2.026000e+01 2.080604e+01 2.070315e+01 2.061000e+01 2.026500e+01 2.080704e+01 2.070574e+01
2.061500e+01 2.026000e+01 2.080604e+01 2.070315e+01 2.062500e+01 2.026000e+01 2.080737e+01 2.070660e+01
2.063000e+01 2.025500e+01 2.080627e+01 2.070380e+01 2.062500e+01 2.026000e+01 2.080737e+01 2.070660e+01
2.097000e+01 2.025500e+01 2.080217e+01 2.070907e+01 2.097500e+01 2.026000e+01 2.080112e+01 2.071208e+01
2.097500e+01 2.026000e+01 2.080112e+01 2.071208e+01 2.098500e+01 2.026000e+01 2.080230e+01 2.070887e+01
2.098500e+01 2.026000e+01 2.080230e+01 2.070887e+01 2.099000e+01 2.026500e+01 2.080133e+01 2.071167e+01
2.059500e+01 2.027000e+01 2.080649e+01 2.070448e+01 2.059000e+01 2.027500e+01 2.080747e+01 2.070677e+01
2.059500e+01 2.027000e+01 2.080649e+01 2.070448e+01 2.060500e+01 2.027000e+01 2.080815e+01 2.070822e+01
2.061000e+01 2.026500e+01 2.080704e+01 2.070574e+01 2.060500e+01 2.027000e+01 2.080815e+01 2.070822e+01
2.099000e+01 2.026500e+01 2.080133e+01 2.071167e+01 2.099500e+01 2.027000e+01 2.080026e+01 2.071437e+01
2.099500e+01 2.027000e+01 2.080026e+01 2.071437e+01 2.100000e+01 2.027500e+01 2.079924e+01 2.071697e+01
2.058500e+01 2.028000e+01 2.080854e+01 2.070894e+01 2.058000e+01 2.028500e+01 2.080954e+01 2.071103e+01
2.059000e+01 2.027500e+01 2.080747e+01 2.070677e+01 2.058500e+01 2.028000e+01 2.080854e+01 2.070894e+01
2.100000e+01 2.027500e+01 2.079924e+01 2.071697e+01 2.100500e+01 2.028000e+01 2.079812e+01 2.071946e+01
2.100500e+01 2.028000e+01 2.079812e+01 2.071946e+01 2.101500e+01 2.028000e+01 2.079973e+01 2.071574e+01
2.101500e+01 2.028000e+01 2.079973e+01 2.071574e+01 2.102000e+01 2.028500e+01 2.079874e+01 2.071804e+01
2.056500e+01 2.029000e+01 2.080842e+01 2.070881e+01 2.056000e+01 2.029500e+01 2.080933e+01 2.071062e+01
2.056500e+01 2.029000e+01 2.080842e+01 2.070881e+01 2.057500e+01 2.029000e+01 2.081062e+01 2.071300e+01
2.058000e+01 2.028500e+01 2.080954e+01 2.071103e+01 2.057500e+01 2.029000e+01 2.081062e+01 2.071300e+01
2.102000e+01 2.028500e+01 2.079874e+01 2.071804e+01 2.102500e+01 2.029000e+01 2.079766e+01 2.072022e+01
2.102500e+01 2.029000e+01 2.079766e+01 2.072022e+01 2.103000e+01 2.029500e+01 2.079666e+01 2.072232e+01
2.055500e+01 2.030000e+01 2.081031e+01 2.071230e+01 2.055000e+01 2.030500e+01 2.081119e+01 2.071390e+01
2.056000e+01 2.029500e+01 2.080933e+01 2.071062e+01 2.055500e+01 2.030000e+01 2.081031e+01 2.071230e+01
2.103000e+01 2.029500e+01 2.079666e+01 2.072232e+01 2.103500e+01 2.030000e+01 2.079558e+01 2.072429e+01
2.103500e+01 2.030000e+01 2.079558e+01 2.072429e+01 2.104500e+01 2.030000e+01 2.079775e+01 2.072013e+01
2.104500e+01 2.030000e+01 2.079775e+01 2.072013e+01 2.105000e+01 2.030500e+01 2.079685e+01 2.072194e+01
2.054500e+01 2.031000e+01 2.081214e+01 2.071538e+01 2.054000e+01 2.031500e+01 2.081298e+01 2.071680e+01
2.055000e+01 2.030500e+01 2.081119e+01 2.071390e+01 2.054500e+01 2.031000e+01 2.081214e+01 2.071538e+01
2.105000e+01 2.030500e+01 2.079685e+01 2.072194e+01 2.105500e+01 2.031000e+01 2.079587e+01 2.072363e+01
2.105500e+01 2.031000e+01 2.079587e+01 2.072363e+01 2.106000e+01 2.031500e+01 2.079499e+01 2.072524e+01
2.053500e+01 2.032000e+01 2.081388e+01 2.071808e+01 2.053000e+01 2.032500e+01 2.081466e+01 2.071930e+01
2.054000e+01 2.031500e+01 2.081298e+01 2.071680e+01 2.053500e+01 2.032000e+01 2.081388e+01 2.071808e+01
2.106000e+01 2.031500e+01 2.079499e+01 2.072524e+01 2.106500e+01 2.032000e+01 2.079405e+01 2.072672e+01
2.106500e+01 2.032000e+01 2.079405e+01 2.072672e+01 2.107000e+01 2.032500e+01 2.079322e+01 2.072814e+01
2.052500e+01 2.033000e+01 2.081550e+01 2.072039e+01 2.052000e+01 2.033500e+01 2.081622e+01 2.072143e+01
2.053000e+01 2.032500e+01 2.081466e+01 2.071930e+01 2.052500e+01 2.033000e+01 2.081550e+01 2.072039e+01
2.107000e+01 2.032500e+01 2.079322e+01 2.072814e+01 2.107500e+01 2.033000e+01 2.079232e+01 2.072943e+01
2.107500e+01 2.033000e+01 2.079232e+01 2.072943e+01 2.108000e+01 2.033500e+01 2.079155e+01 2.073066e+01
2.051500e+01 2.034000e+01 2.081698e+01 2.072233e+01 2.051000e+01 2.034500e+01 2.081761e+01 2.072319e+01
2.052000e+01 2.033500e+01 2.081622e+01 2.072143e+01 2.051500e+01 2.034000e+01 2.081698e+01 2.072233e+01
2.108000e+01 2.033500e+01 2.079155e+01 2.073066e+01 2.108500e+01 2.034000e+01 2.079072e+01 2.073175e+01
2.108500e+01 2.034000e+01 2.079072e+01 2.073175e+01 2.109000e+01 2.034500e+01 2.079002e+01 2.073279e+01
2.050500e+01 2.035000e+01 2.081827e+01 2.072392e+01 2.050000e+01 2.035500e+01 2.081880e+01 2.072461e+01
2.051000e+01 2.034500e+01 2.081761e+01 2.072319e+01 2.050500e+01 2.035000e+01 2.081827e+01 2.072392e+01
2.109000e+01 2.034500e+01 2.079002e+01 2.073279e+01 2.109500e+01 2.035000e+01 2.078928e+01 2.073370e+01
2.109500e+01 2.035000e+01 2.078928e+01 2.073370e+01 2.110000e+01 2.035500e+01 2.078867e+01 2.073456e+01
2.049500e+01 2.036000e+01 2.081935e+01 2.072516e+01 2.049000e+01 2.036500e+01 2.081976e+01 2.072569e+01
2.050000e+01 2.035500e+01 2.081880e+01 2.072461e+01 2.049500e+01 2.036000e+01 2.081935e+01 2.072516e+01
2.110000e+01 2.035500e+01 2.078867e+01 2.073456e+01 2.110500e+01 2.036000e+01 2.078802e+01 2.073528e+01
2.110500e+01 2.036000e+01 2.078802e+01 2.073528e+01 2.111000e+01 2.036500e+01 2.078751e+01 2.073597e+01
2.048500e+01 2.037000e+01 2.082019e+01 2.072608e+01 2.048000e+01 2.037500e+01 2.082047e+01 2.072645e+01
2.049000e+01 2.036500e+01 2.081976e+01 2.072569e+01 2.048500e+01 2.037000e+01 2.082019e+01 2.072608e+01
2.111000e+01 2.036500e+01 2.078751e+01 2.073597e+01 2.111500e+01 2.037000e+01 2.078698e+01 2.073652e+01
2.111500e+01 2.037000e+01 2.078698e+01 2.073652e+01 2.112000e+01 2.037500e+01 2.078659e+01 2.073705e+01
2.047500e+01 2.038000e+01 2.082076e+01 2.072669e+01 2.047000e+01 2.038500e+01 2.082090e+01 2.072693e+01
2.048000e+01 2.037500e+01 2.082047e+01 2.072645e+01 2.047500e+01 2.038000e+01 2.082076e+01 2.072669e+01
2.112000e+01 2.037500e+01 2.078659e+01 2.073705e+01 2.112500e+01 2.038000e+01 2.078619e+01 2.073744e+01
2.112500e+01 2.038000e+01 2.078619e+01 2.073744e+01 2.113000e+01 2.038500e+01 2.078593e+01 2.073782e+01
2.046500e+01 2.039000e+01 2.082104e+01 2.072703e+01 2.046000e+01 2.039500e+01 2.082102e+01 2.072714e+01
2.047000e+01 2.038500e+01 2.082090e+01 2.072693e+01 2.046500e+01 2.039000e+01 2.082104e+01 2.072703e+01
2.113000e+01 2.038500e+01 2.078593e+01 2.073782e+01 2.113500e+01 2.039000e+01 2.078567e+01 2.073806e+01
2.113500e+01 2.039000e+01 2.078567e+01 2.073806e+01 2.114000e+01 2.039500e+01 2.078556e+01 2.073829e+01
2.046000e+01 2.039500e+01 2.082102e+01 2.072714e+01 2.046000e+01 2.040500e+01 2.082607e+01 2.073214e+01
2.114000e+01 2.039500e+01 2.078556e+01 2.073829e+01 2.114000e+01 2.040500e+01 2.078053e+01 2.074353e+01
2.045500e+01 2.041000e+01 2.082602e+01 2.073199e+01 2.045000e+01 2.041500e+01 2.082582e+01 2.073186e+01
2.046000e+01 2.040500e+01 2.082607e+01 2.073214e+01 2.045500e+01 2.041000e+01 2.082602e+01 2.073199e+01
2.114000e+01 2.040500e+01 2.078053e+01 2.074353e+01 2.114500e+01 2.041000e+01 2.078042e+01 2.074349e+01
2.114500e+01 2.041000e+01 2.078042e+01 2.074349e+01 2.115000e+01 2.041500e+01 2.078048e+01 2.074347e+01
2.044500e+01 2.042000e+01 2.082559e+01 2.073160e+01 2.044000e+01 2.042500e+01 2.082520e+01 2.073137e+01
2.045000e+01 2.041500e+01 2.082582e+01 2.073186e+01 2.044500e+01 2.042000e+01 2.082559e+01 2.073160e+01
2.115000e+01 2.041500e+01 2.078048e+01 2.074347e+01 2.115500e+01 2.042000e+01 2.078056e+01 2.074331e+01
2.115500e+01 2.042000e+01 2.078056e+01 2.074331e+01 2.116000e+01 2.042500e+01 2.078080e+01 2.074317e+01
2.044000e+01 2.042500e+01 2.082520e+01 2.073137e+01 2.044000e+01 2.043500e+01 2.083018e+01 2.073564e+01
2.116000e+01 2.042500e+01 2.078080e+01 2.074317e+01 2.116500e+01 2.043000e+01 2.078106e+01 2.074290e+01
2.116500e+01 2.043000e+01 2.078106e+01 2.074290e+01 2.117000e+01 2.043500e+01 2.078149e+01 2.074267e+01
2.043500e+01 2.044000e+01 2.082972e+01 2.073517e+01 2.043000e+01 2.044500e+01 2.082910e+01 2.073474e+01
2.044000e+01 2.043500e+01 2.083018e+01 2.073564e+01 2.043500e+01 2.044000e+01 2.082972e+01 2.073517e+01
2.117000e+01 2.043500e+01 2.078149e+01 2.074267e+01 2.117000e+01 2.044500e+01 2.077654e+01 2.074689e+01
2.043000e+01 2.044500e+01 2.082910e+01 2.073474e+01 2.043000e+01 2.045500e+01 2.083399e+01 2.073855e+01
2.117000e+01 2.044500e+01 2.077654e+01 2.074689e+01 2.117500e+01 2.045000e+01 2.077704e+01 2.074641e+01
2.117500e+01 2.045000e+01 2.077704e+01 2.074641e+01 2.118000e+01 2.045500e+01 2.077770e+01 2.074598e+01
2.042500e+01 2.046000e+01 2.083326e+01 2.073789e+01 2.042000e+01 2.046500e+01 2.083237e+01 2.073730e+01
2.043000e+01 2.045500e+01 2.083399e+01 2.073855e+01 2.042500e+01 2.046000e+01 2.083326e+01 2.073789e+01
2.118000e+01 2.045500e+01 2.077770e+01 2.074598e+01 2.118000e+01 2.046500e+01 2.077284e+01 2.074973e+01
2.042000e+01 2.046500e+01 2.083237e+01 2.073730e+01 2.042000e+01 2.047500e+01 2.083714e+01 2.074066e+01
2.118000e+01 2.046500e+01 2.077284e+01 2.074973e+01 2.118500e+01 2.047000e+01 2.077361e+01 2.074906e+01
2.118500e+01 2.047000e+01 2.077361e+01 2.074906e+01 2.119000e+01 2.047500e+01 2.077455e+01 2.074846e+01
2.041500e+01 2.048000e+01 2.083612e+01 2.073986e+01 2.041000e+01 2.048500e+01 2.083494e+01 2.073913e+01
2.042000e+01 2.047500e+01 2.083714e+01 2.074066e+01 2.041500e+01 2.048000e+01 2.083612e+01 2.073986e+01
2.119000e+01 2.047500e+01 2.077455e+01 2.074846e+01 2.119000e+01 2.048500e+01 2.076982e+01 2.075175e+01
2.041000e+01 2.048500e+01 2.083494e+01 2.073913e+01 2.041000e+01 2.049500e+01 2.083952e+01 2.074206e+01
2.119000e+01 2.048500e+01 2.076982e+01 2.075175e+01 2.119500e+01 2.049000e+01 2.077089e+01 2.075093e+01
2.119500e+01 2.049000e+01 2.077089e+01 2.075093e+01 2.120000e+01 2.049500e+01 2.077212e+01 2.075019e+01
2.040500e+01 2.050000e+01 2.083818e+01 2.074115e+01 2.040000e+01 2.050500e+01 2.083669e+01 2.074032e+01
2.041000e+01 2.049500e+01 2.083952e+01 2.074206e+01 2.040500e+01 2.050000e+01 2.083818e+01 2.074115e+01
2.120000e+01 2.049500e+01 2.077212e+01 2.075019e+01 2.120000e+01 2.050500e+01 2.076758e+01 2.075305e+01
2.040000e+01 2.050500e+01 2.083669e+01 2.074032e+01 2.040000e+01 2.051500e+01 2.084105e+01 2.074287e+01
2.120000e+01 2.050500e+01 2.076758e+01 2.075305e+01 2.120500e+01 2.051000e+01 2.076897e+01 2.075212e+01
2.120500e+01 2.051000e+01 2.076897e+01 2.075212e+01 2.121000e+01 2.051500e+01 2.077051e+01 2.075128e+01
2.039500e+01 2.052000e+01 2.083938e+01 2.074188e+01 2.039000e+01 2.052500e+01 2.083755e+01 2.074100e+01
2.040000e+01 2.051500e+01 2.084105e+01 2.074287e+01 2.039500e+01 2.052000e+01 2.083938e+01 2.074188e+01
2.121000e+01 2.051500e+01 2.077051e+01 2.075128e+01 2.121000e+01 2.052500e+01 2.076620e+01 2.075374e+01
2.039000e+01 2.052500e+01 2.083755e+01 2.074100e+01 2.039000e+01 2.053500e+01 2.084164e+01 2.074318e+01
2.121000e+01 2.052500e+01 2.076620e+01 2.075374e+01 2.121500e+01 2.053000e+01 2.076793e+01 2.075274e+01
2.121500e+01 2.053000e+01 2.076793e+01 2.075274e+01 2.122000e+01 2.053500e+01 2.076980e+01 2.075184e+01
2.039000e+01 2.053500e+01 2.084164e+01 2.074318e+01 2.039000e+01 2.054500e+01 2.084564e+01 2.074516e+01
2.122000e+01 2.053500e+01 2.076980e+01 2.075184e+01 2.122000e+01 2.054500e+01 2.076577e+01 2.075393e+01
2.038500e+01 2.055000e+01 2.084351e+01 2.074410e+01 2.038000e+01 2.055500e+01 2.084124e+01 2.074314e+01
2.039000e+01 2.054500e+01 2.084564e+01 2.074516e+01 2.038500e+01 2.055000e+01 2.084351e+01 2.074410e+01
2.122000e+01 2.054500e+01 2.076577e+01 2.075393e+01 2.122000e+01 2.055500e+01 2.076184e+01 2.075580e+01
2.038000e+01 2.055500e+01 2.084124e+01 2.074314e+01 2.038000e+01 2.056500e+01 2.084492e+01 2.074482e+01
2.122000e+01 2.055500e+01 2.076184e+01 2.075580e+01 2.122500e+01 2.056000e+01 2.076403e+01 2.075472e+01
2.122500e+01 2.056000e+01 2.076403e+01 2.075472e+01 2.123000e+01 2.056500e+01 2.076635e+01 2.075375e+01
2.038000e+01 2.056500e+01 2.084492e+01 2.074482e+01 2.038000e+01 2.057500e+01 2.084847e+01 2.074631e+01
2.123000e+01 2.056500e+01 2.076635e+01 2.075375e+01 2.123000e+01 2.057500e+01 2.076275e+01 2.075532e+01
2.038000e+01 2.057500e+01 2.084847e+01 2.074631e+01 2.038000e+01 2.058500e+01 2.085189e+01 2.074761e+01
2.123000e+01 2.057500e+01 2.076275e+01 2.075532e+01 2.123000e+01 2.058500e+01 2.075927e+01 2.075669e+01
2.037500e+01 2.059000e+01 2.084916e+01 2.074652e+01 2.037000e+01 2.059500e+01 2.084630e+01 2.074556e+01
2.038000e+01 2.058500e+01 2.085189e+01 2.074761e+01 2.037500e+01 2.059000e+01 2.084916e+01 2.074652e+01
2.123000e+01 2.058500e+01 2.075927e+01 2.075669e+01 2.123500e+01 2.059000e+01 2.076195e+01 2.075561e+01
2.123500e+01 2.059000e+01 2.076195e+01 2.075561e+01 2.124000e+01 2.059500e+01 2.076474e+01 2.075465e+01
2.037000e+01 2.059500e+01 2.084630e+01 2.074556e+01 2.037000e+01 2.060500e+01 2.084934e+01 2.074665e+01
2.124000e+01 2.059500e+01 2.076474e+01 2.075465e+01 2.124000e+01 2.060500e+01 2.076165e+01 2.075578e+01
2.037000e+01 2.060500e+01 2.084934e+01 2.074665e+01 2.037000e+01 2.061500e+01 2.085222e+01 2.074758e+01
2.079500e+01 2.061000e+01 2.083206e+01 2.098740e+01 2.079000e+01 2.061500e+01 2.084322e+01 2.098614e+01
2.079500e+01 2.061000e+01 2.083206e+01 2.098740e+01 2.080500e+01 2.061000e+01 2.081191e+01 2.098866e+01
2.080500e+01 2.061000e+01 2.081191e+01 2.098866e+01 2.081500e+01 2.061000e+01 2.079169e+01 2.098856e+01
2.081500e+01 2.061000e+01 2.079169e+01 2.098856e+01 2.082500e+01 2.061000e+01 2.077174e+01 2.098711e+01
2.082500e+01 2.061000e+01 2.077174e+01 2.098711e+01 2.083000e+01 2.061500e+01 2.076069e+01 2.098577e+01
2.124000e+01 2.060500e+01 2.076165e+01 2.075578e+01 2.124000e+01 2.061500e+01 2.075870e+01 2.075674e+01
2.037000e+01 2.061500e+01 2.085222e+01 2.074758e+01 2.037000e+01 2.062500e+01 2.085494e+01 2.074835e+01
2.075500e+01 2.062000e+01 2.091238e+01 2.096851e+01 2.075000e+01 2.062500e+01 2.092407e+01 2.096371e+01
2.075500e+01 2.062000e+01 2.091238e+01 2.096851e+01 2.076500e+01 2.062000e+01 2.089458e+01 2.097482e+01
2.076500e+01 2.062000e+01 2.089458e+01 2.097482e+01 2.077500e+01 2.062000e+01 2.087543e+01 2.098013e+01
2.077500e+01 2.062000e+01 2.087543e+01 2.098013e+01 2.078500e+01 2.062000e+01 2.085517e+01 2.098428e+01
2.079000e+01 2.061500e+01 2.084322e+01 2.098614e+01 2.078500e+01 2.062000e+01 2.085517e+01 2.098428e+01
2.083000e+01 2.061500e+01 2.076069e+01 2.098577e+01 2.083500e+01 2.062000e+01 2.074888e+01 2.098382e+01
2.083500e+01 2.062000e+01 2.074888e+01 2.098382e+01 2.084500e+01 2.062000e+01 2.072922e+01 2.097958e+01
2.084500e+01 2.062000e+01 2.072922e+01 2.097958e+01 2.085500e+01 2.062000e+01 2.071082e+01 2.097425e+01
2.085500e+01 2.062000e+01 2.071082e+01 2.097425e+01 2.086000e+01 2.062500e+01 2.069922e+01 2.097012e+01
2.124000e+01 2.061500e+01 2.075870e+01 2.075674e+01 2.124000e+01 2.062500e+01 2.075592e+01 2.075754e+01
2.037000e+01 2.062500e+01 2.085494e+01 2.074835e+01 2.037000e+01 2.063500e+01 2.085750e+01 2.074898e+01
2.073500e+01 2.063000e+01 2.095151e+01 2.094991e+01 2.073000e+01 2.063500e+01 2.096245e+01 2.094334e+01
2.073500e+01 2.063000e+01 2.095151e+01 2.094991e+01 2.074500e+01 2.063000e+01 2.093633e+01 2.095805e+01
2.075000e+01 2.062500e+01 2.092407e+01 2.096371e+01 2.074500e+01 2.063000e+01 2.093633e+01 2.095805e+01
2.086000e+01 2.062500e+01 2.069922e+01 2.097012e+01 2.086500e+01 2.063000e+01 2.068700e+01 2.096515e+01
2.086500e+01 2.063000e+01 2.068700e+01 2.096515e+01 2.087500e+01 2.063000e+01 2.067100e+01 2.095776e+01
2.087500e+01 2.063000e+01 2.067100e+01 2.095776e+01 2.088000e+01 2.063500e+01 2.065995e+01 2.095176e+01
2.124000e+01 2.062500e+01 2.075592e+01 2.075754e+01 2.124500e+01 2.063000e+01 2.075921e+01 2.075655e+01
2.124500e+01 2.063000e+01 2.075921e+01 2.075655e+01 2.125000e+01 2.063500e+01 2.076261e+01 2.075568e+01
2.036500e+01 2.064000e+01 2.085400e+01 2.074804e+01 2.036000e+01 2.064500e+01 2.085041e+01 2.074723e+01
2.037000e+01 2.063500e+01 2.085750e+01 2.074898e+01 2.036500e+01 2.064000e+01 2.085400e+01 2.074804e+01
2.072500e+01 2.064000e+01 2.097369e+01 2.093587e+01 2.072000e+01 2.064500e+01 2.098403e+01 2.092819e+01
2.073000e+01 2.063500e+01 2.096245e+01 2.094334e+01 2.072500e+01 2.064000e+01 2.097369e+01 2.093587e+01
2.088000e+01 2.063500e+01 2.065995e+01 2.095176e+01 2.088500e+01 2.064000e+01 2.064853e+01 2.094487e+01
2.088500e+01 2.064000e+01 2.064853e+01 2.094487e+01 2.089500e+01 2.064000e+01 2.063592e+01 2.093634e+01
2.089500e+01 2.064000e+01 2.063592e+01 2.093634e+01 2.090000e+01 2.064500e+01 2.062624e+01 2.092898e+01
2.125000e+01 2.063500e+01 2.076261e+01 2.075568e+01 2.125000e+01 2.064500e+01 2.076026e+01 2.075635e+01
2.036000e+01 2.064500e+01 2.085041e+01 2.074723e+01 2.036000e+01 2.065500e+01 2.085252e+01 2.074778e+01
2.071500e+01 2.065000e+01 2.099448e+01 2.091964e+01 2.071000e+01 2.065500e+01 2.100392e+01 2.091108e+01
2.072000e+01 2.064500e+01 2.098403e+01 2.092819e+01 2.071500e+01 2.065000e+01 2.099448e+01 2.091964e+01
2.090000e+01 2.064500e+01 2.062624e+01 2.092898e+01 2.090500e+01 2.065000e+01 2.061648e+01 2.092079e+01
2.090500e+01 2.065000e+01 2.061648e+01 2.092079e+01 2.091000e+01 2.065500e+01 2.060770e+01 2.091262e+01
2.125000e+01 2.064500e+01 2.076026e+01 2.075635e+01 2.125000e+01 2.065500e+01 2.075808e+01 2.075687e+01
2.036000e+01 2.065500e+01 2.085252e+01 2.074778e+01 2.036000e+01 2.066500e+01 2.085445e+01 2.074822e+01
2.070500e+01 2.066000e+01 2.101326e+01 2.090172e+01 2.070000e+01 2.066500e+01 2.102153e+01 2.089254e+01
2.071000e+01 2.065500e+01 2.100392e+01 2.091108e+01 2.070500e+01 2.066000e+01 2.101326e+01 2.090172e+01
2.091000e+01 2.065500e+01 2.060770e+01 2.091262e+01 2.091500e+01 2.066000e+01 2.059903e+01 2.090369e+01
2.091500e+01 2.066000e+01 2.059903e+01 2.090369e+01 2.092000e+01 2.066500e+01 2.059138e+01 2.089495e+01
2.125000e+01 2.065500e+01 2.075808e+01 2.075687e+01 2.125000e+01 2.066500e+01 2.075608e+01 2.075728e+01
2.036000e+01 2.066500e+01 2.085445e+01 2.074822e+01 2.036000e+01 2.067500e+01 2.085618e+01 2.074856e+01
2.069500e+01 2.067000e+01 2.102954e+01 2.088271e+01 2.069000e+01 2.067500e+01 2.103648e+01 2.087323e+01
2.070000e+01 2.066500e+01 2.102153e+01 2.089254e+01 2.069500e+01 2.067000e+01 2.102954e+01 2.088271e+01
2.092000e+01 2.066500e+01 2.059138e+01 2.089495e+01 2.092000e+01 2.067500e+01 2.058318e+01 2.088442e+01
2.125000e+01 2.066500e+01 2.075608e+01 2.075728e+01 2.125000e+01 2.067500e+01 2.075429e+01 2.075757e+01
2.036000e+01 2.067500e+01 2.085618e+01 2.074856e+01 2.036000e+01 2.068500e+01 2.085772e+01 2.074881e+01
2.069000e+01 2.067500e+01 2.103648e+01 2.087323e+01 2.069000e+01 2.068500e+01 2.104434e+01 2.086113e+01
2.092000e+01 2.067500e+01 2.058318e+01 2.088442e+01 2.092500e+01 2.068000e+01 2.057617e+01 2.087449e+01
2.092500e+01 2.068000e+01 2.057617e+01 2.087449e+01 2.093000e+01 2.068500e+01 2.057019e+01 2.086500e+01
2.125000e+01 2.067500e+01 2.075429e+01 2.075757e+01 2.125000e+01 2.068500e+01 2.075269e+01 2.075775e+01
2.036000e+01 2.068500e+01 2.085772e+01 2.074881e+01 2.036000e+01 2.069500e+01 2.085905e+01 2.074898e+01
2.068500e+01 2.069000e+01 2.105034e+01 2.085077e+01 2.068000e+01 2.069500e+01 2.105536e+01 2.084097e+01
2.069000e+01 2.068500e+01 2.104434e+01 2.086113e+01 2.068500e+01 2.069000e+01 2.105034e+01 2.085077e+01
2.093000e+01 2.068500e+01 2.057019e+01 2.086500e+01 2.093500e+01 2.069000e+01 2.056471e+01 2.085512e+01
2.093500e+01 2.069000e+01 2.056471e+01 2.085512e+01 2.094000e+01 2.069500e+01 2.056015e+01 2.084578e+01
2.125000e+01 2.068500e+01 2.075269e+01 2.075775e+01 2.125500e+01 2.069000e+01 2.075686e+01 2.075710e+01
2.125500e+01 2.069000e+01 2.075686e+01 2.075710e+01 2.126000e+01 2.069500e+01 2.076110e+01 2.075657e+01
2.036000e+01 2.069500e+01 2.085905e+01 2.074898e+01 2.036000e+01 2.070500e+01 2.086017e+01 2.074908e+01
2.068000e+01 2.069500e+01 2.105536e+01 2.084097e+01 2.068000e+01 2.070500e+01 2.106144e+01 2.082705e+01
2.094000e+01 2.069500e+01 2.056015e+01 2.084578e+01 2.094000e+01 2.070500e+01 2.055442e+01 2.083241e+01
2.126000e+01 2.069500e+01 2.076110e+01 2.075657e+01 2.126000e+01 2.070500e+01 2.075996e+01 2.075679e+01
2.036000e+01 2.070500e+01 2.086017e+01 2.074908e+01 2.036000e+01 2.071500e+01 2.086109e+01 2.074913e+01
2.067500e+01 2.071000e+01 2.106520e+01 2.081700e+01 2.067000e+01 2.071500e+01 2.106814e+01 2.080761e+01
2.068000e+01 2.070500e+01 2.106144e+01 2.082705e+01 2.067500e+01 2.071000e+01 2.106520e+01 2.081700e+01
2.094000e+01 2.070500e+01 2.055442e+01 2.083241e+01 2.094000e+01 2.071500e+01 2.054956e+01 2.081803e+01
2.126000e+01 2.070500e+01 2.075996e+01 2.075679e+01 2.126000e+01 2.071500e+01 2.075902e+01 2.075694e+01
2.036000e+01 2.071500e+01 2.086109e+01 2.074913e+01 2.036000e+01 2.072500e+01 2.086179e+01 2.074913e+01
2.067000e+01 2.071500e+01 2.106814e+01 2.080761e+01 2.067000e+01 2.072500e+01 2.107197e+01 2.079289e+01
2.094000e+01 2.071500e+01 2.054956e+01 2.081803e+01 2.094500e+01 2.072000e+01 2.054686e+01 2.080847e+01
2.094500e+01 2.072000e+01 2.054686e+01 2.080847e+01 2.095000e+01 2.072500e+01 2.054488e+01 2.079957e+01
2.126000e+01 2.071500e+01 2.075902e+01 2.075694e+01 2.126000e+01 2.072500e+01 2.075829e+01 2.075704e+01
2.036000e+01 2.072500e+01 2.086179e+01 2.074913e+01 2.036000e+01 2.073500e+01 2.086228e+01 2.074911e+01
2.067000e+01 2.072500e+01 2.107197e+01 2.079289e+01 2.067000e+01 2.073500e+01 2.107472e+01 2.077761e+01
2.095000e+01 2.072500e+01 2.054488e+01 2.079957e+01 2.095000e+01 2.073500e+01 2.054234e+01 2.078473e+01
2.126000e+01 2.072500e+01 2.075829e+01 2.075704e+01 2.126000e+01 2.073500e+01 2.075778e+01 2.075710e+01
2.036000e+01 2.073500e+01 2.086228e+01 2.074911e+01 2.036000e+01 2.074500e+01 2.086254e+01 2.074906e+01
2.067000e+01 2.073500e+01 2.107472e+01 2.077761e+01 2.067000e+01 2.074500e+01 2.107635e+01 2.076196e+01
2.095000e+01 2.073500e+01 2.054234e+01 2.078473e+01 2.095000e+01 2.074500e+01 2.054089e+01 2.076949e+01
2.126000e+01 2.073500e+01 2.075778e+01 2.075710e+01 2.126000e+01 2.074500e+01 2.075748e+01 2.075713e+01
2.036000e+01 2.074500e+01 2.086254e+01 2.074906e+01 2.036000e+01 2.075500e+01 2.086259e+01 2.074902e+01
2.067000e+01 2.074500e+01 2.107635e+01 2.076196e+01 2.067000e+01 2.075500e+01 2.107678e+01 2.074618e+01
2.095000e+01 2.074500e+01 2.054089e+01 2.076949e+01 2.095000e+01 2.075500e+01 2.054060e+01 2.075403e+01
2.126000e+01 2.074500e+01 2.075748e+01 2.075713e+01 2.126000e+01 2.075500e+01 2.075739e+01 2.075715e+01
2.036000e+01 2.075500e+01 2.086259e+01 2.074902e+01 2.036000e+01 2.076500e+01 2.086243e+01 2.074898e+01
2.067000e+01 2.075500e+01 2.107678e+01 2.074618e+01 2.067000e+01 2.076500e+01 2.107603e+01 2.073047e+01
2.095000e+01 2.075500e+01 2.054060e+01 2.075403e+01 2.095000e+01 2.076500e+01 2.054147e+01 2.073858e+01
2.126000e+01 2.075500e+01 2.075739e+01 2.075715e+01 2.126000e+01 2.076500e+01 2.075752e+01 2.075716e+01
2.036000e+01 2.076500e+01 2.086243e+01 2.074898e+01 2.036000e+01 2.077500e+01 2.086204e+01 2.074896e+01
2.067000e+01 2.076500e+01 2.107603e+01 2.073047e+01 2.067000e+01 2.077500e+01 2.107412e+01 2.071506e+01
2.095000e+01 2.076500e+01 2.054147e+01 2.073858e+01 2.095000e+01 2.077500e+01 2.054349e+01 2.072335e+01
2.126000e+01 2.076500e+01 2.075752e+01 2.075716e+01 2.126000e+01 2.077500e+01 2.075787e+01 2.075717e+01
2.036000e+01 2.077500e+01 2.086204e+01 2.074896e+01 2.036000e+01 2.078500e+01 2.086144e+01 2.074898e+01
2.067000e+01 2.077500e+01 2.107412e+01 2.071506e+01 2.067000e+01 2.078500e+01 2.107111e+01 2.070016e+01
2.095000e+01 2.077500e+01 2.054349e+01 2.072335e+01 2.095000e+01 2.078500e+01 2.054659e+01 2.070854e+01
2.126000e+01 2.077500e+01 2.075787e+01 2.075717e+01 2.126000e+01 2.078500e+01 2.075843e+01 2.075722e+01
2.036000e+01 2.078500e+01 2.086144e+01 2.074898e+01 2.036000e+01 2.079500e+01 2.086062e+01 2.074904e+01
2.067000e+01 2.078500e+01 2.107111e+01 2.070016e+01 2.067500e+01 2.079000e+01 2.106870e+01 2.069105e+01
2.067500e+01 2.079000e+01 2.106870e+01 2.069105e+01 2.068000e+01 2.079500e+01 2.106553e+01 2.068127e+01
2.094500e+01 2.079000e+01 2.054894e+01 2.069938e+01 2.094000e+01 2.079500e+01 2.055205e+01 2.068955e+01
2.095000e+01 2.078500e+01 2.054659e+01 2.070854e+01 2.094500e+01 2.079000e+01 2.054894e+01 2.069938e+01
2.126000e+01 2.078500e+01 2.075843e+01 2.075722e+01 2.126000e+01 2.079500e+01 2.075921e+01 2.075729e+01
2.036000e+01 2.079500e+01 2.086062e+01 2.074904e+01 2.036000e+01 2.080500e+01 2.085960e+01 2.074916e+01
2.068000e+01 2.079500e+01 2.106553e+01 2.068127e+01 2.068000e+01 2.080500e+01 2.106021e+01 2.066702e+01
2.094000e+01 2.079500e+01 2.055205e+01 2.068955e+01 2.094000e+01 2.080500e+01 2.055748e+01 2.067523e+01
2.126000e+01 2.079500e+01 2.075921e+01 2.075729e+01 2.126000e+01 2.080500e+01 2.076019e+01 2.075741e+01
2.036000e+01 2.080500e+01 2.085960e+01 2.074916e+01 2.036000e+01 2.081500e+01 2.085836e+01 2.074935e+01
2.068000e+01 2.080500e+01 2.106021e+01 2.066702e+01 2.068000e+01 2.081500e+01 2.105409e+01 2.065388e+01
2.093500e+01 2.081000e+01 2.056191e+01 2.066546e+01 2.093000e+01 2.081500e+01 2.056727e+01 2.065507e+01
2.094000e+01 2.080500e+01 2.055748e+01 2.067523e+01 2.093500e+01 2.081000e+01 2.056191e+01 2.066546e+01
2.126000e+01 2.080500e+01 2.076019e+01 2.075741e+01 2.126000e+01 2.081500e+01 2.076139e+01 2.075759e+01
2.036000e+01 2.081500e+01 2.085836e+01 2.074935e+01 2.036000e+01 2.082500e+01 2.085693e+01 2.074963e+01
2.068000e+01 2.081500e+01 2.105409e+01 2.065388e+01 2.068500e+01 2.082000e+01 2.104910e+01 2.064451e+01
2.068500e+01 2.082000e+01 2.104910e+01 2.064451e+01 2.069000e+01 2.082500e+01 2.104315e+01 2.063463e+01
2.093000e+01 2.081500e+01 2.056727e+01 2.065507e+01 2.093000e+01 2.082500e+01 2.057467e+01 2.064229e+01
2.126000e+01 2.081500e+01 2.076139e+01 2.075759e+01 2.126000e+01 2.082500e+01 2.076279e+01 2.075785e+01
2.036000e+01 2.082500e+01 2.085693e+01 2.074963e+01 2.036500e+01 2.083000e+01 2.086098e+01 2.074900e+01
2.036500e+01 2.083000e+01 2.086098e+01 2.074900e+01 2.037000e+01 2.083500e+01 2.086495e+01 2.074824e+01
2.069000e+01 2.082500e+01 2.104315e+01 2.063463e+01 2.069500e+01 2.083000e+01 2.103675e+01 2.062521e+01
2.069500e+01 2.083000e+01 2.103675e+01 2.062521e+01 2.070000e+01 2.083500e+01 2.102930e+01 2.061538e+01
2.092500e+01 2.083000e+01 2.058110e+01 2.063261e+01 2.092000e+01 2.083500e+01 2.058859e+01 2.062251e+01
2.093000e+01 2.082500e+01 2.057467e+01 2.064229e+01 2.092500e+01 2.083000e+01 2.058110e+01 2.063261e+01
2.126000e+01 2.082500e+01 2.076279e+01 2.075785e+01 2.126000e+01 2.083500e+01 2.076438e+01 2.075818e+01
2.037000e+01 2.083500e+01 2.086495e+01 2.074824e+01 2.037000e+01 2.084500e+01 2.086306e+01 2.074851e+01
2.070000e+01 2.083500e+01 2.102930e+01 2.061538e+01 2.070000e+01 2.084500e+01 2.102092e+01 2.060536e+01
2.091500e+01 2.084000e+01 2.059642e+01 2.061300e+01 2.091000e+01 2.084500e+01 2.060536e+01 2.060322e+01
2.092000e+01 2.083500e+01 2.058859e+01 2.062251e+01 2.091500e+01 2.084000e+01 2.059642e+01 2.061300e+01
2.126000e+01 2.083500e+01 2.076438e+01 2.075818e+01 2.126000e+01 2.084500e+01 2.076617e+01 2.075861e+01
2.037000e+01 2.084500e+01 2.086306e+01 2.074851e+01 2.037000e+01 2.085500e+01 2.086098e+01 2.074892e+01
2.070000e+01 2.084500e+01 2.102092e+01 2.060536e+01 2.070500e+01 2.085000e+01 2.101293e+01 2.059682e+01
2.070500e+01 2.085000e+01 2.101293e+01 2.059682e+01 2.071000e+01 2.085500e+01 2.100394e+01 2.058815e+01
2.090500e+01 2.085000e+01 2.061447e+01 2.059419e+01 2.090000e+01 2.085500e+01 2.062466e+01 2.058509e+01
2.091000e+01 2.084500e+01 2.060536e+01 2.060322e+01 2.090500e+01 2.085000e+01 2.061447e+01 2.059419e+01
2.125500e+01 2.085000e+01 2.076235e+01 2.075788e+01 2.125000e+01 2.085500e+01 2.075862e+01 2.075703e+01
2.126000e+01 2.084500e+01 2.076617e+01 2.075861e+01 2.125500e+01 2.085000e+01 2.076235e+01 2.075788e+01
2.037000e+01 2.085500e+01 2.086098e+01 2.074892e+01 2.037000e+01 2.086500e+01 2.085871e+01 2.074945e+01
2.071000e+01 2.085500e+01 2.100394e+01 2.058815e+01 2.071500e+01 2.086000e+01 2.099490e+01 2.058026e+01
2.071500e+01 2.086000e+01 2.099490e+01 2.058026e+01 2.072000e+01 2.086500e+01 2.098491e+01 2.057242e+01
2.089500e+01 2.086000e+01 2.063482e+01 2.057685e+01 2.089000e+01 2.086500e+01 2.064596e+01 2.056875e+01
2.090000e+01 2.085500e+01 2.062466e+01 2.058509e+01 2.089500e+01 2.086000e+01 2.063482e+01 2.057685e+01
2.125000e+01 2.085500e+01 2.075862e+01 2.075703e+01 2.125000e+01 2.086500e+01 2.076086e+01 2.075749e+01
2.037000e+01 2.086500e+01 2.085871e+01 2.074945e+01 2.037000e+01 2.087500e+01 2.085626e+01 2.075012e+01
2.072000e+01 2.086500e+01 2.098491e+01 2.057242e+01 2.072500e+01 2.087000e+01 2.097506e+01 2.056540e+01
2.072500e+01 2.087000e+01 2.097506e+01 2.056540e+01 2.073500e+01 2.087000e+01 2.096201e+01 2.055705e+01
2.073500e+01 2.087000e+01 2.096201e+01 2.055705e+01 2.074000e+01 2.087500e+01 2.095053e+01 2.055061e+01
2.088500e+01 2.087000e+01 2.065687e+01 2.056156e+01 2.088000e+01 2.087500e+01 2.066859e+01 2.055470e+01
2.089000e+01 2.086500e+01 2.064596e+01 2.056875e+01 2.088500e+01 2.087000e+01 2.065687e+01 2.056156e+01
2.125000e+01 2.086500e+01 2.076086e+01 2.075749e+01 2.125000e+01 2.087500e+01 2.076328e+01 2.075808e+01
2.037000e+01 2.087500e+01 2.085626e+01 2.075012e+01 2.037000e+01 2.088500e+01 2.085364e+01 2.075094e+01
2.074000e+01 2.087500e+01 2.095053e+01 2.055061e+01 2.074500e+01 2.088000e+01 2.093948e+01 2.054505e+01
2.074500e+01 2.088000e+01 2.093948e+01 2.054505e+01 2.075500e+01 2.088000e+01 2.092325e+01 2.053799e+01
2.075500e+01 2.088000e+01 2.092325e+01 2.053799e+01 2.076000e+01 2.088500e+01 2.091117e+01 2.053352e+01
2.085500e+01 2.088000e+01 2.071411e+01 2.053436e+01 2.085000e+01 2.088500e+01 2.072676e+01 2.053020e+01
2.085500e+01 2.088000e+01 2.071411e+01 2.053436e+01 2.086500e+01 2.088000e+01 2.069617e+01 2.054118e+01
2.086500e+01 2.088000e+01 2.069617e+01 2.054118e+01 2.087500e+01 2.088000e+01 2.067990e+01 2.054874e+01
2.088000e+01 2.087500e+01 2.066859e+01 2.055470e+01 2.087500e+01 2.088000e+01 2.067990e+01 2.054874e+01
2.125000e+01 2.087500e+01 2.076328e+01 2.075808e+01 2.125000e+01 2.088500e+01 2.076587e+01 2.075881e+01
2.037000e+01 2.088500e+01 2.085364e+01 2.075094e+01 2.037500e+01 2.089000e+01 2.085684e+01 2.075003e+01
2.037500e+01 2.089000e+01 2.085684e+01 2.075003e+01 2.038000e+01 2.089500e+01 2.085993e+01 2.074901e+01
2.076000e+01 2.088500e+01 2.091117e+01 2.053352e+01 2.076500e+01 2.089000e+01 2.089973e+01 2.052985e+01
2.076500e+01 2.089000e+01 2.089973e+01 2.052985e+01 2.077500e+01 2.089000e+01 2.088138e+01 2.052494e+01
2.077500e+01 2.089000e+01 2.088138e+01 2.052494e+01 2.078500e+01 2.089000e+01 2.086189e+01 2.052114e+01
2.078500e+01 2.089000e+01 2.086189e+01 2.052114e+01 2.079500e+01 2.089000e+01 2.084154e+01 2.051861e+01
2.079500e+01 2.089000e+01 2.084154e+01 2.051861e+01 2.080500e+01 2.089000e+01 2.082063e+01 2.051745e+01
2.080500e+01 2.089000e+01 2.082063e+01 2.051745e+01 2.081500e+01 2.089000e+01 2.079953e+01 2.051773e+01
2.081500e+01 2.089000e+01 2.079953e+01 2.051773e+01 2.082500e+01 2.089000e+01 2.077861e+01 2.051943e+01
2.082500e+01 2.089000e+01 2.077861e+01 2.051943e+01 2.083500e+01 2.089000e+01 2.075822e+01 2.052251e+01
2.083500e+01 2.089000e+01 2.075822e+01 2.052251e+01 2.084500e+01 2.089000e+01 2.073868e+01 2.052684e+01
2.085000e+01 2.088500e+01 2.072676e+01 2.053020e+01 2.084500e+01 2.089000e+01 2.073868e+01 2.052684e+01
2.125000e+01 2.088500e+01 2.076587e+01 2.075881e+01 2.125000e+01 2.089500e+01 2.076863e+01 2.075968e+01
2.038000e+01 2.089500e+01 2.085993e+01 2.074901e+01 2.038000e+01 2.090500e+01 2.085690e+01 2.074999e+01
2.124500e+01 2.090000e+01 2.076555e+01 2.075874e+01 2.124000e+01 2.090500e+01 2.076257e+01 2.075767e+01
2.125000e+01 2.089500e+01 2.076863e+01 2.075968e+01 2.124500e+01 2.090000e+01 2.076555e+01 2.075874e+01
2.038000e+01 2.090500e+01 2.085690e+01 2.074999e+01 2.038000e+01 2.091500e+01 2.085373e+01 2.075116e+01
2.124000e+01 2.090500e+01 2.076257e+01 2.075767e+01 2.124000e+01 2.091500e+01 2.076574e+01 2.075871e+01
2.038000e+01 2.091500e+01 2.085373e+01 2.075116e+01 2.038500e+01 2.092000e+01 2.085644e+01 2.075018e+01
2.038500e+01 2.092000e+01 2.085644e+01 2.075018e+01 2.039000e+01 2.092500e+01 2.085904e+01 2.074907e+01
2.124000e+01 2.091500e+01 2.076574e+01 2.075871e+01 2.124000e+01 2.092500e+01 2.076905e+01 2.075994e+01
2.039000e+01 2.092500e+01 2.085904e+01 2.074907e+01 2.039000e+01 2.093500e+01 2.085548e+01 2.075048e+01
2.124000e+01 2.092500e+01 2.076905e+01 2.075994e+01 2.124000e+01 2.093500e+01 2.077250e+01 2.076134e+01
2.039000e+01 2.093500e+01 2.085548e+01 2.075048e+01 2.039000e+01 2.094500e+01 2.085181e+01 2.075210e+01
2.123500e+01 2.094000e+01 2.077002e+01 2.076035e+01 2.123000e+01 2.094500e+01 2.076766e+01 2.075924e+01
2.124000e+01 2.093500e+01 2.077250e+01 2.076134e+01 2.123500e+01 2.094000e+01 2.077002e+01 2.076035e+01
2.039000e+01 2.094500e+01 2.085181e+01 2.075210e+01 2.039500e+01 2.095000e+01 2.085406e+01 2.075112e+01
2.039500e+01 2.095000e+01 2.085406e+01 2.075112e+01 2.040000e+01 2.095500e+01 2.085616e+01 2.075002e+01
2.123000e+01 2.094500e+01 2.076766e+01 2.075924e+01 2.123000e+01 2.095500e+01 2.077146e+01 2.076092e+01
2.040000e+01 2.095500e+01 2.085616e+01 2.075002e+01 2.040000e+01 2.096500e+01 2.085216e+01 2.075196e+01
2.123000e+01 2.095500e+01 2.077146e+01 2.076092e+01 2.123000e+01 2.096500e+01 2.077537e+01 2.076279e+01
2.040000e+01 2.096500e+01 2.085216e+01 2.075196e+01 2.040000e+01 2.097500e+01 2.084807e+01 2.075411e+01
2.122500e+01 2.097000e+01 2.077335e+01 2.076183e+01 2.122000e+01 2.097500e+01 2.077148e+01 2.076076e+01
2.123000e+01 2.096500e+01 2.077537e+01 2.076279e+01 2.122500e+01 2.097000e+01 2.077335e+01 2.076183e+01
2.040000e+01 2.097500e+01 2.084807e+01 2.075411e+01 2.040500e+01 2.098000e+01 2.084987e+01 2.075321e+01
2.040500e+01 2.098000e+01 2.084987e+01 2.075321e+01 2.041000e+01 2.098500e+01 2.085151e+01 2.075221e+01
2.122000e+01 2.097500e+01 2.077148e+01 2.076076e+01 2.122000e+01 2.098500e+01 2.077568e+01 2.076297e+01
2.041000e+01 2.098500e+01 2.085151e+01 2.075221e+01 2.041000e+01 2.099500e+01 2.084715e+01 2.075474e+01
2.122000e+01 2.098500e+01 2.077568e+01 2.076297e+01 2.122000e+01 2.099500e+01 2.077997e+01 2.076540e+01
2.041000e+01 2.099500e+01 2.084715e+01 2.075474e+01 2.041500e+01 2.100000e+01 2.084862e+01 2.075391e+01
2.041500e+01 2.100000e+01 2.084862e+01 2.075391e+01 2.042000e+01 2.100500e+01 2.084993e+01 2.075299e+01
2.121500e+01 2.100000e+01 2.077838e+01 2.076454e+01 2.121000e+01 2.100500e+01 2.077695e+01 2.076360e+01
2.122000e+01 2.099500e+01 2.077997e+01 2.076540e+01 2.121500e+01 2.100000e+01 2.077838e+01 2.076454e+01
2.042000e+01 2.100500e+01 2.084993e+01 2.075299e+01 2.042000e+01 2.101500e+01 2.084535e+01 2.075593e+01
2.121000e+01 2.100500e+01 2.077695e+01 2.076360e+01 2.121000e+01 2.101500e+01 2.078147e+01 2.076641e+01
2.042000e+01 2.101500e+01 2.084535e+01 2.075593e+01 2.042500e+01 2.102000e+01 2.084651e+01 2.075520e+01
2.042500e+01 2.102000e+01 2.084651e+01 2.075520e+01 2.043000e+01 2.102500e+01 2.084750e+01 2.075441e+01
2.120500e+01 2.102000e+01 2.078020e+01 2.076564e+01 2.120000e+01 2.102500e+01 2.077910e+01 2.076480e+01
2.121000e+01 2.101500e+01 2.078147e+01 2.076641e+01 2.120500e+01 2.102000e+01 2.078020e+01 2.076564e+01
2.043000e+01 2.102500e+01 2.084750e+01 2.075441e+01 2.043000e+01 2.103500e+01 2.084274e+01 2.075779e+01
2.120000e+01 2.102500e+01 2.077910e+01 2.076480e+01 2.120000e+01 2.103500e+01 2.078381e+01 2.076802e+01
2.043000e+01 2.103500e+01 2.084274e+01 2.075779e+01 2.043500e+01 2.104000e+01 2.084361e+01 2.075721e+01
2.043500e+01 2.104000e+01 2.084361e+01 2.075721e+01 2.044000e+01 2.104500e+01 2.084431e+01 2.075657e+01
2.119500e+01 2.104000e+01 2.078284e+01 2.076738e+01 2.119000e+01 2.104500e+01 2.078204e+01 2.076667e+01
2.120000e+01 2.103500e+01 2.078381e+01 2.076802e+01 2.119500e+01 2.104000e+01 2.078284e+01 2.076738e+01
2.044000e+01 2.104500e+01 2.084431e+01 2.075657e+01 2.044000e+01 2.105500e+01 2.083943e+01 2.076041e+01
2.119000e+01 2.104500e+01 2.078204e+01 2.076667e+01 2.119000e+01 2.105500e+01 2.078690e+01 2.077034e+01
2.044000e+01 2.105500e+01 2.083943e+01 2.076041e+01 2.044500e+01 2.106000e+01 2.084003e+01 2.076001e+01
2.044500e+01 2.106000e+01 2.084003e+01 2.076001e+01 2.045000e+01 2.106500e+01 2.084047e+01 2.075956e+01
2.118500e+01 2.106000e+01 2.078620e+01 2.076986e+01 2.118000e+01 2.106500e+01 2.078567e+01 2.076932e+01
2.119000e+01 2.105500e+01 2.078690e+01 2.077034e+01 2.118500e+01 2.106000e+01 2.078620e+01 2.076986e+01
2.045000e+01 2.106500e+01 2.084047e+01 2.075956e+01 2.045000e+01 2.107500e+01 2.083551e+01 2.076388e+01
2.118000e+01 2.106500e+01 2.078567e+01 2.076932e+01 2.118000e+01 2.107500e+01 2.079063e+01 2.077345e+01
2.045000e+01 2.107500e+01 2.083551e+01 2.076388e+01 2.045500e+01 2.108000e+01 2.083588e+01 2.076369e+01
2.045500e+01 2.108000e+01 2.083588e+01 2.076369e+01 2.046000e+01 2.108500e+01 2.083609e+01 2.076346e+01
2.117500e+01 2.108000e+01 2.079018e+01 2.077315e+01 2.117000e+01 2.108500e+01 2.078989e+01 2.077282e+01
2.118000e+01 2.107500e+01 2.079063e+01 2.077345e+01 2.117500e+01 2.108000e+01 2.079018e+01 2.077315e+01
2.046000e+01 2.108500e+01 2.083609e+01 2.076346e+01 2.046500e+01 2.109000e+01 2.083628e+01 2.076337e+01
2.046500e+01 2.109000e+01 2.083628e+01 2.076337e+01 2.047000e+01 2.109500e+01 2.083630e+01 2.076326e+01
2.116500e+01 2.109000e+01 2.078963e+01 2.077262e+01 2.116000e+01 2.109500e+01 2.078954e+01 2.077239e+01
2.117000e+01 2.108500e+01 2.078989e+01 2.077282e+01 2.116500e+01 2.109000e+01 2.078963e+01 2.077262e+01
2.047000e+01 2.109500e+01 2.083630e+01 2.076326e+01 2.047500e+01 2.110000e+01 2.083632e+01 2.076328e+01
2.047500e+01 2.110000e+01 2.083632e+01 2.076328e+01 2.048000e+01 2.110500e+01 2.083617e+01 2.076329e+01
2.116000e+01 2.109500e+01 2.078954e+01 2.077239e+01 2.116000e+01 2.110500e+01 2.079459e+01 2.077725e+01
2.048000e+01 2.110500e+01 2.083617e+01 2.076329e+01 2.048000e+01 2.111500e+01 2.083114e+01 2.076863e+01
2.115500e+01 2.111000e+01 2.079453e+01 2.077728e+01 2.115000e+01 2.111500e+01 2.079462e+01 2.077730e+01
2.116000e+01 2.110500e+01 2.079459e+01 2.077725e+01 2.115500e+01 2.111000e+01 2.079453e+01 2.077728e+01
2.048000e+01 2.111500e+01 2.083114e+01 2.076863e+01 2.048500e+01 2.112000e+01 2.083099e+01 2.076891e+01
2.048500e+01 2.112000e+01 2.083099e+01 2.076891e+01 2.049000e+01 2.112500e+01 2.083069e+01 2.076921e+01
2.114500e+01 2.112000e+01 2.079472e+01 2.077745e+01 2.114000e+01 2.112500e+01 2.079497e+01 2.077761e+01
2.115000e+01 2.111500e+01 2.079462e+01 2.077730e+01 2.114500e+01 2.112000e+01 2.079472e+01 2.077745e+01
2.049000e+01 2.112500e+01 2.083069e+01 2.076921e+01 2.049500e+01 2.113000e+01 2.083040e+01 2.076964e+01
2.049500e+01 2.113000e+01 2.083040e+01 2.076964e+01 2.050000e+01 2.113500e+01 2.082997e+01 2.077009e+01
2.114000e+01 2.112500e+01 2.079497e+01 2.077761e+01 2.114000e+01 2.113500e+01 2.079999e+01 2.078321e+01
2.050000e+01 2.113500e+01 2.082997e+01 2.077009e+01 2.050500e+01 2.114000e+01 2.082955e+01 2.077067e+01
2.050500e+01 2.114000e+01 2.082955e+01 2.077067e+01 2.051000e+01 2.114500e+01 2.082899e+01 2.077129e+01
2.113500e+01 2.114000e+01 2.080022e+01 2.078363e+01 2.113000e+01 2.114500e+01 2.080061e+01 2.078407e+01
2.114000e+01 2.113500e+01 2.079999e+01 2.078321e+01 2.113500e+01 2.114000e+01 2.080022e+01 2.078363e+01
2.051000e+01 2.114500e+01 2.082899e+01 2.077129e+01 2.051500e+01 2.115000e+01 2.082846e+01 2.077204e+01
2.051500e+01 2.115000e+01 2.082846e+01 2.077204e+01 2.052000e+01 2.115500e+01 2.082779e+01 2.077283e+01
2.112500e+01 2.115000e+01 2.080097e+01 2.078465e+01 2.112000e+01 2.115500e+01 2.080148e+01 2.078524e+01
2.113000e+01 2.114500e+01 2.080061e+01 2.078407e+01 2.112500e+01 2.115000e+01 2.080097e+01 2.078465e+01
2.052000e+01 2.115500e+01 2.082779e+01 2.077283e+01 2.052500e+01 2.116000e+01 2.082716e+01 2.077375e+01
2.052500e+01 2.116000e+01 2.082716e+01 2.077375e+01 2.053000e+01 2.116500e+01 2.082639e+01 2.077472e+01
2.111500e+01 2.116000e+01 2.080196e+01 2.078598e+01 2.111000e+01 2.116500e+01 2.080257e+01 2.078674e+01
2.112000e+01 2.115500e+01 2.080148e+01 2.078524e+01 2.111500e+01 2.116000e+01 2.080196e+01 2.078598e+01
2.053000e+01 2.116500e+01 2.082639e+01 2.077472e+01 2.053500e+01 2.117000e+01 2.082568e+01 2.077583e+01
2.053500e+01 2.117000e+01 2.082568e+01 2.077583e+01 2.054000e+01 2.117500e+01 2.082484e+01 2.077699e+01
2.110500e+01 2.117000e+01 2.080315e+01 2.078764e+01 2.110000e+01 2.117500e+01 2.080386e+01 2.078859e+01
2.111000e+01 2.116500e+01 2.080257e+01 2.078674e+01 2.110500e+01 2.117000e+01 2.080315e+01 2.078764e+01
2.054000e+01 2.117500e+01 2.082484e+01 2.077699e+01 2.054500e+01 2.118000e+01 2.082405e+01 2.077828e+01
2.054500e+01 2.118000e+01 2.082405e+01 2.077828e+01 2.055000e+01 2.118500e+01 2.082315e+01 2.077963e+01
2.109500e+01 2.118000e+01 2.080452e+01 2.078966e+01 2.109000e+01 2.118500e+01 2.080531e+01 2.079079e+01
2.110000e+01 2.117500e+01 2.080386e+01 2.078859e+01 2.109500e+01 2.118000e+01 2.080452e+01 2.078966e+01
2.055000e+01 2.118500e+01 2.082315e+01 2.077963e+01 2.055500e+01 2.119000e+01 2.082232e+01 2.078112e+01
2.055500e+01 2.119000e+01 2.082232e+01 2.078112e+01 2.056000e+01 2.119500e+01 2.082137e+01 2.078267e+01
2.108500e+01 2.119000e+01 2.080604e+01 2.079205e+01 2.108000e+01 2.119500e+01 2.080689e+01 2.079337e+01
2.109000e+01 2.118500e+01 2.080531e+01 2.079079e+01 2.108500e+01 2.119000e+01 2.080604e+01 2.079205e+01
2.056000e+01 2.119500e+01 2.082137e+01 2.078267e+01 2.056500e+01 2.120000e+01 2.082050e+01 2.078435e+01
2.056500e+01 2.120000e+01 2.082050e+01 2.078435e+01 2.057500e+01 2.120000e+01 2.082281e+01 2.078008e+01
2.057500e+01 2.120000e+01 2.082281e+01 2.078008e+01 2.058000e+01 2.120500e+01 2.082174e+01 2.078192e+01
2.106500e+01 2.120000e+01 2.080500e+01 2.079035e+01 2.106000e+01 2.120500e+01 2.080600e+01 2.079193e+01
2.106500e+01 2.120000e+01 2.080500e+01 2.079035e+01 2.107500e+01 2.120000e+01 2.080768e+01 2.079481e+01
2.108000e+01 2.119500e+01 2.080689e+01 2.079337e+01 2.107500e+01 2.120000e+01 2.080768e+01 2.079481e+01
2.058000e+01 2.120500e+01 2.082174e+01 2.078192e+01 2.058500e+01 2.121000e+01 2.082075e+01 2.078388e+01
2.058500e+01 2.121000e+01 2.082075e+01 2.078388e+01 2.059000e+01 2.121500e+01 2.081968e+01 2.078592e+01
2.105500e+01 2.121000e+01 2.080693e+01 2.079364e+01 2.105000e+01 2.121500e+01 2.080795e+01 2.079543e+01
2.106000e+01 2.120500e+01 2.080600e+01 2.079193e+01 2.105500e+01 2.121000e+01 2.080693e+01 2.079364e+01
2.059000e+01 2.121500e+01 2.081968e+01 2.078592e+01 2.059500e+01 2.122000e+01 2.081869e+01 2.078808e+01
2.059500e+01 2.122000e+01 2.081869e+01 2.078808e+01 2.060000e+01 2.122500e+01 2.081763e+01 2.079034e+01
2.103500e+01 2.122000e+01 2.080685e+01 2.079324e+01 2.103000e+01 2.122500e+01 2.080795e+01 2.079532e+01
2.103500e+01 2.122000e+01 2.080685e+01 2.079324e+01 2.104500e+01 2.122000e+01 2.080889e+01 2.079733e+01
2.105000e+01 2.121500e+01 2.080795e+01 2.079543e+01 2.104500e+01 2.122000e+01 2.080889e+01 2.079733e+01
2.060000e+01 2.122500e+01 2.081763e+01 2.079034e+01 2.060500e+01 2.123000e+01 2.081666e+01 2.079270e+01
2.060500e+01 2.123000e+01 2.081666e+01 2.079270e+01 2.061500e+01 2.123000e+01 2.081825e+01 2.078904e+01
2.061500e+01 2.123000e+01 2.081825e+01 2.078904e+01 2.062000e+01 2.123500e+01 2.081715e+01 2.079160e+01
2.102500e+01 2.123000e+01 2.080897e+01 2.079751e+01 2.102000e+01 2.123500e+01 2.081006e+01 2.079980e+01
2.103000e+01 2.122500e+01 2.080795e+01 2.079532e+01 2.102500e+01 2.123000e+01 2.080897e+01 2.079751e+01
2.062000e+01 2.123500e+01 2.081715e+01 2.079160e+01 2.062500e+01 2.124000e+01 2.081615e+01 2.079426e+01
2.062500e+01 2.124000e+01 2.081615e+01 2.079426e+01 2.063500e+01 2.124000e+01 2.081741e+01 2.079091e+01
2.063500e+01 2.124000e+01 2.081741e+01 2.079091e+01 2.064000e+01 2.124500e+01 2.081632e+01 2.079378e+01
2.100500e+01 2.124000e+01 2.080952e+01 2.079856e+01 2.100000e+01 2.124500e+01 2.081063e+01 2.080116e+01
2.100500e+01 2.124000e+01 2.080952e+01 2.079856e+01 2.101500e+01 2.124000e+01 2.081105e+01 2.080220e+01
2.102000e+01 2.123500e+01 2.081006e+01 2.079980e+01 2.101500e+01 2.124000e+01 2.081105e+01 2.080220e+01
2.064000e+01 2.124500e+01 2.081632e+01 2.079378e+01 2.064500e+01 2.125000e+01 2.081534e+01 2.079675e+01
2.064500e+01 2.125000e+01 2.081534e+01 2.079675e+01 2.065500e+01 2.125000e+01 2.081632e+01 2.079374e+01
2.065500e+01 2.125000e+01 2.081632e+01 2.079374e+01 2.066000e+01 2.125500e+01 2.081528e+01 2.079693e+01
2.098500e+01 2.125000e+01 2.081041e+01 2.080054e+01 2.098000e+01 2.125500e+01 2.081149e+01 2.080345e+01
2.098500e+01 2.125000e+01 2.081041e+01 2.080054e+01 2.099500e+01 2.125000e+01 2.081163e+01 2.080386e+01
2.100000e+01 2.124500e+01 2.081063e+01 2.080116e+01 2.099500e+01 2.125000e+01 2.081163e+01 2.080386e+01
2.066000e+01 2.125500e+01 2.081528e+01 2.079693e+01 2.066500e+01 2.126000e+01 2.081435e+01 2.080020e+01
2.066500e+01 2.126000e+01 2.081435e+01 2.080020e+01 2.067500e+01 2.126000e+01 2.081510e+01 2.079755e+01
2.067500e+01 2.126000e+01 2.081510e+01 2.079755e+01 2.068000e+01 2.126500e+01 2.081415e+01 2.080105e+01
2.096500e+01 2.126000e+01 2.081149e+01 2.080348e+01 2.096000e+01 2.126500e+01 2.081252e+01 2.080671e+01
2.096500e+01 2.126000e+01 2.081149e+01 2.080348e+01 2.097500e+01 2.126000e+01 2.081247e+01 2.080646e+01
2.098000e+01 2.125500e+01 2.081149e+01 2.080345e+01 2.097500e+01 2.126000e+01 2.081247e+01 2.080646e+01
2.068000e+01 2.126500e+01 2.081415e+01 2.080105e+01 2.068500e+01 2.127000e+01 2.081331e+01 2.080462e+01
2.068500e+01 2.127000e+01 2.081331e+01 2.080462e+01 2.069500e+01 2.127000e+01 2.081390e+01 2.080235e+01
2.069500e+01 2.127000e+01 2.081390e+01 2.080235e+01 2.070500e+01 2.127000e+01 2.081435e+01 2.080025e+01
2.070500e+01 2.127000e+01 2.081435e+01 2.080025e+01 2.071000e+01 2.127500e+01 2.081354e+01 2.080416e+01
2.093500e+01 2.127000e+01 2.081203e+01 2.080493e+01 2.093000e+01 2.127500e+01 2.081294e+01 2.080859e+01
2.093500e+01 2.127000e+01 2.081203e+01 2.080493e+01 2.094500e+01 2.127000e+01 2.081265e+01 2.080740e+01
2.094500e+01 2.127000e+01 2.081265e+01 2.080740e+01 2.095500e+01 2.127000e+01 2.081343e+01 2.081002e+01
2.096000e+01 2.126500e+01 2.081252e+01 2.080671e+01 2.095500e+01 2.127000e+01 2.081343e+01 2.081002e+01
2.071000e+01 2.127500e+01 2.081354e+01 2.080416e+01 2.071500e+01 2.128000e+01 2.081284e+01 2.080814e+01
2.071500e+01 2.128000e+01 2.081284e+01 2.080814e+01 2.072500e+01 2.128000e+01 2.081320e+01 2.080643e+01
2.072500e+01 2.128000e+01 2.081320e+01 2.080643e+01 2.073500e+01 2.128000e+01 2.081346e+01 2.080489e+01
2.073500e+01 2.128000e+01 2.081346e+01 2.080489e+01 2.074500e+01 2.128000e+01 2.081362e+01 2.080354e+01
2.074500e+01 2.128000e+01 2.081362e+01 2.080354e+01 2.075500e+01 2.128000e+01 2.081369e+01 2.080237e+01
2.075500e+01 2.128000e+01 2.081369e+01 2.080237e+01 2.076000e+01 2.128500e+01 2.081320e+01 2.080691e+01
2.088500e+01 2.128000e+01 2.081240e+01 2.080503e+01 2.088000e+01 2.128500e+01 2.081305e+01 2.080932e+01
2.088500e+01 2.128000e+01 2.081240e+01 2.080503e+01 2.089500e+01 2.128000e+01 2.081258e+01 2.080658e+01
2.089500e+01 2.128000e+01 2.081258e+01 2.080658e+01 2.090500e+01 2.128000e+01 2.081285e+01 2.080832e+01
2.090500e+01 2.128000e+01 2.081285e+01 2.080832e+01 2.091500e+01 2.128000e+01 2.081324e+01 2.081023e+01
2.091500e+01 2.128000e+01 2.081324e+01 2.081023e+01 2.092500e+01 2.128000e+01 2.081374e+01 2.081231e+01
2.093000e+01 2.127500e+01 2.081294e+01 2.080859e+01 2.092500e+01 2.128000e+01 2.081374e+01 2.081231e+01
2.076000e+01 2.128500e+01 2.081320e+01 2.080691e+01 2.076500e+01 2.129000e+01 2.081282e+01 2.081150e+01
2.076500e+01 2.129000e+01 2.081282e+01 2.081150e+01 2.077500e+01 2.129000e+01 2.081294e+01 2.081073e+01
2.077500e+01 2.129000e+01 2.081294e+01 2.081073e+01 2.078500e+01 2.129000e+01 2.081302e+01 2.081016e+01
2.078500e+01 2.129000e+01 2.081302e+01 2.081016e+01 2.079500e+01 2.129000e+01 2.081306e+01 2.080978e+01
2.079500e+01 2.129000e+01 2.081306e+01 2.080978e+01 2.080500e+01 2.129000e+01 2.081308e+01 2.080959e+01
2.080500e+01 2.129000e+01 2.081308e+01 2.080959e+01 2.081500e+01 2.129000e+01 2.081309e+01 2.080960e+01
2.081500e+01 2.129000e+01 2.081309e+01 2.080960e+01 2.082500e+01 2.129000e+01 2.081309e+01 2.080980e+01
2.082500e+01 2.129000e+01 2.081309e+01 2.080980e+01 2.083500e+01 2.129000e+01 2.081312e+01 2.081019e+01
2.083500e+01 2.129000e+01 2.081312e+01 2.081019e+01 2.084500e+01 2.129000e+01 2.081316e+01 2.081078e+01
2.084500e+01 2.129000e+01 2.081316e+01 2.081078e+01 2.085500e+01 2.129000e+01 2.081325e+01 2.081156e+01
2.085500e+01 2.129000e+01 2.081325e+01 2.081156e+01 2.086500e+01 2.129000e+01 2.081338e+01 2.081252e+01
2.086500e+01 2.129000e+01 2.081338e+01 2.081252e+01 2.087500e+01 2.129000e+01 2.081358e+01 2.081367e+01
2.088000e+01 2.128500e+01 2.081305e+01 2.080932e+01 2.087500e+01 2.129000e+01 2.081358e+01 2.081367e+01
