2.072500e+01 2.022000e+01 2.080493e+01 2.069365e+01 2.072000e+01 2.022500e+01 2.080557e+01 2.069775e+01
2.072500e+01 2.022000e+01 2.080493e+01 2.069365e+01 2.073500e+01 2.022000e+01 2.080520e+01 2.069512e+01
2.073500e+01 2.022000e+01 2.080520e+01 2.069512e+01 2.074500e+01 2.022000e+01 2.080539e+01 2.069641e+01
2.074500e+01 2.022000e+01 2.080539e+01 2.069641e+01 2.075500e+01 2.022000e+01 2.080551e+01 2.069752e+01
2.075500e+01 2.022000e+01 2.080551e+01 2.069752e+01 2.076500e+01 2.022000e+01 2.080556e+01 2.069845e+01
2.076500e+01 2.022000e+01 2.080556e+01 2.069845e+01 2.077500e+01 2.022000e+01 2.080557e+01 2.069918e+01
2.077500e+01 2.022000e+01 2.080557e+01 2.069918e+01 2.078500e+01 2.022000e+01 2.080555e+01 2.069972e+01
2.078500e+01 2.022000e+01 2.080555e+01 2.069972e+01 2.079500e+01 2.022000e+01 2.080550e+01 2.070007e+01
2.079500e+01 2.022000e+01 2.080550e+01 2.070007e+01 2.080500e+01 2.022000e+01 2.080544e+01 2.070023e+01
2.080500e+01 2.022000e+01 2.080544e+01 2.070023e+01 2.081500e+01 2.022000e+01 2.080538e+01 2.070019e+01
2.081500e+01 2.022000e+01 2.080538e+01 2.070019e+01 2.082500e+01 2.022000e+01 2.080534e+01 2.069996e+01
2.082500e+01 2.022000e+01 2.080534e+01 2.069996e+01 2.083500e+01 2.022000e+01 2.080533e+01 2.069953e+01
2.083500e+01 2.022000e+01 2.080533e+01 2.069953e+01 2.084500e+01 2.022000e+01 2.080535e+01 2.069891e+01
2.084500e+01 2.022000e+01 2.080535e+01 2.069891e+01 2.085500e+01 2.022000e+01 2.080543e+01 2.069811e+01
2.085500e+01 2.022000e+01 2.080543e+01 2.069811e+01 2.086500e+01 2.022000e+01 2.080556e+01 2.069712e+01
2.086500e+01 2.022000e+01 2.080556e+01 2.069712e+01 2.087500e+01 2.022000e+01 2.080578e+01 2.069594e+01
2.087500e+01 2.022000e+01 2.080578e+01 2.069594e+01 2.088000e+01 2.022500e+01 2.080525e+01 2.070023e+01
2.068500e+01 2.023000e+01 2.080506e+01 2.069567e+01 2.068000e+01 2.023500e+01 2.080589e+01 2.069925e+01
2.068500e+01 2.023000e+01 2.080506e+01 2.069567e+01 2.069500e+01 2.023000e+01 2.080560e+01 2.069787e+01
2.069500e+01 2.023000e+01 2.080560e+01 2.069787e+01 2.070500e+01 2.023000e+01 2.080602e+01 2.069991e+01
2.070500e+01 2.023000e+01 2.080602e+01 2.069991e+01 2.071500e+01 2.023000e+01 2.080632e+01 2.070179e+01
2.072000e+01 2.022500e+01 2.080557e+01 2.069775e+01 2.071500e+01 2.023000e+01 2.080632e+01 2.070179e+01
2.088000e+01 2.022500e+01 2.080525e+01 2.070023e+01 2.088500e+01 2.023000e+01 2.080461e+01 2.070447e+01
2.088500e+01 2.023000e+01 2.080461e+01 2.070447e+01 2.089500e+01 2.023000e+01 2.080484e+01 2.070289e+01
2.089500e+01 2.023000e+01 2.080484e+01 2.070289e+01 2.090500e+01 2.023000e+01 2.080517e+01 2.070114e+01
2.090500e+01 2.023000e+01 2.080517e+01 2.070114e+01 2.091000e+01 2.023500e+01 2.080444e+01 2.070504e+01
2.065500e+01 2.024000e+01 2.080532e+01 2.069745e+01 2.065000e+01 2.024500e+01 2.080624e+01 2.070063e+01
2.065500e+01 2.024000e+01 2.080532e+01 2.069745e+01 2.066500e+01 2.024000e+01 2.080616e+01 2.070018e+01
2.066500e+01 2.024000e+01 2.080616e+01 2.070018e+01 2.067500e+01 2.024000e+01 2.080684e+01 2.070276e+01
2.068000e+01 2.023500e+01 2.080589e+01 2.069925e+01 2.067500e+01 2.024000e+01 2.080684e+01 2.070276e+01
2.091000e+01 2.023500e+01 2.080444e+01 2.070504e+01 2.091500e+01 2.024000e+01 2.080359e+01 2.070887e+01
2.091500e+01 2.024000e+01 2.080359e+01 2.070887e+01 2.092500e+01 2.024000e+01 2.080402e+01 2.070673e+01
2.092500e+01 2.024000e+01 2.080402e+01 2.070673e+01 2.093500e+01 2.024000e+01 2.080459e+01 2.070442e+01
2.093500e+01 2.024000e+01 2.080459e+01 2.070442e+01 2.094000e+01 2.024500e+01 2.080372e+01 2.070791e+01
2.063500e+01 2.025000e+01 2.080621e+01 2.070063e+01 2.063000e+01 2.025500e+01 2.080719e+01 2.070350e+01
2.063500e+01 2.025000e+01 2.080621e+01 2.070063e+01 2.064500e+01 2.025000e+01 2.080728e+01 2.070371e+01
2.065000e+01 2.024500e+01 2.080624e+01 2.070063e+01 2.064500e+01 2.025000e+01 2.080728e+01 2.070371e+01
2.094000e+01 2.024500e+01 2.080372e+01 2.070791e+01 2.094500e+01 2.025000e+01 2.080274e+01 2.071133e+01
2.094500e+01 2.025000e+01 2.080274e+01 2.071133e+01 2.095500e+01 2.025000e+01 2.080349e+01 2.070865e+01
2.095500e+01 2.025000e+01 2.080349e+01 2.070865e+01 2.096000e+01 2.025500e+01 2.080254e+01 2.071184e+01
2.061500e+01 2.026000e+01 2.080694e+01 2.070287e+01 2.061000e+01 2.026500e+01 2.080793e+01 2.070544e+01
2.061500e+01 2.026000e+01 2.080694e+01 2.070287e+01 2.062500e+01 2.026000e+01 2.080827e+01 2.070628e+01
2.063000e+01 2.025500e+01 2.080719e+01 2.070350e+01 2.062500e+01 2.026000e+01 2.080827e+01 2.070628e+01
2.096000e+01 2.025500e+01 2.080254e+01 2.071184e+01 2.096500e+01 2.026000e+01 2.080148e+01 2.071495e+01
2.096500e+01 2.026000e+01 2.080148e+01 2.071495e+01 2.097500e+01 2.026000e+01 2.080245e+01 2.071191e+01
2.097500e+01 2.026000e+01 2.080245e+01 2.071191e+01 2.098000e+01 2.026500e+01 2.080146e+01 2.071480e+01
2.059500e+01 2.027000e+01 2.080736e+01 2.070420e+01 2.059000e+01 2.027500e+01 2.080832e+01 2.070647e+01
2.059500e+01 2.027000e+01 2.080736e+01 2.070420e+01 2.060500e+01 2.027000e+01 2.080902e+01 2.070790e+01
2.061000e+01 2.026500e+01 2.080793e+01 2.070544e+01 2.060500e+01 2.027000e+01 2.080902e+01 2.070790e+01
2.098000e+01 2.026500e+01 2.080146e+01 2.071480e+01 2.098500e+01 2.027000e+01 2.080036e+01 2.071759e+01
2.098500e+01 2.027000e+01 2.080036e+01 2.071759e+01 2.099500e+01 2.027000e+01 2.080162e+01 2.071422e+01
2.099500e+01 2.027000e+01 2.080162e+01 2.071422e+01 2.100000e+01 2.027500e+01 2.080062e+01 2.071681e+01
2.058500e+01 2.028000e+01 2.080937e+01 2.070864e+01 2.058000e+01 2.028500e+01 2.081035e+01 2.071071e+01
2.059000e+01 2.027500e+01 2.080832e+01 2.070647e+01 2.058500e+01 2.028000e+01 2.080937e+01 2.070864e+01
2.100000e+01 2.027500e+01 2.080062e+01 2.071681e+01 2.100500e+01 2.028000e+01 2.079952e+01 2.071929e+01
2.100500e+01 2.028000e+01 2.079952e+01 2.071929e+01 2.101500e+01 2.028000e+01 2.080111e+01 2.071561e+01
2.101500e+01 2.028000e+01 2.080111e+01 2.071561e+01 2.102000e+01 2.028500e+01 2.080015e+01 2.071791e+01
2.056500e+01 2.029000e+01 2.080923e+01 2.070853e+01 2.056000e+01 2.029500e+01 2.081011e+01 2.071033e+01
2.056500e+01 2.029000e+01 2.080923e+01 2.070853e+01 2.057500e+01 2.029000e+01 2.081141e+01 2.071267e+01
2.058000e+01 2.028500e+01 2.081035e+01 2.071071e+01 2.057500e+01 2.029000e+01 2.081141e+01 2.071267e+01
2.102000e+01 2.028500e+01 2.080015e+01 2.071791e+01 2.102500e+01 2.029000e+01 2.079908e+01 2.072009e+01
2.102500e+01 2.029000e+01 2.079908e+01 2.072009e+01 2.103000e+01 2.029500e+01 2.079810e+01 2.072218e+01
2.055500e+01 2.030000e+01 2.081107e+01 2.071200e+01 2.055000e+01 2.030500e+01 2.081193e+01 2.071361e+01
2.056000e+01 2.029500e+01 2.081011e+01 2.071033e+01 2.055500e+01 2.030000e+01 2.081107e+01 2.071200e+01
2.103000e+01 2.029500e+01 2.079810e+01 2.072218e+01 2.103500e+01 2.030000e+01 2.079703e+01 2.072415e+01
2.103500e+01 2.030000e+01 2.079703e+01 2.072415e+01 2.104500e+01 2.030000e+01 2.079919e+01 2.072004e+01
2.104500e+01 2.030000e+01 2.079919e+01 2.072004e+01 2.105000e+01 2.030500e+01 2.079830e+01 2.072185e+01
2.054500e+01 2.031000e+01 2.081286e+01 2.071508e+01 2.054000e+01 2.031500e+01 2.081368e+01 2.071649e+01
2.055000e+01 2.030500e+01 2.081193e+01 2.071361e+01 2.054500e+01 2.031000e+01 2.081286e+01 2.071508e+01
2.105000e+01 2.030500e+01 2.079830e+01 2.072185e+01 2.105500e+01 2.031000e+01 2.079734e+01 2.072353e+01
2.105500e+01 2.031000e+01 2.079734e+01 2.072353e+01 2.106000e+01 2.031500e+01 2.079648e+01 2.072515e+01
2.053500e+01 2.032000e+01 2.081457e+01 2.071778e+01 2.053000e+01 2.032500e+01 2.081533e+01 2.071900e+01
2.054000e+01 2.031500e+01 2.081368e+01 2.071649e+01 2.053500e+01 2.032000e+01 2.081457e+01 2.071778e+01
2.106000e+01 2.031500e+01 2.079648e+01 2.072515e+01 2.106500e+01 2.032000e+01 2.079555e+01 2.072664e+01
2.106500e+01 2.032000e+01 2.079555e+01 2.072664e+01 2.107000e+01 2.032500e+01 2.079474e+01 2.072806e+01
2.052500e+01 2.033000e+01 2.081615e+01 2.072009e+01 2.052000e+01 2.033500e+01 2.081685e+01 2.072113e+01
2.053000e+01 2.032500e+01 2.081533e+01 2.071900e+01 2.052500e+01 2.033000e+01 2.081615e+01 2.072009e+01
2.107000e+01 2.032500e+01 2.079474e+01 2.072806e+01 2.107500e+01 2.033000e+01 2.079386e+01 2.072935e+01
2.107500e+01 2.033000e+01 2.079386e+01 2.072935e+01 2.108000e+01 2.033500e+01 2.079310e+01 2.073059e+01
2.051500e+01 2.034000e+01 2.081759e+01 2.072204e+01 2.051000e+01 2.034500e+01 2.081820e+01 2.072291e+01
2.052000e+01 2.033500e+01 2.081685e+01 2.072113e+01 2.051500e+01 2.034000e+01 2.081759e+01 2.072204e+01
2.108000e+01 2.033500e+01 2.079310e+01 2.073059e+01 2.108500e+01 2.034000e+01 2.079229e+01 2.073169e+01
2.108500e+01 2.034000e+01 2.079229e+01 2.073169e+01 2.109000e+01 2.034500e+01 2.079160e+01 2.073274e+01
2.050500e+01 2.035000e+01 2.081885e+01 2.072364e+01 2.050000e+01 2.035500e+01 2.081936e+01 2.072434e+01
2.051000e+01 2.034500e+01 2.081820e+01 2.072291e+01 2.050500e+01 2.035000e+01 2.081885e+01 2.072364e+01
2.109000e+01 2.034500e+01 2.079160e+01 2.073274e+01 2.109500e+01 2.035000e+01 2.079087e+01 2.073365e+01
2.109500e+01 2.035000e+01 2.079087e+01 2.073365e+01 2.110000e+01 2.035500e+01 2.079027e+01 2.073453e+01
2.049500e+01 2.036000e+01 2.081990e+01 2.072490e+01 2.049000e+01 2.036500e+01 2.082030e+01 2.072544e+01
2.050000e+01 2.035500e+01 2.081936e+01 2.072434e+01 2.049500e+01 2.036000e+01 2.081990e+01 2.072490e+01
2.110000e+01 2.035500e+01 2.079027e+01 2.073453e+01 2.110500e+01 2.036000e+01 2.078964e+01 2.073526e+01
2.110500e+01 2.036000e+01 2.078964e+01 2.073526e+01 2.111000e+01 2.036500e+01 2.078914e+01 2.073597e+01
2.048500e+01 2.037000e+01 2.082071e+01 2.072584e+01 2.048000e+01 2.037500e+01 2.082098e+01 2.072623e+01
2.049000e+01 2.036500e+01 2.082030e+01 2.072544e+01 2.048500e+01 2.037000e+01 2.082071e+01 2.072584e+01
2.111000e+01 2.036500e+01 2.078914e+01 2.073597e+01 2.111500e+01 2.037000e+01 2.078862e+01 2.073653e+01
2.111500e+01 2.037000e+01 2.078862e+01 2.073653e+01 2.112000e+01 2.037500e+01 2.078824e+01 2.073708e+01
2.047500e+01 2.038000e+01 2.082125e+01 2.072649e+01 2.047000e+01 2.038500e+01 2.082138e+01 2.072674e+01
2.048000e+01 2.037500e+01 2.082098e+01 2.072623e+01 2.047500e+01 2.038000e+01 2.082125e+01 2.072649e+01
2.112000e+01 2.037500e+01 2.078824e+01 2.073708e+01 2.112500e+01 2.038000e+01 2.078784e+01 2.073748e+01
2.112500e+01 2.038000e+01 2.078784e+01 2.073748e+01 2.113000e+01 2.038500e+01 2.078760e+01 2.073788e+01
2.047000e+01 2.038500e+01 2.082138e+01 2.072674e+01 2.047000e+01 2.039500e+01 2.082638e+01 2.073198e+01
2.113000e+01 2.038500e+01 2.078760e+01 2.073788e+01 2.113500e+01 2.039000e+01 2.078734e+01 2.073813e+01
2.113500e+01 2.039000e+01 2.078734e+01 2.073813e+01 2.114000e+01 2.039500e+01 2.078724e+01 2.073839e+01
2.046500e+01 2.040000e+01 2.082650e+01 2.073197e+01 2.046000e+01 2.040500e+01 2.082646e+01 2.073197e+01
2.047000e+01 2.039500e+01 2.082638e+01 2.073198e+01 2.046500e+01 2.040000e+01 2.082650e+01 2.073197e+01
2.114000e+01 2.039500e+01 2.078724e+01 2.073839e+01 2.114000e+01 2.040500e+01 2.078226e+01 2.074360e+01
2.045500e+01 2.041000e+01 2.082641e+01 2.073183e+01 2.045000e+01 2.041500e+01 2.082620e+01 2.073172e+01
2.046000e+01 2.040500e+01 2.082646e+01 2.073197e+01 2.045500e+01 2.041000e+01 2.082641e+01 2.073183e+01
2.114000e+01 2.040500e+01 2.078226e+01 2.074360e+01 2.114500e+01 2.041000e+01 2.078217e+01 2.074359e+01
2.114500e+01 2.041000e+01 2.078217e+01 2.074359e+01 2.115000e+01 2.041500e+01 2.078223e+01 2.074358e+01
2.045000e+01 2.041500e+01 2.082620e+01 2.073172e+01 2.045000e+01 2.042500e+01 2.083118e+01 2.073623e+01
2.115000e+01 2.041500e+01 2.078223e+01 2.074358e+01 2.115500e+01 2.042000e+01 2.078231e+01 2.074345e+01
2.115500e+01 2.042000e+01 2.078231e+01 2.074345e+01 2.116000e+01 2.042500e+01 2.078255e+01 2.074333e+01
2.044500e+01 2.043000e+01 2.083092e+01 2.073587e+01 2.044000e+01 2.043500e+01 2.083049e+01 2.073554e+01
2.045000e+01 2.042500e+01 2.083118e+01 2.073623e+01 2.044500e+01 2.043000e+01 2.083092e+01 2.073587e+01
2.116000e+01 2.042500e+01 2.078255e+01 2.074333e+01 2.116000e+01 2.043500e+01 2.077759e+01 2.074780e+01
2.043500e+01 2.044000e+01 2.083002e+01 2.073509e+01 2.043000e+01 2.044500e+01 2.082940e+01 2.073469e+01
2.044000e+01 2.043500e+01 2.083049e+01 2.073554e+01 2.043500e+01 2.044000e+01 2.083002e+01 2.073509e+01
2.116000e+01 2.043500e+01 2.077759e+01 2.074780e+01 2.116500e+01 2.044000e+01 2.077789e+01 2.074743e+01
2.116500e+01 2.044000e+01 2.077789e+01 2.074743e+01 2.117000e+01 2.044500e+01 2.077834e+01 2.074710e+01
2.043000e+01 2.044500e+01 2.082940e+01 2.073469e+01 2.043000e+01 2.045500e+01 2.083423e+01 2.073850e+01
2.117000e+01 2.044500e+01 2.077834e+01 2.074710e+01 2.117500e+01 2.045000e+01 2.077884e+01 2.074664e+01
2.117500e+01 2.045000e+01 2.077884e+01 2.074664e+01 2.118000e+01 2.045500e+01 2.077950e+01 2.074623e+01
2.042500e+01 2.046000e+01 2.083351e+01 2.073787e+01 2.042000e+01 2.046500e+01 2.083262e+01 2.073730e+01
2.043000e+01 2.045500e+01 2.083423e+01 2.073850e+01 2.042500e+01 2.046000e+01 2.083351e+01 2.073787e+01
2.118000e+01 2.045500e+01 2.077950e+01 2.074623e+01 2.118000e+01 2.046500e+01 2.077470e+01 2.074999e+01
2.042000e+01 2.046500e+01 2.083262e+01 2.073730e+01 2.042000e+01 2.047500e+01 2.083732e+01 2.074067e+01
2.118000e+01 2.046500e+01 2.077470e+01 2.074999e+01 2.118500e+01 2.047000e+01 2.077546e+01 2.074935e+01
2.118500e+01 2.047000e+01 2.077546e+01 2.074935e+01 2.119000e+01 2.047500e+01 2.077638e+01 2.074877e+01
2.041500e+01 2.048000e+01 2.083631e+01 2.073990e+01 2.041000e+01 2.048500e+01 2.083513e+01 2.073920e+01
2.042000e+01 2.047500e+01 2.083732e+01 2.074067e+01 2.041500e+01 2.048000e+01 2.083631e+01 2.073990e+01
2.119000e+01 2.047500e+01 2.077638e+01 2.074877e+01 2.119000e+01 2.048500e+01 2.077172e+01 2.075207e+01
2.041000e+01 2.048500e+01 2.083513e+01 2.073920e+01 2.041000e+01 2.049500e+01 2.083966e+01 2.074214e+01
2.119000e+01 2.048500e+01 2.077172e+01 2.075207e+01 2.119500e+01 2.049000e+01 2.077277e+01 2.075129e+01
2.119500e+01 2.049000e+01 2.077277e+01 2.075129e+01 2.120000e+01 2.049500e+01 2.077398e+01 2.075057e+01
2.040500e+01 2.050000e+01 2.083833e+01 2.074126e+01 2.040000e+01 2.050500e+01 2.083685e+01 2.074047e+01
2.041000e+01 2.049500e+01 2.083966e+01 2.074214e+01 2.040500e+01 2.050000e+01 2.083833e+01 2.074126e+01
2.120000e+01 2.049500e+01 2.077398e+01 2.075057e+01 2.120000e+01 2.050500e+01 2.076950e+01 2.075344e+01
2.040000e+01 2.050500e+01 2.083685e+01 2.074047e+01 2.040000e+01 2.051500e+01 2.084115e+01 2.074302e+01
2.120000e+01 2.050500e+01 2.076950e+01 2.075344e+01 2.120500e+01 2.051000e+01 2.077087e+01 2.075255e+01
2.120500e+01 2.051000e+01 2.077087e+01 2.075255e+01 2.121000e+01 2.051500e+01 2.077239e+01 2.075173e+01
2.040000e+01 2.051500e+01 2.084115e+01 2.074302e+01 2.040000e+01 2.052500e+01 2.084539e+01 2.074536e+01
2.121000e+01 2.051500e+01 2.077239e+01 2.075173e+01 2.121000e+01 2.052500e+01 2.076813e+01 2.075421e+01
2.039500e+01 2.053000e+01 2.084363e+01 2.074435e+01 2.039000e+01 2.053500e+01 2.084173e+01 2.074343e+01
2.040000e+01 2.052500e+01 2.084539e+01 2.074536e+01 2.039500e+01 2.053000e+01 2.084363e+01 2.074435e+01
2.121000e+01 2.052500e+01 2.076813e+01 2.075421e+01 2.121000e+01 2.053500e+01 2.076395e+01 2.075645e+01
2.039000e+01 2.053500e+01 2.084173e+01 2.074343e+01 2.039000e+01 2.054500e+01 2.084568e+01 2.074543e+01
2.121000e+01 2.053500e+01 2.076395e+01 2.075645e+01 2.121500e+01 2.054000e+01 2.076575e+01 2.075541e+01
2.121500e+01 2.054000e+01 2.076575e+01 2.075541e+01 2.122000e+01 2.054500e+01 2.076770e+01 2.075448e+01
2.039000e+01 2.054500e+01 2.084568e+01 2.074543e+01 2.039000e+01 2.055500e+01 2.084953e+01 2.074722e+01
2.122000e+01 2.054500e+01 2.076770e+01 2.075448e+01 2.122000e+01 2.055500e+01 2.076381e+01 2.075637e+01
2.038500e+01 2.056000e+01 2.084731e+01 2.074615e+01 2.038000e+01 2.056500e+01 2.084495e+01 2.074519e+01
2.039000e+01 2.055500e+01 2.084953e+01 2.074722e+01 2.038500e+01 2.056000e+01 2.084731e+01 2.074615e+01
2.122000e+01 2.055500e+01 2.076381e+01 2.075637e+01 2.122500e+01 2.056000e+01 2.076597e+01 2.075532e+01
2.122500e+01 2.056000e+01 2.076597e+01 2.075532e+01 2.123000e+01 2.056500e+01 2.076826e+01 2.075438e+01
2.038000e+01 2.056500e+01 2.084495e+01 2.074519e+01 2.038000e+01 2.057500e+01 2.084847e+01 2.074670e+01
2.123000e+01 2.056500e+01 2.076826e+01 2.075438e+01 2.123000e+01 2.057500e+01 2.076470e+01 2.075597e+01
2.038000e+01 2.057500e+01 2.084847e+01 2.074670e+01 2.038000e+01 2.058500e+01 2.085186e+01 2.074804e+01
2.123000e+01 2.057500e+01 2.076470e+01 2.075597e+01 2.123000e+01 2.058500e+01 2.076126e+01 2.075737e+01
2.038000e+01 2.058500e+01 2.085186e+01 2.074804e+01 2.038000e+01 2.059500e+01 2.085511e+01 2.074919e+01
2.123000e+01 2.058500e+01 2.076126e+01 2.075737e+01 2.123000e+01 2.059500e+01 2.075795e+01 2.075858e+01
2.037500e+01 2.060000e+01 2.085228e+01 2.074812e+01 2.037000e+01 2.060500e+01 2.084933e+01 2.074718e+01
2.038000e+01 2.059500e+01 2.085511e+01 2.074919e+01 2.037500e+01 2.060000e+01 2.085228e+01 2.074812e+01
2.123000e+01 2.059500e+01 2.075795e+01 2.075858e+01 2.123500e+01 2.060000e+01 2.076071e+01 2.075750e+01
2.123500e+01 2.060000e+01 2.076071e+01 2.075750e+01 2.124000e+01 2.060500e+01 2.076359e+01 2.075655e+01
2.037000e+01 2.060500e+01 2.084933e+01 2.074718e+01 2.037000e+01 2.061500e+01 2.085218e+01 2.074815e+01
2.079500e+01 2.061000e+01 2.083321e+01 2.098338e+01 2.079000e+01 2.061500e+01 2.084413e+01 2.098214e+01
2.079500e+01 2.061000e+01 2.083321e+01 2.098338e+01 2.080500e+01 2.061000e+01 2.081352e+01 2.098464e+01
2.080500e+01 2.061000e+01 2.081352e+01 2.098464e+01 2.081500e+01 2.061000e+01 2.079375e+01 2.098459e+01
2.081500e+01 2.061000e+01 2.079375e+01 2.098459e+01 2.082500e+01 2.061000e+01 2.077424e+01 2.098323e+01
2.082500e+01 2.061000e+01 2.077424e+01 2.098323e+01 2.083000e+01 2.061500e+01 2.076345e+01 2.098195e+01
2.124000e+01 2.060500e+01 2.076359e+01 2.075655e+01 2.124000e+01 2.061500e+01 2.076067e+01 2.075754e+01
2.037000e+01 2.061500e+01 2.085218e+01 2.074815e+01 2.037000e+01 2.062500e+01 2.085488e+01 2.074896e+01
2.075500e+01 2.062000e+01 2.091168e+01 2.096490e+01 2.075000e+01 2.062500e+01 2.092310e+01 2.096024e+01
2.075500e+01 2.062000e+01 2.091168e+01 2.096490e+01 2.076500e+01 2.062000e+01 2.089429e+01 2.097105e+01
2.076500e+01 2.062000e+01 2.089429e+01 2.097105e+01 2.077500e+01 2.062000e+01 2.087559e+01 2.097625e+01
2.077500e+01 2.062000e+01 2.087559e+01 2.097625e+01 2.078500e+01 2.062000e+01 2.085580e+01 2.098031e+01
2.079000e+01 2.061500e+01 2.084413e+01 2.098214e+01 2.078500e+01 2.062000e+01 2.085580e+01 2.098031e+01
2.083000e+01 2.061500e+01 2.076345e+01 2.098195e+01 2.083500e+01 2.062000e+01 2.075193e+01 2.098009e+01
2.083500e+01 2.062000e+01 2.075193e+01 2.098009e+01 2.084500e+01 2.062000e+01 2.073268e+01 2.097602e+01
2.084500e+01 2.062000e+01 2.073268e+01 2.097602e+01 2.085500e+01 2.062000e+01 2.071463e+01 2.097087e+01
2.085500e+01 2.062000e+01 2.071463e+01 2.097087e+01 2.086500e+01 2.062000e+01 2.069798e+01 2.096484e+01
2.086500e+01 2.062000e+01 2.069798e+01 2.096484e+01 2.087000e+01 2.062500e+01 2.068705e+01 2.096030e+01
2.124000e+01 2.061500e+01 2.076067e+01 2.075754e+01 2.124000e+01 2.062500e+01 2.075791e+01 2.075837e+01
2.037000e+01 2.062500e+01 2.085488e+01 2.074896e+01 2.037000e+01 2.063500e+01 2.085741e+01 2.074963e+01
2.073500e+01 2.063000e+01 2.094992e+01 2.094680e+01 2.073000e+01 2.063500e+01 2.096060e+01 2.094041e+01
2.073500e+01 2.063000e+01 2.094992e+01 2.094680e+01 2.074500e+01 2.063000e+01 2.093507e+01 2.095472e+01
2.075000e+01 2.062500e+01 2.092310e+01 2.096024e+01 2.074500e+01 2.063000e+01 2.093507e+01 2.095472e+01
2.087000e+01 2.062500e+01 2.068705e+01 2.096030e+01 2.087500e+01 2.063000e+01 2.067560e+01 2.095495e+01
2.087500e+01 2.063000e+01 2.067560e+01 2.095495e+01 2.088000e+01 2.063500e+01 2.066479e+01 2.094915e+01
2.124000e+01 2.062500e+01 2.075791e+01 2.075837e+01 2.124000e+01 2.063500e+01 2.075531e+01 2.075904e+01
2.037000e+01 2.063500e+01 2.085741e+01 2.074963e+01 2.037000e+01 2.064500e+01 2.085976e+01 2.075017e+01
2.072500e+01 2.064000e+01 2.097159e+01 2.093316e+01 2.072000e+01 2.064500e+01 2.098170e+01 2.092570e+01
2.073000e+01 2.063500e+01 2.096060e+01 2.094041e+01 2.072500e+01 2.064000e+01 2.097159e+01 2.093316e+01
2.088000e+01 2.063500e+01 2.066479e+01 2.094915e+01 2.088500e+01 2.064000e+01 2.065360e+01 2.094248e+01
2.088500e+01 2.064000e+01 2.065360e+01 2.094248e+01 2.089500e+01 2.064000e+01 2.064113e+01 2.093420e+01
2.089500e+01 2.064000e+01 2.064113e+01 2.093420e+01 2.090000e+01 2.064500e+01 2.063162e+01 2.092706e+01
2.124000e+01 2.063500e+01 2.075531e+01 2.075904e+01 2.124500e+01 2.064000e+01 2.075869e+01 2.075809e+01
2.124500e+01 2.064000e+01 2.075869e+01 2.075809e+01 2.125000e+01 2.064500e+01 2.076218e+01 2.075726e+01
2.037000e+01 2.064500e+01 2.085976e+01 2.075017e+01 2.037000e+01 2.065500e+01 2.086193e+01 2.075058e+01
2.071500e+01 2.065000e+01 2.099192e+01 2.091739e+01 2.071000e+01 2.065500e+01 2.100115e+01 2.090907e+01
2.072000e+01 2.064500e+01 2.098170e+01 2.092570e+01 2.071500e+01 2.065000e+01 2.099192e+01 2.091739e+01
2.090000e+01 2.064500e+01 2.063162e+01 2.092706e+01 2.090500e+01 2.065000e+01 2.062203e+01 2.091912e+01
2.090500e+01 2.065000e+01 2.062203e+01 2.091912e+01 2.091000e+01 2.065500e+01 2.061339e+01 2.091117e+01
2.125000e+01 2.064500e+01 2.076218e+01 2.075726e+01 2.125000e+01 2.065500e+01 2.076001e+01 2.075783e+01
2.036500e+01 2.066000e+01 2.085822e+01 2.074973e+01 2.036000e+01 2.066500e+01 2.085441e+01 2.074902e+01
2.037000e+01 2.065500e+01 2.086193e+01 2.075058e+01 2.036500e+01 2.066000e+01 2.085822e+01 2.074973e+01
2.070500e+01 2.066000e+01 2.101031e+01 2.089998e+01 2.070000e+01 2.066500e+01 2.101842e+01 2.089106e+01
2.071000e+01 2.065500e+01 2.100115e+01 2.090907e+01 2.070500e+01 2.066000e+01 2.101031e+01 2.089998e+01
2.091000e+01 2.065500e+01 2.061339e+01 2.091117e+01 2.091500e+01 2.066000e+01 2.060484e+01 2.090250e+01
2.091500e+01 2.066000e+01 2.060484e+01 2.090250e+01 2.092000e+01 2.066500e+01 2.059729e+01 2.089401e+01
2.125000e+01 2.065500e+01 2.076001e+01 2.075783e+01 2.125000e+01 2.066500e+01 2.075803e+01 2.075826e+01
2.036000e+01 2.066500e+01 2.085441e+01 2.074902e+01 2.036000e+01 2.067500e+01 2.085614e+01 2.074940e+01
2.069500e+01 2.067000e+01 2.102627e+01 2.088151e+01 2.069000e+01 2.067500e+01 2.103310e+01 2.087229e+01
2.070000e+01 2.066500e+01 2.101842e+01 2.089106e+01 2.069500e+01 2.067000e+01 2.102627e+01 2.088151e+01
2.092000e+01 2.066500e+01 2.059729e+01 2.089401e+01 2.092500e+01 2.067000e+01 2.058999e+01 2.088490e+01
2.092500e+01 2.067000e+01 2.058999e+01 2.088490e+01 2.093000e+01 2.067500e+01 2.058366e+01 2.087611e+01
2.125000e+01 2.066500e+01 2.075803e+01 2.075826e+01 2.125000e+01 2.067500e+01 2.075624e+01 2.075859e+01
2.036000e+01 2.067500e+01 2.085614e+01 2.074940e+01 2.036000e+01 2.068500e+01 2.085766e+01 2.074970e+01
2.069000e+01 2.067500e+01 2.103310e+01 2.087229e+01 2.069000e+01 2.068500e+01 2.104078e+01 2.086056e+01
2.093000e+01 2.067500e+01 2.058366e+01 2.087611e+01 2.093000e+01 2.068500e+01 2.057639e+01 2.086487e+01
2.125000e+01 2.067500e+01 2.075624e+01 2.075859e+01 2.125000e+01 2.068500e+01 2.075464e+01 2.075881e+01
2.036000e+01 2.068500e+01 2.085766e+01 2.074970e+01 2.036000e+01 2.069500e+01 2.085899e+01 2.074991e+01
2.068500e+01 2.069000e+01 2.104670e+01 2.085048e+01 2.068000e+01 2.069500e+01 2.105167e+01 2.084094e+01
2.069000e+01 2.068500e+01 2.104078e+01 2.086056e+01 2.068500e+01 2.069000e+01 2.104670e+01 2.085048e+01
2.093000e+01 2.068500e+01 2.057639e+01 2.086487e+01 2.093500e+01 2.069000e+01 2.057092e+01 2.085524e+01
2.093500e+01 2.069000e+01 2.057092e+01 2.085524e+01 2.094000e+01 2.069500e+01 2.056637e+01 2.084612e+01
2.125000e+01 2.068500e+01 2.075464e+01 2.075881e+01 2.125000e+01 2.069500e+01 2.075325e+01 2.075893e+01
2.036000e+01 2.069500e+01 2.085899e+01 2.074991e+01 2.036000e+01 2.070500e+01 2.086012e+01 2.075006e+01
2.068000e+01 2.069500e+01 2.105167e+01 2.084094e+01 2.068000e+01 2.070500e+01 2.105764e+01 2.082744e+01
2.094000e+01 2.069500e+01 2.056637e+01 2.084612e+01 2.094000e+01 2.070500e+01 2.056073e+01 2.083311e+01
2.125000e+01 2.069500e+01 2.075325e+01 2.075893e+01 2.125500e+01 2.070000e+01 2.075750e+01 2.075836e+01
2.125500e+01 2.070000e+01 2.075750e+01 2.075836e+01 2.126000e+01 2.070500e+01 2.076181e+01 2.075792e+01
2.036000e+01 2.070500e+01 2.086012e+01 2.075006e+01 2.036000e+01 2.071500e+01 2.086104e+01 2.075015e+01
2.067500e+01 2.071000e+01 2.106139e+01 2.081763e+01 2.067000e+01 2.071500e+01 2.106433e+01 2.080848e+01
2.068000e+01 2.070500e+01 2.105764e+01 2.082744e+01 2.067500e+01 2.071000e+01 2.106139e+01 2.081763e+01
2.094000e+01 2.070500e+01 2.056073e+01 2.083311e+01 2.094000e+01 2.071500e+01 2.055591e+01 2.081910e+01
2.126000e+01 2.070500e+01 2.076181e+01 2.075792e+01 2.126000e+01 2.071500e+01 2.076086e+01 2.075810e+01
2.036000e+01 2.071500e+01 2.086104e+01 2.075015e+01 2.036000e+01 2.072500e+01 2.086175e+01 2.075020e+01
2.067000e+01 2.071500e+01 2.106433e+01 2.080848e+01 2.067000e+01 2.072500e+01 2.106813e+01 2.079417e+01
2.094000e+01 2.071500e+01 2.055591e+01 2.081910e+01 2.094500e+01 2.072000e+01 2.055316e+01 2.080974e+01
2.094500e+01 2.072000e+01 2.055316e+01 2.080974e+01 2.095000e+01 2.072500e+01 2.055111e+01 2.080102e+01
2.126000e+01 2.071500e+01 2.076086e+01 2.075810e+01 2.126000e+01 2.072500e+01 2.076013e+01 2.075824e+01
2.036000e+01 2.072500e+01 2.086175e+01 2.075020e+01 2.036000e+01 2.073500e+01 2.086224e+01 2.075022e+01
2.067000e+01 2.072500e+01 2.106813e+01 2.079417e+01 2.067000e+01 2.073500e+01 2.107090e+01 2.077930e+01
2.095000e+01 2.072500e+01 2.055111e+01 2.080102e+01 2.095000e+01 2.073500e+01 2.054855e+01 2.078653e+01
2.126000e+01 2.072500e+01 2.076013e+01 2.075824e+01 2.126000e+01 2.073500e+01 2.075961e+01 2.075833e+01
2.036000e+01 2.073500e+01 2.086224e+01 2.075022e+01 2.036000e+01 2.074500e+01 2.086252e+01 2.075022e+01
2.067000e+01 2.073500e+01 2.107090e+01 2.077930e+01 2.067000e+01 2.074500e+01 2.107257e+01 2.076407e+01
2.095000e+01 2.073500e+01 2.054855e+01 2.078653e+01 2.095000e+01 2.074500e+01 2.054706e+01 2.077163e+01
2.126000e+01 2.073500e+01 2.075961e+01 2.075833e+01 2.126000e+01 2.074500e+01 2.075929e+01 2.075839e+01
2.036000e+01 2.074500e+01 2.086252e+01 2.075022e+01 2.036000e+01 2.075500e+01 2.086259e+01 2.075022e+01
2.067000e+01 2.074500e+01 2.107257e+01 2.076407e+01 2.067000e+01 2.075500e+01 2.107309e+01 2.074869e+01
2.095000e+01 2.074500e+01 2.054706e+01 2.077163e+01 2.095000e+01 2.075500e+01 2.054669e+01 2.075651e+01
2.126000e+01 2.074500e+01 2.075929e+01 2.075839e+01 2.126000e+01 2.075500e+01 2.075919e+01 2.075843e+01
2.036000e+01 2.075500e+01 2.086259e+01 2.075022e+01 2.036000e+01 2.076500e+01 2.086244e+01 2.075022e+01
2.067000e+01 2.075500e+01 2.107309e+01 2.074869e+01 2.067000e+01 2.076500e+01 2.107245e+01 2.073337e+01
2.095000e+01 2.075500e+01 2.054669e+01 2.075651e+01 2.095000e+01 2.076500e+01 2.054746e+01 2.074138e+01
2.126000e+01 2.075500e+01 2.075919e+01 2.075843e+01 2.126000e+01 2.076500e+01 2.075931e+01 2.075847e+01
2.036000e+01 2.076500e+01 2.086244e+01 2.075022e+01 2.036000e+01 2.077500e+01 2.086208e+01 2.075025e+01
2.067000e+01 2.076500e+01 2.107245e+01 2.073337e+01 2.067000e+01 2.077500e+01 2.107068e+01 2.071832e+01
2.095000e+01 2.076500e+01 2.054746e+01 2.074138e+01 2.095000e+01 2.077500e+01 2.054935e+01 2.072644e+01
2.126000e+01 2.076500e+01 2.075931e+01 2.075847e+01 2.126000e+01 2.077500e+01 2.075963e+01 2.075852e+01
2.036000e+01 2.077500e+01 2.086208e+01 2.075025e+01 2.036000e+01 2.078500e+01 2.086150e+01 2.075030e+01
2.067000e+01 2.077500e+01 2.107068e+01 2.071832e+01 2.067000e+01 2.078500e+01 2.106784e+01 2.070374e+01
2.095000e+01 2.077500e+01 2.054935e+01 2.072644e+01 2.095000e+01 2.078500e+01 2.055230e+01 2.071190e+01
2.126000e+01 2.077500e+01 2.075963e+01 2.075852e+01 2.126000e+01 2.078500e+01 2.076017e+01 2.075859e+01
2.036000e+01 2.078500e+01 2.086150e+01 2.075030e+01 2.036000e+01 2.079500e+01 2.086071e+01 2.075040e+01
2.067000e+01 2.078500e+01 2.106784e+01 2.070374e+01 2.067000e+01 2.079500e+01 2.106400e+01 2.068982e+01
2.094500e+01 2.079000e+01 2.055462e+01 2.070295e+01 2.094000e+01 2.079500e+01 2.055766e+01 2.069333e+01
2.095000e+01 2.078500e+01 2.055230e+01 2.071190e+01 2.094500e+01 2.079000e+01 2.055462e+01 2.070295e+01
2.126000e+01 2.078500e+01 2.076017e+01 2.075859e+01 2.126000e+01 2.079500e+01 2.076092e+01 2.075869e+01
2.036000e+01 2.079500e+01 2.086071e+01 2.075040e+01 2.036000e+01 2.080500e+01 2.085972e+01 2.075056e+01
2.067000e+01 2.079500e+01 2.106400e+01 2.068982e+01 2.067500e+01 2.080000e+01 2.106107e+01 2.068090e+01
2.067500e+01 2.080000e+01 2.106107e+01 2.068090e+01 2.068000e+01 2.080500e+01 2.105736e+01 2.067138e+01
2.094000e+01 2.079500e+01 2.055766e+01 2.069333e+01 2.094000e+01 2.080500e+01 2.056291e+01 2.067924e+01
2.126000e+01 2.079500e+01 2.076092e+01 2.075869e+01 2.126000e+01 2.080500e+01 2.076188e+01 2.075883e+01
2.036000e+01 2.080500e+01 2.085972e+01 2.075056e+01 2.036000e+01 2.081500e+01 2.085852e+01 2.075079e+01
2.068000e+01 2.080500e+01 2.105736e+01 2.067138e+01 2.068000e+01 2.081500e+01 2.105146e+01 2.065845e+01
2.094000e+01 2.080500e+01 2.056291e+01 2.067924e+01 2.094000e+01 2.081500e+01 2.056897e+01 2.066612e+01
2.126000e+01 2.080500e+01 2.076188e+01 2.075883e+01 2.126000e+01 2.081500e+01 2.076304e+01 2.075904e+01
2.036000e+01 2.081500e+01 2.085852e+01 2.075079e+01 2.036500e+01 2.082000e+01 2.086267e+01 2.075024e+01
2.036500e+01 2.082000e+01 2.086267e+01 2.075024e+01 2.037000e+01 2.082500e+01 2.086674e+01 2.074957e+01
2.068000e+01 2.081500e+01 2.105146e+01 2.065845e+01 2.068500e+01 2.082000e+01 2.104661e+01 2.064930e+01
2.068500e+01 2.082000e+01 2.104661e+01 2.064930e+01 2.069000e+01 2.082500e+01 2.104084e+01 2.063964e+01
2.093500e+01 2.082000e+01 2.057387e+01 2.065675e+01 2.093000e+01 2.082500e+01 2.057970e+01 2.064685e+01
2.094000e+01 2.081500e+01 2.056897e+01 2.066612e+01 2.093500e+01 2.082000e+01 2.057387e+01 2.065675e+01
2.126000e+01 2.081500e+01 2.076304e+01 2.075904e+01 2.126000e+01 2.082500e+01 2.076441e+01 2.075931e+01
2.037000e+01 2.082500e+01 2.086674e+01 2.074957e+01 2.037000e+01 2.083500e+01 2.086509e+01 2.074978e+01
2.069000e+01 2.082500e+01 2.104084e+01 2.063964e+01 2.069000e+01 2.083500e+01 2.103338e+01 2.062862e+01
2.092500e+01 2.083000e+01 2.058602e+01 2.063735e+01 2.092000e+01 2.083500e+01 2.059337e+01 2.062742e+01
2.093000e+01 2.082500e+01 2.057970e+01 2.064685e+01 2.092500e+01 2.083000e+01 2.058602e+01 2.063735e+01
2.125500e+01 2.083000e+01 2.076037e+01 2.075870e+01 2.125000e+01 2.083500e+01 2.075640e+01 2.075797e+01
2.126000e+01 2.082500e+01 2.076441e+01 2.075931e+01 2.125500e+01 2.083000e+01 2.076037e+01 2.075870e+01
2.037000e+01 2.083500e+01 2.086509e+01 2.074978e+01 2.037000e+01 2.084500e+01 2.086324e+01 2.075008e+01
2.069000e+01 2.083500e+01 2.103338e+01 2.062862e+01 2.069500e+01 2.084000e+01 2.102679e+01 2.061988e+01
2.069500e+01 2.084000e+01 2.102679e+01 2.061988e+01 2.070000e+01 2.084500e+01 2.101921e+01 2.061085e+01
2.092000e+01 2.083500e+01 2.059337e+01 2.062742e+01 2.092000e+01 2.084500e+01 2.060181e+01 2.061713e+01
2.125000e+01 2.083500e+01 2.075640e+01 2.075797e+01 2.125000e+01 2.084500e+01 2.075822e+01 2.075822e+01
2.037000e+01 2.084500e+01 2.086324e+01 2.075008e+01 2.037000e+01 2.085500e+01 2.086120e+01 2.075051e+01
2.070000e+01 2.084500e+01 2.101921e+01 2.061085e+01 2.070500e+01 2.085000e+01 2.101142e+01 2.060246e+01
2.070500e+01 2.085000e+01 2.101142e+01 2.060246e+01 2.071000e+01 2.085500e+01 2.100263e+01 2.059393e+01
2.091500e+01 2.085000e+01 2.060976e+01 2.060840e+01 2.091000e+01 2.085500e+01 2.061873e+01 2.059951e+01
2.092000e+01 2.084500e+01 2.060181e+01 2.061713e+01 2.091500e+01 2.085000e+01 2.060976e+01 2.060840e+01
2.125000e+01 2.084500e+01 2.075822e+01 2.075822e+01 2.125000e+01 2.085500e+01 2.076023e+01 2.075858e+01
2.037000e+01 2.085500e+01 2.086120e+01 2.075051e+01 2.037000e+01 2.086500e+01 2.085898e+01 2.075107e+01
2.071000e+01 2.085500e+01 2.100263e+01 2.059393e+01 2.071500e+01 2.086000e+01 2.099380e+01 2.058615e+01
2.071500e+01 2.086000e+01 2.099380e+01 2.058615e+01 2.072000e+01 2.086500e+01 2.098402e+01 2.057841e+01
2.090500e+01 2.086000e+01 2.062777e+01 2.059137e+01 2.090000e+01 2.086500e+01 2.063778e+01 2.058324e+01
2.091000e+01 2.085500e+01 2.061873e+01 2.059951e+01 2.090500e+01 2.086000e+01 2.062777e+01 2.059137e+01
2.125000e+01 2.085500e+01 2.076023e+01 2.075858e+01 2.125000e+01 2.086500e+01 2.076242e+01 2.075905e+01
2.037000e+01 2.086500e+01 2.085898e+01 2.075107e+01 2.037000e+01 2.087500e+01 2.085659e+01 2.075176e+01
2.072000e+01 2.086500e+01 2.098402e+01 2.057841e+01 2.072500e+01 2.087000e+01 2.097437e+01 2.057148e+01
2.072500e+01 2.087000e+01 2.097437e+01 2.057148e+01 2.073500e+01 2.087000e+01 2.096157e+01 2.056330e+01
2.073500e+01 2.087000e+01 2.096157e+01 2.056330e+01 2.074000e+01 2.087500e+01 2.095030e+01 2.055691e+01
2.088500e+01 2.087000e+01 2.066058e+01 2.056733e+01 2.088000e+01 2.087500e+01 2.067214e+01 2.056054e+01
2.088500e+01 2.087000e+01 2.066058e+01 2.056733e+01 2.089500e+01 2.087000e+01 2.064768e+01 2.057593e+01
2.090000e+01 2.086500e+01 2.063778e+01 2.058324e+01 2.089500e+01 2.087000e+01 2.064768e+01 2.057593e+01
2.125000e+01 2.086500e+01 2.076242e+01 2.075905e+01 2.125000e+01 2.087500e+01 2.076480e+01 2.075965e+01
2.037000e+01 2.087500e+01 2.085659e+01 2.075176e+01 2.037500e+01 2.088000e+01 2.085989e+01 2.075089e+01
2.037500e+01 2.088000e+01 2.085989e+01 2.075089e+01 2.038000e+01 2.088500e+01 2.086310e+01 2.074990e+01
2.074000e+01 2.087500e+01 2.095030e+01 2.055691e+01 2.074500e+01 2.088000e+01 2.093944e+01 2.055139e+01
2.074500e+01 2.088000e+01 2.093944e+01 2.055139e+01 2.075500e+01 2.088000e+01 2.092349e+01 2.054445e+01
2.075500e+01 2.088000e+01 2.092349e+01 2.054445e+01 2.076000e+01 2.088500e+01 2.091160e+01 2.053998e+01
2.086500e+01 2.088000e+01 2.069938e+01 2.054725e+01 2.086000e+01 2.088500e+01 2.071158e+01 2.054241e+01
2.086500e+01 2.088000e+01 2.069938e+01 2.054725e+01 2.087500e+01 2.088000e+01 2.068328e+01 2.055464e+01
2.088000e+01 2.087500e+01 2.067214e+01 2.056054e+01 2.087500e+01 2.088000e+01 2.068328e+01 2.055464e+01
2.125000e+01 2.087500e+01 2.076480e+01 2.075965e+01 2.125000e+01 2.088500e+01 2.076735e+01 2.076038e+01
2.038000e+01 2.088500e+01 2.086310e+01 2.074990e+01 2.038000e+01 2.089500e+01 2.086028e+01 2.075073e+01
2.076000e+01 2.088500e+01 2.091160e+01 2.053998e+01 2.076500e+01 2.089000e+01 2.090034e+01 2.053630e+01
2.076500e+01 2.089000e+01 2.090034e+01 2.053630e+01 2.077500e+01 2.089000e+01 2.088226e+01 2.053144e+01
2.077500e+01 2.089000e+01 2.088226e+01 2.053144e+01 2.078500e+01 2.089000e+01 2.086305e+01 2.052768e+01
2.078500e+01 2.089000e+01 2.086305e+01 2.052768e+01 2.079500e+01 2.089000e+01 2.084298e+01 2.052516e+01
2.079500e+01 2.089000e+01 2.084298e+01 2.052516e+01 2.080500e+01 2.089000e+01 2.082234e+01 2.052399e+01
2.080500e+01 2.089000e+01 2.082234e+01 2.052399e+01 2.081500e+01 2.089000e+01 2.080151e+01 2.052423e+01
2.081500e+01 2.089000e+01 2.080151e+01 2.052423e+01 2.082500e+01 2.089000e+01 2.078084e+01 2.052587e+01
2.082500e+01 2.089000e+01 2.078084e+01 2.052587e+01 2.083500e+01 2.089000e+01 2.076068e+01 2.052886e+01
2.083500e+01 2.089000e+01 2.076068e+01 2.052886e+01 2.084500e+01 2.089000e+01 2.074136e+01 2.053308e+01
2.084500e+01 2.089000e+01 2.074136e+01 2.053308e+01 2.085500e+01 2.089000e+01 2.072314e+01 2.053839e+01
2.086000e+01 2.088500e+01 2.071158e+01 2.054241e+01 2.085500e+01 2.089000e+01 2.072314e+01 2.053839e+01
2.125000e+01 2.088500e+01 2.076735e+01 2.076038e+01 2.125000e+01 2.089500e+01 2.077006e+01 2.076126e+01
2.038000e+01 2.089500e+01 2.086028e+01 2.075073e+01 2.038000e+01 2.090500e+01 2.085731e+01 2.075173e+01
2.124500e+01 2.090000e+01 2.076700e+01 2.076035e+01 2.124000e+01 2.090500e+01 2.076404e+01 2.075930e+01
2.125000e+01 2.089500e+01 2.077006e+01 2.076126e+01 2.124500e+01 2.090000e+01 2.076700e+01 2.076035e+01
2.038000e+01 2.090500e+01 2.085731e+01 2.075173e+01 2.038000e+01 2.091500e+01 2.085419e+01 2.075291e+01
2.124000e+01 2.090500e+01 2.076404e+01 2.075930e+01 2.124000e+01 2.091500e+01 2.076716e+01 2.076035e+01
2.038000e+01 2.091500e+01 2.085419e+01 2.075291e+01 2.038500e+01 2.092000e+01 2.085690e+01 2.075196e+01
2.038500e+01 2.092000e+01 2.085690e+01 2.075196e+01 2.039000e+01 2.092500e+01 2.085948e+01 2.075089e+01
2.124000e+01 2.091500e+01 2.076716e+01 2.076035e+01 2.124000e+01 2.092500e+01 2.077043e+01 2.076157e+01
2.039000e+01 2.092500e+01 2.085948e+01 2.075089e+01 2.039000e+01 2.093500e+01 2.085599e+01 2.075230e+01
2.124000e+01 2.092500e+01 2.077043e+01 2.076157e+01 2.124000e+01 2.093500e+01 2.077382e+01 2.076296e+01
2.039000e+01 2.093500e+01 2.085599e+01 2.075230e+01 2.039000e+01 2.094500e+01 2.085238e+01 2.075392e+01
2.123500e+01 2.094000e+01 2.077135e+01 2.076200e+01 2.123000e+01 2.094500e+01 2.076901e+01 2.076091e+01
2.124000e+01 2.093500e+01 2.077382e+01 2.076296e+01 2.123500e+01 2.094000e+01 2.077135e+01 2.076200e+01
2.039000e+01 2.094500e+01 2.085238e+01 2.075392e+01 2.039500e+01 2.095000e+01 2.085462e+01 2.075296e+01
2.039500e+01 2.095000e+01 2.085462e+01 2.075296e+01 2.040000e+01 2.095500e+01 2.085673e+01 2.075190e+01
2.123000e+01 2.094500e+01 2.076901e+01 2.076091e+01 2.123000e+01 2.095500e+01 2.077276e+01 2.076257e+01
2.040000e+01 2.095500e+01 2.085673e+01 2.075190e+01 2.040000e+01 2.096500e+01 2.085279e+01 2.075383e+01
2.123000e+01 2.095500e+01 2.077276e+01 2.076257e+01 2.123000e+01 2.096500e+01 2.077661e+01 2.076443e+01
2.040000e+01 2.096500e+01 2.085279e+01 2.075383e+01 2.040000e+01 2.097500e+01 2.084876e+01 2.075597e+01
2.122500e+01 2.097000e+01 2.077460e+01 2.076349e+01 2.122000e+01 2.097500e+01 2.077273e+01 2.076245e+01
2.123000e+01 2.096500e+01 2.077661e+01 2.076443e+01 2.122500e+01 2.097000e+01 2.077460e+01 2.076349e+01
2.040000e+01 2.097500e+01 2.084876e+01 2.075597e+01 2.040500e+01 2.098000e+01 2.085056e+01 2.075509e+01
2.040500e+01 2.098000e+01 2.085056e+01 2.075509e+01 2.041000e+01 2.098500e+01 2.085221e+01 2.075412e+01
2.122000e+01 2.097500e+01 2.077273e+01 2.076245e+01 2.122000e+01 2.098500e+01 2.077688e+01 2.076463e+01
2.041000e+01 2.098500e+01 2.085221e+01 2.075412e+01 2.041000e+01 2.099500e+01 2.084791e+01 2.075663e+01
2.122000e+01 2.098500e+01 2.077688e+01 2.076463e+01 2.122000e+01 2.099500e+01 2.078111e+01 2.076703e+01
2.041000e+01 2.099500e+01 2.084791e+01 2.075663e+01 2.041500e+01 2.100000e+01 2.084939e+01 2.075582e+01
2.041500e+01 2.100000e+01 2.084939e+01 2.075582e+01 2.042000e+01 2.100500e+01 2.085071e+01 2.075493e+01
2.121500e+01 2.100000e+01 2.077953e+01 2.076620e+01 2.121000e+01 2.100500e+01 2.077811e+01 2.076527e+01
2.122000e+01 2.099500e+01 2.078111e+01 2.076703e+01 2.121500e+01 2.100000e+01 2.077953e+01 2.076620e+01
2.042000e+01 2.100500e+01 2.085071e+01 2.075493e+01 2.042000e+01 2.101500e+01 2.084619e+01 2.075784e+01
2.121000e+01 2.100500e+01 2.077811e+01 2.076527e+01 2.121000e+01 2.101500e+01 2.078257e+01 2.076805e+01
2.042000e+01 2.101500e+01 2.084619e+01 2.075784e+01 2.042500e+01 2.102000e+01 2.084735e+01 2.075713e+01
2.042500e+01 2.102000e+01 2.084735e+01 2.075713e+01 2.043000e+01 2.102500e+01 2.084836e+01 2.075636e+01
2.120500e+01 2.102000e+01 2.078131e+01 2.076729e+01 2.120000e+01 2.102500e+01 2.078021e+01 2.076646e+01
2.121000e+01 2.101500e+01 2.078257e+01 2.076805e+01 2.120500e+01 2.102000e+01 2.078131e+01 2.076729e+01
2.043000e+01 2.102500e+01 2.084836e+01 2.075636e+01 2.043000e+01 2.103500e+01 2.084366e+01 2.075971e+01
2.120000e+01 2.102500e+01 2.078021e+01 2.076646e+01 2.120000e+01 2.103500e+01 2.078487e+01 2.076966e+01
2.043000e+01 2.103500e+01 2.084366e+01 2.075971e+01 2.043500e+01 2.104000e+01 2.084454e+01 2.075914e+01
2.043500e+01 2.104000e+01 2.084454e+01 2.075914e+01 2.044000e+01 2.104500e+01 2.084526e+01 2.075852e+01
2.119500e+01 2.104000e+01 2.078390e+01 2.076902e+01 2.119000e+01 2.104500e+01 2.078309e+01 2.076832e+01
2.120000e+01 2.103500e+01 2.078487e+01 2.076966e+01 2.119500e+01 2.104000e+01 2.078390e+01 2.076902e+01
2.044000e+01 2.104500e+01 2.084526e+01 2.075852e+01 2.044000e+01 2.105500e+01 2.084043e+01 2.076232e+01
2.119000e+01 2.104500e+01 2.078309e+01 2.076832e+01 2.119000e+01 2.105500e+01 2.078790e+01 2.077195e+01
2.044000e+01 2.105500e+01 2.084043e+01 2.076232e+01 2.044500e+01 2.106000e+01 2.084105e+01 2.076193e+01
2.044500e+01 2.106000e+01 2.084105e+01 2.076193e+01 2.045000e+01 2.106500e+01 2.084150e+01 2.076149e+01
2.118500e+01 2.106000e+01 2.078721e+01 2.077147e+01 2.118000e+01 2.106500e+01 2.078667e+01 2.077094e+01
2.119000e+01 2.105500e+01 2.078790e+01 2.077195e+01 2.118500e+01 2.106000e+01 2.078721e+01 2.077147e+01
2.045000e+01 2.106500e+01 2.084150e+01 2.076149e+01 2.045500e+01 2.107000e+01 2.084192e+01 2.076118e+01
2.045500e+01 2.107000e+01 2.084192e+01 2.076118e+01 2.046000e+01 2.107500e+01 2.084217e+01 2.076083e+01
2.118000e+01 2.106500e+01 2.078667e+01 2.077094e+01 2.118000e+01 2.107500e+01 2.079158e+01 2.077503e+01
2.046000e+01 2.107500e+01 2.084217e+01 2.076083e+01 2.046000e+01 2.108500e+01 2.083721e+01 2.076535e+01
2.117500e+01 2.108000e+01 2.079113e+01 2.077474e+01 2.117000e+01 2.108500e+01 2.079084e+01 2.077441e+01
2.118000e+01 2.107500e+01 2.079158e+01 2.077503e+01 2.117500e+01 2.108000e+01 2.079113e+01 2.077474e+01
2.046000e+01 2.108500e+01 2.083721e+01 2.076535e+01 2.046500e+01 2.109000e+01 2.083741e+01 2.076526e+01
2.046500e+01 2.109000e+01 2.083741e+01 2.076526e+01 2.047000e+01 2.109500e+01 2.083745e+01 2.076515e+01
2.116500e+01 2.109000e+01 2.079058e+01 2.077421e+01 2.116000e+01 2.109500e+01 2.079048e+01 2.077398e+01
2.117000e+01 2.108500e+01 2.079084e+01 2.077441e+01 2.116500e+01 2.109000e+01 2.079058e+01 2.077421e+01
2.047000e+01 2.109500e+01 2.083745e+01 2.076515e+01 2.047500e+01 2.110000e+01 2.083748e+01 2.076518e+01
2.047500e+01 2.110000e+01 2.083748e+01 2.076518e+01 2.048000e+01 2.110500e+01 2.083735e+01 2.076519e+01
2.116000e+01 2.109500e+01 2.079048e+01 2.077398e+01 2.116000e+01 2.110500e+01 2.079548e+01 2.077878e+01
2.048000e+01 2.110500e+01 2.083735e+01 2.076519e+01 2.048000e+01 2.111500e+01 2.083237e+01 2.077047e+01
2.115500e+01 2.111000e+01 2.079541e+01 2.077881e+01 2.115000e+01 2.111500e+01 2.079550e+01 2.077883e+01
2.116000e+01 2.110500e+01 2.079548e+01 2.077878e+01 2.115500e+01 2.111000e+01 2.079541e+01 2.077881e+01
2.048000e+01 2.111500e+01 2.083237e+01 2.077047e+01 2.048500e+01 2.112000e+01 2.083224e+01 2.077075e+01
2.048500e+01 2.112000e+01 2.083224e+01 2.077075e+01 2.049000e+01 2.112500e+01 2.083196e+01 2.077104e+01
2.114500e+01 2.112000e+01 2.079559e+01 2.077898e+01 2.114000e+01 2.112500e+01 2.079584e+01 2.077913e+01
2.115000e+01 2.111500e+01 2.079550e+01 2.077883e+01 2.114500e+01 2.112000e+01 2.079559e+01 2.077898e+01
2.049000e+01 2.112500e+01 2.083196e+01 2.077104e+01 2.049500e+01 2.113000e+01 2.083168e+01 2.077146e+01
2.049500e+01 2.113000e+01 2.083168e+01 2.077146e+01 2.050000e+01 2.113500e+01 2.083126e+01 2.077191e+01
2.114000e+01 2.112500e+01 2.079584e+01 2.077913e+01 2.114000e+01 2.113500e+01 2.080081e+01 2.078467e+01
2.050000e+01 2.113500e+01 2.083126e+01 2.077191e+01 2.050500e+01 2.114000e+01 2.083086e+01 2.077248e+01
2.050500e+01 2.114000e+01 2.083086e+01 2.077248e+01 2.051000e+01 2.114500e+01 2.083031e+01 2.077309e+01
2.113500e+01 2.114000e+01 2.080105e+01 2.078509e+01 2.113000e+01 2.114500e+01 2.080143e+01 2.078552e+01
2.114000e+01 2.113500e+01 2.080081e+01 2.078467e+01 2.113500e+01 2.114000e+01 2.080105e+01 2.078509e+01
2.051000e+01 2.114500e+01 2.083031e+01 2.077309e+01 2.051500e+01 2.115000e+01 2.082979e+01 2.077383e+01
2.051500e+01 2.115000e+01 2.082979e+01 2.077383e+01 2.052000e+01 2.115500e+01 2.082914e+01 2.077460e+01
2.112500e+01 2.115000e+01 2.080179e+01 2.078608e+01 2.112000e+01 2.115500e+01 2.080229e+01 2.078667e+01
2.113000e+01 2.114500e+01 2.080143e+01 2.078552e+01 2.112500e+01 2.115000e+01 2.080179e+01 2.078608e+01
2.052000e+01 2.115500e+01 2.082914e+01 2.077460e+01 2.052500e+01 2.116000e+01 2.082852e+01 2.077551e+01
2.052500e+01 2.116000e+01 2.082852e+01 2.077551e+01 2.053000e+01 2.116500e+01 2.082777e+01 2.077647e+01
2.111500e+01 2.116000e+01 2.080277e+01 2.078739e+01 2.111000e+01 2.116500e+01 2.080338e+01 2.078814e+01
2.112000e+01 2.115500e+01 2.080229e+01 2.078667e+01 2.111500e+01 2.116000e+01 2.080277e+01 2.078739e+01
2.053000e+01 2.116500e+01 2.082777e+01 2.077647e+01 2.053500e+01 2.117000e+01 2.082707e+01 2.077756e+01
2.053500e+01 2.117000e+01 2.082707e+01 2.077756e+01 2.054000e+01 2.117500e+01 2.082624e+01 2.077870e+01
2.110500e+01 2.117000e+01 2.080396e+01 2.078903e+01 2.110000e+01 2.117500e+01 2.080466e+01 2.078996e+01
2.111000e+01 2.116500e+01 2.080338e+01 2.078814e+01 2.110500e+01 2.117000e+01 2.080396e+01 2.078903e+01
2.054000e+01 2.117500e+01 2.082624e+01 2.077870e+01 2.054500e+01 2.118000e+01 2.082547e+01 2.077997e+01
2.054500e+01 2.118000e+01 2.082547e+01 2.077997e+01 2.055000e+01 2.118500e+01 2.082458e+01 2.078131e+01
2.109500e+01 2.118000e+01 2.080532e+01 2.079102e+01 2.109000e+01 2.118500e+01 2.080611e+01 2.079213e+01
2.110000e+01 2.117500e+01 2.080466e+01 2.078996e+01 2.109500e+01 2.118000e+01 2.080532e+01 2.079102e+01
2.055000e+01 2.118500e+01 2.082458e+01 2.078131e+01 2.055500e+01 2.119000e+01 2.082376e+01 2.078277e+01
2.055500e+01 2.119000e+01 2.082376e+01 2.078277e+01 2.056000e+01 2.119500e+01 2.082282e+01 2.078430e+01
2.108500e+01 2.119000e+01 2.080684e+01 2.079338e+01 2.108000e+01 2.119500e+01 2.080768e+01 2.079468e+01
2.109000e+01 2.118500e+01 2.080611e+01 2.079213e+01 2.108500e+01 2.119000e+01 2.080684e+01 2.079338e+01
2.056000e+01 2.119500e+01 2.082282e+01 2.078430e+01 2.056500e+01 2.120000e+01 2.082196e+01 2.078596e+01
2.056500e+01 2.120000e+01 2.082196e+01 2.078596e+01 2.057000e+01 2.120500e+01 2.082100e+01 2.078769e+01
2.106500e+01 2.120000e+01 2.080583e+01 2.079168e+01 2.106000e+01 2.120500e+01 2.080683e+01 2.079324e+01
2.106500e+01 2.120000e+01 2.080583e+01 2.079168e+01 2.107500e+01 2.120000e+01 2.080847e+01 2.079610e+01
2.108000e+01 2.119500e+01 2.080768e+01 2.079468e+01 2.107500e+01 2.120000e+01 2.080847e+01 2.079610e+01
2.057000e+01 2.120500e+01 2.082100e+01 2.078769e+01 2.057500e+01 2.121000e+01 2.082011e+01 2.078954e+01
2.057500e+01 2.121000e+01 2.082011e+01 2.078954e+01 2.058500e+01 2.121000e+01 2.082223e+01 2.078547e+01
2.058500e+01 2.121000e+01 2.082223e+01 2.078547e+01 2.059000e+01 2.121500e+01 2.082116e+01 2.078748e+01
2.105500e+01 2.121000e+01 2.080775e+01 2.079493e+01 2.105000e+01 2.121500e+01 2.080877e+01 2.079669e+01
2.106000e+01 2.120500e+01 2.080683e+01 2.079324e+01 2.105500e+01 2.121000e+01 2.080775e+01 2.079493e+01
2.059000e+01 2.121500e+01 2.082116e+01 2.078748e+01 2.059500e+01 2.122000e+01 2.082018e+01 2.078962e+01
2.059500e+01 2.122000e+01 2.082018e+01 2.078962e+01 2.060000e+01 2.122500e+01 2.081913e+01 2.079184e+01
2.104500e+01 2.122000e+01 2.080971e+01 2.079858e+01 2.104000e+01 2.122500e+01 2.081073e+01 2.080055e+01
2.105000e+01 2.121500e+01 2.080877e+01 2.079669e+01 2.104500e+01 2.122000e+01 2.080971e+01 2.079858e+01
2.060000e+01 2.122500e+01 2.081913e+01 2.079184e+01 2.060500e+01 2.123000e+01 2.081816e+01 2.079418e+01
2.060500e+01 2.123000e+01 2.081816e+01 2.079418e+01 2.061500e+01 2.123000e+01 2.081974e+01 2.079054e+01
2.061500e+01 2.123000e+01 2.081974e+01 2.079054e+01 2.062000e+01 2.123500e+01 2.081864e+01 2.079307e+01
2.102500e+01 2.123000e+01 2.080982e+01 2.079874e+01 2.102000e+01 2.123500e+01 2.081091e+01 2.080101e+01
2.102500e+01 2.123000e+01 2.080982e+01 2.079874e+01 2.103500e+01 2.123000e+01 2.081167e+01 2.080263e+01
2.104000e+01 2.122500e+01 2.081073e+01 2.080055e+01 2.103500e+01 2.123000e+01 2.081167e+01 2.080263e+01
2.062000e+01 2.123500e+01 2.081864e+01 2.079307e+01 2.062500e+01 2.124000e+01 2.081765e+01 2.079570e+01
2.062500e+01 2.124000e+01 2.081765e+01 2.079570e+01 2.063500e+01 2.124000e+01 2.081890e+01 2.079237e+01
2.063500e+01 2.124000e+01 2.081890e+01 2.079237e+01 2.064000e+01 2.124500e+01 2.081781e+01 2.079520e+01
2.100500e+01 2.124000e+01 2.081040e+01 2.079977e+01 2.100000e+01 2.124500e+01 2.081150e+01 2.080234e+01
2.100500e+01 2.124000e+01 2.081040e+01 2.079977e+01 2.101500e+01 2.124000e+01 2.081190e+01 2.080338e+01
2.102000e+01 2.123500e+01 2.081091e+01 2.080101e+01 2.101500e+01 2.124000e+01 2.081190e+01 2.080338e+01
2.064000e+01 2.124500e+01 2.081781e+01 2.079520e+01 2.064500e+01 2.125000e+01 2.081683e+01 2.079814e+01
2.064500e+01 2.125000e+01 2.081683e+01 2.079814e+01 2.065500e+01 2.125000e+01 2.081780e+01 2.079514e+01
2.065500e+01 2.125000e+01 2.081780e+01 2.079514e+01 2.066000e+01 2.125500e+01 2.081676e+01 2.079829e+01
2.098500e+01 2.125000e+01 2.081131e+01 2.080172e+01 2.098000e+01 2.125500e+01 2.081240e+01 2.080460e+01
2.098500e+01 2.125000e+01 2.081131e+01 2.080172e+01 2.099500e+01 2.125000e+01 2.081251e+01 2.080501e+01
2.100000e+01 2.124500e+01 2.081150e+01 2.080234e+01 2.099500e+01 2.125000e+01 2.081251e+01 2.080501e+01
2.066000e+01 2.125500e+01 2.081676e+01 2.079829e+01 2.066500e+01 2.126000e+01 2.081583e+01 2.080152e+01
2.066500e+01 2.126000e+01 2.081583e+01 2.080152e+01 2.067500e+01 2.126000e+01 2.081657e+01 2.079889e+01
2.067500e+01 2.126000e+01 2.081657e+01 2.079889e+01 2.068000e+01 2.126500e+01 2.081562e+01 2.080235e+01
2.096500e+01 2.126000e+01 2.081243e+01 2.080462e+01 2.096000e+01 2.126500e+01 2.081345e+01 2.080781e+01
2.096500e+01 2.126000e+01 2.081243e+01 2.080462e+01 2.097500e+01 2.126000e+01 2.081338e+01 2.080757e+01
2.098000e+01 2.125500e+01 2.081240e+01 2.080460e+01 2.097500e+01 2.126000e+01 2.081338e+01 2.080757e+01
2.068000e+01 2.126500e+01 2.081562e+01 2.080235e+01 2.068500e+01 2.127000e+01 2.081478e+01 2.080588e+01
2.068500e+01 2.127000e+01 2.081478e+01 2.080588e+01 2.069500e+01 2.127000e+01 2.081535e+01 2.080362e+01
2.069500e+01 2.127000e+01 2.081535e+01 2.080362e+01 2.070500e+01 2.127000e+01 2.081579e+01 2.080152e+01
2.070500e+01 2.127000e+01 2.081579e+01 2.080152e+01 2.071000e+01 2.127500e+01 2.081497e+01 2.080539e+01
2.093500e+01 2.127000e+01 2.081302e+01 2.080605e+01 2.093000e+01 2.127500e+01 2.081394e+01 2.080967e+01
2.093500e+01 2.127000e+01 2.081302e+01 2.080605e+01 2.094500e+01 2.127000e+01 2.081362e+01 2.080850e+01
2.094500e+01 2.127000e+01 2.081362e+01 2.080850e+01 2.095500e+01 2.127000e+01 2.081437e+01 2.081109e+01
2.096000e+01 2.126500e+01 2.081345e+01 2.080781e+01 2.095500e+01 2.127000e+01 2.081437e+01 2.081109e+01
2.071000e+01 2.127500e+01 2.081497e+01 2.080539e+01 2.071500e+01 2.128000e+01 2.081427e+01 2.080933e+01
2.071500e+01 2.128000e+01 2.081427e+01 2.080933e+01 2.072500e+01 2.128000e+01 2.081462e+01 2.080762e+01
2.072500e+01 2.128000e+01 2.081462e+01 2.080762e+01 2.073500e+01 2.128000e+01 2.081486e+01 2.080609e+01
2.073500e+01 2.128000e+01 2.081486e+01 2.080609e+01 2.074500e+01 2.128000e+01 2.081500e+01 2.080474e+01
2.074500e+01 2.128000e+01 2.081500e+01 2.080474e+01 2.075000e+01 2.128500e+01 2.081444e+01 2.080913e+01
2.089500e+01 2.128000e+01 2.081365e+01 2.080768e+01 2.089000e+01 2.128500e+01 2.081435e+01 2.081183e+01
2.089500e+01 2.128000e+01 2.081365e+01 2.080768e+01 2.090500e+01 2.128000e+01 2.081390e+01 2.080940e+01
2.090500e+01 2.128000e+01 2.081390e+01 2.080940e+01 2.091500e+01 2.128000e+01 2.081427e+01 2.081130e+01
2.091500e+01 2.128000e+01 2.081427e+01 2.081130e+01 2.092500e+01 2.128000e+01 2.081475e+01 2.081336e+01
2.093000e+01 2.127500e+01 2.081394e+01 2.080967e+01 2.092500e+01 2.128000e+01 2.081475e+01 2.081336e+01
2.075000e+01 2.128500e+01 2.081444e+01 2.080913e+01 2.075500e+01 2.129000e+01 2.081400e+01 2.081355e+01
2.075500e+01 2.129000e+01 2.081400e+01 2.081355e+01 2.076500e+01 2.129000e+01 2.081416e+01 2.081261e+01
2.076500e+01 2.129000e+01 2.081416e+01 2.081261e+01 2.077500e+01 2.129000e+01 2.081427e+01 2.081184e+01
2.077500e+01 2.129000e+01 2.081427e+01 2.081184e+01 2.078500e+01 2.129000e+01 2.081433e+01 2.081127e+01
2.078500e+01 2.129000e+01 2.081433e+01 2.081127e+01 2.079500e+01 2.129000e+01 2.081435e+01 2.081089e+01
2.079500e+01 2.129000e+01 2.081435e+01 2.081089e+01 2.080500e+01 2.129000e+01 2.081435e+01 2.081069e+01
2.080500e+01 2.129000e+01 2.081435e+01 2.081069e+01 2.081500e+01 2.129000e+01 2.081433e+01 2.081069e+01
2.081500e+01 2.129000e+01 2.081433e+01 2.081069e+01 2.082500e+01 2.129000e+01 2.081432e+01 2.081089e+01
2.082500e+01 2.129000e+01 2.081432e+01 2.081089e+01 2.083500e+01 2.129000e+01 2.081432e+01 2.081127e+01
2.083500e+01 2.129000e+01 2.081432e+01 2.081127e+01 2.084500e+01 2.129000e+01 2.081434e+01 2.081185e+01
2.084500e+01 2.129000e+01 2.081434e+01 2.081185e+01 2.085500e+01 2.129000e+01 2.081440e+01 2.081261e+01
2.085500e+01 2.129000e+01 2.081440e+01 2.081261e+01 2.086500e+01 2.129000e+01 2.081451e+01 2.081357e+01
2.086500e+01 2.129000e+01 2.081451e+01 2.081357e+01 2.087500e+01 2.129000e+01 2.081469e+01 2.081471e+01
2.087500e+01 2.129000e+01 2.081469e+01 2.081471e+01 2.088500e+01 2.129000e+01 2.081493e+01 2.081602e+01
2.089000e+01 2.128500e+01 2.081435e+01 2.081183e+01 2.088500e+01 2.129000e+01 2.081493e+01 2.081602e+01
