2.075500e+01 2.023000e+01 2.084496e+01 2.073384e+01 2.075000e+01 2.023500e+01 2.084535e+01 2.073784e+01
2.075500e+01 2.023000e+01 2.084496e+01 2.073384e+01 2.076500e+01 2.023000e+01 2.084510e+01 2.073467e+01
2.076500e+01 2.023000e+01 2.084510e+01 2.073467e+01 2.077500e+01 2.023000e+01 2.084520e+01 2.073533e+01
2.077500e+01 2.023000e+01 2.084520e+01 2.073533e+01 2.078500e+01 2.023000e+01 2.084527e+01 2.073583e+01
2.078500e+01 2.023000e+01 2.084527e+01 2.073583e+01 2.079500e+01 2.023000e+01 2.084530e+01 2.073615e+01
2.079500e+01 2.023000e+01 2.084530e+01 2.073615e+01 2.080500e+01 2.023000e+01 2.084533e+01 2.073631e+01
2.080500e+01 2.023000e+01 2.084533e+01 2.073631e+01 2.081500e+01 2.023000e+01 2.084535e+01 2.073628e+01
2.081500e+01 2.023000e+01 2.084535e+01 2.073628e+01 2.082500e+01 2.023000e+01 2.084537e+01 2.073609e+01
2.082500e+01 2.023000e+01 2.084537e+01 2.073609e+01 2.083500e+01 2.023000e+01 2.084542e+01 2.073571e+01
2.083500e+01 2.023000e+01 2.084542e+01 2.073571e+01 2.084500e+01 2.023000e+01 2.084549e+01 2.073515e+01
2.084500e+01 2.023000e+01 2.084549e+01 2.073515e+01 2.085500e+01 2.023000e+01 2.084561e+01 2.073442e+01
2.085500e+01 2.023000e+01 2.084561e+01 2.073442e+01 2.086000e+01 2.023500e+01 2.084524e+01 2.073861e+01
2.070500e+01 2.024000e+01 2.084492e+01 2.073608e+01 2.070000e+01 2.024500e+01 2.084557e+01 2.073950e+01
2.070500e+01 2.024000e+01 2.084492e+01 2.073608e+01 2.071500e+01 2.024000e+01 2.084528e+01 2.073774e+01
2.071500e+01 2.024000e+01 2.084528e+01 2.073774e+01 2.072500e+01 2.024000e+01 2.084556e+01 2.073925e+01
2.072500e+01 2.024000e+01 2.084556e+01 2.073925e+01 2.073500e+01 2.024000e+01 2.084575e+01 2.074061e+01
2.073500e+01 2.024000e+01 2.084575e+01 2.074061e+01 2.074500e+01 2.024000e+01 2.084586e+01 2.074182e+01
2.075000e+01 2.023500e+01 2.084535e+01 2.073784e+01 2.074500e+01 2.024000e+01 2.084586e+01 2.074182e+01
2.086000e+01 2.023500e+01 2.084524e+01 2.073861e+01 2.086500e+01 2.024000e+01 2.084477e+01 2.074281e+01
2.086500e+01 2.024000e+01 2.084477e+01 2.074281e+01 2.087500e+01 2.024000e+01 2.084483e+01 2.074171e+01
2.087500e+01 2.024000e+01 2.084483e+01 2.074171e+01 2.088500e+01 2.024000e+01 2.084495e+01 2.074043e+01
2.088500e+01 2.024000e+01 2.084495e+01 2.074043e+01 2.089500e+01 2.024000e+01 2.084517e+01 2.073898e+01
2.089500e+01 2.024000e+01 2.084517e+01 2.073898e+01 2.090500e+01 2.024000e+01 2.084549e+01 2.073735e+01
2.090500e+01 2.024000e+01 2.084549e+01 2.073735e+01 2.091000e+01 2.024500e+01 2.084480e+01 2.074104e+01
2.067500e+01 2.025000e+01 2.084532e+01 2.073871e+01 2.067000e+01 2.025500e+01 2.084609e+01 2.074174e+01
2.067500e+01 2.025000e+01 2.084532e+01 2.073871e+01 2.068500e+01 2.025000e+01 2.084589e+01 2.074085e+01
2.068500e+01 2.025000e+01 2.084589e+01 2.074085e+01 2.069500e+01 2.025000e+01 2.084634e+01 2.074286e+01
2.070000e+01 2.024500e+01 2.084557e+01 2.073950e+01 2.069500e+01 2.025000e+01 2.084634e+01 2.074286e+01
2.091000e+01 2.024500e+01 2.084480e+01 2.074104e+01 2.091500e+01 2.025000e+01 2.084401e+01 2.074471e+01
2.091500e+01 2.025000e+01 2.084401e+01 2.074471e+01 2.092500e+01 2.025000e+01 2.084439e+01 2.074270e+01
2.092500e+01 2.025000e+01 2.084439e+01 2.074270e+01 2.093500e+01 2.025000e+01 2.084491e+01 2.074052e+01
2.093500e+01 2.025000e+01 2.084491e+01 2.074052e+01 2.094500e+01 2.025000e+01 2.084557e+01 2.073819e+01
2.094500e+01 2.025000e+01 2.084557e+01 2.073819e+01 2.095000e+01 2.025500e+01 2.084473e+01 2.074142e+01
2.065500e+01 2.026000e+01 2.084625e+01 2.074224e+01 2.065000e+01 2.026500e+01 2.084710e+01 2.074500e+01
2.065500e+01 2.026000e+01 2.084625e+01 2.074224e+01 2.066500e+01 2.026000e+01 2.084698e+01 2.074471e+01
2.067000e+01 2.025500e+01 2.084609e+01 2.074174e+01 2.066500e+01 2.026000e+01 2.084698e+01 2.074471e+01
2.095000e+01 2.025500e+01 2.084473e+01 2.074142e+01 2.095500e+01 2.026000e+01 2.084379e+01 2.074462e+01
2.095500e+01 2.026000e+01 2.084379e+01 2.074462e+01 2.096500e+01 2.026000e+01 2.084462e+01 2.074192e+01
2.096500e+01 2.026000e+01 2.084462e+01 2.074192e+01 2.097000e+01 2.026500e+01 2.084370e+01 2.074489e+01
2.062500e+01 2.027000e+01 2.084605e+01 2.074204e+01 2.062000e+01 2.027500e+01 2.084690e+01 2.074441e+01
2.062500e+01 2.027000e+01 2.084605e+01 2.074204e+01 2.063500e+01 2.027000e+01 2.084713e+01 2.074490e+01
2.063500e+01 2.027000e+01 2.084713e+01 2.074490e+01 2.064500e+01 2.027000e+01 2.084805e+01 2.074767e+01
2.065000e+01 2.026500e+01 2.084710e+01 2.074500e+01 2.064500e+01 2.027000e+01 2.084805e+01 2.074767e+01
2.097000e+01 2.026500e+01 2.084370e+01 2.074489e+01 2.097500e+01 2.027000e+01 2.084267e+01 2.074782e+01
2.097500e+01 2.027000e+01 2.084267e+01 2.074782e+01 2.098500e+01 2.027000e+01 2.084373e+01 2.074475e+01
2.098500e+01 2.027000e+01 2.084373e+01 2.074475e+01 2.099000e+01 2.027500e+01 2.084276e+01 2.074746e+01
2.060500e+01 2.028000e+01 2.084650e+01 2.074358e+01 2.060000e+01 2.028500e+01 2.084734e+01 2.074569e+01
2.060500e+01 2.028000e+01 2.084650e+01 2.074358e+01 2.061500e+01 2.028000e+01 2.084784e+01 2.074671e+01
2.062000e+01 2.027500e+01 2.084690e+01 2.074441e+01 2.061500e+01 2.028000e+01 2.084784e+01 2.074671e+01
2.099000e+01 2.027500e+01 2.084276e+01 2.074746e+01 2.099500e+01 2.028000e+01 2.084168e+01 2.075011e+01
2.099500e+01 2.028000e+01 2.084168e+01 2.075011e+01 2.100500e+01 2.028000e+01 2.084302e+01 2.074670e+01
2.100500e+01 2.028000e+01 2.084302e+01 2.074670e+01 2.101000e+01 2.028500e+01 2.084204e+01 2.074913e+01
2.059500e+01 2.029000e+01 2.084827e+01 2.074770e+01 2.059000e+01 2.029500e+01 2.084914e+01 2.074963e+01
2.060000e+01 2.028500e+01 2.084734e+01 2.074569e+01 2.059500e+01 2.029000e+01 2.084827e+01 2.074770e+01
2.101000e+01 2.028500e+01 2.084204e+01 2.074913e+01 2.101500e+01 2.029000e+01 2.084096e+01 2.075149e+01
2.101500e+01 2.029000e+01 2.084096e+01 2.075149e+01 2.102500e+01 2.029000e+01 2.084264e+01 2.074776e+01
2.102500e+01 2.029000e+01 2.084264e+01 2.074776e+01 2.103000e+01 2.029500e+01 2.084169e+01 2.074991e+01
2.057500e+01 2.030000e+01 2.084832e+01 2.074794e+01 2.057000e+01 2.030500e+01 2.084913e+01 2.074961e+01
2.057500e+01 2.030000e+01 2.084832e+01 2.074794e+01 2.058500e+01 2.030000e+01 2.085009e+01 2.075146e+01
2.059000e+01 2.029500e+01 2.084914e+01 2.074963e+01 2.058500e+01 2.030000e+01 2.085009e+01 2.075146e+01
2.103000e+01 2.029500e+01 2.084169e+01 2.074991e+01 2.103500e+01 2.030000e+01 2.084064e+01 2.075198e+01
2.103500e+01 2.030000e+01 2.084064e+01 2.075198e+01 2.104000e+01 2.030500e+01 2.083967e+01 2.075395e+01
2.056500e+01 2.031000e+01 2.085000e+01 2.075118e+01 2.056000e+01 2.031500e+01 2.085080e+01 2.075268e+01
2.057000e+01 2.030500e+01 2.084913e+01 2.074961e+01 2.056500e+01 2.031000e+01 2.085000e+01 2.075118e+01
2.104000e+01 2.030500e+01 2.083967e+01 2.075395e+01 2.104500e+01 2.031000e+01 2.083861e+01 2.075583e+01
2.104500e+01 2.031000e+01 2.083861e+01 2.075583e+01 2.105500e+01 2.031000e+01 2.084086e+01 2.075163e+01
2.105500e+01 2.031000e+01 2.084086e+01 2.075163e+01 2.106000e+01 2.031500e+01 2.083999e+01 2.075333e+01
2.054500e+01 2.032000e+01 2.084938e+01 2.075024e+01 2.054000e+01 2.032500e+01 2.085006e+01 2.075151e+01
2.054500e+01 2.032000e+01 2.084938e+01 2.075024e+01 2.055500e+01 2.032000e+01 2.085166e+01 2.075407e+01
2.056000e+01 2.031500e+01 2.085080e+01 2.075268e+01 2.055500e+01 2.032000e+01 2.085166e+01 2.075407e+01
2.106000e+01 2.031500e+01 2.083999e+01 2.075333e+01 2.106500e+01 2.032000e+01 2.083902e+01 2.075492e+01
2.106500e+01 2.032000e+01 2.083902e+01 2.075492e+01 2.107000e+01 2.032500e+01 2.083817e+01 2.075644e+01
2.053500e+01 2.033000e+01 2.085079e+01 2.075266e+01 2.053000e+01 2.033500e+01 2.085143e+01 2.075376e+01
2.054000e+01 2.032500e+01 2.085006e+01 2.075151e+01 2.053500e+01 2.033000e+01 2.085079e+01 2.075266e+01
2.107000e+01 2.032500e+01 2.083817e+01 2.075644e+01 2.107500e+01 2.033000e+01 2.083724e+01 2.075785e+01
2.107500e+01 2.033000e+01 2.083724e+01 2.075785e+01 2.108000e+01 2.033500e+01 2.083642e+01 2.075918e+01
2.052500e+01 2.034000e+01 2.085212e+01 2.075474e+01 2.052000e+01 2.034500e+01 2.085270e+01 2.075569e+01
2.053000e+01 2.033500e+01 2.085143e+01 2.075376e+01 2.052500e+01 2.034000e+01 2.085212e+01 2.075474e+01
2.108000e+01 2.033500e+01 2.083642e+01 2.075918e+01 2.108500e+01 2.034000e+01 2.083553e+01 2.076039e+01
2.108500e+01 2.034000e+01 2.083553e+01 2.076039e+01 2.109000e+01 2.034500e+01 2.083477e+01 2.076154e+01
2.051500e+01 2.035000e+01 2.085333e+01 2.075651e+01 2.051000e+01 2.035500e+01 2.085384e+01 2.075729e+01
2.052000e+01 2.034500e+01 2.085270e+01 2.075569e+01 2.051500e+01 2.035000e+01 2.085333e+01 2.075651e+01
2.109000e+01 2.034500e+01 2.083477e+01 2.076154e+01 2.109500e+01 2.035000e+01 2.083394e+01 2.076257e+01
2.109500e+01 2.035000e+01 2.083394e+01 2.076257e+01 2.110500e+01 2.035000e+01 2.083741e+01 2.075771e+01
2.110500e+01 2.035000e+01 2.083741e+01 2.075771e+01 2.111000e+01 2.035500e+01 2.083686e+01 2.075862e+01
2.050500e+01 2.036000e+01 2.085439e+01 2.075796e+01 2.050000e+01 2.036500e+01 2.085482e+01 2.075860e+01
2.051000e+01 2.035500e+01 2.085384e+01 2.075729e+01 2.050500e+01 2.036000e+01 2.085439e+01 2.075796e+01
2.111000e+01 2.035500e+01 2.083686e+01 2.075862e+01 2.111500e+01 2.036000e+01 2.083625e+01 2.075941e+01
2.111500e+01 2.036000e+01 2.083625e+01 2.075941e+01 2.112000e+01 2.036500e+01 2.083580e+01 2.076015e+01
2.049500e+01 2.037000e+01 2.085528e+01 2.075912e+01 2.049000e+01 2.037500e+01 2.085563e+01 2.075961e+01
2.050000e+01 2.036500e+01 2.085482e+01 2.075860e+01 2.049500e+01 2.037000e+01 2.085528e+01 2.075912e+01
2.112000e+01 2.036500e+01 2.083580e+01 2.076015e+01 2.112500e+01 2.037000e+01 2.083530e+01 2.076077e+01
2.112500e+01 2.037000e+01 2.083530e+01 2.076077e+01 2.113000e+01 2.037500e+01 2.083496e+01 2.076135e+01
2.048500e+01 2.038000e+01 2.085599e+01 2.075999e+01 2.048000e+01 2.038500e+01 2.085623e+01 2.076035e+01
2.049000e+01 2.037500e+01 2.085563e+01 2.075961e+01 2.048500e+01 2.038000e+01 2.085599e+01 2.075999e+01
2.113000e+01 2.037500e+01 2.083496e+01 2.076135e+01 2.113000e+01 2.038500e+01 2.082982e+01 2.076738e+01
2.047500e+01 2.039000e+01 2.085647e+01 2.076060e+01 2.047000e+01 2.039500e+01 2.085660e+01 2.076084e+01
2.048000e+01 2.038500e+01 2.085623e+01 2.076035e+01 2.047500e+01 2.039000e+01 2.085647e+01 2.076060e+01
2.113000e+01 2.038500e+01 2.082982e+01 2.076738e+01 2.113500e+01 2.039000e+01 2.082942e+01 2.076770e+01
2.113500e+01 2.039000e+01 2.082942e+01 2.076770e+01 2.114000e+01 2.039500e+01 2.082918e+01 2.076799e+01
2.047000e+01 2.039500e+01 2.085660e+01 2.076084e+01 2.047000e+01 2.040500e+01 2.086093e+01 2.076542e+01
2.114000e+01 2.039500e+01 2.082918e+01 2.076799e+01 2.114500e+01 2.040000e+01 2.082892e+01 2.076816e+01
2.114500e+01 2.040000e+01 2.082892e+01 2.076816e+01 2.115000e+01 2.040500e+01 2.082883e+01 2.076830e+01
2.046500e+01 2.041000e+01 2.086105e+01 2.076542e+01 2.046000e+01 2.041500e+01 2.086104e+01 2.076543e+01
2.047000e+01 2.040500e+01 2.086093e+01 2.076542e+01 2.046500e+01 2.041000e+01 2.086105e+01 2.076542e+01
2.115000e+01 2.040500e+01 2.082883e+01 2.076830e+01 2.115500e+01 2.041000e+01 2.082874e+01 2.076832e+01
2.115500e+01 2.041000e+01 2.082874e+01 2.076832e+01 2.116000e+01 2.041500e+01 2.082883e+01 2.076833e+01
2.045500e+01 2.042000e+01 2.086102e+01 2.076533e+01 2.045000e+01 2.042500e+01 2.086087e+01 2.076524e+01
2.046000e+01 2.041500e+01 2.086104e+01 2.076543e+01 2.045500e+01 2.042000e+01 2.086102e+01 2.076533e+01
2.116000e+01 2.041500e+01 2.082883e+01 2.076833e+01 2.116500e+01 2.042000e+01 2.082891e+01 2.076821e+01
2.116500e+01 2.042000e+01 2.082891e+01 2.076821e+01 2.117000e+01 2.042500e+01 2.082918e+01 2.076810e+01
2.044500e+01 2.043000e+01 2.086070e+01 2.076504e+01 2.044000e+01 2.043500e+01 2.086040e+01 2.076487e+01
2.045000e+01 2.042500e+01 2.086087e+01 2.076524e+01 2.044500e+01 2.043000e+01 2.086070e+01 2.076504e+01
2.117000e+01 2.042500e+01 2.082918e+01 2.076810e+01 2.117000e+01 2.043500e+01 2.082390e+01 2.077290e+01
2.044000e+01 2.043500e+01 2.086040e+01 2.076487e+01 2.044000e+01 2.044500e+01 2.086468e+01 2.076858e+01
2.117000e+01 2.043500e+01 2.082390e+01 2.077290e+01 2.117500e+01 2.044000e+01 2.082420e+01 2.077252e+01
2.117500e+01 2.044000e+01 2.082420e+01 2.077252e+01 2.118000e+01 2.044500e+01 2.082469e+01 2.077218e+01
2.043500e+01 2.045000e+01 2.086432e+01 2.076819e+01 2.043000e+01 2.045500e+01 2.086382e+01 2.076784e+01
2.044000e+01 2.044500e+01 2.086468e+01 2.076858e+01 2.043500e+01 2.045000e+01 2.086432e+01 2.076819e+01
2.118000e+01 2.044500e+01 2.082469e+01 2.077218e+01 2.118500e+01 2.045000e+01 2.082521e+01 2.077170e+01
2.118500e+01 2.045000e+01 2.082521e+01 2.077170e+01 2.119000e+01 2.045500e+01 2.082591e+01 2.077126e+01
2.042500e+01 2.046000e+01 2.086329e+01 2.076738e+01 2.042000e+01 2.046500e+01 2.086262e+01 2.076697e+01
2.043000e+01 2.045500e+01 2.086382e+01 2.076784e+01 2.042500e+01 2.046000e+01 2.086329e+01 2.076738e+01
2.119000e+01 2.045500e+01 2.082591e+01 2.077126e+01 2.119000e+01 2.046500e+01 2.082071e+01 2.077534e+01
2.042000e+01 2.046500e+01 2.086262e+01 2.076697e+01 2.042000e+01 2.047500e+01 2.086676e+01 2.077009e+01
2.119000e+01 2.046500e+01 2.082071e+01 2.077534e+01 2.119500e+01 2.047000e+01 2.082151e+01 2.077466e+01
2.119500e+01 2.047000e+01 2.082151e+01 2.077466e+01 2.120000e+01 2.047500e+01 2.082249e+01 2.077403e+01
2.041500e+01 2.048000e+01 2.086599e+01 2.076948e+01 2.041000e+01 2.048500e+01 2.086510e+01 2.076894e+01
2.042000e+01 2.047500e+01 2.086676e+01 2.077009e+01 2.041500e+01 2.048000e+01 2.086599e+01 2.076948e+01
2.120000e+01 2.047500e+01 2.082249e+01 2.077403e+01 2.120000e+01 2.048500e+01 2.081738e+01 2.077765e+01
2.041000e+01 2.048500e+01 2.086510e+01 2.076894e+01 2.041000e+01 2.049500e+01 2.086911e+01 2.077169e+01
2.120000e+01 2.048500e+01 2.081738e+01 2.077765e+01 2.120500e+01 2.049000e+01 2.081850e+01 2.077679e+01
2.120500e+01 2.049000e+01 2.081850e+01 2.077679e+01 2.121000e+01 2.049500e+01 2.081979e+01 2.077601e+01
2.040500e+01 2.050000e+01 2.086809e+01 2.077096e+01 2.040000e+01 2.050500e+01 2.086695e+01 2.077031e+01
2.041000e+01 2.049500e+01 2.086911e+01 2.077169e+01 2.040500e+01 2.050000e+01 2.086809e+01 2.077096e+01
2.121000e+01 2.049500e+01 2.081979e+01 2.077601e+01 2.121000e+01 2.050500e+01 2.081484e+01 2.077918e+01
2.040000e+01 2.050500e+01 2.086695e+01 2.077031e+01 2.040000e+01 2.051500e+01 2.087080e+01 2.077271e+01
2.121000e+01 2.050500e+01 2.081484e+01 2.077918e+01 2.121500e+01 2.051000e+01 2.081630e+01 2.077818e+01
2.121500e+01 2.051000e+01 2.081630e+01 2.077818e+01 2.122000e+01 2.051500e+01 2.081794e+01 2.077727e+01
2.039500e+01 2.052000e+01 2.086951e+01 2.077190e+01 2.039000e+01 2.052500e+01 2.086810e+01 2.077118e+01
2.040000e+01 2.051500e+01 2.087080e+01 2.077271e+01 2.039500e+01 2.052000e+01 2.086951e+01 2.077190e+01
2.122000e+01 2.051500e+01 2.081794e+01 2.077727e+01 2.122000e+01 2.052500e+01 2.081319e+01 2.078001e+01
2.039000e+01 2.052500e+01 2.086810e+01 2.077118e+01 2.039000e+01 2.053500e+01 2.087175e+01 2.077324e+01
2.122000e+01 2.052500e+01 2.081319e+01 2.078001e+01 2.122500e+01 2.053000e+01 2.081503e+01 2.077891e+01
2.122500e+01 2.053000e+01 2.081503e+01 2.077891e+01 2.123000e+01 2.053500e+01 2.081704e+01 2.077792e+01
2.039000e+01 2.053500e+01 2.087175e+01 2.077324e+01 2.039000e+01 2.054500e+01 2.087535e+01 2.077513e+01
2.123000e+01 2.053500e+01 2.081704e+01 2.077792e+01 2.123000e+01 2.054500e+01 2.081256e+01 2.078027e+01
2.038500e+01 2.055000e+01 2.087367e+01 2.077422e+01 2.038000e+01 2.055500e+01 2.087190e+01 2.077340e+01
2.039000e+01 2.054500e+01 2.087535e+01 2.077513e+01 2.038500e+01 2.055000e+01 2.087367e+01 2.077422e+01
2.123000e+01 2.054500e+01 2.081256e+01 2.078027e+01 2.123000e+01 2.055500e+01 2.080814e+01 2.078239e+01
2.038000e+01 2.055500e+01 2.087190e+01 2.077340e+01 2.038000e+01 2.056500e+01 2.087524e+01 2.077500e+01
2.123000e+01 2.055500e+01 2.080814e+01 2.078239e+01 2.123500e+01 2.056000e+01 2.081050e+01 2.078118e+01
2.123500e+01 2.056000e+01 2.081050e+01 2.078118e+01 2.124000e+01 2.056500e+01 2.081303e+01 2.078009e+01
2.038000e+01 2.056500e+01 2.087524e+01 2.077500e+01 2.038000e+01 2.057500e+01 2.087850e+01 2.077643e+01
2.124000e+01 2.056500e+01 2.081303e+01 2.078009e+01 2.124000e+01 2.057500e+01 2.080896e+01 2.078186e+01
2.037500e+01 2.058000e+01 2.087641e+01 2.077548e+01 2.037000e+01 2.058500e+01 2.087424e+01 2.077463e+01
2.038000e+01 2.057500e+01 2.087850e+01 2.077643e+01 2.037500e+01 2.058000e+01 2.087641e+01 2.077548e+01
2.124000e+01 2.057500e+01 2.080896e+01 2.078186e+01 2.124000e+01 2.058500e+01 2.080500e+01 2.078343e+01
2.037000e+01 2.058500e+01 2.087424e+01 2.077463e+01 2.037000e+01 2.059500e+01 2.087720e+01 2.077583e+01
2.124000e+01 2.058500e+01 2.080500e+01 2.078343e+01 2.124500e+01 2.059000e+01 2.080793e+01 2.078218e+01
2.124500e+01 2.059000e+01 2.080793e+01 2.078218e+01 2.125000e+01 2.059500e+01 2.081100e+01 2.078108e+01
2.037000e+01 2.059500e+01 2.087720e+01 2.077583e+01 2.037000e+01 2.060500e+01 2.088005e+01 2.077688e+01
2.125000e+01 2.059500e+01 2.081100e+01 2.078108e+01 2.125000e+01 2.060500e+01 2.080745e+01 2.078237e+01
2.037000e+01 2.060500e+01 2.088005e+01 2.077688e+01 2.037000e+01 2.061500e+01 2.088279e+01 2.077778e+01
2.125000e+01 2.060500e+01 2.080745e+01 2.078237e+01 2.125000e+01 2.061500e+01 2.080405e+01 2.078347e+01
2.036500e+01 2.062000e+01 2.088016e+01 2.077685e+01 2.036000e+01 2.062500e+01 2.087746e+01 2.077604e+01
2.037000e+01 2.061500e+01 2.088279e+01 2.077778e+01 2.036500e+01 2.062000e+01 2.088016e+01 2.077685e+01
2.125000e+01 2.061500e+01 2.080405e+01 2.078347e+01 2.125500e+01 2.062000e+01 2.080757e+01 2.078230e+01
2.125500e+01 2.062000e+01 2.080757e+01 2.078230e+01 2.126000e+01 2.062500e+01 2.081121e+01 2.078129e+01
2.036000e+01 2.062500e+01 2.087746e+01 2.077604e+01 2.036000e+01 2.063500e+01 2.087984e+01 2.077679e+01
2.126000e+01 2.062500e+01 2.081121e+01 2.078129e+01 2.126000e+01 2.063500e+01 2.080828e+01 2.078220e+01
2.036000e+01 2.063500e+01 2.087984e+01 2.077679e+01 2.036000e+01 2.064500e+01 2.088208e+01 2.077741e+01
2.126000e+01 2.063500e+01 2.080828e+01 2.078220e+01 2.126000e+01 2.064500e+01 2.080552e+01 2.078294e+01
2.036000e+01 2.064500e+01 2.088208e+01 2.077741e+01 2.036000e+01 2.065500e+01 2.088418e+01 2.077792e+01
2.126000e+01 2.064500e+01 2.080552e+01 2.078294e+01 2.126000e+01 2.065500e+01 2.080295e+01 2.078353e+01
2.036000e+01 2.065500e+01 2.088418e+01 2.077792e+01 2.036000e+01 2.066500e+01 2.088613e+01 2.077831e+01
2.126000e+01 2.065500e+01 2.080295e+01 2.078353e+01 2.126000e+01 2.066500e+01 2.080058e+01 2.078398e+01
2.035500e+01 2.067000e+01 2.088283e+01 2.077756e+01 2.035000e+01 2.067500e+01 2.087949e+01 2.077693e+01
2.036000e+01 2.066500e+01 2.088613e+01 2.077831e+01 2.035500e+01 2.067000e+01 2.088283e+01 2.077756e+01
2.126000e+01 2.066500e+01 2.080058e+01 2.078398e+01 2.126000e+01 2.067500e+01 2.079842e+01 2.078430e+01
2.035000e+01 2.067500e+01 2.087949e+01 2.077693e+01 2.035000e+01 2.068500e+01 2.088104e+01 2.077730e+01
2.126000e+01 2.067500e+01 2.079842e+01 2.078430e+01 2.126500e+01 2.068000e+01 2.080302e+01 2.078342e+01
2.126500e+01 2.068000e+01 2.080302e+01 2.078342e+01 2.127000e+01 2.068500e+01 2.080769e+01 2.078271e+01
2.035000e+01 2.068500e+01 2.088104e+01 2.077730e+01 2.035000e+01 2.069500e+01 2.088243e+01 2.077758e+01
2.127000e+01 2.068500e+01 2.080769e+01 2.078271e+01 2.127000e+01 2.069500e+01 2.080607e+01 2.078302e+01
2.035000e+01 2.069500e+01 2.088243e+01 2.077758e+01 2.035000e+01 2.070500e+01 2.088364e+01 2.077779e+01
2.127000e+01 2.069500e+01 2.080607e+01 2.078302e+01 2.127000e+01 2.070500e+01 2.080467e+01 2.078324e+01
2.035000e+01 2.070500e+01 2.088364e+01 2.077779e+01 2.035000e+01 2.071500e+01 2.088468e+01 2.077794e+01
2.127000e+01 2.070500e+01 2.080467e+01 2.078324e+01 2.127000e+01 2.071500e+01 2.080351e+01 2.078338e+01
2.035000e+01 2.071500e+01 2.088468e+01 2.077794e+01 2.035000e+01 2.072500e+01 2.088554e+01 2.077804e+01
2.127000e+01 2.071500e+01 2.080351e+01 2.078338e+01 2.127000e+01 2.072500e+01 2.080258e+01 2.078346e+01
2.035000e+01 2.072500e+01 2.088554e+01 2.077804e+01 2.035000e+01 2.073500e+01 2.088622e+01 2.077811e+01
2.127000e+01 2.072500e+01 2.080258e+01 2.078346e+01 2.127000e+01 2.073500e+01 2.080190e+01 2.078349e+01
2.035000e+01 2.073500e+01 2.088622e+01 2.077811e+01 2.035000e+01 2.074500e+01 2.088671e+01 2.077814e+01
2.127000e+01 2.073500e+01 2.080190e+01 2.078349e+01 2.127000e+01 2.074500e+01 2.080147e+01 2.078348e+01
2.035000e+01 2.074500e+01 2.088671e+01 2.077814e+01 2.035000e+01 2.075500e+01 2.088701e+01 2.077815e+01
2.127000e+01 2.074500e+01 2.080147e+01 2.078348e+01 2.127000e+01 2.075500e+01 2.080129e+01 2.078346e+01
2.035000e+01 2.075500e+01 2.088701e+01 2.077815e+01 2.035000e+01 2.076500e+01 2.088713e+01 2.077816e+01
2.127000e+01 2.075500e+01 2.080129e+01 2.078346e+01 2.127000e+01 2.076500e+01 2.080136e+01 2.078343e+01
2.035000e+01 2.076500e+01 2.088713e+01 2.077816e+01 2.035000e+01 2.077500e+01 2.088705e+01 2.077817e+01
2.127000e+01 2.076500e+01 2.080136e+01 2.078343e+01 2.127000e+01 2.077500e+01 2.080169e+01 2.078340e+01
2.035000e+01 2.077500e+01 2.088705e+01 2.077817e+01 2.035000e+01 2.078500e+01 2.088678e+01 2.077820e+01
2.127000e+01 2.077500e+01 2.080169e+01 2.078340e+01 2.127000e+01 2.078500e+01 2.080228e+01 2.078341e+01
2.035000e+01 2.078500e+01 2.088678e+01 2.077820e+01 2.035000e+01 2.079500e+01 2.088631e+01 2.077825e+01
2.127000e+01 2.078500e+01 2.080228e+01 2.078341e+01 2.127000e+01 2.079500e+01 2.080311e+01 2.078345e+01
2.035000e+01 2.079500e+01 2.088631e+01 2.077825e+01 2.035000e+01 2.080500e+01 2.088566e+01 2.077835e+01
2.127000e+01 2.079500e+01 2.080311e+01 2.078345e+01 2.127000e+01 2.080500e+01 2.080420e+01 2.078355e+01
2.035000e+01 2.080500e+01 2.088566e+01 2.077835e+01 2.035000e+01 2.081500e+01 2.088482e+01 2.077849e+01
2.127000e+01 2.080500e+01 2.080420e+01 2.078355e+01 2.127000e+01 2.081500e+01 2.080554e+01 2.078372e+01
2.035000e+01 2.081500e+01 2.088482e+01 2.077849e+01 2.035500e+01 2.082000e+01 2.088870e+01 2.077808e+01
2.035500e+01 2.082000e+01 2.088870e+01 2.077808e+01 2.036000e+01 2.082500e+01 2.089259e+01 2.077756e+01
2.127000e+01 2.081500e+01 2.080554e+01 2.078372e+01 2.127000e+01 2.082500e+01 2.080712e+01 2.078398e+01
2.036000e+01 2.082500e+01 2.089259e+01 2.077756e+01 2.036000e+01 2.083500e+01 2.089133e+01 2.077765e+01
2.127000e+01 2.082500e+01 2.080712e+01 2.078398e+01 2.127000e+01 2.083500e+01 2.080895e+01 2.078434e+01
2.036000e+01 2.083500e+01 2.089133e+01 2.077765e+01 2.036000e+01 2.084500e+01 2.088989e+01 2.077783e+01
2.127000e+01 2.083500e+01 2.080895e+01 2.078434e+01 2.127000e+01 2.084500e+01 2.081101e+01 2.078480e+01
2.036000e+01 2.084500e+01 2.088989e+01 2.077783e+01 2.036000e+01 2.085500e+01 2.088827e+01 2.077811e+01
2.126500e+01 2.085000e+01 2.080643e+01 2.078396e+01 2.126000e+01 2.085500e+01 2.080192e+01 2.078296e+01
2.127000e+01 2.084500e+01 2.081101e+01 2.078480e+01 2.126500e+01 2.085000e+01 2.080643e+01 2.078396e+01
2.036000e+01 2.085500e+01 2.088827e+01 2.077811e+01 2.036000e+01 2.086500e+01 2.088647e+01 2.077850e+01
2.126000e+01 2.085500e+01 2.080192e+01 2.078296e+01 2.126000e+01 2.086500e+01 2.080451e+01 2.078347e+01
2.036000e+01 2.086500e+01 2.088647e+01 2.077850e+01 2.036000e+01 2.087500e+01 2.088450e+01 2.077900e+01
2.126000e+01 2.086500e+01 2.080451e+01 2.078347e+01 2.126000e+01 2.087500e+01 2.080732e+01 2.078414e+01
2.036000e+01 2.087500e+01 2.088450e+01 2.077900e+01 2.036500e+01 2.088000e+01 2.088767e+01 2.077825e+01
2.036500e+01 2.088000e+01 2.088767e+01 2.077825e+01 2.037000e+01 2.088500e+01 2.089081e+01 2.077738e+01
2.126000e+01 2.087500e+01 2.080732e+01 2.078414e+01 2.126000e+01 2.088500e+01 2.081034e+01 2.078498e+01
2.037000e+01 2.088500e+01 2.089081e+01 2.077738e+01 2.037000e+01 2.089500e+01 2.088843e+01 2.077799e+01
2.126000e+01 2.088500e+01 2.081034e+01 2.078498e+01 2.126000e+01 2.089500e+01 2.081356e+01 2.078600e+01
2.037000e+01 2.089500e+01 2.088843e+01 2.077799e+01 2.037000e+01 2.090500e+01 2.088589e+01 2.077876e+01
2.125500e+01 2.090000e+01 2.080982e+01 2.078489e+01 2.125000e+01 2.090500e+01 2.080619e+01 2.078364e+01
2.126000e+01 2.089500e+01 2.081356e+01 2.078600e+01 2.125500e+01 2.090000e+01 2.080982e+01 2.078489e+01
2.037000e+01 2.090500e+01 2.088589e+01 2.077876e+01 2.037000e+01 2.091500e+01 2.088321e+01 2.077968e+01
2.125000e+01 2.090500e+01 2.080619e+01 2.078364e+01 2.125000e+01 2.091500e+01 2.080990e+01 2.078486e+01
2.037000e+01 2.091500e+01 2.088321e+01 2.077968e+01 2.037500e+01 2.092000e+01 2.088585e+01 2.077881e+01
2.037500e+01 2.092000e+01 2.088585e+01 2.077881e+01 2.038000e+01 2.092500e+01 2.088843e+01 2.077783e+01
2.125000e+01 2.091500e+01 2.080990e+01 2.078486e+01 2.125000e+01 2.092500e+01 2.081379e+01 2.078630e+01
2.038000e+01 2.092500e+01 2.088843e+01 2.077783e+01 2.038000e+01 2.093500e+01 2.088537e+01 2.077896e+01
2.125000e+01 2.092500e+01 2.081379e+01 2.078630e+01 2.125000e+01 2.093500e+01 2.081784e+01 2.078796e+01
2.038000e+01 2.093500e+01 2.088537e+01 2.077896e+01 2.038000e+01 2.094500e+01 2.088218e+01 2.078028e+01
2.124500e+01 2.094000e+01 2.081479e+01 2.078681e+01 2.124000e+01 2.094500e+01 2.081187e+01 2.078551e+01
2.125000e+01 2.093500e+01 2.081784e+01 2.078796e+01 2.124500e+01 2.094000e+01 2.081479e+01 2.078681e+01
2.038000e+01 2.094500e+01 2.088218e+01 2.078028e+01 2.038500e+01 2.095000e+01 2.088441e+01 2.077939e+01
2.038500e+01 2.095000e+01 2.088441e+01 2.077939e+01 2.039000e+01 2.095500e+01 2.088654e+01 2.077838e+01
2.124000e+01 2.094500e+01 2.081187e+01 2.078551e+01 2.124000e+01 2.095500e+01 2.081635e+01 2.078750e+01
2.039000e+01 2.095500e+01 2.088654e+01 2.077838e+01 2.039000e+01 2.096500e+01 2.088302e+01 2.077999e+01
2.124000e+01 2.095500e+01 2.081635e+01 2.078750e+01 2.124000e+01 2.096500e+01 2.082095e+01 2.078973e+01
2.039000e+01 2.096500e+01 2.088302e+01 2.077999e+01 2.039000e+01 2.097500e+01 2.087939e+01 2.078181e+01
2.123500e+01 2.097000e+01 2.081844e+01 2.078861e+01 2.123000e+01 2.097500e+01 2.081608e+01 2.078737e+01
2.124000e+01 2.096500e+01 2.082095e+01 2.078973e+01 2.123500e+01 2.097000e+01 2.081844e+01 2.078861e+01
2.039000e+01 2.097500e+01 2.087939e+01 2.078181e+01 2.039500e+01 2.098000e+01 2.088120e+01 2.078097e+01
2.039500e+01 2.098000e+01 2.088120e+01 2.078097e+01 2.040000e+01 2.098500e+01 2.088291e+01 2.078002e+01
2.123000e+01 2.097500e+01 2.081608e+01 2.078737e+01 2.123000e+01 2.098500e+01 2.082104e+01 2.079000e+01
2.040000e+01 2.098500e+01 2.088291e+01 2.078002e+01 2.040000e+01 2.099500e+01 2.087899e+01 2.078219e+01
2.122500e+01 2.099000e+01 2.081892e+01 2.078892e+01 2.122000e+01 2.099500e+01 2.081697e+01 2.078773e+01
2.123000e+01 2.098500e+01 2.082104e+01 2.079000e+01 2.122500e+01 2.099000e+01 2.081892e+01 2.078892e+01
2.040000e+01 2.099500e+01 2.087899e+01 2.078219e+01 2.040500e+01 2.100000e+01 2.088050e+01 2.078139e+01
2.040500e+01 2.100000e+01 2.088050e+01 2.078139e+01 2.041000e+01 2.100500e+01 2.088189e+01 2.078050e+01
2.122000e+01 2.099500e+01 2.081697e+01 2.078773e+01 2.122000e+01 2.100500e+01 2.082224e+01 2.079082e+01
2.041000e+01 2.100500e+01 2.088189e+01 2.078050e+01 2.041000e+01 2.101500e+01 2.087772e+01 2.078307e+01
2.121500e+01 2.101000e+01 2.082050e+01 2.078983e+01 2.121000e+01 2.101500e+01 2.081894e+01 2.078873e+01
2.122000e+01 2.100500e+01 2.082224e+01 2.079082e+01 2.121500e+01 2.101000e+01 2.082050e+01 2.078983e+01
2.041000e+01 2.101500e+01 2.087772e+01 2.078307e+01 2.041500e+01 2.102000e+01 2.087894e+01 2.078236e+01
2.041500e+01 2.102000e+01 2.087894e+01 2.078236e+01 2.042000e+01 2.102500e+01 2.088003e+01 2.078157e+01
2.121000e+01 2.101500e+01 2.081894e+01 2.078873e+01 2.121000e+01 2.102500e+01 2.082447e+01 2.079231e+01
2.042000e+01 2.102500e+01 2.088003e+01 2.078157e+01 2.042000e+01 2.103500e+01 2.087565e+01 2.078457e+01
2.120500e+01 2.103000e+01 2.082309e+01 2.079145e+01 2.120000e+01 2.103500e+01 2.082189e+01 2.079051e+01
2.121000e+01 2.102500e+01 2.082447e+01 2.079231e+01 2.120500e+01 2.103000e+01 2.082309e+01 2.079145e+01
2.042000e+01 2.103500e+01 2.087565e+01 2.078457e+01 2.042500e+01 2.104000e+01 2.087659e+01 2.078399e+01
2.042500e+01 2.104000e+01 2.087659e+01 2.078399e+01 2.043000e+01 2.104500e+01 2.087739e+01 2.078333e+01
2.120000e+01 2.103500e+01 2.082189e+01 2.079051e+01 2.120000e+01 2.104500e+01 2.082762e+01 2.079461e+01
2.043000e+01 2.104500e+01 2.087739e+01 2.078333e+01 2.043000e+01 2.105500e+01 2.087285e+01 2.078680e+01
2.119500e+01 2.105000e+01 2.082657e+01 2.079393e+01 2.119000e+01 2.105500e+01 2.082571e+01 2.079318e+01
2.120000e+01 2.104500e+01 2.082762e+01 2.079461e+01 2.119500e+01 2.105000e+01 2.082657e+01 2.079393e+01
2.043000e+01 2.105500e+01 2.087285e+01 2.078680e+01 2.043500e+01 2.106000e+01 2.087353e+01 2.078638e+01
2.043500e+01 2.106000e+01 2.087353e+01 2.078638e+01 2.044000e+01 2.106500e+01 2.087407e+01 2.078590e+01
2.119000e+01 2.105500e+01 2.082571e+01 2.079318e+01 2.119000e+01 2.106500e+01 2.083157e+01 2.079782e+01
2.044000e+01 2.106500e+01 2.087407e+01 2.078590e+01 2.044500e+01 2.107000e+01 2.087456e+01 2.078555e+01
2.044500e+01 2.107000e+01 2.087456e+01 2.078555e+01 2.045000e+01 2.107500e+01 2.087491e+01 2.078515e+01
2.118500e+01 2.107000e+01 2.083082e+01 2.079735e+01 2.118000e+01 2.107500e+01 2.083026e+01 2.079683e+01
2.119000e+01 2.106500e+01 2.083157e+01 2.079782e+01 2.118500e+01 2.107000e+01 2.083082e+01 2.079735e+01
2.045000e+01 2.107500e+01 2.087491e+01 2.078515e+01 2.045000e+01 2.108500e+01 2.087017e+01 2.078936e+01
2.117500e+01 2.108000e+01 2.082974e+01 2.079646e+01 2.117000e+01 2.108500e+01 2.082941e+01 2.079606e+01
2.118000e+01 2.107500e+01 2.083026e+01 2.079683e+01 2.117500e+01 2.108000e+01 2.082974e+01 2.079646e+01
2.045000e+01 2.108500e+01 2.087017e+01 2.078936e+01 2.045500e+01 2.109000e+01 2.087044e+01 2.078923e+01
2.045500e+01 2.109000e+01 2.087044e+01 2.078923e+01 2.046000e+01 2.109500e+01 2.087057e+01 2.078907e+01
2.117000e+01 2.108500e+01 2.082941e+01 2.079606e+01 2.117000e+01 2.109500e+01 2.083541e+01 2.080154e+01
2.046000e+01 2.109500e+01 2.087057e+01 2.078907e+01 2.046500e+01 2.110000e+01 2.087067e+01 2.078905e+01
2.046500e+01 2.110000e+01 2.087067e+01 2.078905e+01 2.047000e+01 2.110500e+01 2.087063e+01 2.078900e+01
2.116500e+01 2.110000e+01 2.083513e+01 2.080144e+01 2.116000e+01 2.110500e+01 2.083504e+01 2.080132e+01
2.117000e+01 2.109500e+01 2.083541e+01 2.080154e+01 2.116500e+01 2.110000e+01 2.083513e+01 2.080144e+01
2.047000e+01 2.110500e+01 2.087063e+01 2.078900e+01 2.047500e+01 2.111000e+01 2.087058e+01 2.078910e+01
2.047500e+01 2.111000e+01 2.087058e+01 2.078910e+01 2.048000e+01 2.111500e+01 2.087038e+01 2.078919e+01
2.115500e+01 2.111000e+01 2.083496e+01 2.080135e+01 2.115000e+01 2.111500e+01 2.083507e+01 2.080138e+01
2.116000e+01 2.110500e+01 2.083504e+01 2.080132e+01 2.115500e+01 2.111000e+01 2.083496e+01 2.080135e+01
2.048000e+01 2.111500e+01 2.087038e+01 2.078919e+01 2.048000e+01 2.112500e+01 2.086555e+01 2.079449e+01
2.114500e+01 2.112000e+01 2.083517e+01 2.080157e+01 2.114000e+01 2.112500e+01 2.083545e+01 2.080176e+01
2.115000e+01 2.111500e+01 2.083507e+01 2.080138e+01 2.114500e+01 2.112000e+01 2.083517e+01 2.080157e+01
2.048000e+01 2.112500e+01 2.086555e+01 2.079449e+01 2.048500e+01 2.113000e+01 2.086533e+01 2.079487e+01
2.048500e+01 2.113000e+01 2.086533e+01 2.079487e+01 2.049000e+01 2.113500e+01 2.086499e+01 2.079526e+01
2.113500e+01 2.113000e+01 2.083573e+01 2.080211e+01 2.113000e+01 2.113500e+01 2.083617e+01 2.080248e+01
2.114000e+01 2.112500e+01 2.083545e+01 2.080176e+01 2.113500e+01 2.113000e+01 2.083573e+01 2.080211e+01
2.049000e+01 2.113500e+01 2.086499e+01 2.079526e+01 2.049500e+01 2.114000e+01 2.086465e+01 2.079580e+01
2.049500e+01 2.114000e+01 2.086465e+01 2.079580e+01 2.050000e+01 2.114500e+01 2.086418e+01 2.079635e+01
2.112500e+01 2.114000e+01 2.083660e+01 2.080301e+01 2.112000e+01 2.114500e+01 2.083720e+01 2.080357e+01
2.113000e+01 2.113500e+01 2.083617e+01 2.080248e+01 2.112500e+01 2.114000e+01 2.083660e+01 2.080301e+01
2.050000e+01 2.114500e+01 2.086418e+01 2.079635e+01 2.050500e+01 2.115000e+01 2.086372e+01 2.079706e+01
2.050500e+01 2.115000e+01 2.086372e+01 2.079706e+01 2.051000e+01 2.115500e+01 2.086313e+01 2.079778e+01
2.111500e+01 2.115000e+01 2.083776e+01 2.080429e+01 2.111000e+01 2.115500e+01 2.083848e+01 2.080505e+01
2.112000e+01 2.114500e+01 2.083720e+01 2.080357e+01 2.111500e+01 2.115000e+01 2.083776e+01 2.080429e+01
2.051000e+01 2.115500e+01 2.086313e+01 2.079778e+01 2.051500e+01 2.116000e+01 2.086257e+01 2.079866e+01
2.051500e+01 2.116000e+01 2.086257e+01 2.079866e+01 2.052000e+01 2.116500e+01 2.086189e+01 2.079958e+01
2.110500e+01 2.116000e+01 2.083916e+01 2.080597e+01 2.110000e+01 2.116500e+01 2.084000e+01 2.080693e+01
2.111000e+01 2.115500e+01 2.083848e+01 2.080505e+01 2.110500e+01 2.116000e+01 2.083916e+01 2.080597e+01
2.052000e+01 2.116500e+01 2.086189e+01 2.079958e+01 2.052500e+01 2.117000e+01 2.086124e+01 2.080065e+01
2.052500e+01 2.117000e+01 2.086124e+01 2.080065e+01 2.053000e+01 2.117500e+01 2.086047e+01 2.080176e+01
2.109500e+01 2.117000e+01 2.084078e+01 2.080805e+01 2.109000e+01 2.117500e+01 2.084171e+01 2.080924e+01
2.110000e+01 2.116500e+01 2.084000e+01 2.080693e+01 2.109500e+01 2.117000e+01 2.084078e+01 2.080805e+01
2.053000e+01 2.117500e+01 2.086047e+01 2.080176e+01 2.053500e+01 2.118000e+01 2.085975e+01 2.080302e+01
2.053500e+01 2.118000e+01 2.085975e+01 2.080302e+01 2.054500e+01 2.118000e+01 2.086260e+01 2.079850e+01
2.054500e+01 2.118000e+01 2.086260e+01 2.079850e+01 2.055000e+01 2.118500e+01 2.086164e+01 2.079988e+01
2.108500e+01 2.118000e+01 2.084257e+01 2.081057e+01 2.108000e+01 2.118500e+01 2.084357e+01 2.081197e+01
2.109000e+01 2.117500e+01 2.084171e+01 2.080924e+01 2.108500e+01 2.118000e+01 2.084257e+01 2.081057e+01
2.055000e+01 2.118500e+01 2.086164e+01 2.079988e+01 2.055500e+01 2.119000e+01 2.086076e+01 2.080140e+01
2.055500e+01 2.119000e+01 2.086076e+01 2.080140e+01 2.056000e+01 2.119500e+01 2.085976e+01 2.080300e+01
2.107500e+01 2.119000e+01 2.084450e+01 2.081352e+01 2.107000e+01 2.119500e+01 2.084556e+01 2.081514e+01
2.108000e+01 2.118500e+01 2.084357e+01 2.081197e+01 2.107500e+01 2.119000e+01 2.084450e+01 2.081352e+01
2.056000e+01 2.119500e+01 2.085976e+01 2.080300e+01 2.056500e+01 2.120000e+01 2.085884e+01 2.080474e+01
2.056500e+01 2.120000e+01 2.085884e+01 2.080474e+01 2.057000e+01 2.120500e+01 2.085782e+01 2.080657e+01
2.105500e+01 2.120000e+01 2.084355e+01 2.081174e+01 2.105000e+01 2.120500e+01 2.084476e+01 2.081368e+01
2.105500e+01 2.120000e+01 2.084355e+01 2.081174e+01 2.106500e+01 2.120000e+01 2.084653e+01 2.081691e+01
2.107000e+01 2.119500e+01 2.084556e+01 2.081514e+01 2.106500e+01 2.120000e+01 2.084653e+01 2.081691e+01
2.057000e+01 2.120500e+01 2.085782e+01 2.080657e+01 2.057500e+01 2.121000e+01 2.085687e+01 2.080853e+01
2.057500e+01 2.121000e+01 2.085687e+01 2.080853e+01 2.058500e+01 2.121000e+01 2.085888e+01 2.080446e+01
2.058500e+01 2.121000e+01 2.085888e+01 2.080446e+01 2.059000e+01 2.121500e+01 2.085776e+01 2.080660e+01
2.104500e+01 2.121000e+01 2.084587e+01 2.081576e+01 2.104000e+01 2.121500e+01 2.084708e+01 2.081793e+01
2.105000e+01 2.120500e+01 2.084476e+01 2.081368e+01 2.104500e+01 2.121000e+01 2.084587e+01 2.081576e+01
2.059000e+01 2.121500e+01 2.085776e+01 2.080660e+01 2.059500e+01 2.122000e+01 2.085673e+01 2.080888e+01
2.059500e+01 2.122000e+01 2.085673e+01 2.080888e+01 2.060000e+01 2.122500e+01 2.085563e+01 2.081126e+01
2.102500e+01 2.122000e+01 2.084591e+01 2.081554e+01 2.102000e+01 2.122500e+01 2.084719e+01 2.081806e+01
2.102500e+01 2.122000e+01 2.084591e+01 2.081554e+01 2.103500e+01 2.122000e+01 2.084819e+01 2.082023e+01
2.104000e+01 2.121500e+01 2.084708e+01 2.081793e+01 2.103500e+01 2.122000e+01 2.084819e+01 2.082023e+01
2.060000e+01 2.122500e+01 2.085563e+01 2.081126e+01 2.060500e+01 2.123000e+01 2.085463e+01 2.081377e+01
2.060500e+01 2.123000e+01 2.085463e+01 2.081377e+01 2.061500e+01 2.123000e+01 2.085612e+01 2.081015e+01
2.061500e+01 2.123000e+01 2.085612e+01 2.081015e+01 2.062000e+01 2.123500e+01 2.085499e+01 2.081287e+01
2.101500e+01 2.123000e+01 2.084837e+01 2.082068e+01 2.101000e+01 2.123500e+01 2.084962e+01 2.082342e+01
2.102000e+01 2.122500e+01 2.084719e+01 2.081806e+01 2.101500e+01 2.123000e+01 2.084837e+01 2.082068e+01
2.062000e+01 2.123500e+01 2.085499e+01 2.081287e+01 2.062500e+01 2.124000e+01 2.085398e+01 2.081571e+01
2.062500e+01 2.124000e+01 2.085398e+01 2.081571e+01 2.063500e+01 2.124000e+01 2.085515e+01 2.081240e+01
2.063500e+01 2.124000e+01 2.085515e+01 2.081240e+01 2.064000e+01 2.124500e+01 2.085404e+01 2.081547e+01
2.099500e+01 2.124000e+01 2.084902e+01 2.082215e+01 2.099000e+01 2.124500e+01 2.085026e+01 2.082523e+01
2.099500e+01 2.124000e+01 2.084902e+01 2.082215e+01 2.100500e+01 2.124000e+01 2.085075e+01 2.082627e+01
2.101000e+01 2.123500e+01 2.084962e+01 2.082342e+01 2.100500e+01 2.124000e+01 2.085075e+01 2.082627e+01
2.064000e+01 2.124500e+01 2.085404e+01 2.081547e+01 2.064500e+01 2.125000e+01 2.085306e+01 2.081866e+01
2.064500e+01 2.125000e+01 2.085306e+01 2.081866e+01 2.065500e+01 2.125000e+01 2.085397e+01 2.081570e+01
2.065500e+01 2.125000e+01 2.085397e+01 2.081570e+01 2.066000e+01 2.125500e+01 2.085293e+01 2.081913e+01
2.096500e+01 2.125000e+01 2.084881e+01 2.082109e+01 2.096000e+01 2.125500e+01 2.085003e+01 2.082463e+01
2.096500e+01 2.125000e+01 2.084881e+01 2.082109e+01 2.097500e+01 2.125000e+01 2.084999e+01 2.082467e+01
2.097500e+01 2.125000e+01 2.084999e+01 2.082467e+01 2.098500e+01 2.125000e+01 2.085139e+01 2.082840e+01
2.099000e+01 2.124500e+01 2.085026e+01 2.082523e+01 2.098500e+01 2.125000e+01 2.085139e+01 2.082840e+01
2.066000e+01 2.125500e+01 2.085293e+01 2.081913e+01 2.066500e+01 2.126000e+01 2.085201e+01 2.082267e+01
2.066500e+01 2.126000e+01 2.085201e+01 2.082267e+01 2.067500e+01 2.126000e+01 2.085272e+01 2.082009e+01
2.067500e+01 2.126000e+01 2.085272e+01 2.082009e+01 2.068500e+01 2.126000e+01 2.085328e+01 2.081764e+01
2.068500e+01 2.126000e+01 2.085328e+01 2.081764e+01 2.069000e+01 2.126500e+01 2.085234e+01 2.082157e+01
2.094500e+01 2.126000e+01 2.085019e+01 2.082509e+01 2.094000e+01 2.126500e+01 2.085131e+01 2.082897e+01
2.094500e+01 2.126000e+01 2.085019e+01 2.082509e+01 2.095500e+01 2.126000e+01 2.085113e+01 2.082825e+01
2.096000e+01 2.125500e+01 2.085003e+01 2.082463e+01 2.095500e+01 2.126000e+01 2.085113e+01 2.082825e+01
2.069000e+01 2.126500e+01 2.085234e+01 2.082157e+01 2.069500e+01 2.127000e+01 2.085153e+01 2.082558e+01
2.069500e+01 2.127000e+01 2.085153e+01 2.082558e+01 2.070500e+01 2.127000e+01 2.085197e+01 2.082356e+01
2.070500e+01 2.127000e+01 2.085197e+01 2.082356e+01 2.071500e+01 2.127000e+01 2.085228e+01 2.082170e+01
2.071500e+01 2.127000e+01 2.085228e+01 2.082170e+01 2.072500e+01 2.127000e+01 2.085248e+01 2.082002e+01
2.072500e+01 2.127000e+01 2.085248e+01 2.082002e+01 2.073000e+01 2.127500e+01 2.085178e+01 2.082456e+01
2.090500e+01 2.127000e+01 2.085048e+01 2.082529e+01 2.090000e+01 2.127500e+01 2.085140e+01 2.082972e+01
2.090500e+01 2.127000e+01 2.085048e+01 2.082529e+01 2.091500e+01 2.127000e+01 2.085094e+01 2.082763e+01
2.091500e+01 2.127000e+01 2.085094e+01 2.082763e+01 2.092500e+01 2.127000e+01 2.085154e+01 2.083017e+01
2.092500e+01 2.127000e+01 2.085154e+01 2.083017e+01 2.093500e+01 2.127000e+01 2.085230e+01 2.083290e+01
2.094000e+01 2.126500e+01 2.085131e+01 2.082897e+01 2.093500e+01 2.127000e+01 2.085230e+01 2.083290e+01
2.073000e+01 2.127500e+01 2.085178e+01 2.082456e+01 2.073500e+01 2.128000e+01 2.085121e+01 2.082918e+01
2.073500e+01 2.128000e+01 2.085121e+01 2.082918e+01 2.074500e+01 2.128000e+01 2.085140e+01 2.082794e+01
2.074500e+01 2.128000e+01 2.085140e+01 2.082794e+01 2.075500e+01 2.128000e+01 2.085152e+01 2.082690e+01
2.075500e+01 2.128000e+01 2.085152e+01 2.082690e+01 2.076500e+01 2.128000e+01 2.085156e+01 2.082605e+01
2.076500e+01 2.128000e+01 2.085156e+01 2.082605e+01 2.077500e+01 2.128000e+01 2.085156e+01 2.082541e+01
2.077500e+01 2.128000e+01 2.085156e+01 2.082541e+01 2.078500e+01 2.128000e+01 2.085152e+01 2.082496e+01
2.078500e+01 2.128000e+01 2.085152e+01 2.082496e+01 2.079500e+01 2.128000e+01 2.085144e+01 2.082473e+01
2.079500e+01 2.128000e+01 2.085144e+01 2.082473e+01 2.080500e+01 2.128000e+01 2.085136e+01 2.082471e+01
2.080500e+01 2.128000e+01 2.085136e+01 2.082471e+01 2.081500e+01 2.128000e+01 2.085127e+01 2.082490e+01
2.081500e+01 2.128000e+01 2.085127e+01 2.082490e+01 2.082500e+01 2.128000e+01 2.085120e+01 2.082531e+01
2.082500e+01 2.128000e+01 2.085120e+01 2.082531e+01 2.083500e+01 2.128000e+01 2.085115e+01 2.082594e+01
2.083500e+01 2.128000e+01 2.085115e+01 2.082594e+01 2.084500e+01 2.128000e+01 2.085114e+01 2.082678e+01
2.084500e+01 2.128000e+01 2.085114e+01 2.082678e+01 2.085500e+01 2.128000e+01 2.085119e+01 2.082784e+01
2.085500e+01 2.128000e+01 2.085119e+01 2.082784e+01 2.086500e+01 2.128000e+01 2.085130e+01 2.082911e+01
2.086500e+01 2.128000e+01 2.085130e+01 2.082911e+01 2.087500e+01 2.128000e+01 2.085150e+01 2.083060e+01
2.087500e+01 2.128000e+01 2.085150e+01 2.083060e+01 2.088500e+01 2.128000e+01 2.085179e+01 2.083229e+01
2.088500e+01 2.128000e+01 2.085179e+01 2.083229e+01 2.089500e+01 2.128000e+01 2.085219e+01 2.083419e+01
2.090000e+01 2.127500e+01 2.085140e+01 2.082972e+01 2.089500e+01 2.128000e+01 2.085219e+01 2.083419e+01
2.083198e+01 2.077303e+01 2.032368e+01 2.077138e+01 2.083198e+01 2.077303e+01 2.032482e+01 2.073900e+01
2.083198e+01 2.077303e+01 2.032482e+01 2.073900e+01 2.083198e+01 2.077303e+01 2.032821e+01 2.070678e+01
2.083198e+01 2.077303e+01 2.032821e+01 2.070678e+01 2.083198e+01 2.077303e+01 2.033385e+01 2.067483e+01
2.083198e+01 2.077303e+01 2.033385e+01 2.067483e+01 2.083198e+01 2.077303e+01 2.034172e+01 2.064329e+01
2.083198e+01 2.077303e+01 2.034172e+01 2.064329e+01 2.083198e+01 2.077303e+01 2.035180e+01 2.061226e+01
2.083198e+01 2.077303e+01 2.035180e+01 2.061226e+01 2.083198e+01 2.077303e+01 2.036409e+01 2.058186e+01
2.083198e+01 2.077303e+01 2.036409e+01 2.058186e+01 2.083198e+01 2.077303e+01 2.037855e+01 2.055223e+01
2.083198e+01 2.077303e+01 2.037855e+01 2.055223e+01 2.083198e+01 2.077303e+01 2.039515e+01 2.052347e+01
2.083198e+01 2.077303e+01 2.039515e+01 2.052347e+01 2.083198e+01 2.077303e+01 2.041386e+01 2.049574e+01
2.083198e+01 2.077303e+01 2.041386e+01 2.049574e+01 2.083198e+01 2.077303e+01 2.043463e+01 2.046915e+01
2.083198e+01 2.077303e+01 2.043463e+01 2.046915e+01 2.083198e+01 2.077303e+01 2.045742e+01 2.044384e+01
2.083198e+01 2.077303e+01 2.045742e+01 2.044384e+01 2.083198e+01 2.077303e+01 2.048216e+01 2.041995e+01
2.083198e+01 2.077303e+01 2.048216e+01 2.041995e+01 2.083198e+01 2.077303e+01 2.050877e+01 2.039763e+01
2.083198e+01 2.077303e+01 2.050877e+01 2.039763e+01 2.083198e+01 2.077303e+01 2.053716e+01 2.037700e+01
2.083198e+01 2.077303e+01 2.053716e+01 2.037700e+01 2.083198e+01 2.077303e+01 2.056722e+01 2.035821e+01
2.083198e+01 2.077303e+01 2.056722e+01 2.035821e+01 2.083198e+01 2.077303e+01 2.059884e+01 2.034140e+01
2.083198e+01 2.077303e+01 2.059884e+01 2.034140e+01 2.083198e+01 2.077303e+01 2.063186e+01 2.032669e+01
2.083198e+01 2.077303e+01 2.063186e+01 2.032669e+01 2.083198e+01 2.077303e+01 2.066613e+01 2.031421e+01
2.083198e+01 2.077303e+01 2.066613e+01 2.031421e+01 2.083198e+01 2.077303e+01 2.070147e+01 2.030408e+01
2.083198e+01 2.077303e+01 2.070147e+01 2.030408e+01 2.083198e+01 2.077303e+01 2.073768e+01 2.029638e+01
2.083198e+01 2.077303e+01 2.073768e+01 2.029638e+01 2.083198e+01 2.077303e+01 2.077453e+01 2.029119e+01
2.083198e+01 2.077303e+01 2.077453e+01 2.029119e+01 2.083198e+01 2.077303e+01 2.081182e+01 2.028858e+01
2.083198e+01 2.077303e+01 2.081182e+01 2.028858e+01 2.083198e+01 2.077303e+01 2.084929e+01 2.028857e+01
2.083198e+01 2.077303e+01 2.084929e+01 2.028857e+01 2.083198e+01 2.077303e+01 2.088671e+01 2.029119e+01
2.083198e+01 2.077303e+01 2.088671e+01 2.029119e+01 2.083198e+01 2.077303e+01 2.092382e+01 2.029640e+01
2.083198e+01 2.077303e+01 2.092382e+01 2.029640e+01 2.083198e+01 2.077303e+01 2.096040e+01 2.030417e+01
2.083198e+01 2.077303e+01 2.096040e+01 2.030417e+01 2.083198e+01 2.077303e+01 2.099621e+01 2.031443e+01
2.083198e+01 2.077303e+01 2.099621e+01 2.031443e+01 2.083198e+01 2.077303e+01 2.103103e+01 2.032710e+01
2.083198e+01 2.077303e+01 2.103103e+01 2.032710e+01 2.083198e+01 2.077303e+01 2.106465e+01 2.034206e+01
2.083198e+01 2.077303e+01 2.106465e+01 2.034206e+01 2.083198e+01 2.077303e+01 2.109690e+01 2.035921e+01
2.083198e+01 2.077303e+01 2.109690e+01 2.035921e+01 2.083198e+01 2.077303e+01 2.112760e+01 2.037839e+01
2.083198e+01 2.077303e+01 2.112760e+01 2.037839e+01 2.083198e+01 2.077303e+01 2.115662e+01 2.039947e+01
2.083198e+01 2.077303e+01 2.115662e+01 2.039947e+01 2.083198e+01 2.077303e+01 2.118382e+01 2.042229e+01
2.083198e+01 2.077303e+01 2.118382e+01 2.042229e+01 2.083198e+01 2.077303e+01 2.120911e+01 2.044671e+01
2.083198e+01 2.077303e+01 2.120911e+01 2.044671e+01 2.083198e+01 2.077303e+01 2.123239e+01 2.047256e+01
2.083198e+01 2.077303e+01 2.123239e+01 2.047256e+01 2.083198e+01 2.077303e+01 2.125359e+01 2.049970e+01
2.083198e+01 2.077303e+01 2.125359e+01 2.049970e+01 2.083198e+01 2.077303e+01 2.127266e+01 2.052798e+01
2.083198e+01 2.077303e+01 2.127266e+01 2.052798e+01 2.083198e+01 2.077303e+01 2.128955e+01 2.055724e+01
2.083198e+01 2.077303e+01 2.128955e+01 2.055724e+01 2.083198e+01 2.077303e+01 2.130424e+01 2.058735e+01
2.083198e+01 2.077303e+01 2.130424e+01 2.058735e+01 2.083198e+01 2.077303e+01 2.131668e+01 2.061817e+01
2.083198e+01 2.077303e+01 2.131668e+01 2.061817e+01 2.083198e+01 2.077303e+01 2.132688e+01 2.064956e+01
2.083198e+01 2.077303e+01 2.132688e+01 2.064956e+01 2.083198e+01 2.077303e+01 2.133481e+01 2.068140e+01
2.083198e+01 2.077303e+01 2.133481e+01 2.068140e+01 2.083198e+01 2.077303e+01 2.134048e+01 2.071355e+01
2.083198e+01 2.077303e+01 2.134048e+01 2.071355e+01 2.083198e+01 2.077303e+01 2.134387e+01 2.074590e+01
2.083198e+01 2.077303e+01 2.134387e+01 2.074590e+01 2.083198e+01 2.077303e+01 2.134500e+01 2.077833e+01
2.083198e+01 2.077303e+01 2.134500e+01 2.077833e+01 2.083198e+01 2.077303e+01 2.134387e+01 2.081071e+01
2.083198e+01 2.077303e+01 2.134387e+01 2.081071e+01 2.083198e+01 2.077303e+01 2.134048e+01 2.084293e+01
2.083198e+01 2.077303e+01 2.134048e+01 2.084293e+01 2.083198e+01 2.077303e+01 2.133484e+01 2.087488e+01
2.083198e+01 2.077303e+01 2.133484e+01 2.087488e+01 2.083198e+01 2.077303e+01 2.132697e+01 2.090642e+01
2.083198e+01 2.077303e+01 2.132697e+01 2.090642e+01 2.083198e+01 2.077303e+01 2.131688e+01 2.093746e+01
2.083198e+01 2.077303e+01 2.131688e+01 2.093746e+01 2.083198e+01 2.077303e+01 2.130460e+01 2.096785e+01
2.083198e+01 2.077303e+01 2.130460e+01 2.096785e+01 2.083198e+01 2.077303e+01 2.129014e+01 2.099749e+01
2.083198e+01 2.077303e+01 2.129014e+01 2.099749e+01 2.083198e+01 2.077303e+01 2.127354e+01 2.102624e+01
2.083198e+01 2.077303e+01 2.127354e+01 2.102624e+01 2.083198e+01 2.077303e+01 2.125483e+01 2.105397e+01
2.083198e+01 2.077303e+01 2.125483e+01 2.105397e+01 2.083198e+01 2.077303e+01 2.123405e+01 2.108056e+01
2.083198e+01 2.077303e+01 2.123405e+01 2.108056e+01 2.083198e+01 2.077303e+01 2.121126e+01 2.110587e+01
2.083198e+01 2.077303e+01 2.121126e+01 2.110587e+01 2.083198e+01 2.077303e+01 2.118653e+01 2.112976e+01
2.083198e+01 2.077303e+01 2.118653e+01 2.112976e+01 2.083198e+01 2.077303e+01 2.115992e+01 2.115209e+01
2.083198e+01 2.077303e+01 2.115992e+01 2.115209e+01 2.083198e+01 2.077303e+01 2.113153e+01 2.117272e+01
2.083198e+01 2.077303e+01 2.113153e+01 2.117272e+01 2.083198e+01 2.077303e+01 2.110146e+01 2.119151e+01
2.083198e+01 2.077303e+01 2.110146e+01 2.119151e+01 2.083198e+01 2.077303e+01 2.106984e+01 2.120832e+01
2.083198e+01 2.077303e+01 2.106984e+01 2.120832e+01 2.083198e+01 2.077303e+01 2.103682e+01 2.122302e+01
2.083198e+01 2.077303e+01 2.103682e+01 2.122302e+01 2.083198e+01 2.077303e+01 2.100255e+01 2.123550e+01
2.083198e+01 2.077303e+01 2.100255e+01 2.123550e+01 2.083198e+01 2.077303e+01 2.096721e+01 2.124564e+01
2.083198e+01 2.077303e+01 2.096721e+01 2.124564e+01 2.083198e+01 2.077303e+01 2.093101e+01 2.125334e+01
2.083198e+01 2.077303e+01 2.093101e+01 2.125334e+01 2.083198e+01 2.077303e+01 2.089415e+01 2.125852e+01
2.083198e+01 2.077303e+01 2.089415e+01 2.125852e+01 2.083198e+01 2.077303e+01 2.085686e+01 2.126113e+01
2.083198e+01 2.077303e+01 2.085686e+01 2.126113e+01 2.083198e+01 2.077303e+01 2.081939e+01 2.126114e+01
2.083198e+01 2.077303e+01 2.081939e+01 2.126114e+01 2.083198e+01 2.077303e+01 2.078197e+01 2.125853e+01
2.083198e+01 2.077303e+01 2.078197e+01 2.125853e+01 2.083198e+01 2.077303e+01 2.074486e+01 2.125331e+01
2.083198e+01 2.077303e+01 2.074486e+01 2.125331e+01 2.083198e+01 2.077303e+01 2.070828e+01 2.124554e+01
2.083198e+01 2.077303e+01 2.070828e+01 2.124554e+01 2.083198e+01 2.077303e+01 2.067247e+01 2.123528e+01
2.083198e+01 2.077303e+01 2.067247e+01 2.123528e+01 2.083198e+01 2.077303e+01 2.063765e+01 2.122261e+01
2.083198e+01 2.077303e+01 2.063765e+01 2.122261e+01 2.083198e+01 2.077303e+01 2.060403e+01 2.120765e+01
2.083198e+01 2.077303e+01 2.060403e+01 2.120765e+01 2.083198e+01 2.077303e+01 2.057178e+01 2.119050e+01
2.083198e+01 2.077303e+01 2.057178e+01 2.119050e+01 2.083198e+01 2.077303e+01 2.054108e+01 2.117132e+01
2.083198e+01 2.077303e+01 2.054108e+01 2.117132e+01 2.083198e+01 2.077303e+01 2.051206e+01 2.115024e+01
2.083198e+01 2.077303e+01 2.051206e+01 2.115024e+01 2.083198e+01 2.077303e+01 2.048486e+01 2.112742e+01
2.083198e+01 2.077303e+01 2.048486e+01 2.112742e+01 2.083198e+01 2.077303e+01 2.045957e+01 2.110300e+01
2.083198e+01 2.077303e+01 2.045957e+01 2.110300e+01 2.083198e+01 2.077303e+01 2.043629e+01 2.107715e+01
2.083198e+01 2.077303e+01 2.043629e+01 2.107715e+01 2.083198e+01 2.077303e+01 2.041509e+01 2.105001e+01
2.083198e+01 2.077303e+01 2.041509e+01 2.105001e+01 2.083198e+01 2.077303e+01 2.039602e+01 2.102173e+01
2.083198e+01 2.077303e+01 2.039602e+01 2.102173e+01 2.083198e+01 2.077303e+01 2.037913e+01 2.099247e+01
2.083198e+01 2.077303e+01 2.037913e+01 2.099247e+01 2.083198e+01 2.077303e+01 2.036445e+01 2.096236e+01
2.083198e+01 2.077303e+01 2.036445e+01 2.096236e+01 2.083198e+01 2.077303e+01 2.035200e+01 2.093154e+01
2.083198e+01 2.077303e+01 2.035200e+01 2.093154e+01 2.083198e+01 2.077303e+01 2.034180e+01 2.090015e+01
2.083198e+01 2.077303e+01 2.034180e+01 2.090015e+01 2.083198e+01 2.077303e+01 2.033387e+01 2.086831e+01
2.083198e+01 2.077303e+01 2.033387e+01 2.086831e+01 2.083198e+01 2.077303e+01 2.032821e+01 2.083616e+01
2.083198e+01 2.077303e+01 2.032821e+01 2.083616e+01 2.083198e+01 2.077303e+01 2.032481e+01 2.080380e+01
2.083198e+01 2.077303e+01 2.032481e+01 2.080380e+01 2.083198e+01 2.077303e+01 2.032368e+01 2.077138e+01
