2.072500e+01 2.039000e+01 2.082073e+01 2.085846e+01 2.072000e+01 2.039500e+01 2.082150e+01 2.086234e+01
2.072500e+01 2.039000e+01 2.082073e+01 2.085846e+01 2.073500e+01 2.039000e+01 2.082118e+01 2.086041e+01
2.073500e+01 2.039000e+01 2.082118e+01 2.086041e+01 2.074500e+01 2.039000e+01 2.082153e+01 2.086218e+01
2.074500e+01 2.039000e+01 2.082153e+01 2.086218e+01 2.075500e+01 2.039000e+01 2.082179e+01 2.086378e+01
2.075500e+01 2.039000e+01 2.082179e+01 2.086378e+01 2.076500e+01 2.039000e+01 2.082197e+01 2.086520e+01
2.076500e+01 2.039000e+01 2.082197e+01 2.086520e+01 2.077500e+01 2.039000e+01 2.082208e+01 2.086644e+01
2.077500e+01 2.039000e+01 2.082208e+01 2.086644e+01 2.078500e+01 2.039000e+01 2.082213e+01 2.086748e+01
2.078500e+01 2.039000e+01 2.082213e+01 2.086748e+01 2.079500e+01 2.039000e+01 2.082213e+01 2.086833e+01
2.079500e+01 2.039000e+01 2.082213e+01 2.086833e+01 2.080500e+01 2.039000e+01 2.082210e+01 2.086898e+01
2.080500e+01 2.039000e+01 2.082210e+01 2.086898e+01 2.081500e+01 2.039000e+01 2.082204e+01 2.086944e+01
2.081500e+01 2.039000e+01 2.082204e+01 2.086944e+01 2.082500e+01 2.039000e+01 2.082197e+01 2.086970e+01
2.082500e+01 2.039000e+01 2.082197e+01 2.086970e+01 2.083500e+01 2.039000e+01 2.082190e+01 2.086976e+01
2.083500e+01 2.039000e+01 2.082190e+01 2.086976e+01 2.084500e+01 2.039000e+01 2.082184e+01 2.086962e+01
2.084500e+01 2.039000e+01 2.082184e+01 2.086962e+01 2.085500e+01 2.039000e+01 2.082180e+01 2.086928e+01
2.085500e+01 2.039000e+01 2.082180e+01 2.086928e+01 2.086500e+01 2.039000e+01 2.082180e+01 2.086875e+01
2.086500e+01 2.039000e+01 2.082180e+01 2.086875e+01 2.087500e+01 2.039000e+01 2.082185e+01 2.086802e+01
2.087500e+01 2.039000e+01 2.082185e+01 2.086802e+01 2.088500e+01 2.039000e+01 2.082195e+01 2.086711e+01
2.088500e+01 2.039000e+01 2.082195e+01 2.086711e+01 2.089500e+01 2.039000e+01 2.082212e+01 2.086601e+01
2.089500e+01 2.039000e+01 2.082212e+01 2.086601e+01 2.090000e+01 2.039500e+01 2.082161e+01 2.087043e+01
2.068500e+01 2.040000e+01 2.082041e+01 2.085864e+01 2.068000e+01 2.040500e+01 2.082134e+01 2.086198e+01
2.068500e+01 2.040000e+01 2.082041e+01 2.085864e+01 2.069500e+01 2.040000e+01 2.082121e+01 2.086130e+01
2.069500e+01 2.040000e+01 2.082121e+01 2.086130e+01 2.070500e+01 2.040000e+01 2.082187e+01 2.086381e+01
2.070500e+01 2.040000e+01 2.082187e+01 2.086381e+01 2.071500e+01 2.040000e+01 2.082240e+01 2.086616e+01
2.072000e+01 2.039500e+01 2.082150e+01 2.086234e+01 2.071500e+01 2.040000e+01 2.082240e+01 2.086616e+01
2.090000e+01 2.039500e+01 2.082161e+01 2.087043e+01 2.090500e+01 2.040000e+01 2.082097e+01 2.087482e+01
2.090500e+01 2.040000e+01 2.082097e+01 2.087482e+01 2.091500e+01 2.040000e+01 2.082113e+01 2.087330e+01
2.091500e+01 2.040000e+01 2.082113e+01 2.087330e+01 2.092500e+01 2.040000e+01 2.082145e+01 2.087192e+01
2.092500e+01 2.040000e+01 2.082145e+01 2.087192e+01 2.093500e+01 2.040000e+01 2.082182e+01 2.087004e+01
2.093500e+01 2.040000e+01 2.082182e+01 2.087004e+01 2.094000e+01 2.040500e+01 2.082101e+01 2.087365e+01
2.065500e+01 2.041000e+01 2.082027e+01 2.085906e+01 2.065000e+01 2.041500e+01 2.082125e+01 2.086198e+01
2.065500e+01 2.041000e+01 2.082027e+01 2.085906e+01 2.066500e+01 2.041000e+01 2.082141e+01 2.086222e+01
2.066500e+01 2.041000e+01 2.082141e+01 2.086222e+01 2.067500e+01 2.041000e+01 2.082238e+01 2.086525e+01
2.068000e+01 2.040500e+01 2.082134e+01 2.086198e+01 2.067500e+01 2.041000e+01 2.082238e+01 2.086525e+01
2.094000e+01 2.040500e+01 2.082101e+01 2.087365e+01 2.094500e+01 2.041000e+01 2.082012e+01 2.087749e+01
2.094500e+01 2.041000e+01 2.082012e+01 2.087749e+01 2.095500e+01 2.041000e+01 2.082058e+01 2.087522e+01
2.095500e+01 2.041000e+01 2.082058e+01 2.087522e+01 2.096500e+01 2.041000e+01 2.082119e+01 2.087279e+01
2.096500e+01 2.041000e+01 2.082119e+01 2.087279e+01 2.097500e+01 2.041000e+01 2.082195e+01 2.087021e+01
2.097500e+01 2.041000e+01 2.082195e+01 2.087021e+01 2.098000e+01 2.041500e+01 2.082105e+01 2.087358e+01
2.063500e+01 2.042000e+01 2.082096e+01 2.086131e+01 2.063000e+01 2.042500e+01 2.082198e+01 2.086393e+01
2.063500e+01 2.042000e+01 2.082096e+01 2.086131e+01 2.064500e+01 2.042000e+01 2.082235e+01 2.086482e+01
2.065000e+01 2.041500e+01 2.082125e+01 2.086198e+01 2.064500e+01 2.042000e+01 2.082235e+01 2.086482e+01
2.098000e+01 2.041500e+01 2.082105e+01 2.087358e+01 2.098500e+01 2.042000e+01 2.082003e+01 2.087686e+01
2.098500e+01 2.042000e+01 2.082003e+01 2.087686e+01 2.099500e+01 2.042000e+01 2.082097e+01 2.087390e+01
2.099500e+01 2.042000e+01 2.082097e+01 2.087390e+01 2.100000e+01 2.042500e+01 2.081999e+01 2.087695e+01
2.061500e+01 2.043000e+01 2.082142e+01 2.086263e+01 2.061000e+01 2.043500e+01 2.082243e+01 2.086494e+01
2.061500e+01 2.043000e+01 2.082142e+01 2.086263e+01 2.062500e+01 2.043000e+01 2.082310e+01 2.086645e+01
2.063000e+01 2.042500e+01 2.082198e+01 2.086393e+01 2.062500e+01 2.043000e+01 2.082310e+01 2.086645e+01
2.100000e+01 2.042500e+01 2.081999e+01 2.087695e+01 2.100500e+01 2.043000e+01 2.081889e+01 2.087990e+01
2.100500e+01 2.043000e+01 2.081889e+01 2.087990e+01 2.101500e+01 2.043000e+01 2.082006e+01 2.087659e+01
2.101500e+01 2.043000e+01 2.082006e+01 2.087659e+01 2.102500e+01 2.043000e+01 2.082143e+01 2.087318e+01
2.102500e+01 2.043000e+01 2.082143e+01 2.087318e+01 2.103000e+01 2.043500e+01 2.082044e+01 2.087579e+01
2.059500e+01 2.044000e+01 2.082153e+01 2.086306e+01 2.059000e+01 2.044500e+01 2.082250e+01 2.086507e+01
2.059500e+01 2.044000e+01 2.082153e+01 2.086306e+01 2.060500e+01 2.044000e+01 2.082359e+01 2.086746e+01
2.061000e+01 2.043500e+01 2.082243e+01 2.086494e+01 2.060500e+01 2.044000e+01 2.082359e+01 2.086746e+01
2.103000e+01 2.043500e+01 2.082044e+01 2.087579e+01 2.103500e+01 2.044000e+01 2.081935e+01 2.087828e+01
2.103500e+01 2.044000e+01 2.081935e+01 2.087828e+01 2.104500e+01 2.044000e+01 2.082100e+01 2.087455e+01
2.104500e+01 2.044000e+01 2.082100e+01 2.087455e+01 2.105000e+01 2.044500e+01 2.082002e+01 2.087684e+01
2.057500e+01 2.045000e+01 2.082117e+01 2.086263e+01 2.057000e+01 2.045500e+01 2.082211e+01 2.086466e+01
2.057500e+01 2.045000e+01 2.082117e+01 2.086263e+01 2.058500e+01 2.045000e+01 2.082355e+01 2.086696e+01
2.059000e+01 2.044500e+01 2.082250e+01 2.086507e+01 2.058500e+01 2.045000e+01 2.082355e+01 2.086696e+01
2.105000e+01 2.044500e+01 2.082002e+01 2.087684e+01 2.105500e+01 2.045000e+01 2.081895e+01 2.087901e+01
2.105500e+01 2.045000e+01 2.081895e+01 2.087901e+01 2.106500e+01 2.045000e+01 2.082093e+01 2.087501e+01
2.106500e+01 2.045000e+01 2.082093e+01 2.087501e+01 2.107000e+01 2.045500e+01 2.081999e+01 2.087699e+01
2.056500e+01 2.046000e+01 2.082307e+01 2.086626e+01 2.056000e+01 2.046500e+01 2.082389e+01 2.086748e+01
2.057000e+01 2.045500e+01 2.082211e+01 2.086466e+01 2.056500e+01 2.046000e+01 2.082307e+01 2.086626e+01
2.107000e+01 2.045500e+01 2.081999e+01 2.087699e+01 2.107500e+01 2.046000e+01 2.081895e+01 2.087878e+01
2.107500e+01 2.046000e+01 2.081895e+01 2.087878e+01 2.108500e+01 2.046000e+01 2.082129e+01 2.087453e+01
2.108500e+01 2.046000e+01 2.082129e+01 2.087453e+01 2.109000e+01 2.046500e+01 2.082041e+01 2.087615e+01
2.054500e+01 2.047000e+01 2.082186e+01 2.086422e+01 2.054000e+01 2.047500e+01 2.082259e+01 2.086548e+01
2.054500e+01 2.047000e+01 2.082186e+01 2.086422e+01 2.055500e+01 2.047000e+01 2.082484e+01 2.086887e+01
2.056000e+01 2.046500e+01 2.082389e+01 2.086748e+01 2.055500e+01 2.047000e+01 2.082484e+01 2.086887e+01
2.109000e+01 2.046500e+01 2.082041e+01 2.087615e+01 2.109500e+01 2.047000e+01 2.081946e+01 2.087763e+01
2.109500e+01 2.047000e+01 2.081946e+01 2.087763e+01 2.110500e+01 2.047000e+01 2.082218e+01 2.087317e+01
2.110500e+01 2.047000e+01 2.082218e+01 2.087317e+01 2.111000e+01 2.047500e+01 2.082141e+01 2.087450e+01
2.053500e+01 2.048000e+01 2.082339e+01 2.086661e+01 2.053000e+01 2.048500e+01 2.082407e+01 2.086768e+01
2.054000e+01 2.047500e+01 2.082259e+01 2.086548e+01 2.053500e+01 2.048000e+01 2.082339e+01 2.086661e+01
2.111000e+01 2.047500e+01 2.082141e+01 2.087450e+01 2.111500e+01 2.048000e+01 2.082057e+01 2.087566e+01
2.111500e+01 2.048000e+01 2.082057e+01 2.087566e+01 2.112500e+01 2.048000e+01 2.082369e+01 2.087104e+01
2.112500e+01 2.048000e+01 2.082369e+01 2.087104e+01 2.113000e+01 2.048500e+01 2.082305e+01 2.087207e+01
2.052500e+01 2.049000e+01 2.082481e+01 2.086861e+01 2.052000e+01 2.049500e+01 2.082542e+01 2.086949e+01
2.053000e+01 2.048500e+01 2.082407e+01 2.086768e+01 2.052500e+01 2.049000e+01 2.082481e+01 2.086861e+01
2.113000e+01 2.048500e+01 2.082305e+01 2.087207e+01 2.113500e+01 2.049000e+01 2.082234e+01 2.087292e+01
2.113500e+01 2.049000e+01 2.082234e+01 2.087292e+01 2.114500e+01 2.049000e+01 2.082589e+01 2.086817e+01
2.114500e+01 2.049000e+01 2.082589e+01 2.086817e+01 2.115000e+01 2.049500e+01 2.082520e+01 2.086895e+01
2.050500e+01 2.050000e+01 2.082220e+01 2.086527e+01 2.050000e+01 2.050500e+01 2.082262e+01 2.086594e+01
2.050500e+01 2.050000e+01 2.082220e+01 2.086527e+01 2.051500e+01 2.050000e+01 2.082608e+01 2.087023e+01
2.052000e+01 2.049500e+01 2.082542e+01 2.086949e+01 2.051500e+01 2.050000e+01 2.082608e+01 2.087023e+01
2.115000e+01 2.049500e+01 2.082520e+01 2.086895e+01 2.115500e+01 2.050000e+01 2.082457e+01 2.086953e+01
2.115500e+01 2.050000e+01 2.082457e+01 2.086953e+01 2.116500e+01 2.050000e+01 2.082884e+01 2.086465e+01
2.116500e+01 2.050000e+01 2.082884e+01 2.086465e+01 2.117000e+01 2.050500e+01 2.082853e+01 2.086513e+01
2.049500e+01 2.051000e+01 2.082306e+01 2.086646e+01 2.049000e+01 2.051500e+01 2.082338e+01 2.086696e+01
2.050000e+01 2.050500e+01 2.082262e+01 2.086594e+01 2.049500e+01 2.051000e+01 2.082306e+01 2.086646e+01
2.117000e+01 2.050500e+01 2.082853e+01 2.086513e+01 2.117500e+01 2.051000e+01 2.082809e+01 2.086543e+01
2.117500e+01 2.051000e+01 2.082809e+01 2.086543e+01 2.118500e+01 2.051000e+01 2.083250e+01 2.086055e+01
2.118500e+01 2.051000e+01 2.083250e+01 2.086055e+01 2.119000e+01 2.051500e+01 2.083238e+01 2.086079e+01
2.048500e+01 2.052000e+01 2.082372e+01 2.086731e+01 2.048000e+01 2.052500e+01 2.082393e+01 2.086765e+01
2.049000e+01 2.051500e+01 2.082338e+01 2.086696e+01 2.048500e+01 2.052000e+01 2.082372e+01 2.086731e+01
2.119000e+01 2.051500e+01 2.083238e+01 2.086079e+01 2.119500e+01 2.052000e+01 2.083225e+01 2.086083e+01
2.119500e+01 2.052000e+01 2.083225e+01 2.086083e+01 2.120500e+01 2.052000e+01 2.083710e+01 2.085594e+01
2.120500e+01 2.052000e+01 2.083710e+01 2.085594e+01 2.121000e+01 2.052500e+01 2.083720e+01 2.085596e+01
2.047500e+01 2.053000e+01 2.082415e+01 2.086784e+01 2.047000e+01 2.053500e+01 2.082423e+01 2.086802e+01
2.048000e+01 2.052500e+01 2.082393e+01 2.086765e+01 2.047500e+01 2.053000e+01 2.082415e+01 2.086784e+01
2.121000e+01 2.052500e+01 2.083720e+01 2.085596e+01 2.121500e+01 2.053000e+01 2.083730e+01 2.085577e+01
2.121500e+01 2.053000e+01 2.083730e+01 2.085577e+01 2.122500e+01 2.053000e+01 2.084267e+01 2.085090e+01
2.122500e+01 2.053000e+01 2.084267e+01 2.085090e+01 2.123000e+01 2.053500e+01 2.084300e+01 2.085072e+01
2.046500e+01 2.054000e+01 2.082433e+01 2.086808e+01 2.046000e+01 2.054500e+01 2.082429e+01 2.086811e+01
2.047000e+01 2.053500e+01 2.082423e+01 2.086802e+01 2.046500e+01 2.054000e+01 2.082433e+01 2.086808e+01
2.123000e+01 2.053500e+01 2.084300e+01 2.085072e+01 2.123500e+01 2.054000e+01 2.084334e+01 2.085034e+01
2.123500e+01 2.054000e+01 2.084334e+01 2.085034e+01 2.124500e+01 2.054000e+01 2.084905e+01 2.084555e+01
2.124500e+01 2.054000e+01 2.084905e+01 2.084555e+01 2.125000e+01 2.054500e+01 2.084963e+01 2.084520e+01
2.045500e+01 2.055000e+01 2.082424e+01 2.086800e+01 2.045000e+01 2.055500e+01 2.082406e+01 2.086792e+01
2.046000e+01 2.054500e+01 2.082429e+01 2.086811e+01 2.045500e+01 2.055000e+01 2.082424e+01 2.086800e+01
2.125000e+01 2.054500e+01 2.084963e+01 2.084520e+01 2.125500e+01 2.055000e+01 2.085023e+01 2.084466e+01
2.125500e+01 2.055000e+01 2.085023e+01 2.084466e+01 2.126500e+01 2.055000e+01 2.085636e+01 2.083997e+01
2.126500e+01 2.055000e+01 2.085636e+01 2.083997e+01 2.127000e+01 2.055500e+01 2.085720e+01 2.083948e+01
2.044500e+01 2.056000e+01 2.082386e+01 2.086767e+01 2.044000e+01 2.056500e+01 2.082352e+01 2.086744e+01
2.045000e+01 2.055500e+01 2.082406e+01 2.086792e+01 2.044500e+01 2.056000e+01 2.082386e+01 2.086767e+01
2.127000e+01 2.055500e+01 2.085720e+01 2.083948e+01 2.127500e+01 2.056000e+01 2.085807e+01 2.083881e+01
2.127500e+01 2.056000e+01 2.085807e+01 2.083881e+01 2.128000e+01 2.056500e+01 2.085906e+01 2.083817e+01
2.043500e+01 2.057000e+01 2.082316e+01 2.086704e+01 2.043000e+01 2.057500e+01 2.082267e+01 2.086667e+01
2.044000e+01 2.056500e+01 2.082352e+01 2.086744e+01 2.043500e+01 2.057000e+01 2.082316e+01 2.086704e+01
2.128000e+01 2.056500e+01 2.085906e+01 2.083817e+01 2.128500e+01 2.057000e+01 2.086009e+01 2.083736e+01
2.128500e+01 2.057000e+01 2.086009e+01 2.083736e+01 2.129500e+01 2.057000e+01 2.086686e+01 2.083288e+01
2.129500e+01 2.057000e+01 2.086686e+01 2.083288e+01 2.130000e+01 2.057500e+01 2.086813e+01 2.083216e+01
2.042500e+01 2.058000e+01 2.082214e+01 2.086618e+01 2.042000e+01 2.058500e+01 2.082149e+01 2.086572e+01
2.043000e+01 2.057500e+01 2.082267e+01 2.086667e+01 2.042500e+01 2.058000e+01 2.082214e+01 2.086618e+01
2.130000e+01 2.057500e+01 2.086813e+01 2.083216e+01 2.130500e+01 2.058000e+01 2.086944e+01 2.083127e+01
2.130500e+01 2.058000e+01 2.086944e+01 2.083127e+01 2.131000e+01 2.058500e+01 2.087088e+01 2.083043e+01
2.041500e+01 2.059000e+01 2.082079e+01 2.086512e+01 2.041000e+01 2.059500e+01 2.081997e+01 2.086457e+01
2.042000e+01 2.058500e+01 2.082149e+01 2.086572e+01 2.041500e+01 2.059000e+01 2.082079e+01 2.086512e+01
2.131000e+01 2.058500e+01 2.087088e+01 2.083043e+01 2.131500e+01 2.059000e+01 2.087237e+01 2.082944e+01
2.131500e+01 2.059000e+01 2.087237e+01 2.082944e+01 2.132500e+01 2.059000e+01 2.087976e+01 2.082527e+01
2.132500e+01 2.059000e+01 2.087976e+01 2.082527e+01 2.133000e+01 2.059500e+01 2.088148e+01 2.082441e+01
2.040500e+01 2.060000e+01 2.081909e+01 2.086388e+01 2.040000e+01 2.060500e+01 2.081809e+01 2.086324e+01
2.041000e+01 2.059500e+01 2.081997e+01 2.086457e+01 2.040500e+01 2.060000e+01 2.081909e+01 2.086388e+01
2.133000e+01 2.059500e+01 2.088148e+01 2.082441e+01 2.133500e+01 2.060000e+01 2.088328e+01 2.082340e+01
2.133500e+01 2.060000e+01 2.088328e+01 2.082340e+01 2.134000e+01 2.060500e+01 2.088518e+01 2.082247e+01
2.039500e+01 2.061000e+01 2.081724e+01 2.086243e+01 2.039000e+01 2.061500e+01 2.081606e+01 2.086172e+01
2.040000e+01 2.060500e+01 2.081809e+01 2.086324e+01 2.039500e+01 2.061000e+01 2.081724e+01 2.086243e+01
2.134000e+01 2.060500e+01 2.088518e+01 2.082247e+01 2.134500e+01 2.061000e+01 2.088716e+01 2.082141e+01
2.134500e+01 2.061000e+01 2.088716e+01 2.082141e+01 2.135000e+01 2.061500e+01 2.088926e+01 2.082042e+01
2.038500e+01 2.062000e+01 2.081460e+01 2.086091e+01 2.038000e+01 2.062500e+01 2.081323e+01 2.086013e+01
2.039000e+01 2.061500e+01 2.081606e+01 2.086172e+01 2.038500e+01 2.062000e+01 2.081460e+01 2.086091e+01
2.135000e+01 2.061500e+01 2.088926e+01 2.082042e+01 2.135500e+01 2.062000e+01 2.089144e+01 2.081932e+01
2.135500e+01 2.062000e+01 2.089144e+01 2.081932e+01 2.136500e+01 2.062000e+01 2.089963e+01 2.081571e+01
2.136500e+01 2.062000e+01 2.089963e+01 2.081571e+01 2.137000e+01 2.062500e+01 2.090201e+01 2.081478e+01
2.037500e+01 2.063000e+01 2.081180e+01 2.085922e+01 2.037000e+01 2.063500e+01 2.081025e+01 2.085839e+01
2.038000e+01 2.062500e+01 2.081323e+01 2.086013e+01 2.037500e+01 2.063000e+01 2.081180e+01 2.085922e+01
2.137000e+01 2.062500e+01 2.090201e+01 2.081478e+01 2.137500e+01 2.063000e+01 2.090449e+01 2.081376e+01
2.137500e+01 2.063000e+01 2.090449e+01 2.081376e+01 2.138000e+01 2.063500e+01 2.090706e+01 2.081284e+01
2.036500e+01 2.064000e+01 2.080862e+01 2.085744e+01 2.036000e+01 2.064500e+01 2.080688e+01 2.085656e+01
2.037000e+01 2.063500e+01 2.081025e+01 2.085839e+01 2.036500e+01 2.064000e+01 2.080862e+01 2.085744e+01
2.138000e+01 2.063500e+01 2.090706e+01 2.081284e+01 2.138000e+01 2.064500e+01 2.090383e+01 2.081405e+01
2.035500e+01 2.065000e+01 2.080505e+01 2.085557e+01 2.035000e+01 2.065500e+01 2.080312e+01 2.085467e+01
2.036000e+01 2.064500e+01 2.080688e+01 2.085656e+01 2.035500e+01 2.065000e+01 2.080505e+01 2.085557e+01
2.138000e+01 2.064500e+01 2.090383e+01 2.081405e+01 2.138500e+01 2.065000e+01 2.090661e+01 2.081296e+01
2.138500e+01 2.065000e+01 2.090661e+01 2.081296e+01 2.139000e+01 2.065500e+01 2.090949e+01 2.081198e+01
2.034500e+01 2.066000e+01 2.080110e+01 2.085365e+01 2.034000e+01 2.066500e+01 2.079898e+01 2.085273e+01
2.035000e+01 2.065500e+01 2.080312e+01 2.085467e+01 2.034500e+01 2.066000e+01 2.080110e+01 2.085365e+01
2.139000e+01 2.065500e+01 2.090949e+01 2.081198e+01 2.139500e+01 2.066000e+01 2.091247e+01 2.081094e+01
2.139500e+01 2.066000e+01 2.091247e+01 2.081094e+01 2.140000e+01 2.066500e+01 2.091554e+01 2.081002e+01
2.033500e+01 2.067000e+01 2.079677e+01 2.085170e+01 2.033000e+01 2.067500e+01 2.079446e+01 2.085077e+01
2.034000e+01 2.066500e+01 2.079898e+01 2.085273e+01 2.033500e+01 2.067000e+01 2.079677e+01 2.085170e+01
2.140000e+01 2.066500e+01 2.091554e+01 2.081002e+01 2.140500e+01 2.067000e+01 2.091873e+01 2.080905e+01
2.140500e+01 2.067000e+01 2.091873e+01 2.080905e+01 2.141000e+01 2.067500e+01 2.092199e+01 2.080820e+01
2.032500e+01 2.068000e+01 2.079206e+01 2.084974e+01 2.032000e+01 2.068500e+01 2.078956e+01 2.084881e+01
2.033000e+01 2.067500e+01 2.079446e+01 2.085077e+01 2.032500e+01 2.068000e+01 2.079206e+01 2.084974e+01
2.078500e+01 2.068000e+01 2.087107e+01 2.108671e+01 2.078000e+01 2.068500e+01 2.087871e+01 2.108468e+01
2.078500e+01 2.068000e+01 2.087107e+01 2.108671e+01 2.079500e+01 2.068000e+01 2.085859e+01 2.108928e+01
2.079500e+01 2.068000e+01 2.085859e+01 2.108928e+01 2.080500e+01 2.068000e+01 2.084563e+01 2.109086e+01
2.080500e+01 2.068000e+01 2.084563e+01 2.109086e+01 2.081500e+01 2.068000e+01 2.083240e+01 2.109137e+01
2.081500e+01 2.068000e+01 2.083240e+01 2.109137e+01 2.082500e+01 2.068000e+01 2.081909e+01 2.109079e+01
2.082500e+01 2.068000e+01 2.081909e+01 2.109079e+01 2.083500e+01 2.068000e+01 2.080594e+01 2.108915e+01
2.083500e+01 2.068000e+01 2.080594e+01 2.108915e+01 2.084500e+01 2.068000e+01 2.079314e+01 2.108648e+01
2.084500e+01 2.068000e+01 2.079314e+01 2.108648e+01 2.085500e+01 2.068000e+01 2.078087e+01 2.108287e+01
2.085500e+01 2.068000e+01 2.078087e+01 2.108287e+01 2.086500e+01 2.068000e+01 2.076929e+01 2.107844e+01
2.086500e+01 2.068000e+01 2.076929e+01 2.107844e+01 2.087000e+01 2.068500e+01 2.076150e+01 2.107490e+01
2.141000e+01 2.067500e+01 2.092199e+01 2.080820e+01 2.141000e+01 2.068500e+01 2.091957e+01 2.080886e+01
2.031500e+01 2.069000e+01 2.078696e+01 2.084780e+01 2.031000e+01 2.069500e+01 2.078427e+01 2.084689e+01
2.032000e+01 2.068500e+01 2.078956e+01 2.084881e+01 2.031500e+01 2.069000e+01 2.078696e+01 2.084780e+01
2.075500e+01 2.069000e+01 2.090948e+01 2.107200e+01 2.075000e+01 2.069500e+01 2.091722e+01 2.106763e+01
2.075500e+01 2.069000e+01 2.090948e+01 2.107200e+01 2.076500e+01 2.069000e+01 2.089873e+01 2.107728e+01
2.076500e+01 2.069000e+01 2.089873e+01 2.107728e+01 2.077500e+01 2.069000e+01 2.088695e+01 2.108189e+01
2.078000e+01 2.068500e+01 2.087871e+01 2.108468e+01 2.077500e+01 2.069000e+01 2.088695e+01 2.108189e+01
2.087000e+01 2.068500e+01 2.076150e+01 2.107490e+01 2.087500e+01 2.069000e+01 2.075296e+01 2.107045e+01
2.087500e+01 2.069000e+01 2.075296e+01 2.107045e+01 2.088500e+01 2.069000e+01 2.074234e+01 2.106425e+01
2.088500e+01 2.069000e+01 2.074234e+01 2.106425e+01 2.089000e+01 2.069500e+01 2.073431e+01 2.105877e+01
2.141000e+01 2.068500e+01 2.091957e+01 2.080886e+01 2.141500e+01 2.069000e+01 2.092308e+01 2.080797e+01
2.141500e+01 2.069000e+01 2.092308e+01 2.080797e+01 2.142000e+01 2.069500e+01 2.092666e+01 2.080720e+01
2.031000e+01 2.069500e+01 2.078427e+01 2.084689e+01 2.031000e+01 2.070500e+01 2.078737e+01 2.084800e+01
2.073500e+01 2.070000e+01 2.093425e+01 2.105576e+01 2.073000e+01 2.070500e+01 2.094146e+01 2.104981e+01
2.073500e+01 2.070000e+01 2.093425e+01 2.105576e+01 2.074500e+01 2.070000e+01 2.092537e+01 2.106230e+01
2.075000e+01 2.069500e+01 2.091722e+01 2.106763e+01 2.074500e+01 2.070000e+01 2.092537e+01 2.106230e+01
2.089000e+01 2.069500e+01 2.073431e+01 2.105877e+01 2.089500e+01 2.070000e+01 2.072584e+01 2.105224e+01
2.089500e+01 2.070000e+01 2.072584e+01 2.105224e+01 2.090500e+01 2.070000e+01 2.071721e+01 2.104481e+01
2.090500e+01 2.070000e+01 2.071721e+01 2.104481e+01 2.091000e+01 2.070500e+01 2.070966e+01 2.103761e+01
2.142000e+01 2.069500e+01 2.092666e+01 2.080720e+01 2.142000e+01 2.070500e+01 2.092465e+01 2.080768e+01
2.030500e+01 2.071000e+01 2.078448e+01 2.084694e+01 2.030000e+01 2.071500e+01 2.078150e+01 2.084598e+01
2.031000e+01 2.070500e+01 2.078737e+01 2.084800e+01 2.030500e+01 2.071000e+01 2.078448e+01 2.084694e+01
2.072500e+01 2.071000e+01 2.094887e+01 2.104286e+01 2.072000e+01 2.071500e+01 2.095568e+01 2.103578e+01
2.073000e+01 2.070500e+01 2.094146e+01 2.104981e+01 2.072500e+01 2.071000e+01 2.094887e+01 2.104286e+01
2.091000e+01 2.070500e+01 2.070966e+01 2.103761e+01 2.091500e+01 2.071000e+01 2.070190e+01 2.102936e+01
2.091500e+01 2.071000e+01 2.070190e+01 2.102936e+01 2.092000e+01 2.071500e+01 2.069470e+01 2.102096e+01
2.142000e+01 2.070500e+01 2.092465e+01 2.080768e+01 2.142000e+01 2.071500e+01 2.092282e+01 2.080802e+01
2.029500e+01 2.072000e+01 2.077841e+01 2.084496e+01 2.029000e+01 2.072500e+01 2.077525e+01 2.084405e+01
2.030000e+01 2.071500e+01 2.078150e+01 2.084598e+01 2.029500e+01 2.072000e+01 2.077841e+01 2.084496e+01
2.071500e+01 2.072000e+01 2.096253e+01 2.102771e+01 2.071000e+01 2.072500e+01 2.096872e+01 2.101967e+01
2.072000e+01 2.071500e+01 2.095568e+01 2.103578e+01 2.071500e+01 2.072000e+01 2.096253e+01 2.102771e+01
2.092000e+01 2.071500e+01 2.069470e+01 2.102096e+01 2.092000e+01 2.072500e+01 2.068650e+01 2.101031e+01
2.142000e+01 2.071500e+01 2.092282e+01 2.080802e+01 2.142000e+01 2.072500e+01 2.092118e+01 2.080823e+01
2.028500e+01 2.073000e+01 2.077198e+01 2.084309e+01 2.028000e+01 2.073500e+01 2.076864e+01 2.084224e+01
2.029000e+01 2.072500e+01 2.077525e+01 2.084405e+01 2.028500e+01 2.073000e+01 2.077198e+01 2.084309e+01
2.070500e+01 2.073000e+01 2.097480e+01 2.101069e+01 2.070000e+01 2.073500e+01 2.098019e+01 2.100190e+01
2.071000e+01 2.072500e+01 2.096872e+01 2.101967e+01 2.070500e+01 2.073000e+01 2.097480e+01 2.101069e+01
2.092000e+01 2.072500e+01 2.068650e+01 2.101031e+01 2.092500e+01 2.073000e+01 2.067923e+01 2.099984e+01
2.092500e+01 2.073000e+01 2.067923e+01 2.099984e+01 2.093000e+01 2.073500e+01 2.067265e+01 2.098946e+01
2.142000e+01 2.072500e+01 2.092118e+01 2.080823e+01 2.142500e+01 2.073000e+01 2.092525e+01 2.080756e+01
2.142500e+01 2.073000e+01 2.092525e+01 2.080756e+01 2.143000e+01 2.073500e+01 2.092938e+01 2.080702e+01
2.027500e+01 2.074000e+01 2.076519e+01 2.084134e+01 2.027000e+01 2.074500e+01 2.076167e+01 2.084056e+01
2.028000e+01 2.073500e+01 2.076864e+01 2.084224e+01 2.027500e+01 2.074000e+01 2.076519e+01 2.084134e+01
2.069500e+01 2.074000e+01 2.098531e+01 2.099227e+01 2.069000e+01 2.074500e+01 2.098978e+01 2.098296e+01
2.070000e+01 2.073500e+01 2.098019e+01 2.100190e+01 2.069500e+01 2.074000e+01 2.098531e+01 2.099227e+01
2.093000e+01 2.073500e+01 2.067265e+01 2.098946e+01 2.093000e+01 2.074500e+01 2.066453e+01 2.097496e+01
2.143000e+01 2.073500e+01 2.092938e+01 2.080702e+01 2.143000e+01 2.074500e+01 2.092819e+01 2.080725e+01
2.026500e+01 2.075000e+01 2.075804e+01 2.083974e+01 2.026000e+01 2.075500e+01 2.075435e+01 2.083904e+01
2.027000e+01 2.074500e+01 2.076167e+01 2.084056e+01 2.026500e+01 2.075000e+01 2.075804e+01 2.083974e+01
2.069000e+01 2.074500e+01 2.098978e+01 2.098296e+01 2.069000e+01 2.075500e+01 2.099570e+01 2.096883e+01
2.093000e+01 2.074500e+01 2.066453e+01 2.097496e+01 2.093500e+01 2.075000e+01 2.065841e+01 2.096279e+01
2.093500e+01 2.075000e+01 2.065841e+01 2.096279e+01 2.094000e+01 2.075500e+01 2.065298e+01 2.095097e+01
2.143000e+01 2.074500e+01 2.092819e+01 2.080725e+01 2.143000e+01 2.075500e+01 2.092720e+01 2.080743e+01
2.026000e+01 2.075500e+01 2.075435e+01 2.083904e+01 2.026000e+01 2.076500e+01 2.075618e+01 2.083942e+01
2.069000e+01 2.075500e+01 2.099570e+01 2.096883e+01 2.069000e+01 2.076500e+01 2.100108e+01 2.095296e+01
2.094000e+01 2.075500e+01 2.065298e+01 2.095097e+01 2.094000e+01 2.076500e+01 2.064582e+01 2.093318e+01
2.143000e+01 2.075500e+01 2.092720e+01 2.080743e+01 2.143000e+01 2.076500e+01 2.092641e+01 2.080759e+01
2.025500e+01 2.077000e+01 2.075226e+01 2.083869e+01 2.025000e+01 2.077500e+01 2.074828e+01 2.083806e+01
2.026000e+01 2.076500e+01 2.075618e+01 2.083942e+01 2.025500e+01 2.077000e+01 2.075226e+01 2.083869e+01
2.068500e+01 2.077000e+01 2.100420e+01 2.094185e+01 2.068000e+01 2.077500e+01 2.100678e+01 2.093130e+01
2.069000e+01 2.076500e+01 2.100108e+01 2.095296e+01 2.068500e+01 2.077000e+01 2.100420e+01 2.094185e+01
2.094000e+01 2.076500e+01 2.064582e+01 2.093318e+01 2.094000e+01 2.077500e+01 2.063919e+01 2.091381e+01
2.142500e+01 2.077000e+01 2.092121e+01 2.080795e+01 2.142000e+01 2.077500e+01 2.091603e+01 2.080822e+01
2.143000e+01 2.076500e+01 2.092641e+01 2.080759e+01 2.142500e+01 2.077000e+01 2.092121e+01 2.080795e+01
2.024500e+01 2.078000e+01 2.074420e+01 2.083744e+01 2.024000e+01 2.078500e+01 2.074008e+01 2.083693e+01
2.025000e+01 2.077500e+01 2.074828e+01 2.083806e+01 2.024500e+01 2.078000e+01 2.074420e+01 2.083744e+01
2.068000e+01 2.077500e+01 2.100678e+01 2.093130e+01 2.068000e+01 2.078500e+01 2.101030e+01 2.091312e+01
2.094000e+01 2.077500e+01 2.063919e+01 2.091381e+01 2.094000e+01 2.078500e+01 2.063330e+01 2.089302e+01
2.142000e+01 2.077500e+01 2.091603e+01 2.080822e+01 2.142000e+01 2.078500e+01 2.091563e+01 2.080816e+01
2.024000e+01 2.078500e+01 2.074008e+01 2.083693e+01 2.024000e+01 2.079500e+01 2.074126e+01 2.083710e+01
2.068000e+01 2.078500e+01 2.101030e+01 2.091312e+01 2.068000e+01 2.079500e+01 2.101290e+01 2.089370e+01
2.094000e+01 2.078500e+01 2.063330e+01 2.089302e+01 2.094500e+01 2.079000e+01 2.063013e+01 2.087956e+01
2.094500e+01 2.079000e+01 2.063013e+01 2.087956e+01 2.095000e+01 2.079500e+01 2.062746e+01 2.086679e+01
2.142000e+01 2.078500e+01 2.091563e+01 2.080816e+01 2.142000e+01 2.079500e+01 2.091545e+01 2.080814e+01
2.023500e+01 2.080000e+01 2.073690e+01 2.083662e+01 2.023000e+01 2.080500e+01 2.073251e+01 2.083625e+01
2.024000e+01 2.079500e+01 2.074126e+01 2.083710e+01 2.023500e+01 2.080000e+01 2.073690e+01 2.083662e+01
2.068000e+01 2.079500e+01 2.101290e+01 2.089370e+01 2.068000e+01 2.080500e+01 2.101445e+01 2.087330e+01
2.095000e+01 2.079500e+01 2.062746e+01 2.086679e+01 2.095000e+01 2.080500e+01 2.062391e+01 2.084506e+01
2.142000e+01 2.079500e+01 2.091545e+01 2.080814e+01 2.142000e+01 2.080500e+01 2.091549e+01 2.080818e+01
2.023000e+01 2.080500e+01 2.073251e+01 2.083625e+01 2.023000e+01 2.081500e+01 2.073327e+01 2.083632e+01
2.068000e+01 2.080500e+01 2.101445e+01 2.087330e+01 2.068000e+01 2.081500e+01 2.101490e+01 2.085217e+01
2.095000e+01 2.080500e+01 2.062391e+01 2.084506e+01 2.095000e+01 2.081500e+01 2.062150e+01 2.082291e+01
2.141500e+01 2.081000e+01 2.091069e+01 2.080812e+01 2.141000e+01 2.081500e+01 2.090592e+01 2.080795e+01
2.142000e+01 2.080500e+01 2.091549e+01 2.080818e+01 2.141500e+01 2.081000e+01 2.091069e+01 2.080812e+01
2.022500e+01 2.082000e+01 2.072866e+01 2.083602e+01 2.022000e+01 2.082500e+01 2.072402e+01 2.083583e+01
2.023000e+01 2.081500e+01 2.073327e+01 2.083632e+01 2.022500e+01 2.082000e+01 2.072866e+01 2.083602e+01
2.068000e+01 2.081500e+01 2.101490e+01 2.085217e+01 2.068500e+01 2.082000e+01 2.101462e+01 2.084104e+01
2.068500e+01 2.082000e+01 2.101462e+01 2.084104e+01 2.069000e+01 2.082500e+01 2.101412e+01 2.082928e+01
2.095000e+01 2.081500e+01 2.062150e+01 2.082291e+01 2.095000e+01 2.082500e+01 2.062028e+01 2.080069e+01
2.141000e+01 2.081500e+01 2.090592e+01 2.080795e+01 2.141000e+01 2.082500e+01 2.090638e+01 2.080795e+01
2.022000e+01 2.082500e+01 2.072402e+01 2.083583e+01 2.022000e+01 2.083500e+01 2.072435e+01 2.083588e+01
2.069000e+01 2.082500e+01 2.101412e+01 2.082928e+01 2.069000e+01 2.083500e+01 2.101210e+01 2.080645e+01
2.095000e+01 2.082500e+01 2.062028e+01 2.080069e+01 2.095000e+01 2.083500e+01 2.062029e+01 2.077875e+01
2.140500e+01 2.083000e+01 2.090182e+01 2.080768e+01 2.140000e+01 2.083500e+01 2.089730e+01 2.080730e+01
2.141000e+01 2.082500e+01 2.090638e+01 2.080795e+01 2.140500e+01 2.083000e+01 2.090182e+01 2.080768e+01
2.022000e+01 2.083500e+01 2.072435e+01 2.083588e+01 2.022000e+01 2.084500e+01 2.072447e+01 2.083584e+01
2.069000e+01 2.083500e+01 2.101210e+01 2.080645e+01 2.069000e+01 2.084500e+01 2.100886e+01 2.078395e+01
2.095000e+01 2.083500e+01 2.062029e+01 2.077875e+01 2.095000e+01 2.084500e+01 2.062149e+01 2.075745e+01
2.140000e+01 2.083500e+01 2.089730e+01 2.080730e+01 2.140000e+01 2.084500e+01 2.089818e+01 2.080735e+01
2.021500e+01 2.085000e+01 2.071952e+01 2.083584e+01 2.021000e+01 2.085500e+01 2.071455e+01 2.083594e+01
2.022000e+01 2.084500e+01 2.072447e+01 2.083584e+01 2.021500e+01 2.085000e+01 2.071952e+01 2.083584e+01
2.069000e+01 2.084500e+01 2.100886e+01 2.078395e+01 2.069000e+01 2.085500e+01 2.100451e+01 2.076212e+01
2.095000e+01 2.084500e+01 2.062149e+01 2.075745e+01 2.095000e+01 2.085500e+01 2.062380e+01 2.073708e+01
2.139500e+01 2.085000e+01 2.089388e+01 2.080691e+01 2.139000e+01 2.085500e+01 2.088961e+01 2.080636e+01
2.140000e+01 2.084500e+01 2.089818e+01 2.080735e+01 2.139500e+01 2.085000e+01 2.089388e+01 2.080691e+01
2.021000e+01 2.085500e+01 2.071455e+01 2.083594e+01 2.021000e+01 2.086500e+01 2.071426e+01 2.083600e+01
2.069000e+01 2.085500e+01 2.100451e+01 2.076212e+01 2.069000e+01 2.086500e+01 2.099920e+01 2.074128e+01
2.095000e+01 2.085500e+01 2.062380e+01 2.073708e+01 2.095000e+01 2.086500e+01 2.062713e+01 2.071790e+01
2.139000e+01 2.085500e+01 2.088961e+01 2.080636e+01 2.139000e+01 2.086500e+01 2.089092e+01 2.080654e+01
2.021000e+01 2.086500e+01 2.071426e+01 2.083600e+01 2.021000e+01 2.087500e+01 2.071375e+01 2.083605e+01
2.069000e+01 2.086500e+01 2.099920e+01 2.074128e+01 2.069000e+01 2.087500e+01 2.099309e+01 2.072168e+01
2.095000e+01 2.086500e+01 2.062713e+01 2.071790e+01 2.095000e+01 2.087500e+01 2.063133e+01 2.070013e+01
2.138500e+01 2.087000e+01 2.088688e+01 2.080597e+01 2.138000e+01 2.087500e+01 2.088289e+01 2.080529e+01
2.139000e+01 2.086500e+01 2.089092e+01 2.080654e+01 2.138500e+01 2.087000e+01 2.088688e+01 2.080597e+01
2.021000e+01 2.087500e+01 2.071375e+01 2.083605e+01 2.021000e+01 2.088500e+01 2.071302e+01 2.083609e+01
2.069000e+01 2.087500e+01 2.099309e+01 2.072168e+01 2.069500e+01 2.088000e+01 2.098860e+01 2.070925e+01
2.069500e+01 2.088000e+01 2.098860e+01 2.070925e+01 2.070000e+01 2.088500e+01 2.098346e+01 2.069630e+01
2.095000e+01 2.087500e+01 2.063133e+01 2.070013e+01 2.095000e+01 2.088500e+01 2.063626e+01 2.068392e+01
2.137500e+01 2.088000e+01 2.087902e+01 2.080461e+01 2.137000e+01 2.088500e+01 2.087520e+01 2.080383e+01
2.138000e+01 2.087500e+01 2.088289e+01 2.080529e+01 2.137500e+01 2.088000e+01 2.087902e+01 2.080461e+01
2.021000e+01 2.088500e+01 2.071302e+01 2.083609e+01 2.021000e+01 2.089500e+01 2.071209e+01 2.083615e+01
2.070000e+01 2.088500e+01 2.098346e+01 2.069630e+01 2.070000e+01 2.089500e+01 2.097582e+01 2.067934e+01
2.094500e+01 2.089000e+01 2.063991e+01 2.067388e+01 2.094000e+01 2.089500e+01 2.064419e+01 2.066339e+01
2.095000e+01 2.088500e+01 2.063626e+01 2.068392e+01 2.094500e+01 2.089000e+01 2.063991e+01 2.067388e+01
2.137000e+01 2.088500e+01 2.087520e+01 2.080383e+01 2.137000e+01 2.089500e+01 2.087716e+01 2.080425e+01
2.021000e+01 2.089500e+01 2.071209e+01 2.083615e+01 2.021000e+01 2.090500e+01 2.071096e+01 2.083626e+01
2.070000e+01 2.089500e+01 2.097582e+01 2.067934e+01 2.070000e+01 2.090500e+01 2.096795e+01 2.066417e+01
2.094000e+01 2.089500e+01 2.064419e+01 2.066339e+01 2.094000e+01 2.090500e+01 2.065050e+01 2.065015e+01
2.136500e+01 2.090000e+01 2.087357e+01 2.080351e+01 2.136000e+01 2.090500e+01 2.087004e+01 2.080265e+01
2.137000e+01 2.089500e+01 2.087716e+01 2.080425e+01 2.136500e+01 2.090000e+01 2.087357e+01 2.080351e+01
2.021000e+01 2.090500e+01 2.071096e+01 2.083626e+01 2.021000e+01 2.091500e+01 2.070962e+01 2.083644e+01
2.070000e+01 2.090500e+01 2.096795e+01 2.066417e+01 2.070500e+01 2.091000e+01 2.096176e+01 2.065350e+01
2.070500e+01 2.091000e+01 2.096176e+01 2.065350e+01 2.071000e+01 2.091500e+01 2.095490e+01 2.064267e+01
2.093500e+01 2.091000e+01 2.065548e+01 2.064114e+01 2.093000e+01 2.091500e+01 2.066113e+01 2.063189e+01
2.094000e+01 2.090500e+01 2.065050e+01 2.065015e+01 2.093500e+01 2.091000e+01 2.065548e+01 2.064114e+01
2.135500e+01 2.091000e+01 2.086662e+01 2.080184e+01 2.135000e+01 2.091500e+01 2.086327e+01 2.080091e+01
2.136000e+01 2.090500e+01 2.087004e+01 2.080265e+01 2.135500e+01 2.091000e+01 2.086662e+01 2.080184e+01
2.021000e+01 2.091500e+01 2.070962e+01 2.083644e+01 2.021000e+01 2.092500e+01 2.070809e+01 2.083671e+01
2.071000e+01 2.091500e+01 2.095490e+01 2.064267e+01 2.071500e+01 2.092000e+01 2.094795e+01 2.063284e+01
2.071500e+01 2.092000e+01 2.094795e+01 2.063284e+01 2.072000e+01 2.092500e+01 2.094033e+01 2.062301e+01
2.092500e+01 2.092000e+01 2.066696e+01 2.062353e+01 2.092000e+01 2.092500e+01 2.067346e+01 2.061508e+01
2.093000e+01 2.091500e+01 2.066113e+01 2.063189e+01 2.092500e+01 2.092000e+01 2.066696e+01 2.062353e+01
2.134500e+01 2.092000e+01 2.086003e+01 2.080003e+01 2.134000e+01 2.092500e+01 2.085686e+01 2.079905e+01
2.135000e+01 2.091500e+01 2.086327e+01 2.080091e+01 2.134500e+01 2.092000e+01 2.086003e+01 2.080003e+01
2.021000e+01 2.092500e+01 2.070809e+01 2.083671e+01 2.021000e+01 2.093500e+01 2.070637e+01 2.083708e+01
2.072000e+01 2.092500e+01 2.094033e+01 2.062301e+01 2.072000e+01 2.093500e+01 2.093221e+01 2.061359e+01
2.091500e+01 2.093000e+01 2.067999e+01 2.060759e+01 2.091000e+01 2.093500e+01 2.068715e+01 2.060016e+01
2.092000e+01 2.092500e+01 2.067346e+01 2.061508e+01 2.091500e+01 2.093000e+01 2.067999e+01 2.060759e+01
2.133500e+01 2.093000e+01 2.085380e+01 2.079812e+01 2.133000e+01 2.093500e+01 2.085082e+01 2.079708e+01
2.134000e+01 2.092500e+01 2.085686e+01 2.079905e+01 2.133500e+01 2.093000e+01 2.085380e+01 2.079812e+01
2.021000e+01 2.093500e+01 2.070637e+01 2.083708e+01 2.021500e+01 2.094000e+01 2.071015e+01 2.083639e+01
2.021500e+01 2.094000e+01 2.071015e+01 2.083639e+01 2.022000e+01 2.094500e+01 2.071386e+01 2.083557e+01
2.072000e+01 2.093500e+01 2.093221e+01 2.061359e+01 2.072500e+01 2.094000e+01 2.092485e+01 2.060587e+01
2.072500e+01 2.094000e+01 2.092485e+01 2.060587e+01 2.073500e+01 2.094000e+01 2.091675e+01 2.059818e+01
2.073500e+01 2.094000e+01 2.091675e+01 2.059818e+01 2.074000e+01 2.094500e+01 2.090835e+01 2.059101e+01
2.089500e+01 2.094000e+01 2.070253e+01 2.058694e+01 2.089000e+01 2.094500e+01 2.071061e+01 2.058102e+01
2.089500e+01 2.094000e+01 2.070253e+01 2.058694e+01 2.090500e+01 2.094000e+01 2.069417e+01 2.059373e+01
2.091000e+01 2.093500e+01 2.068715e+01 2.060016e+01 2.090500e+01 2.094000e+01 2.069417e+01 2.059373e+01
2.132500e+01 2.094000e+01 2.084795e+01 2.079611e+01 2.132000e+01 2.094500e+01 2.084516e+01 2.079504e+01
2.133000e+01 2.093500e+01 2.085082e+01 2.079708e+01 2.132500e+01 2.094000e+01 2.084795e+01 2.079611e+01
2.022000e+01 2.094500e+01 2.071386e+01 2.083557e+01 2.022000e+01 2.095500e+01 2.071171e+01 2.083606e+01
2.074000e+01 2.094500e+01 2.090835e+01 2.059101e+01 2.074500e+01 2.095000e+01 2.090033e+01 2.058491e+01
2.074500e+01 2.095000e+01 2.090033e+01 2.058491e+01 2.075500e+01 2.095000e+01 2.089023e+01 2.057824e+01
2.075500e+01 2.095000e+01 2.089023e+01 2.057824e+01 2.076000e+01 2.095500e+01 2.088156e+01 2.057310e+01
2.087500e+01 2.095000e+01 2.072877e+01 2.057037e+01 2.087000e+01 2.095500e+01 2.073710e+01 2.056636e+01
2.087500e+01 2.095000e+01 2.072877e+01 2.057037e+01 2.088500e+01 2.095000e+01 2.071833e+01 2.057609e+01
2.089000e+01 2.094500e+01 2.071061e+01 2.058102e+01 2.088500e+01 2.095000e+01 2.071833e+01 2.057609e+01
2.131500e+01 2.095000e+01 2.084248e+01 2.079404e+01 2.131000e+01 2.095500e+01 2.083989e+01 2.079294e+01
2.132000e+01 2.094500e+01 2.084516e+01 2.079504e+01 2.131500e+01 2.095000e+01 2.084248e+01 2.079404e+01
2.022000e+01 2.095500e+01 2.071171e+01 2.083606e+01 2.022500e+01 2.096000e+01 2.071518e+01 2.083523e+01
2.022500e+01 2.096000e+01 2.071518e+01 2.083523e+01 2.023000e+01 2.096500e+01 2.071858e+01 2.083429e+01
2.076000e+01 2.095500e+01 2.088156e+01 2.057310e+01 2.076500e+01 2.096000e+01 2.087345e+01 2.056894e+01
2.076500e+01 2.096000e+01 2.087345e+01 2.056894e+01 2.077500e+01 2.096000e+01 2.086197e+01 2.056394e+01
2.077500e+01 2.096000e+01 2.086197e+01 2.056394e+01 2.078500e+01 2.096000e+01 2.084970e+01 2.055972e+01
2.078500e+01 2.096000e+01 2.084970e+01 2.055972e+01 2.079500e+01 2.096000e+01 2.083677e+01 2.055642e+01
2.079500e+01 2.096000e+01 2.083677e+01 2.055642e+01 2.080000e+01 2.096500e+01 2.082893e+01 2.055480e+01
2.082500e+01 2.096000e+01 2.079592e+01 2.055288e+01 2.082000e+01 2.096500e+01 2.080277e+01 2.055261e+01
2.082500e+01 2.096000e+01 2.079592e+01 2.055288e+01 2.083500e+01 2.096000e+01 2.078237e+01 2.055394e+01
2.083500e+01 2.096000e+01 2.078237e+01 2.055394e+01 2.084500e+01 2.096000e+01 2.076921e+01 2.055608e+01
2.084500e+01 2.096000e+01 2.076921e+01 2.055608e+01 2.085500e+01 2.096000e+01 2.075667e+01 2.055921e+01
2.085500e+01 2.096000e+01 2.075667e+01 2.055921e+01 2.086500e+01 2.096000e+01 2.074490e+01 2.056321e+01
2.087000e+01 2.095500e+01 2.073710e+01 2.056636e+01 2.086500e+01 2.096000e+01 2.074490e+01 2.056321e+01
2.131000e+01 2.095500e+01 2.083989e+01 2.079294e+01 2.131000e+01 2.096500e+01 2.084331e+01 2.079433e+01
2.023000e+01 2.096500e+01 2.071858e+01 2.083429e+01 2.023000e+01 2.097500e+01 2.071602e+01 2.083500e+01
2.080000e+01 2.096500e+01 2.082893e+01 2.055480e+01 2.080500e+01 2.097000e+01 2.082172e+01 2.055387e+01
2.080500e+01 2.097000e+01 2.082172e+01 2.055387e+01 2.081500e+01 2.097000e+01 2.080910e+01 2.055285e+01
2.082000e+01 2.096500e+01 2.080277e+01 2.055261e+01 2.081500e+01 2.097000e+01 2.080910e+01 2.055285e+01
2.130500e+01 2.097000e+01 2.084091e+01 2.079340e+01 2.130000e+01 2.097500e+01 2.083861e+01 2.079239e+01
2.131000e+01 2.096500e+01 2.084331e+01 2.079433e+01 2.130500e+01 2.097000e+01 2.084091e+01 2.079340e+01
2.023000e+01 2.097500e+01 2.071602e+01 2.083500e+01 2.023500e+01 2.098000e+01 2.071918e+01 2.083411e+01
2.023500e+01 2.098000e+01 2.071918e+01 2.083411e+01 2.024000e+01 2.098500e+01 2.072226e+01 2.083311e+01
2.129500e+01 2.098000e+01 2.083641e+01 2.079147e+01 2.129000e+01 2.098500e+01 2.083430e+01 2.079045e+01
2.130000e+01 2.097500e+01 2.083861e+01 2.079239e+01 2.129500e+01 2.098000e+01 2.083641e+01 2.079147e+01
2.024000e+01 2.098500e+01 2.072226e+01 2.083311e+01 2.024500e+01 2.099000e+01 2.072522e+01 2.083217e+01
2.024500e+01 2.099000e+01 2.072522e+01 2.083217e+01 2.025000e+01 2.099500e+01 2.072809e+01 2.083111e+01
2.128500e+01 2.099000e+01 2.083229e+01 2.078955e+01 2.128000e+01 2.099500e+01 2.083038e+01 2.078856e+01
2.129000e+01 2.098500e+01 2.083430e+01 2.079045e+01 2.128500e+01 2.099000e+01 2.083229e+01 2.078955e+01
2.025000e+01 2.099500e+01 2.072809e+01 2.083111e+01 2.025500e+01 2.100000e+01 2.073085e+01 2.083012e+01
2.025500e+01 2.100000e+01 2.073085e+01 2.083012e+01 2.026000e+01 2.100500e+01 2.073352e+01 2.082903e+01
2.127500e+01 2.100000e+01 2.082855e+01 2.078767e+01 2.127000e+01 2.100500e+01 2.082683e+01 2.078671e+01
2.128000e+01 2.099500e+01 2.083038e+01 2.078856e+01 2.127500e+01 2.100000e+01 2.082855e+01 2.078767e+01
2.026000e+01 2.100500e+01 2.073352e+01 2.082903e+01 2.026500e+01 2.101000e+01 2.073609e+01 2.082802e+01
2.026500e+01 2.101000e+01 2.073609e+01 2.082802e+01 2.027000e+01 2.101500e+01 2.073855e+01 2.082691e+01
2.126500e+01 2.101000e+01 2.082519e+01 2.078587e+01 2.126000e+01 2.101500e+01 2.082367e+01 2.078495e+01
2.127000e+01 2.100500e+01 2.082683e+01 2.078671e+01 2.126500e+01 2.101000e+01 2.082519e+01 2.078587e+01
2.027000e+01 2.101500e+01 2.073855e+01 2.082691e+01 2.027500e+01 2.102000e+01 2.074092e+01 2.082590e+01
2.027500e+01 2.102000e+01 2.074092e+01 2.082590e+01 2.028000e+01 2.102500e+01 2.074320e+01 2.082480e+01
2.125500e+01 2.102000e+01 2.082222e+01 2.078416e+01 2.125000e+01 2.102500e+01 2.082089e+01 2.078329e+01
2.126000e+01 2.101500e+01 2.082367e+01 2.078495e+01 2.125500e+01 2.102000e+01 2.082222e+01 2.078416e+01
2.028000e+01 2.102500e+01 2.074320e+01 2.082480e+01 2.028500e+01 2.103000e+01 2.074539e+01 2.082381e+01
2.028500e+01 2.103000e+01 2.074539e+01 2.082381e+01 2.029000e+01 2.103500e+01 2.074746e+01 2.082274e+01
2.124500e+01 2.103000e+01 2.081962e+01 2.078256e+01 2.124000e+01 2.103500e+01 2.081847e+01 2.078176e+01
2.125000e+01 2.102500e+01 2.082089e+01 2.078329e+01 2.124500e+01 2.103000e+01 2.081962e+01 2.078256e+01
2.029000e+01 2.103500e+01 2.074746e+01 2.082274e+01 2.029500e+01 2.104000e+01 2.074945e+01 2.082179e+01
2.029500e+01 2.104000e+01 2.074945e+01 2.082179e+01 2.030000e+01 2.104500e+01 2.075133e+01 2.082077e+01
2.123500e+01 2.104000e+01 2.081739e+01 2.078109e+01 2.123000e+01 2.104500e+01 2.081643e+01 2.078037e+01
2.124000e+01 2.103500e+01 2.081847e+01 2.078176e+01 2.123500e+01 2.104000e+01 2.081739e+01 2.078109e+01
2.030000e+01 2.104500e+01 2.075133e+01 2.082077e+01 2.030500e+01 2.105000e+01 2.075313e+01 2.081989e+01
2.030500e+01 2.105000e+01 2.075313e+01 2.081989e+01 2.031000e+01 2.105500e+01 2.075483e+01 2.081893e+01
2.122500e+01 2.105000e+01 2.081552e+01 2.077979e+01 2.122000e+01 2.105500e+01 2.081474e+01 2.077915e+01
2.123000e+01 2.104500e+01 2.081643e+01 2.078037e+01 2.122500e+01 2.105000e+01 2.081552e+01 2.077979e+01
2.031000e+01 2.105500e+01 2.075483e+01 2.081893e+01 2.031500e+01 2.106000e+01 2.075646e+01 2.081813e+01
2.031500e+01 2.106000e+01 2.075646e+01 2.081813e+01 2.032500e+01 2.106000e+01 2.076372e+01 2.081389e+01
2.032500e+01 2.106000e+01 2.076372e+01 2.081389e+01 2.033000e+01 2.106500e+01 2.076512e+01 2.081296e+01
2.121500e+01 2.106000e+01 2.081401e+01 2.077866e+01 2.121000e+01 2.106500e+01 2.081340e+01 2.077813e+01
2.122000e+01 2.105500e+01 2.081474e+01 2.077915e+01 2.121500e+01 2.106000e+01 2.081401e+01 2.077866e+01
2.033000e+01 2.106500e+01 2.076512e+01 2.081296e+01 2.033500e+01 2.107000e+01 2.076647e+01 2.081220e+01
2.033500e+01 2.107000e+01 2.076647e+01 2.081220e+01 2.034500e+01 2.107000e+01 2.077335e+01 2.080777e+01
2.034500e+01 2.107000e+01 2.077335e+01 2.080777e+01 2.035000e+01 2.107500e+01 2.077446e+01 2.080690e+01
2.120500e+01 2.107000e+01 2.081283e+01 2.077772e+01 2.120000e+01 2.107500e+01 2.081240e+01 2.077730e+01
2.121000e+01 2.106500e+01 2.081340e+01 2.077813e+01 2.120500e+01 2.107000e+01 2.081283e+01 2.077772e+01
2.035000e+01 2.107500e+01 2.077446e+01 2.080690e+01 2.035500e+01 2.108000e+01 2.077553e+01 2.080622e+01
2.035500e+01 2.108000e+01 2.077553e+01 2.080622e+01 2.036000e+01 2.108500e+01 2.077647e+01 2.080549e+01
2.119500e+01 2.108000e+01 2.081199e+01 2.077702e+01 2.119000e+01 2.108500e+01 2.081171e+01 2.077670e+01
2.120000e+01 2.107500e+01 2.081240e+01 2.077730e+01 2.119500e+01 2.108000e+01 2.081199e+01 2.077702e+01
2.036000e+01 2.108500e+01 2.077647e+01 2.080549e+01 2.036500e+01 2.109000e+01 2.077738e+01 2.080495e+01
2.036500e+01 2.109000e+01 2.077738e+01 2.080495e+01 2.037500e+01 2.109000e+01 2.078364e+01 2.080034e+01
2.037500e+01 2.109000e+01 2.078364e+01 2.080034e+01 2.038000e+01 2.109500e+01 2.078431e+01 2.079974e+01
2.118500e+01 2.109000e+01 2.081146e+01 2.077655e+01 2.118000e+01 2.109500e+01 2.081133e+01 2.077638e+01
2.119000e+01 2.108500e+01 2.081171e+01 2.077670e+01 2.118500e+01 2.109000e+01 2.081146e+01 2.077655e+01
2.038000e+01 2.109500e+01 2.078431e+01 2.079974e+01 2.038500e+01 2.110000e+01 2.078494e+01 2.079926e+01
2.038500e+01 2.110000e+01 2.078494e+01 2.079926e+01 2.039500e+01 2.110000e+01 2.079077e+01 2.079449e+01
2.039500e+01 2.110000e+01 2.079077e+01 2.079449e+01 2.040000e+01 2.110500e+01 2.079118e+01 2.079404e+01
2.117500e+01 2.110000e+01 2.081123e+01 2.077638e+01 2.117000e+01 2.110500e+01 2.081125e+01 2.077638e+01
2.118000e+01 2.109500e+01 2.081133e+01 2.077638e+01 2.117500e+01 2.110000e+01 2.081123e+01 2.077638e+01
2.040000e+01 2.110500e+01 2.079118e+01 2.079404e+01 2.040500e+01 2.111000e+01 2.079157e+01 2.079378e+01
2.040500e+01 2.111000e+01 2.079157e+01 2.079378e+01 2.041500e+01 2.111000e+01 2.079705e+01 2.078892e+01
2.041500e+01 2.111000e+01 2.079705e+01 2.078892e+01 2.042000e+01 2.111500e+01 2.079721e+01 2.078866e+01
2.116500e+01 2.111000e+01 2.081128e+01 2.077651e+01 2.116000e+01 2.111500e+01 2.081144e+01 2.077663e+01
2.117000e+01 2.110500e+01 2.081125e+01 2.077638e+01 2.116500e+01 2.111000e+01 2.081128e+01 2.077651e+01
2.042000e+01 2.111500e+01 2.079721e+01 2.078866e+01 2.042500e+01 2.112000e+01 2.079737e+01 2.078859e+01
2.042500e+01 2.112000e+01 2.079737e+01 2.078859e+01 2.043500e+01 2.112000e+01 2.080233e+01 2.078370e+01
2.043500e+01 2.112000e+01 2.080233e+01 2.078370e+01 2.044000e+01 2.112500e+01 2.080226e+01 2.078365e+01
2.115500e+01 2.112000e+01 2.081159e+01 2.077690e+01 2.115000e+01 2.112500e+01 2.081187e+01 2.077719e+01
2.116000e+01 2.111500e+01 2.081144e+01 2.077663e+01 2.115500e+01 2.112000e+01 2.081159e+01 2.077690e+01
2.044000e+01 2.112500e+01 2.080226e+01 2.078365e+01 2.044500e+01 2.113000e+01 2.080237e+01 2.078494e+01
2.044500e+01 2.113000e+01 2.080237e+01 2.078494e+01 2.045500e+01 2.113000e+01 2.080672e+01 2.077891e+01
2.045500e+01 2.113000e+01 2.080672e+01 2.077891e+01 2.046000e+01 2.113500e+01 2.080633e+01 2.077911e+01
2.114500e+01 2.113000e+01 2.081213e+01 2.077762e+01 2.114000e+01 2.113500e+01 2.081252e+01 2.077807e+01
2.115000e+01 2.112500e+01 2.081187e+01 2.077719e+01 2.114500e+01 2.113000e+01 2.081213e+01 2.077762e+01
2.046000e+01 2.113500e+01 2.080633e+01 2.077911e+01 2.046500e+01 2.114000e+01 2.080606e+01 2.077950e+01
2.046500e+01 2.114000e+01 2.080606e+01 2.077950e+01 2.047500e+01 2.114000e+01 2.081024e+01 2.077463e+01
2.047500e+01 2.114000e+01 2.081024e+01 2.077463e+01 2.048000e+01 2.114500e+01 2.080965e+01 2.077510e+01
2.112500e+01 2.114000e+01 2.080889e+01 2.077369e+01 2.112000e+01 2.114500e+01 2.080950e+01 2.077435e+01
2.112500e+01 2.114000e+01 2.080889e+01 2.077369e+01 2.113500e+01 2.114000e+01 2.081289e+01 2.077867e+01
2.114000e+01 2.113500e+01 2.081252e+01 2.077807e+01 2.113500e+01 2.114000e+01 2.081289e+01 2.077867e+01
2.048000e+01 2.114500e+01 2.080965e+01 2.077510e+01 2.048500e+01 2.115000e+01 2.080920e+01 2.077575e+01
2.048500e+01 2.115000e+01 2.080920e+01 2.077575e+01 2.049500e+01 2.115000e+01 2.081285e+01 2.077097e+01
2.049500e+01 2.115000e+01 2.081285e+01 2.077097e+01 2.050000e+01 2.115500e+01 2.081218e+01 2.077172e+01
2.111500e+01 2.115000e+01 2.081008e+01 2.077515e+01 2.111000e+01 2.115500e+01 2.081077e+01 2.077600e+01
2.112000e+01 2.114500e+01 2.080950e+01 2.077435e+01 2.111500e+01 2.115000e+01 2.081008e+01 2.077515e+01
2.050000e+01 2.115500e+01 2.081218e+01 2.077172e+01 2.050500e+01 2.116000e+01 2.081157e+01 2.077265e+01
2.050500e+01 2.116000e+01 2.081157e+01 2.077265e+01 2.051500e+01 2.116000e+01 2.081480e+01 2.076798e+01
2.051500e+01 2.116000e+01 2.081480e+01 2.076798e+01 2.052000e+01 2.116500e+01 2.081398e+01 2.076903e+01
2.110500e+01 2.116000e+01 2.081142e+01 2.077699e+01 2.110000e+01 2.116500e+01 2.081218e+01 2.077803e+01
2.111000e+01 2.115500e+01 2.081077e+01 2.077600e+01 2.110500e+01 2.116000e+01 2.081142e+01 2.077699e+01
2.052000e+01 2.116500e+01 2.081398e+01 2.076903e+01 2.052500e+01 2.117000e+01 2.081322e+01 2.077026e+01
2.052500e+01 2.117000e+01 2.081322e+01 2.077026e+01 2.053500e+01 2.117000e+01 2.081604e+01 2.076574e+01
2.053500e+01 2.117000e+01 2.081604e+01 2.076574e+01 2.054000e+01 2.117500e+01 2.081510e+01 2.076711e+01
2.108500e+01 2.117000e+01 2.080981e+01 2.077451e+01 2.108000e+01 2.117500e+01 2.081073e+01 2.077581e+01
2.108500e+01 2.117000e+01 2.080981e+01 2.077451e+01 2.109500e+01 2.117000e+01 2.081289e+01 2.077921e+01
2.110000e+01 2.116500e+01 2.081218e+01 2.077803e+01 2.109500e+01 2.117000e+01 2.081289e+01 2.077921e+01
2.054000e+01 2.117500e+01 2.081510e+01 2.076711e+01 2.054500e+01 2.118000e+01 2.081424e+01 2.076863e+01
2.054500e+01 2.118000e+01 2.081424e+01 2.076863e+01 2.055500e+01 2.118000e+01 2.081666e+01 2.076431e+01
2.055500e+01 2.118000e+01 2.081666e+01 2.076431e+01 2.056000e+01 2.118500e+01 2.081563e+01 2.076599e+01
2.107500e+01 2.118000e+01 2.081158e+01 2.077725e+01 2.107000e+01 2.118500e+01 2.081252e+01 2.077876e+01
2.108000e+01 2.117500e+01 2.081073e+01 2.077581e+01 2.107500e+01 2.118000e+01 2.081158e+01 2.077725e+01
2.056000e+01 2.118500e+01 2.081563e+01 2.076599e+01 2.056500e+01 2.119000e+01 2.081469e+01 2.076784e+01
2.056500e+01 2.119000e+01 2.081469e+01 2.076784e+01 2.057500e+01 2.119000e+01 2.081675e+01 2.076375e+01
2.057500e+01 2.119000e+01 2.081675e+01 2.076375e+01 2.058000e+01 2.119500e+01 2.081567e+01 2.076582e+01
2.106500e+01 2.119000e+01 2.081340e+01 2.078039e+01 2.106000e+01 2.119500e+01 2.081388e+01 2.078219e+01
2.107000e+01 2.118500e+01 2.081252e+01 2.077876e+01 2.106500e+01 2.119000e+01 2.081340e+01 2.078039e+01
2.058000e+01 2.119500e+01 2.081567e+01 2.076582e+01 2.058500e+01 2.120000e+01 2.081468e+01 2.076803e+01
2.058500e+01 2.120000e+01 2.081468e+01 2.076803e+01 2.059500e+01 2.120000e+01 2.081640e+01 2.076421e+01
2.059500e+01 2.120000e+01 2.081640e+01 2.076421e+01 2.060000e+01 2.120500e+01 2.081530e+01 2.076660e+01
2.103500e+01 2.120000e+01 2.081085e+01 2.077555e+01 2.103000e+01 2.120500e+01 2.081197e+01 2.077766e+01
2.103500e+01 2.120000e+01 2.081085e+01 2.077555e+01 2.104500e+01 2.120000e+01 2.081289e+01 2.077941e+01
2.104500e+01 2.120000e+01 2.081289e+01 2.077941e+01 2.105500e+01 2.120000e+01 2.081476e+01 2.078402e+01
2.106000e+01 2.119500e+01 2.081388e+01 2.078219e+01 2.105500e+01 2.120000e+01 2.081476e+01 2.078402e+01
2.060000e+01 2.120500e+01 2.081530e+01 2.076660e+01 2.060500e+01 2.121000e+01 2.081430e+01 2.076911e+01
2.060500e+01 2.121000e+01 2.081430e+01 2.076911e+01 2.061500e+01 2.121000e+01 2.081571e+01 2.076559e+01
2.061500e+01 2.121000e+01 2.081571e+01 2.076559e+01 2.062000e+01 2.121500e+01 2.081462e+01 2.076832e+01
2.101500e+01 2.121000e+01 2.081124e+01 2.077598e+01 2.101000e+01 2.121500e+01 2.081238e+01 2.077840e+01
2.101500e+01 2.121000e+01 2.081124e+01 2.077598e+01 2.102500e+01 2.121000e+01 2.081298e+01 2.077988e+01
2.103000e+01 2.120500e+01 2.081197e+01 2.077766e+01 2.102500e+01 2.121000e+01 2.081298e+01 2.077988e+01
2.062000e+01 2.121500e+01 2.081462e+01 2.076832e+01 2.062500e+01 2.122000e+01 2.081364e+01 2.077116e+01
2.062500e+01 2.122000e+01 2.081364e+01 2.077116e+01 2.063500e+01 2.122000e+01 2.081480e+01 2.076798e+01
2.063500e+01 2.122000e+01 2.081480e+01 2.076798e+01 2.064500e+01 2.122000e+01 2.081577e+01 2.076492e+01
2.064500e+01 2.122000e+01 2.081577e+01 2.076492e+01 2.065000e+01 2.122500e+01 2.081471e+01 2.076810e+01
2.099500e+01 2.122000e+01 2.081198e+01 2.077732e+01 2.099000e+01 2.122500e+01 2.081310e+01 2.078006e+01
2.099500e+01 2.122000e+01 2.081198e+01 2.077732e+01 2.100500e+01 2.122000e+01 2.081341e+01 2.078092e+01
2.101000e+01 2.121500e+01 2.081238e+01 2.077840e+01 2.100500e+01 2.122000e+01 2.081341e+01 2.078092e+01
2.065000e+01 2.122500e+01 2.081471e+01 2.076810e+01 2.065500e+01 2.123000e+01 2.081377e+01 2.077138e+01
2.065500e+01 2.123000e+01 2.081377e+01 2.077138e+01 2.066500e+01 2.123000e+01 2.081455e+01 2.076869e+01
2.066500e+01 2.123000e+01 2.081455e+01 2.076869e+01 2.067500e+01 2.123000e+01 2.081517e+01 2.076614e+01
2.067500e+01 2.123000e+01 2.081517e+01 2.076614e+01 2.068000e+01 2.123500e+01 2.081422e+01 2.076978e+01
2.096500e+01 2.123000e+01 2.081193e+01 2.077649e+01 2.096000e+01 2.123500e+01 2.081301e+01 2.077967e+01
2.096500e+01 2.123000e+01 2.081193e+01 2.077649e+01 2.097500e+01 2.123000e+01 2.081266e+01 2.077968e+01
2.097500e+01 2.123000e+01 2.081266e+01 2.077968e+01 2.098500e+01 2.123000e+01 2.081411e+01 2.078290e+01
2.099000e+01 2.122500e+01 2.081310e+01 2.078006e+01 2.098500e+01 2.123000e+01 2.081411e+01 2.078290e+01
2.068000e+01 2.123500e+01 2.081422e+01 2.076978e+01 2.068500e+01 2.124000e+01 2.081338e+01 2.077348e+01
2.068500e+01 2.124000e+01 2.081338e+01 2.077348e+01 2.069500e+01 2.124000e+01 2.081388e+01 2.077134e+01
2.069500e+01 2.124000e+01 2.081388e+01 2.077134e+01 2.070500e+01 2.124000e+01 2.081425e+01 2.076935e+01
2.070500e+01 2.124000e+01 2.081425e+01 2.076935e+01 2.071000e+01 2.124500e+01 2.081347e+01 2.077342e+01
2.093500e+01 2.124000e+01 2.081250e+01 2.077754e+01 2.093000e+01 2.124500e+01 2.081347e+01 2.078116e+01
2.093500e+01 2.124000e+01 2.081250e+01 2.077754e+01 2.094500e+01 2.124000e+01 2.081317e+01 2.078016e+01
2.094500e+01 2.124000e+01 2.081317e+01 2.078016e+01 2.095500e+01 2.124000e+01 2.081398e+01 2.078293e+01
2.096000e+01 2.123500e+01 2.081301e+01 2.077967e+01 2.095500e+01 2.124000e+01 2.081398e+01 2.078293e+01
2.071000e+01 2.124500e+01 2.081347e+01 2.077342e+01 2.071500e+01 2.125000e+01 2.081281e+01 2.077754e+01
2.071500e+01 2.125000e+01 2.081281e+01 2.077754e+01 2.072500e+01 2.125000e+01 2.081312e+01 2.077597e+01
2.072500e+01 2.125000e+01 2.081312e+01 2.077597e+01 2.073500e+01 2.125000e+01 2.081330e+01 2.077425e+01
2.073500e+01 2.125000e+01 2.081330e+01 2.077425e+01 2.074500e+01 2.125000e+01 2.081343e+01 2.077303e+01
2.074500e+01 2.125000e+01 2.081343e+01 2.077303e+01 2.075500e+01 2.125000e+01 2.081355e+01 2.077233e+01
2.075500e+01 2.125000e+01 2.081355e+01 2.077233e+01 2.076500e+01 2.125000e+01 2.081354e+01 2.077149e+01
2.076500e+01 2.125000e+01 2.081354e+01 2.077149e+01 2.077000e+01 2.125500e+01 2.081319e+01 2.077631e+01
2.087500e+01 2.125000e+01 2.081261e+01 2.077542e+01 2.087000e+01 2.125500e+01 2.081325e+01 2.077983e+01
2.087500e+01 2.125000e+01 2.081261e+01 2.077542e+01 2.088500e+01 2.125000e+01 2.081275e+01 2.077695e+01
2.088500e+01 2.125000e+01 2.081275e+01 2.077695e+01 2.089500e+01 2.125000e+01 2.081299e+01 2.077867e+01
2.089500e+01 2.125000e+01 2.081299e+01 2.077867e+01 2.090500e+01 2.125000e+01 2.081332e+01 2.078056e+01
2.090500e+01 2.125000e+01 2.081332e+01 2.078056e+01 2.091500e+01 2.125000e+01 2.081376e+01 2.078262e+01
2.091500e+01 2.125000e+01 2.081376e+01 2.078262e+01 2.092500e+01 2.125000e+01 2.081432e+01 2.078484e+01
2.093000e+01 2.124500e+01 2.081347e+01 2.078116e+01 2.092500e+01 2.125000e+01 2.081432e+01 2.078484e+01
2.077000e+01 2.125500e+01 2.081319e+01 2.077631e+01 2.077500e+01 2.126000e+01 2.081296e+01 2.078114e+01
2.077500e+01 2.126000e+01 2.081296e+01 2.078114e+01 2.078500e+01 2.126000e+01 2.081305e+01 2.078071e+01
2.078500e+01 2.126000e+01 2.081305e+01 2.078071e+01 2.079500e+01 2.126000e+01 2.081312e+01 2.078048e+01
2.079500e+01 2.126000e+01 2.081312e+01 2.078048e+01 2.080500e+01 2.126000e+01 2.081317e+01 2.078044e+01
2.080500e+01 2.126000e+01 2.081317e+01 2.078044e+01 2.081500e+01 2.126000e+01 2.081322e+01 2.078059e+01
2.081500e+01 2.126000e+01 2.081322e+01 2.078059e+01 2.082500e+01 2.126000e+01 2.081327e+01 2.078094e+01
2.082500e+01 2.126000e+01 2.081327e+01 2.078094e+01 2.083500e+01 2.126000e+01 2.081334e+01 2.078149e+01
2.083500e+01 2.126000e+01 2.081334e+01 2.078149e+01 2.084500e+01 2.126000e+01 2.081344e+01 2.078222e+01
2.084500e+01 2.126000e+01 2.081344e+01 2.078222e+01 2.085500e+01 2.126000e+01 2.081358e+01 2.078314e+01
2.085500e+01 2.126000e+01 2.081358e+01 2.078314e+01 2.086500e+01 2.126000e+01 2.081377e+01 2.078426e+01
2.087000e+01 2.125500e+01 2.081325e+01 2.077983e+01 2.086500e+01 2.126000e+01 2.081377e+01 2.078426e+01
