2.072500e+01 2.026000e+01 2.081298e+01 2.076831e+01 2.072000e+01 2.026500e+01 2.081305e+01 2.076872e+01
2.072500e+01 2.026000e+01 2.081298e+01 2.076831e+01 2.073500e+01 2.026000e+01 2.081301e+01 2.076846e+01
2.073500e+01 2.026000e+01 2.081301e+01 2.076846e+01 2.074500e+01 2.026000e+01 2.081303e+01 2.076860e+01
2.074500e+01 2.026000e+01 2.081303e+01 2.076860e+01 2.075500e+01 2.026000e+01 2.081304e+01 2.076872e+01
2.075500e+01 2.026000e+01 2.081304e+01 2.076872e+01 2.076500e+01 2.026000e+01 2.081305e+01 2.076883e+01
2.076500e+01 2.026000e+01 2.081305e+01 2.076883e+01 2.077500e+01 2.026000e+01 2.081305e+01 2.076891e+01
2.077500e+01 2.026000e+01 2.081305e+01 2.076891e+01 2.078500e+01 2.026000e+01 2.081304e+01 2.076897e+01
2.078500e+01 2.026000e+01 2.081304e+01 2.076897e+01 2.079500e+01 2.026000e+01 2.081304e+01 2.076902e+01
2.079500e+01 2.026000e+01 2.081304e+01 2.076902e+01 2.080500e+01 2.026000e+01 2.081303e+01 2.076904e+01
2.080500e+01 2.026000e+01 2.081303e+01 2.076904e+01 2.081500e+01 2.026000e+01 2.081302e+01 2.076905e+01
2.081500e+01 2.026000e+01 2.081302e+01 2.076905e+01 2.082500e+01 2.026000e+01 2.081301e+01 2.076903e+01
2.082500e+01 2.026000e+01 2.081301e+01 2.076903e+01 2.083500e+01 2.026000e+01 2.081300e+01 2.076900e+01
2.083500e+01 2.026000e+01 2.081300e+01 2.076900e+01 2.084500e+01 2.026000e+01 2.081300e+01 2.076894e+01
2.084500e+01 2.026000e+01 2.081300e+01 2.076894e+01 2.085500e+01 2.026000e+01 2.081300e+01 2.076887e+01
2.085500e+01 2.026000e+01 2.081300e+01 2.076887e+01 2.086500e+01 2.026000e+01 2.081300e+01 2.076878e+01
2.086500e+01 2.026000e+01 2.081300e+01 2.076878e+01 2.087500e+01 2.026000e+01 2.081301e+01 2.076867e+01
2.087500e+01 2.026000e+01 2.081301e+01 2.076867e+01 2.088500e+01 2.026000e+01 2.081303e+01 2.076854e+01
2.088500e+01 2.026000e+01 2.081303e+01 2.076854e+01 2.089500e+01 2.026000e+01 2.081306e+01 2.076839e+01
2.089500e+01 2.026000e+01 2.081306e+01 2.076839e+01 2.090000e+01 2.026500e+01 2.081300e+01 2.076881e+01
2.068500e+01 2.027000e+01 2.081299e+01 2.076848e+01 2.068000e+01 2.027500e+01 2.081308e+01 2.076884e+01
2.068500e+01 2.027000e+01 2.081299e+01 2.076848e+01 2.069500e+01 2.027000e+01 2.081305e+01 2.076871e+01
2.069500e+01 2.027000e+01 2.081305e+01 2.076871e+01 2.070500e+01 2.027000e+01 2.081309e+01 2.076892e+01
2.070500e+01 2.027000e+01 2.081309e+01 2.076892e+01 2.071500e+01 2.027000e+01 2.081313e+01 2.076912e+01
2.072000e+01 2.026500e+01 2.081305e+01 2.076872e+01 2.071500e+01 2.027000e+01 2.081313e+01 2.076912e+01
2.090000e+01 2.026500e+01 2.081300e+01 2.076881e+01 2.090500e+01 2.027000e+01 2.081292e+01 2.076921e+01
2.090500e+01 2.027000e+01 2.081292e+01 2.076921e+01 2.091500e+01 2.027000e+01 2.081295e+01 2.076903e+01
2.091500e+01 2.027000e+01 2.081295e+01 2.076903e+01 2.092500e+01 2.027000e+01 2.081299e+01 2.076882e+01
2.092500e+01 2.027000e+01 2.081299e+01 2.076882e+01 2.093500e+01 2.027000e+01 2.081305e+01 2.076860e+01
2.093500e+01 2.027000e+01 2.081305e+01 2.076860e+01 2.094000e+01 2.027500e+01 2.081297e+01 2.076896e+01
2.065500e+01 2.028000e+01 2.081302e+01 2.076863e+01 2.065000e+01 2.028500e+01 2.081312e+01 2.076895e+01
2.065500e+01 2.028000e+01 2.081302e+01 2.076863e+01 2.066500e+01 2.028000e+01 2.081311e+01 2.076892e+01
2.066500e+01 2.028000e+01 2.081311e+01 2.076892e+01 2.067500e+01 2.028000e+01 2.081318e+01 2.076919e+01
2.068000e+01 2.027500e+01 2.081308e+01 2.076884e+01 2.067500e+01 2.028000e+01 2.081318e+01 2.076919e+01
2.094000e+01 2.027500e+01 2.081297e+01 2.076896e+01 2.094500e+01 2.028000e+01 2.081287e+01 2.076931e+01
2.094500e+01 2.028000e+01 2.081287e+01 2.076931e+01 2.095500e+01 2.028000e+01 2.081294e+01 2.076906e+01
2.095500e+01 2.028000e+01 2.081294e+01 2.076906e+01 2.096500e+01 2.028000e+01 2.081303e+01 2.076878e+01
2.096500e+01 2.028000e+01 2.081303e+01 2.076878e+01 2.097000e+01 2.028500e+01 2.081293e+01 2.076910e+01
2.062500e+01 2.029000e+01 2.081299e+01 2.076861e+01 2.062000e+01 2.029500e+01 2.081309e+01 2.076888e+01
2.062500e+01 2.029000e+01 2.081299e+01 2.076861e+01 2.063500e+01 2.029000e+01 2.081312e+01 2.076894e+01
2.063500e+01 2.029000e+01 2.081312e+01 2.076894e+01 2.064500e+01 2.029000e+01 2.081322e+01 2.076925e+01
2.065000e+01 2.028500e+01 2.081312e+01 2.076895e+01 2.064500e+01 2.029000e+01 2.081322e+01 2.076925e+01
2.097000e+01 2.028500e+01 2.081293e+01 2.076910e+01 2.097500e+01 2.029000e+01 2.081283e+01 2.076941e+01
2.097500e+01 2.029000e+01 2.081283e+01 2.076941e+01 2.098500e+01 2.029000e+01 2.081294e+01 2.076911e+01
2.098500e+01 2.029000e+01 2.081294e+01 2.076911e+01 2.099000e+01 2.029500e+01 2.081284e+01 2.076939e+01
2.060500e+01 2.030000e+01 2.081304e+01 2.076878e+01 2.060000e+01 2.030500e+01 2.081314e+01 2.076902e+01
2.060500e+01 2.030000e+01 2.081304e+01 2.076878e+01 2.061500e+01 2.030000e+01 2.081319e+01 2.076914e+01
2.062000e+01 2.029500e+01 2.081309e+01 2.076888e+01 2.061500e+01 2.030000e+01 2.081319e+01 2.076914e+01
2.099000e+01 2.029500e+01 2.081284e+01 2.076939e+01 2.099500e+01 2.030000e+01 2.081273e+01 2.076967e+01
2.099500e+01 2.030000e+01 2.081273e+01 2.076967e+01 2.100500e+01 2.030000e+01 2.081286e+01 2.076933e+01
2.100500e+01 2.030000e+01 2.081286e+01 2.076933e+01 2.101000e+01 2.030500e+01 2.081277e+01 2.076958e+01
2.059500e+01 2.031000e+01 2.081324e+01 2.076925e+01 2.059000e+01 2.031500e+01 2.081334e+01 2.076947e+01
2.060000e+01 2.030500e+01 2.081314e+01 2.076902e+01 2.059500e+01 2.031000e+01 2.081324e+01 2.076925e+01
2.101000e+01 2.030500e+01 2.081277e+01 2.076958e+01 2.101500e+01 2.031000e+01 2.081266e+01 2.076983e+01
2.101500e+01 2.031000e+01 2.081266e+01 2.076983e+01 2.102500e+01 2.031000e+01 2.081282e+01 2.076946e+01
2.102500e+01 2.031000e+01 2.081282e+01 2.076946e+01 2.103000e+01 2.031500e+01 2.081272e+01 2.076968e+01
2.057500e+01 2.032000e+01 2.081325e+01 2.076928e+01 2.057000e+01 2.032500e+01 2.081335e+01 2.076947e+01
2.057500e+01 2.032000e+01 2.081325e+01 2.076928e+01 2.058500e+01 2.032000e+01 2.081345e+01 2.076968e+01
2.059000e+01 2.031500e+01 2.081334e+01 2.076947e+01 2.058500e+01 2.032000e+01 2.081345e+01 2.076968e+01
2.103000e+01 2.031500e+01 2.081272e+01 2.076968e+01 2.103500e+01 2.032000e+01 2.081262e+01 2.076989e+01
2.103500e+01 2.032000e+01 2.081262e+01 2.076989e+01 2.104000e+01 2.032500e+01 2.081252e+01 2.077010e+01
2.055500e+01 2.033000e+01 2.081321e+01 2.076922e+01 2.055000e+01 2.033500e+01 2.081329e+01 2.076938e+01
2.055500e+01 2.033000e+01 2.081321e+01 2.076922e+01 2.056500e+01 2.033000e+01 2.081345e+01 2.076964e+01
2.057000e+01 2.032500e+01 2.081335e+01 2.076947e+01 2.056500e+01 2.033000e+01 2.081345e+01 2.076964e+01
2.104000e+01 2.032500e+01 2.081252e+01 2.077010e+01 2.104500e+01 2.033000e+01 2.081242e+01 2.077028e+01
2.104500e+01 2.033000e+01 2.081242e+01 2.077028e+01 2.105500e+01 2.033000e+01 2.081263e+01 2.076988e+01
2.105500e+01 2.033000e+01 2.081263e+01 2.076988e+01 2.106000e+01 2.033500e+01 2.081254e+01 2.077005e+01
2.054500e+01 2.034000e+01 2.081338e+01 2.076953e+01 2.054000e+01 2.034500e+01 2.081346e+01 2.076967e+01
2.055000e+01 2.033500e+01 2.081329e+01 2.076938e+01 2.054500e+01 2.034000e+01 2.081338e+01 2.076953e+01
2.106000e+01 2.033500e+01 2.081254e+01 2.077005e+01 2.106500e+01 2.034000e+01 2.081244e+01 2.077021e+01
2.106500e+01 2.034000e+01 2.081244e+01 2.077021e+01 2.107000e+01 2.034500e+01 2.081236e+01 2.077036e+01
2.053500e+01 2.035000e+01 2.081355e+01 2.076980e+01 2.053000e+01 2.035500e+01 2.081363e+01 2.076992e+01
2.054000e+01 2.034500e+01 2.081346e+01 2.076967e+01 2.053500e+01 2.035000e+01 2.081355e+01 2.076980e+01
2.107000e+01 2.034500e+01 2.081236e+01 2.077036e+01 2.107500e+01 2.035000e+01 2.081226e+01 2.077050e+01
2.107500e+01 2.035000e+01 2.081226e+01 2.077050e+01 2.108500e+01 2.035000e+01 2.081254e+01 2.077006e+01
2.108500e+01 2.035000e+01 2.081254e+01 2.077006e+01 2.109000e+01 2.035500e+01 2.081247e+01 2.077018e+01
2.052500e+01 2.036000e+01 2.081371e+01 2.077003e+01 2.052000e+01 2.036500e+01 2.081378e+01 2.077013e+01
2.053000e+01 2.035500e+01 2.081363e+01 2.076992e+01 2.052500e+01 2.036000e+01 2.081371e+01 2.077003e+01
2.109000e+01 2.035500e+01 2.081247e+01 2.077018e+01 2.109500e+01 2.036000e+01 2.081239e+01 2.077030e+01
2.109500e+01 2.036000e+01 2.081239e+01 2.077030e+01 2.110000e+01 2.036500e+01 2.081232e+01 2.077040e+01
2.050500e+01 2.037000e+01 2.081351e+01 2.076975e+01 2.050000e+01 2.037500e+01 2.081356e+01 2.076983e+01
2.050500e+01 2.037000e+01 2.081351e+01 2.076975e+01 2.051500e+01 2.037000e+01 2.081385e+01 2.077022e+01
2.052000e+01 2.036500e+01 2.081378e+01 2.077013e+01 2.051500e+01 2.037000e+01 2.081385e+01 2.077022e+01
2.110000e+01 2.036500e+01 2.081232e+01 2.077040e+01 2.110500e+01 2.037000e+01 2.081225e+01 2.077050e+01
2.110500e+01 2.037000e+01 2.081225e+01 2.077050e+01 2.111000e+01 2.037500e+01 2.081219e+01 2.077058e+01
2.049500e+01 2.038000e+01 2.081361e+01 2.076989e+01 2.049000e+01 2.038500e+01 2.081365e+01 2.076996e+01
2.050000e+01 2.037500e+01 2.081356e+01 2.076983e+01 2.049500e+01 2.038000e+01 2.081361e+01 2.076989e+01
2.111000e+01 2.037500e+01 2.081219e+01 2.077058e+01 2.111500e+01 2.038000e+01 2.081213e+01 2.077066e+01
2.111500e+01 2.038000e+01 2.081213e+01 2.077066e+01 2.112000e+01 2.038500e+01 2.081208e+01 2.077073e+01
2.048500e+01 2.039000e+01 2.081369e+01 2.077001e+01 2.048000e+01 2.039500e+01 2.081373e+01 2.077005e+01
2.049000e+01 2.038500e+01 2.081365e+01 2.076996e+01 2.048500e+01 2.039000e+01 2.081369e+01 2.077001e+01
2.112000e+01 2.038500e+01 2.081208e+01 2.077073e+01 2.112500e+01 2.039000e+01 2.081203e+01 2.077078e+01
2.112500e+01 2.039000e+01 2.081203e+01 2.077078e+01 2.113000e+01 2.039500e+01 2.081199e+01 2.077084e+01
2.047500e+01 2.040000e+01 2.081376e+01 2.077009e+01 2.047000e+01 2.040500e+01 2.081377e+01 2.077012e+01
2.048000e+01 2.039500e+01 2.081373e+01 2.077005e+01 2.047500e+01 2.040000e+01 2.081376e+01 2.077009e+01
2.113000e+01 2.039500e+01 2.081199e+01 2.077084e+01 2.113500e+01 2.040000e+01 2.081195e+01 2.077088e+01
2.113500e+01 2.040000e+01 2.081195e+01 2.077088e+01 2.114000e+01 2.040500e+01 2.081192e+01 2.077092e+01
2.046500e+01 2.041000e+01 2.081379e+01 2.077014e+01 2.046000e+01 2.041500e+01 2.081380e+01 2.077016e+01
2.047000e+01 2.040500e+01 2.081377e+01 2.077012e+01 2.046500e+01 2.041000e+01 2.081379e+01 2.077014e+01
2.114000e+01 2.040500e+01 2.081192e+01 2.077092e+01 2.114500e+01 2.041000e+01 2.081189e+01 2.077094e+01
2.114500e+01 2.041000e+01 2.081189e+01 2.077094e+01 2.115000e+01 2.041500e+01 2.081188e+01 2.077096e+01
2.046000e+01 2.041500e+01 2.081380e+01 2.077016e+01 2.046000e+01 2.042500e+01 2.081429e+01 2.077066e+01
2.115000e+01 2.041500e+01 2.081188e+01 2.077096e+01 2.115500e+01 2.042000e+01 2.081186e+01 2.077097e+01
2.115500e+01 2.042000e+01 2.081186e+01 2.077097e+01 2.116000e+01 2.042500e+01 2.081186e+01 2.077098e+01
2.045500e+01 2.043000e+01 2.081429e+01 2.077065e+01 2.045000e+01 2.043500e+01 2.081428e+01 2.077064e+01
2.046000e+01 2.042500e+01 2.081429e+01 2.077066e+01 2.045500e+01 2.043000e+01 2.081429e+01 2.077065e+01
2.116000e+01 2.042500e+01 2.081186e+01 2.077098e+01 2.116500e+01 2.043000e+01 2.081187e+01 2.077098e+01
2.116500e+01 2.043000e+01 2.081187e+01 2.077098e+01 2.117000e+01 2.043500e+01 2.081188e+01 2.077097e+01
2.044500e+01 2.044000e+01 2.081427e+01 2.077062e+01 2.044000e+01 2.044500e+01 2.081424e+01 2.077060e+01
2.045000e+01 2.043500e+01 2.081428e+01 2.077064e+01 2.044500e+01 2.044000e+01 2.081427e+01 2.077062e+01
2.117000e+01 2.043500e+01 2.081188e+01 2.077097e+01 2.117000e+01 2.044500e+01 2.081141e+01 2.077142e+01
2.043500e+01 2.045000e+01 2.081421e+01 2.077057e+01 2.043000e+01 2.045500e+01 2.081416e+01 2.077054e+01
2.044000e+01 2.044500e+01 2.081424e+01 2.077060e+01 2.043500e+01 2.045000e+01 2.081421e+01 2.077057e+01
2.117000e+01 2.044500e+01 2.081141e+01 2.077142e+01 2.117500e+01 2.045000e+01 2.081143e+01 2.077139e+01
2.117500e+01 2.045000e+01 2.081143e+01 2.077139e+01 2.118000e+01 2.045500e+01 2.081146e+01 2.077136e+01
2.043000e+01 2.045500e+01 2.081416e+01 2.077054e+01 2.043000e+01 2.046500e+01 2.081464e+01 2.077093e+01
2.118000e+01 2.045500e+01 2.081146e+01 2.077136e+01 2.118500e+01 2.046000e+01 2.081150e+01 2.077132e+01
2.118500e+01 2.046000e+01 2.081150e+01 2.077132e+01 2.119000e+01 2.046500e+01 2.081155e+01 2.077129e+01
2.042500e+01 2.047000e+01 2.081459e+01 2.077088e+01 2.042000e+01 2.047500e+01 2.081452e+01 2.077083e+01
2.043000e+01 2.046500e+01 2.081464e+01 2.077093e+01 2.042500e+01 2.047000e+01 2.081459e+01 2.077088e+01
2.119000e+01 2.046500e+01 2.081155e+01 2.077129e+01 2.119500e+01 2.047000e+01 2.081160e+01 2.077124e+01
2.119500e+01 2.047000e+01 2.081160e+01 2.077124e+01 2.120000e+01 2.047500e+01 2.081167e+01 2.077120e+01
2.041500e+01 2.048000e+01 2.081445e+01 2.077077e+01 2.041000e+01 2.048500e+01 2.081436e+01 2.077072e+01
2.042000e+01 2.047500e+01 2.081452e+01 2.077083e+01 2.041500e+01 2.048000e+01 2.081445e+01 2.077077e+01
2.120000e+01 2.047500e+01 2.081167e+01 2.077120e+01 2.120000e+01 2.048500e+01 2.081122e+01 2.077154e+01
2.041000e+01 2.048500e+01 2.081436e+01 2.077072e+01 2.041000e+01 2.049500e+01 2.081482e+01 2.077104e+01
2.120000e+01 2.048500e+01 2.081122e+01 2.077154e+01 2.120500e+01 2.049000e+01 2.081130e+01 2.077147e+01
2.120500e+01 2.049000e+01 2.081130e+01 2.077147e+01 2.121000e+01 2.049500e+01 2.081140e+01 2.077141e+01
2.040500e+01 2.050000e+01 2.081472e+01 2.077097e+01 2.040000e+01 2.050500e+01 2.081461e+01 2.077090e+01
2.041000e+01 2.049500e+01 2.081482e+01 2.077104e+01 2.040500e+01 2.050000e+01 2.081472e+01 2.077097e+01
2.121000e+01 2.049500e+01 2.081140e+01 2.077141e+01 2.121000e+01 2.050500e+01 2.081096e+01 2.077171e+01
2.040000e+01 2.050500e+01 2.081461e+01 2.077090e+01 2.040000e+01 2.051500e+01 2.081504e+01 2.077117e+01
2.121000e+01 2.050500e+01 2.081096e+01 2.077171e+01 2.121500e+01 2.051000e+01 2.081107e+01 2.077163e+01
2.121500e+01 2.051000e+01 2.081107e+01 2.077163e+01 2.122000e+01 2.051500e+01 2.081119e+01 2.077156e+01
2.039500e+01 2.052000e+01 2.081492e+01 2.077109e+01 2.039000e+01 2.052500e+01 2.081478e+01 2.077101e+01
2.040000e+01 2.051500e+01 2.081504e+01 2.077117e+01 2.039500e+01 2.052000e+01 2.081492e+01 2.077109e+01
2.122000e+01 2.051500e+01 2.081119e+01 2.077156e+01 2.122000e+01 2.052500e+01 2.081078e+01 2.077181e+01
2.039000e+01 2.052500e+01 2.081478e+01 2.077101e+01 2.039000e+01 2.053500e+01 2.081519e+01 2.077124e+01
2.122000e+01 2.052500e+01 2.081078e+01 2.077181e+01 2.122500e+01 2.053000e+01 2.081091e+01 2.077172e+01
2.122500e+01 2.053000e+01 2.081091e+01 2.077172e+01 2.123000e+01 2.053500e+01 2.081107e+01 2.077164e+01
2.038500e+01 2.054000e+01 2.081504e+01 2.077115e+01 2.038000e+01 2.054500e+01 2.081487e+01 2.077106e+01
2.039000e+01 2.053500e+01 2.081519e+01 2.077124e+01 2.038500e+01 2.054000e+01 2.081504e+01 2.077115e+01
2.123000e+01 2.053500e+01 2.081107e+01 2.077164e+01 2.123000e+01 2.054500e+01 2.081068e+01 2.077185e+01
2.038000e+01 2.054500e+01 2.081487e+01 2.077106e+01 2.038000e+01 2.055500e+01 2.081525e+01 2.077126e+01
2.123000e+01 2.054500e+01 2.081068e+01 2.077185e+01 2.123500e+01 2.055000e+01 2.081084e+01 2.077175e+01
2.123500e+01 2.055000e+01 2.081084e+01 2.077175e+01 2.124000e+01 2.055500e+01 2.081102e+01 2.077167e+01
2.037500e+01 2.056000e+01 2.081507e+01 2.077116e+01 2.037000e+01 2.056500e+01 2.081486e+01 2.077107e+01
2.038000e+01 2.055500e+01 2.081525e+01 2.077126e+01 2.037500e+01 2.056000e+01 2.081507e+01 2.077116e+01
2.124000e+01 2.055500e+01 2.081102e+01 2.077167e+01 2.124000e+01 2.056500e+01 2.081066e+01 2.077184e+01
2.037000e+01 2.056500e+01 2.081486e+01 2.077107e+01 2.037000e+01 2.057500e+01 2.081522e+01 2.077124e+01
2.124000e+01 2.056500e+01 2.081066e+01 2.077184e+01 2.124500e+01 2.057000e+01 2.081086e+01 2.077174e+01
2.124500e+01 2.057000e+01 2.081086e+01 2.077174e+01 2.125000e+01 2.057500e+01 2.081107e+01 2.077165e+01
2.037000e+01 2.057500e+01 2.081522e+01 2.077124e+01 2.037000e+01 2.058500e+01 2.081557e+01 2.077139e+01
2.125000e+01 2.057500e+01 2.081107e+01 2.077165e+01 2.125000e+01 2.058500e+01 2.081074e+01 2.077180e+01
2.036500e+01 2.059000e+01 2.081534e+01 2.077128e+01 2.036000e+01 2.059500e+01 2.081510e+01 2.077119e+01
2.037000e+01 2.058500e+01 2.081557e+01 2.077139e+01 2.036500e+01 2.059000e+01 2.081534e+01 2.077128e+01
2.078500e+01 2.059000e+01 2.081581e+01 2.078879e+01 2.078000e+01 2.059500e+01 2.081642e+01 2.078870e+01
2.078500e+01 2.059000e+01 2.081581e+01 2.078879e+01 2.079500e+01 2.059000e+01 2.081472e+01 2.078891e+01
2.079500e+01 2.059000e+01 2.081472e+01 2.078891e+01 2.080500e+01 2.059000e+01 2.081363e+01 2.078896e+01
2.080500e+01 2.059000e+01 2.081363e+01 2.078896e+01 2.081500e+01 2.059000e+01 2.081252e+01 2.078896e+01
2.081500e+01 2.059000e+01 2.081252e+01 2.078896e+01 2.082500e+01 2.059000e+01 2.081143e+01 2.078889e+01
2.082500e+01 2.059000e+01 2.081143e+01 2.078889e+01 2.083500e+01 2.059000e+01 2.081035e+01 2.078877e+01
2.083500e+01 2.059000e+01 2.081035e+01 2.078877e+01 2.084500e+01 2.059000e+01 2.080930e+01 2.078858e+01
2.084500e+01 2.059000e+01 2.080930e+01 2.078858e+01 2.085000e+01 2.059500e+01 2.080868e+01 2.078845e+01
2.125000e+01 2.058500e+01 2.081074e+01 2.077180e+01 2.125000e+01 2.059500e+01 2.081042e+01 2.077193e+01
2.036000e+01 2.059500e+01 2.081510e+01 2.077119e+01 2.036000e+01 2.060500e+01 2.081541e+01 2.077131e+01
2.074500e+01 2.060000e+01 2.082015e+01 2.078769e+01 2.074000e+01 2.060500e+01 2.082079e+01 2.078744e+01
2.074500e+01 2.060000e+01 2.082015e+01 2.078769e+01 2.075500e+01 2.060000e+01 2.081918e+01 2.078804e+01
2.075500e+01 2.060000e+01 2.081918e+01 2.078804e+01 2.076500e+01 2.060000e+01 2.081815e+01 2.078834e+01
2.076500e+01 2.060000e+01 2.081815e+01 2.078834e+01 2.077500e+01 2.060000e+01 2.081708e+01 2.078858e+01
2.078000e+01 2.059500e+01 2.081642e+01 2.078870e+01 2.077500e+01 2.060000e+01 2.081708e+01 2.078858e+01
2.085000e+01 2.059500e+01 2.080868e+01 2.078845e+01 2.085500e+01 2.060000e+01 2.080802e+01 2.078828e+01
2.085500e+01 2.060000e+01 2.080802e+01 2.078828e+01 2.086500e+01 2.060000e+01 2.080701e+01 2.078798e+01
2.086500e+01 2.060000e+01 2.080701e+01 2.078798e+01 2.087500e+01 2.060000e+01 2.080606e+01 2.078763e+01
2.087500e+01 2.060000e+01 2.080606e+01 2.078763e+01 2.088000e+01 2.060500e+01 2.080543e+01 2.078737e+01
2.125000e+01 2.059500e+01 2.081042e+01 2.077193e+01 2.125500e+01 2.060000e+01 2.081066e+01 2.077183e+01
2.125500e+01 2.060000e+01 2.081066e+01 2.077183e+01 2.126000e+01 2.060500e+01 2.081092e+01 2.077173e+01
2.036000e+01 2.060500e+01 2.081541e+01 2.077131e+01 2.036000e+01 2.061500e+01 2.081571e+01 2.077141e+01
2.072500e+01 2.061000e+01 2.082233e+01 2.078671e+01 2.072000e+01 2.061500e+01 2.082296e+01 2.078637e+01
2.072500e+01 2.061000e+01 2.082233e+01 2.078671e+01 2.073500e+01 2.061000e+01 2.082146e+01 2.078715e+01
2.074000e+01 2.060500e+01 2.082079e+01 2.078744e+01 2.073500e+01 2.061000e+01 2.082146e+01 2.078715e+01
2.088000e+01 2.060500e+01 2.080543e+01 2.078737e+01 2.088500e+01 2.061000e+01 2.080477e+01 2.078707e+01
2.088500e+01 2.061000e+01 2.080477e+01 2.078707e+01 2.089500e+01 2.061000e+01 2.080392e+01 2.078663e+01
2.089500e+01 2.061000e+01 2.080392e+01 2.078663e+01 2.090000e+01 2.061500e+01 2.080331e+01 2.078629e+01
2.126000e+01 2.060500e+01 2.081092e+01 2.077173e+01 2.126000e+01 2.061500e+01 2.081063e+01 2.077184e+01
2.035500e+01 2.062000e+01 2.081544e+01 2.077131e+01 2.035000e+01 2.062500e+01 2.081515e+01 2.077122e+01
2.036000e+01 2.061500e+01 2.081571e+01 2.077141e+01 2.035500e+01 2.062000e+01 2.081544e+01 2.077131e+01
2.071500e+01 2.062000e+01 2.082360e+01 2.078598e+01 2.071000e+01 2.062500e+01 2.082421e+01 2.078557e+01
2.072000e+01 2.061500e+01 2.082296e+01 2.078637e+01 2.071500e+01 2.062000e+01 2.082360e+01 2.078598e+01
2.090000e+01 2.061500e+01 2.080331e+01 2.078629e+01 2.090500e+01 2.062000e+01 2.080268e+01 2.078589e+01
2.090500e+01 2.062000e+01 2.080268e+01 2.078589e+01 2.091500e+01 2.062000e+01 2.080197e+01 2.078541e+01
2.091500e+01 2.062000e+01 2.080197e+01 2.078541e+01 2.092000e+01 2.062500e+01 2.080141e+01 2.078499e+01
2.126000e+01 2.061500e+01 2.081063e+01 2.077184e+01 2.126000e+01 2.062500e+01 2.081036e+01 2.077192e+01
2.035000e+01 2.062500e+01 2.081515e+01 2.077122e+01 2.035000e+01 2.063500e+01 2.081541e+01 2.077131e+01
2.069500e+01 2.063000e+01 2.082549e+01 2.078460e+01 2.069000e+01 2.063500e+01 2.082603e+01 2.078414e+01
2.069500e+01 2.063000e+01 2.082549e+01 2.078460e+01 2.070500e+01 2.063000e+01 2.082483e+01 2.078512e+01
2.071000e+01 2.062500e+01 2.082421e+01 2.078557e+01 2.070500e+01 2.063000e+01 2.082483e+01 2.078512e+01
2.092000e+01 2.062500e+01 2.080141e+01 2.078499e+01 2.092500e+01 2.063000e+01 2.080085e+01 2.078453e+01
2.092500e+01 2.063000e+01 2.080085e+01 2.078453e+01 2.093000e+01 2.063500e+01 2.080032e+01 2.078406e+01
2.126000e+01 2.062500e+01 2.081036e+01 2.077192e+01 2.126500e+01 2.063000e+01 2.081065e+01 2.077183e+01
2.126500e+01 2.063000e+01 2.081065e+01 2.077183e+01 2.127000e+01 2.063500e+01 2.081095e+01 2.077174e+01
2.035000e+01 2.063500e+01 2.081541e+01 2.077131e+01 2.035000e+01 2.064500e+01 2.081566e+01 2.077137e+01
2.068500e+01 2.064000e+01 2.082658e+01 2.078363e+01 2.068000e+01 2.064500e+01 2.082708e+01 2.078312e+01
2.069000e+01 2.063500e+01 2.082603e+01 2.078414e+01 2.068500e+01 2.064000e+01 2.082658e+01 2.078363e+01
2.093000e+01 2.063500e+01 2.080032e+01 2.078406e+01 2.093500e+01 2.064000e+01 2.079980e+01 2.078356e+01
2.093500e+01 2.064000e+01 2.079980e+01 2.078356e+01 2.094000e+01 2.064500e+01 2.079931e+01 2.078306e+01
2.127000e+01 2.063500e+01 2.081095e+01 2.077174e+01 2.127000e+01 2.064500e+01 2.081071e+01 2.077181e+01
2.035000e+01 2.064500e+01 2.081566e+01 2.077137e+01 2.035000e+01 2.065500e+01 2.081589e+01 2.077143e+01
2.067500e+01 2.065000e+01 2.082758e+01 2.078257e+01 2.067000e+01 2.065500e+01 2.082803e+01 2.078204e+01
2.068000e+01 2.064500e+01 2.082708e+01 2.078312e+01 2.067500e+01 2.065000e+01 2.082758e+01 2.078257e+01
2.094000e+01 2.064500e+01 2.079931e+01 2.078306e+01 2.094500e+01 2.065000e+01 2.079884e+01 2.078252e+01
2.094500e+01 2.065000e+01 2.079884e+01 2.078252e+01 2.095000e+01 2.065500e+01 2.079840e+01 2.078199e+01
2.127000e+01 2.064500e+01 2.081071e+01 2.077181e+01 2.127000e+01 2.065500e+01 2.081050e+01 2.077187e+01
2.034500e+01 2.066000e+01 2.081556e+01 2.077134e+01 2.034000e+01 2.066500e+01 2.081521e+01 2.077127e+01
2.035000e+01 2.065500e+01 2.081589e+01 2.077143e+01 2.034500e+01 2.066000e+01 2.081556e+01 2.077134e+01
2.066500e+01 2.066000e+01 2.082846e+01 2.078147e+01 2.066000e+01 2.066500e+01 2.082886e+01 2.078091e+01
2.067000e+01 2.065500e+01 2.082803e+01 2.078204e+01 2.066500e+01 2.066000e+01 2.082846e+01 2.078147e+01
2.095000e+01 2.065500e+01 2.079840e+01 2.078199e+01 2.095500e+01 2.066000e+01 2.079799e+01 2.078143e+01
2.095500e+01 2.066000e+01 2.079799e+01 2.078143e+01 2.096000e+01 2.066500e+01 2.079761e+01 2.078089e+01
2.127000e+01 2.065500e+01 2.081050e+01 2.077187e+01 2.127000e+01 2.066500e+01 2.081030e+01 2.077191e+01
2.034000e+01 2.066500e+01 2.081521e+01 2.077127e+01 2.034000e+01 2.067500e+01 2.081540e+01 2.077132e+01
2.066000e+01 2.066500e+01 2.082886e+01 2.078091e+01 2.066000e+01 2.067500e+01 2.082931e+01 2.078021e+01
2.096000e+01 2.066500e+01 2.079761e+01 2.078089e+01 2.096000e+01 2.067500e+01 2.079717e+01 2.078019e+01
2.127000e+01 2.066500e+01 2.081030e+01 2.077191e+01 2.127500e+01 2.067000e+01 2.081064e+01 2.077183e+01
2.127500e+01 2.067000e+01 2.081064e+01 2.077183e+01 2.128000e+01 2.067500e+01 2.081099e+01 2.077176e+01
2.034000e+01 2.067500e+01 2.081540e+01 2.077132e+01 2.034000e+01 2.068500e+01 2.081558e+01 2.077135e+01
2.065500e+01 2.068000e+01 2.082967e+01 2.077960e+01 2.065000e+01 2.068500e+01 2.082998e+01 2.077902e+01
2.066000e+01 2.067500e+01 2.082931e+01 2.078021e+01 2.065500e+01 2.068000e+01 2.082967e+01 2.077960e+01
2.096000e+01 2.067500e+01 2.079717e+01 2.078019e+01 2.096500e+01 2.068000e+01 2.079684e+01 2.077960e+01
2.096500e+01 2.068000e+01 2.079684e+01 2.077960e+01 2.097000e+01 2.068500e+01 2.079655e+01 2.077903e+01
2.128000e+01 2.067500e+01 2.081099e+01 2.077176e+01 2.128000e+01 2.068500e+01 2.081083e+01 2.077180e+01
2.034000e+01 2.068500e+01 2.081558e+01 2.077135e+01 2.034000e+01 2.069500e+01 2.081573e+01 2.077138e+01
2.065000e+01 2.068500e+01 2.082998e+01 2.077902e+01 2.065000e+01 2.069500e+01 2.083036e+01 2.077821e+01
2.097000e+01 2.068500e+01 2.079655e+01 2.077903e+01 2.097000e+01 2.069500e+01 2.079618e+01 2.077823e+01
2.128000e+01 2.068500e+01 2.081083e+01 2.077180e+01 2.128000e+01 2.069500e+01 2.081069e+01 2.077182e+01
2.034000e+01 2.069500e+01 2.081573e+01 2.077138e+01 2.034000e+01 2.070500e+01 2.081586e+01 2.077139e+01
2.064500e+01 2.070000e+01 2.083061e+01 2.077761e+01 2.064000e+01 2.070500e+01 2.083083e+01 2.077703e+01
2.065000e+01 2.069500e+01 2.083036e+01 2.077821e+01 2.064500e+01 2.070000e+01 2.083061e+01 2.077761e+01
2.097000e+01 2.069500e+01 2.079618e+01 2.077823e+01 2.097500e+01 2.070000e+01 2.079594e+01 2.077764e+01
2.097500e+01 2.070000e+01 2.079594e+01 2.077764e+01 2.098000e+01 2.070500e+01 2.079574e+01 2.077708e+01
2.128000e+01 2.069500e+01 2.081069e+01 2.077182e+01 2.128000e+01 2.070500e+01 2.081057e+01 2.077184e+01
2.034000e+01 2.070500e+01 2.081586e+01 2.077139e+01 2.034000e+01 2.071500e+01 2.081598e+01 2.077140e+01
2.064000e+01 2.070500e+01 2.083083e+01 2.077703e+01 2.064000e+01 2.071500e+01 2.083111e+01 2.077615e+01
2.098000e+01 2.070500e+01 2.079574e+01 2.077708e+01 2.098000e+01 2.071500e+01 2.079548e+01 2.077622e+01
2.128000e+01 2.070500e+01 2.081057e+01 2.077184e+01 2.128000e+01 2.071500e+01 2.081047e+01 2.077185e+01
2.034000e+01 2.071500e+01 2.081598e+01 2.077140e+01 2.034000e+01 2.072500e+01 2.081607e+01 2.077141e+01
2.064000e+01 2.071500e+01 2.083111e+01 2.077615e+01 2.064000e+01 2.072500e+01 2.083135e+01 2.077523e+01
2.098000e+01 2.071500e+01 2.079548e+01 2.077622e+01 2.098000e+01 2.072500e+01 2.079526e+01 2.077531e+01
2.128000e+01 2.071500e+01 2.081047e+01 2.077185e+01 2.128000e+01 2.072500e+01 2.081038e+01 2.077185e+01
2.034000e+01 2.072500e+01 2.081607e+01 2.077141e+01 2.034000e+01 2.073500e+01 2.081615e+01 2.077140e+01
2.063500e+01 2.073000e+01 2.083147e+01 2.077466e+01 2.063000e+01 2.073500e+01 2.083156e+01 2.077412e+01
2.064000e+01 2.072500e+01 2.083135e+01 2.077523e+01 2.063500e+01 2.073000e+01 2.083147e+01 2.077466e+01
2.098000e+01 2.072500e+01 2.079526e+01 2.077531e+01 2.098500e+01 2.073000e+01 2.079515e+01 2.077476e+01
2.098500e+01 2.073000e+01 2.079515e+01 2.077476e+01 2.099000e+01 2.073500e+01 2.079506e+01 2.077424e+01
2.128000e+01 2.072500e+01 2.081038e+01 2.077185e+01 2.128000e+01 2.073500e+01 2.081032e+01 2.077185e+01
2.034000e+01 2.073500e+01 2.081615e+01 2.077140e+01 2.034000e+01 2.074500e+01 2.081620e+01 2.077140e+01
2.063000e+01 2.073500e+01 2.083156e+01 2.077412e+01 2.063000e+01 2.074500e+01 2.083168e+01 2.077319e+01
2.099000e+01 2.073500e+01 2.079506e+01 2.077424e+01 2.099000e+01 2.074500e+01 2.079496e+01 2.077333e+01
2.128000e+01 2.073500e+01 2.081032e+01 2.077185e+01 2.128000e+01 2.074500e+01 2.081027e+01 2.077184e+01
2.033500e+01 2.075000e+01 2.081576e+01 2.077137e+01 2.033000e+01 2.075500e+01 2.081531e+01 2.077136e+01
2.034000e+01 2.074500e+01 2.081620e+01 2.077140e+01 2.033500e+01 2.075000e+01 2.081576e+01 2.077137e+01
2.063000e+01 2.074500e+01 2.083168e+01 2.077319e+01 2.063000e+01 2.075500e+01 2.083175e+01 2.077225e+01
2.099000e+01 2.074500e+01 2.079496e+01 2.077333e+01 2.099000e+01 2.075500e+01 2.079490e+01 2.077241e+01
2.128000e+01 2.074500e+01 2.081027e+01 2.077184e+01 2.128500e+01 2.075000e+01 2.081071e+01 2.077183e+01
2.128500e+01 2.075000e+01 2.081071e+01 2.077183e+01 2.129000e+01 2.075500e+01 2.081116e+01 2.077182e+01
2.033000e+01 2.075500e+01 2.081531e+01 2.077136e+01 2.033000e+01 2.076500e+01 2.081533e+01 2.077137e+01
2.063000e+01 2.075500e+01 2.083175e+01 2.077225e+01 2.063000e+01 2.076500e+01 2.083176e+01 2.077130e+01
2.099000e+01 2.075500e+01 2.079490e+01 2.077241e+01 2.099000e+01 2.076500e+01 2.079490e+01 2.077149e+01
2.129000e+01 2.075500e+01 2.081116e+01 2.077182e+01 2.129000e+01 2.076500e+01 2.081116e+01 2.077183e+01
2.033000e+01 2.076500e+01 2.081533e+01 2.077137e+01 2.033000e+01 2.077500e+01 2.081532e+01 2.077138e+01
2.063000e+01 2.076500e+01 2.083176e+01 2.077130e+01 2.063000e+01 2.077500e+01 2.083171e+01 2.077036e+01
2.099000e+01 2.076500e+01 2.079490e+01 2.077149e+01 2.099000e+01 2.077500e+01 2.079495e+01 2.077056e+01
2.129000e+01 2.076500e+01 2.081116e+01 2.077183e+01 2.129000e+01 2.077500e+01 2.081117e+01 2.077184e+01
2.033000e+01 2.077500e+01 2.081532e+01 2.077138e+01 2.033500e+01 2.078000e+01 2.081578e+01 2.077137e+01
2.033500e+01 2.078000e+01 2.081578e+01 2.077137e+01 2.034000e+01 2.078500e+01 2.081622e+01 2.077136e+01
2.063000e+01 2.077500e+01 2.083171e+01 2.077036e+01 2.063000e+01 2.078500e+01 2.083161e+01 2.076942e+01
2.099000e+01 2.077500e+01 2.079495e+01 2.077056e+01 2.099000e+01 2.078500e+01 2.079506e+01 2.076965e+01
2.129000e+01 2.077500e+01 2.081117e+01 2.077184e+01 2.129000e+01 2.078500e+01 2.081121e+01 2.077184e+01
2.034000e+01 2.078500e+01 2.081622e+01 2.077136e+01 2.034000e+01 2.079500e+01 2.081618e+01 2.077135e+01
2.063000e+01 2.078500e+01 2.083161e+01 2.076942e+01 2.063000e+01 2.079500e+01 2.083146e+01 2.076851e+01
2.099000e+01 2.078500e+01 2.079506e+01 2.076965e+01 2.099000e+01 2.079500e+01 2.079521e+01 2.076875e+01
2.129000e+01 2.078500e+01 2.081121e+01 2.077184e+01 2.129000e+01 2.079500e+01 2.081126e+01 2.077186e+01
2.034000e+01 2.079500e+01 2.081618e+01 2.077135e+01 2.034000e+01 2.080500e+01 2.081611e+01 2.077135e+01
2.063000e+01 2.079500e+01 2.083146e+01 2.076851e+01 2.063500e+01 2.080000e+01 2.083134e+01 2.076797e+01
2.063500e+01 2.080000e+01 2.083134e+01 2.076797e+01 2.064000e+01 2.080500e+01 2.083119e+01 2.076739e+01
2.098500e+01 2.080000e+01 2.079532e+01 2.076821e+01 2.098000e+01 2.080500e+01 2.079547e+01 2.076765e+01
2.099000e+01 2.079500e+01 2.079521e+01 2.076875e+01 2.098500e+01 2.080000e+01 2.079532e+01 2.076821e+01
2.129000e+01 2.079500e+01 2.081126e+01 2.077186e+01 2.129000e+01 2.080500e+01 2.081134e+01 2.077187e+01
2.034000e+01 2.080500e+01 2.081611e+01 2.077135e+01 2.034000e+01 2.081500e+01 2.081602e+01 2.077135e+01
2.064000e+01 2.080500e+01 2.083119e+01 2.076739e+01 2.064000e+01 2.081500e+01 2.083093e+01 2.076650e+01
2.098000e+01 2.080500e+01 2.079547e+01 2.076765e+01 2.098000e+01 2.081500e+01 2.079573e+01 2.076676e+01
2.128500e+01 2.081000e+01 2.081092e+01 2.077183e+01 2.128000e+01 2.081500e+01 2.081052e+01 2.077179e+01
2.129000e+01 2.080500e+01 2.081134e+01 2.077187e+01 2.128500e+01 2.081000e+01 2.081092e+01 2.077183e+01
2.034000e+01 2.081500e+01 2.081602e+01 2.077135e+01 2.034000e+01 2.082500e+01 2.081592e+01 2.077135e+01
2.064000e+01 2.081500e+01 2.083093e+01 2.076650e+01 2.064000e+01 2.082500e+01 2.083062e+01 2.076565e+01
2.098000e+01 2.081500e+01 2.079573e+01 2.076676e+01 2.098000e+01 2.082500e+01 2.079603e+01 2.076593e+01
2.128000e+01 2.081500e+01 2.081052e+01 2.077179e+01 2.128000e+01 2.082500e+01 2.081064e+01 2.077179e+01
2.034000e+01 2.082500e+01 2.081592e+01 2.077135e+01 2.034000e+01 2.083500e+01 2.081579e+01 2.077137e+01
2.064000e+01 2.082500e+01 2.083062e+01 2.076565e+01 2.064500e+01 2.083000e+01 2.083039e+01 2.076508e+01
2.064500e+01 2.083000e+01 2.083039e+01 2.076508e+01 2.065000e+01 2.083500e+01 2.083011e+01 2.076448e+01
2.097500e+01 2.083000e+01 2.079626e+01 2.076536e+01 2.097000e+01 2.083500e+01 2.079653e+01 2.076477e+01
2.098000e+01 2.082500e+01 2.079603e+01 2.076593e+01 2.097500e+01 2.083000e+01 2.079626e+01 2.076536e+01
2.128000e+01 2.082500e+01 2.081064e+01 2.077179e+01 2.128000e+01 2.083500e+01 2.081077e+01 2.077180e+01
2.034000e+01 2.083500e+01 2.081579e+01 2.077137e+01 2.034000e+01 2.084500e+01 2.081565e+01 2.077139e+01
2.065000e+01 2.083500e+01 2.083011e+01 2.076448e+01 2.065000e+01 2.084500e+01 2.082971e+01 2.076371e+01
2.097000e+01 2.083500e+01 2.079653e+01 2.076477e+01 2.097000e+01 2.084500e+01 2.079693e+01 2.076400e+01
2.128000e+01 2.083500e+01 2.081077e+01 2.077180e+01 2.128000e+01 2.084500e+01 2.081092e+01 2.077182e+01
2.034000e+01 2.084500e+01 2.081565e+01 2.077139e+01 2.034000e+01 2.085500e+01 2.081549e+01 2.077142e+01
2.065000e+01 2.084500e+01 2.082971e+01 2.076371e+01 2.065500e+01 2.085000e+01 2.082939e+01 2.076314e+01
2.065500e+01 2.085000e+01 2.082939e+01 2.076314e+01 2.066000e+01 2.085500e+01 2.082902e+01 2.076256e+01
2.096500e+01 2.085000e+01 2.079724e+01 2.076343e+01 2.096000e+01 2.085500e+01 2.079760e+01 2.076285e+01
2.097000e+01 2.084500e+01 2.079693e+01 2.076400e+01 2.096500e+01 2.085000e+01 2.079724e+01 2.076343e+01
2.128000e+01 2.084500e+01 2.081092e+01 2.077182e+01 2.128000e+01 2.085500e+01 2.081109e+01 2.077185e+01
2.034000e+01 2.085500e+01 2.081549e+01 2.077142e+01 2.034000e+01 2.086500e+01 2.081531e+01 2.077147e+01
2.066000e+01 2.085500e+01 2.082902e+01 2.076256e+01 2.066000e+01 2.086500e+01 2.082856e+01 2.076190e+01
2.095500e+01 2.086000e+01 2.079798e+01 2.076229e+01 2.095000e+01 2.086500e+01 2.079841e+01 2.076171e+01
2.096000e+01 2.085500e+01 2.079760e+01 2.076285e+01 2.095500e+01 2.086000e+01 2.079798e+01 2.076229e+01
2.128000e+01 2.085500e+01 2.081109e+01 2.077185e+01 2.128000e+01 2.086500e+01 2.081128e+01 2.077189e+01
2.034000e+01 2.086500e+01 2.081531e+01 2.077147e+01 2.034500e+01 2.087000e+01 2.081565e+01 2.077139e+01
2.034500e+01 2.087000e+01 2.081565e+01 2.077139e+01 2.035000e+01 2.087500e+01 2.081599e+01 2.077131e+01
2.066000e+01 2.086500e+01 2.082856e+01 2.076190e+01 2.066500e+01 2.087000e+01 2.082815e+01 2.076137e+01
2.066500e+01 2.087000e+01 2.082815e+01 2.076137e+01 2.067000e+01 2.087500e+01 2.082771e+01 2.076082e+01
2.095000e+01 2.086500e+01 2.079841e+01 2.076171e+01 2.095000e+01 2.087500e+01 2.079889e+01 2.076110e+01
2.128000e+01 2.086500e+01 2.081128e+01 2.077189e+01 2.128000e+01 2.087500e+01 2.081149e+01 2.077195e+01
2.035000e+01 2.087500e+01 2.081599e+01 2.077131e+01 2.035000e+01 2.088500e+01 2.081577e+01 2.077136e+01
2.067000e+01 2.087500e+01 2.082771e+01 2.076082e+01 2.067500e+01 2.088000e+01 2.082726e+01 2.076031e+01
2.067500e+01 2.088000e+01 2.082726e+01 2.076031e+01 2.068000e+01 2.088500e+01 2.082676e+01 2.075980e+01
2.094500e+01 2.088000e+01 2.079934e+01 2.076058e+01 2.094000e+01 2.088500e+01 2.079983e+01 2.076006e+01
2.095000e+01 2.087500e+01 2.079889e+01 2.076110e+01 2.094500e+01 2.088000e+01 2.079934e+01 2.076058e+01
2.128000e+01 2.087500e+01 2.081149e+01 2.077195e+01 2.128000e+01 2.088500e+01 2.081171e+01 2.077201e+01
2.035000e+01 2.088500e+01 2.081577e+01 2.077136e+01 2.035000e+01 2.089500e+01 2.081553e+01 2.077143e+01
2.068000e+01 2.088500e+01 2.082676e+01 2.075980e+01 2.068500e+01 2.089000e+01 2.082626e+01 2.075932e+01
2.068500e+01 2.089000e+01 2.082626e+01 2.075932e+01 2.069000e+01 2.089500e+01 2.082572e+01 2.075884e+01
2.093500e+01 2.089000e+01 2.080032e+01 2.075957e+01 2.093000e+01 2.089500e+01 2.080086e+01 2.075909e+01
2.094000e+01 2.088500e+01 2.079983e+01 2.076006e+01 2.093500e+01 2.089000e+01 2.080032e+01 2.075957e+01
2.127500e+01 2.089000e+01 2.081139e+01 2.077193e+01 2.127000e+01 2.089500e+01 2.081109e+01 2.077184e+01
2.128000e+01 2.088500e+01 2.081171e+01 2.077201e+01 2.127500e+01 2.089000e+01 2.081139e+01 2.077193e+01
2.035000e+01 2.089500e+01 2.081553e+01 2.077143e+01 2.035000e+01 2.090500e+01 2.081528e+01 2.077150e+01
2.069000e+01 2.089500e+01 2.082572e+01 2.075884e+01 2.069500e+01 2.090000e+01 2.082518e+01 2.075840e+01
2.069500e+01 2.090000e+01 2.082518e+01 2.075840e+01 2.070000e+01 2.090500e+01 2.082461e+01 2.075797e+01
2.091500e+01 2.090000e+01 2.080203e+01 2.075815e+01 2.091000e+01 2.090500e+01 2.080263e+01 2.075772e+01
2.091500e+01 2.090000e+01 2.080203e+01 2.075815e+01 2.092500e+01 2.090000e+01 2.080139e+01 2.075864e+01
2.093000e+01 2.089500e+01 2.080086e+01 2.075909e+01 2.092500e+01 2.090000e+01 2.080139e+01 2.075864e+01
2.127000e+01 2.089500e+01 2.081109e+01 2.077184e+01 2.127000e+01 2.090500e+01 2.081135e+01 2.077191e+01
2.035000e+01 2.090500e+01 2.081528e+01 2.077150e+01 2.035500e+01 2.091000e+01 2.081557e+01 2.077142e+01
2.035500e+01 2.091000e+01 2.081557e+01 2.077142e+01 2.036000e+01 2.091500e+01 2.081584e+01 2.077132e+01
2.070000e+01 2.090500e+01 2.082461e+01 2.075797e+01 2.070500e+01 2.091000e+01 2.082404e+01 2.075758e+01
2.070500e+01 2.091000e+01 2.082404e+01 2.075758e+01 2.071500e+01 2.091000e+01 2.082332e+01 2.075712e+01
2.071500e+01 2.091000e+01 2.082332e+01 2.075712e+01 2.072000e+01 2.091500e+01 2.082270e+01 2.075676e+01
2.090500e+01 2.091000e+01 2.080322e+01 2.075733e+01 2.090000e+01 2.091500e+01 2.080384e+01 2.075696e+01
2.091000e+01 2.090500e+01 2.080263e+01 2.075772e+01 2.090500e+01 2.091000e+01 2.080322e+01 2.075733e+01
2.127000e+01 2.090500e+01 2.081135e+01 2.077191e+01 2.127000e+01 2.091500e+01 2.081163e+01 2.077200e+01
2.036000e+01 2.091500e+01 2.081584e+01 2.077132e+01 2.036000e+01 2.092500e+01 2.081555e+01 2.077142e+01
2.072000e+01 2.091500e+01 2.082270e+01 2.075676e+01 2.072500e+01 2.092000e+01 2.082209e+01 2.075645e+01
2.072500e+01 2.092000e+01 2.082209e+01 2.075645e+01 2.073500e+01 2.092000e+01 2.082124e+01 2.075605e+01
2.073500e+01 2.092000e+01 2.082124e+01 2.075605e+01 2.074000e+01 2.092500e+01 2.082060e+01 2.075578e+01
2.087500e+01 2.092000e+01 2.080617e+01 2.075583e+01 2.087000e+01 2.092500e+01 2.080682e+01 2.075557e+01
2.087500e+01 2.092000e+01 2.080617e+01 2.075583e+01 2.088500e+01 2.092000e+01 2.080527e+01 2.075621e+01
2.088500e+01 2.092000e+01 2.080527e+01 2.075621e+01 2.089500e+01 2.092000e+01 2.080444e+01 2.075663e+01
2.090000e+01 2.091500e+01 2.080384e+01 2.075696e+01 2.089500e+01 2.092000e+01 2.080444e+01 2.075663e+01
2.127000e+01 2.091500e+01 2.081163e+01 2.077200e+01 2.127000e+01 2.092500e+01 2.081192e+01 2.077211e+01
2.036000e+01 2.092500e+01 2.081555e+01 2.077142e+01 2.036000e+01 2.093500e+01 2.081525e+01 2.077153e+01
2.074000e+01 2.092500e+01 2.082060e+01 2.075578e+01 2.074500e+01 2.093000e+01 2.081999e+01 2.075555e+01
2.074500e+01 2.093000e+01 2.081999e+01 2.075555e+01 2.075500e+01 2.093000e+01 2.081905e+01 2.075523e+01
2.075500e+01 2.093000e+01 2.081905e+01 2.075523e+01 2.076500e+01 2.093000e+01 2.081807e+01 2.075497e+01
2.076500e+01 2.093000e+01 2.081807e+01 2.075497e+01 2.077500e+01 2.093000e+01 2.081704e+01 2.075475e+01
2.077500e+01 2.093000e+01 2.081704e+01 2.075475e+01 2.078000e+01 2.093500e+01 2.081643e+01 2.075464e+01
2.084500e+01 2.093000e+01 2.080944e+01 2.075483e+01 2.084000e+01 2.093500e+01 2.081006e+01 2.075471e+01
2.084500e+01 2.093000e+01 2.080944e+01 2.075483e+01 2.085500e+01 2.093000e+01 2.080842e+01 2.075507e+01
2.085500e+01 2.093000e+01 2.080842e+01 2.075507e+01 2.086500e+01 2.093000e+01 2.080744e+01 2.075536e+01
2.087000e+01 2.092500e+01 2.080682e+01 2.075557e+01 2.086500e+01 2.093000e+01 2.080744e+01 2.075536e+01
2.126500e+01 2.093000e+01 2.081166e+01 2.077202e+01 2.126000e+01 2.093500e+01 2.081141e+01 2.077192e+01
2.127000e+01 2.092500e+01 2.081192e+01 2.077211e+01 2.126500e+01 2.093000e+01 2.081166e+01 2.077202e+01
2.036000e+01 2.093500e+01 2.081525e+01 2.077153e+01 2.036500e+01 2.094000e+01 2.081550e+01 2.077144e+01
2.036500e+01 2.094000e+01 2.081550e+01 2.077144e+01 2.037000e+01 2.094500e+01 2.081573e+01 2.077134e+01
2.078000e+01 2.093500e+01 2.081643e+01 2.075464e+01 2.078500e+01 2.094000e+01 2.081584e+01 2.075456e+01
2.078500e+01 2.094000e+01 2.081584e+01 2.075456e+01 2.079500e+01 2.094000e+01 2.081481e+01 2.075446e+01
2.079500e+01 2.094000e+01 2.081481e+01 2.075446e+01 2.080500e+01 2.094000e+01 2.081377e+01 2.075441e+01
2.080500e+01 2.094000e+01 2.081377e+01 2.075441e+01 2.081500e+01 2.094000e+01 2.081272e+01 2.075442e+01
2.081500e+01 2.094000e+01 2.081272e+01 2.075442e+01 2.082500e+01 2.094000e+01 2.081167e+01 2.075449e+01
2.082500e+01 2.094000e+01 2.081167e+01 2.075449e+01 2.083500e+01 2.094000e+01 2.081065e+01 2.075462e+01
2.084000e+01 2.093500e+01 2.081006e+01 2.075471e+01 2.083500e+01 2.094000e+01 2.081065e+01 2.075462e+01
2.126000e+01 2.093500e+01 2.081141e+01 2.077192e+01 2.126000e+01 2.094500e+01 2.081173e+01 2.077205e+01
2.037000e+01 2.094500e+01 2.081573e+01 2.077134e+01 2.037000e+01 2.095500e+01 2.081539e+01 2.077148e+01
2.126000e+01 2.094500e+01 2.081173e+01 2.077205e+01 2.126000e+01 2.095500e+01 2.081207e+01 2.077220e+01
2.037000e+01 2.095500e+01 2.081539e+01 2.077148e+01 2.037000e+01 2.096500e+01 2.081504e+01 2.077164e+01
2.125500e+01 2.096000e+01 2.081185e+01 2.077211e+01 2.125000e+01 2.096500e+01 2.081164e+01 2.077201e+01
2.126000e+01 2.095500e+01 2.081207e+01 2.077220e+01 2.125500e+01 2.096000e+01 2.081185e+01 2.077211e+01
2.037000e+01 2.096500e+01 2.081504e+01 2.077164e+01 2.037500e+01 2.097000e+01 2.081524e+01 2.077155e+01
2.037500e+01 2.097000e+01 2.081524e+01 2.077155e+01 2.038000e+01 2.097500e+01 2.081543e+01 2.077145e+01
2.125000e+01 2.096500e+01 2.081164e+01 2.077201e+01 2.125000e+01 2.097500e+01 2.081201e+01 2.077219e+01
2.038000e+01 2.097500e+01 2.081543e+01 2.077145e+01 2.038000e+01 2.098500e+01 2.081505e+01 2.077164e+01
2.124500e+01 2.098000e+01 2.081182e+01 2.077210e+01 2.124000e+01 2.098500e+01 2.081165e+01 2.077200e+01
2.125000e+01 2.097500e+01 2.081201e+01 2.077219e+01 2.124500e+01 2.098000e+01 2.081182e+01 2.077210e+01
2.038000e+01 2.098500e+01 2.081505e+01 2.077164e+01 2.038500e+01 2.099000e+01 2.081523e+01 2.077156e+01
2.038500e+01 2.099000e+01 2.081523e+01 2.077156e+01 2.039000e+01 2.099500e+01 2.081538e+01 2.077146e+01
2.124000e+01 2.098500e+01 2.081165e+01 2.077200e+01 2.124000e+01 2.099500e+01 2.081204e+01 2.077221e+01
2.039000e+01 2.099500e+01 2.081538e+01 2.077146e+01 2.039000e+01 2.100500e+01 2.081498e+01 2.077169e+01
2.123500e+01 2.100000e+01 2.081189e+01 2.077213e+01 2.123000e+01 2.100500e+01 2.081174e+01 2.077204e+01
2.124000e+01 2.099500e+01 2.081204e+01 2.077221e+01 2.123500e+01 2.100000e+01 2.081189e+01 2.077213e+01
2.039000e+01 2.100500e+01 2.081498e+01 2.077169e+01 2.039500e+01 2.101000e+01 2.081512e+01 2.077161e+01
2.039500e+01 2.101000e+01 2.081512e+01 2.077161e+01 2.040000e+01 2.101500e+01 2.081525e+01 2.077153e+01
2.123000e+01 2.100500e+01 2.081174e+01 2.077204e+01 2.123000e+01 2.101500e+01 2.081216e+01 2.077229e+01
2.040000e+01 2.101500e+01 2.081525e+01 2.077153e+01 2.040000e+01 2.102500e+01 2.081482e+01 2.077179e+01
2.122500e+01 2.102000e+01 2.081203e+01 2.077221e+01 2.122000e+01 2.102500e+01 2.081192e+01 2.077213e+01
2.123000e+01 2.101500e+01 2.081216e+01 2.077229e+01 2.122500e+01 2.102000e+01 2.081203e+01 2.077221e+01
2.040000e+01 2.102500e+01 2.081482e+01 2.077179e+01 2.040500e+01 2.103000e+01 2.081494e+01 2.077173e+01
2.040500e+01 2.103000e+01 2.081494e+01 2.077173e+01 2.041000e+01 2.103500e+01 2.081504e+01 2.077165e+01
2.122000e+01 2.102500e+01 2.081192e+01 2.077213e+01 2.122000e+01 2.103500e+01 2.081235e+01 2.077242e+01
2.041000e+01 2.103500e+01 2.081504e+01 2.077165e+01 2.041000e+01 2.104500e+01 2.081459e+01 2.077197e+01
2.121500e+01 2.104000e+01 2.081225e+01 2.077235e+01 2.121000e+01 2.104500e+01 2.081216e+01 2.077229e+01
2.122000e+01 2.103500e+01 2.081235e+01 2.077242e+01 2.121500e+01 2.104000e+01 2.081225e+01 2.077235e+01
2.041000e+01 2.104500e+01 2.081459e+01 2.077197e+01 2.041500e+01 2.105000e+01 2.081468e+01 2.077191e+01
2.041500e+01 2.105000e+01 2.081468e+01 2.077191e+01 2.042000e+01 2.105500e+01 2.081476e+01 2.077185e+01
2.121000e+01 2.104500e+01 2.081216e+01 2.077229e+01 2.121000e+01 2.105500e+01 2.081262e+01 2.077262e+01
2.042000e+01 2.105500e+01 2.081476e+01 2.077185e+01 2.042500e+01 2.106000e+01 2.081482e+01 2.077180e+01
2.042500e+01 2.106000e+01 2.081482e+01 2.077180e+01 2.043000e+01 2.106500e+01 2.081488e+01 2.077175e+01
2.120500e+01 2.106000e+01 2.081254e+01 2.077257e+01 2.120000e+01 2.106500e+01 2.081248e+01 2.077252e+01
2.121000e+01 2.105500e+01 2.081262e+01 2.077262e+01 2.120500e+01 2.106000e+01 2.081254e+01 2.077257e+01
2.043000e+01 2.106500e+01 2.081488e+01 2.077175e+01 2.043000e+01 2.107500e+01 2.081441e+01 2.077214e+01
2.119500e+01 2.107000e+01 2.081242e+01 2.077248e+01 2.119000e+01 2.107500e+01 2.081237e+01 2.077243e+01
2.120000e+01 2.106500e+01 2.081248e+01 2.077252e+01 2.119500e+01 2.107000e+01 2.081242e+01 2.077248e+01
2.043000e+01 2.107500e+01 2.081441e+01 2.077214e+01 2.043500e+01 2.108000e+01 2.081446e+01 2.077211e+01
2.043500e+01 2.108000e+01 2.081446e+01 2.077211e+01 2.044000e+01 2.108500e+01 2.081449e+01 2.077208e+01
2.118500e+01 2.108000e+01 2.081233e+01 2.077240e+01 2.118000e+01 2.108500e+01 2.081230e+01 2.077236e+01
2.119000e+01 2.107500e+01 2.081237e+01 2.077243e+01 2.118500e+01 2.108000e+01 2.081233e+01 2.077240e+01
2.044000e+01 2.108500e+01 2.081449e+01 2.077208e+01 2.044500e+01 2.109000e+01 2.081452e+01 2.077206e+01
2.044500e+01 2.109000e+01 2.081452e+01 2.077206e+01 2.045000e+01 2.109500e+01 2.081453e+01 2.077204e+01
2.118000e+01 2.108500e+01 2.081230e+01 2.077236e+01 2.118000e+01 2.109500e+01 2.081278e+01 2.077280e+01
2.045000e+01 2.109500e+01 2.081453e+01 2.077204e+01 2.045500e+01 2.110000e+01 2.081455e+01 2.077203e+01
2.045500e+01 2.110000e+01 2.081455e+01 2.077203e+01 2.046000e+01 2.110500e+01 2.081455e+01 2.077202e+01
2.117500e+01 2.110000e+01 2.081276e+01 2.077278e+01 2.117000e+01 2.110500e+01 2.081275e+01 2.077277e+01
2.118000e+01 2.109500e+01 2.081278e+01 2.077280e+01 2.117500e+01 2.110000e+01 2.081276e+01 2.077278e+01
2.046000e+01 2.110500e+01 2.081455e+01 2.077202e+01 2.046500e+01 2.111000e+01 2.081454e+01 2.077203e+01
2.046500e+01 2.111000e+01 2.081454e+01 2.077203e+01 2.047000e+01 2.111500e+01 2.081453e+01 2.077203e+01
2.116500e+01 2.111000e+01 2.081274e+01 2.077277e+01 2.116000e+01 2.111500e+01 2.081275e+01 2.077277e+01
2.117000e+01 2.110500e+01 2.081275e+01 2.077277e+01 2.116500e+01 2.111000e+01 2.081274e+01 2.077277e+01
2.047000e+01 2.111500e+01 2.081453e+01 2.077203e+01 2.047500e+01 2.112000e+01 2.081451e+01 2.077205e+01
2.047500e+01 2.112000e+01 2.081451e+01 2.077205e+01 2.048000e+01 2.112500e+01 2.081448e+01 2.077207e+01
2.115500e+01 2.112000e+01 2.081275e+01 2.077279e+01 2.115000e+01 2.112500e+01 2.081277e+01 2.077280e+01
2.116000e+01 2.111500e+01 2.081275e+01 2.077277e+01 2.115500e+01 2.112000e+01 2.081275e+01 2.077279e+01
2.048000e+01 2.112500e+01 2.081448e+01 2.077207e+01 2.048500e+01 2.113000e+01 2.081445e+01 2.077210e+01
2.048500e+01 2.113000e+01 2.081445e+01 2.077210e+01 2.049000e+01 2.113500e+01 2.081441e+01 2.077214e+01
2.114500e+01 2.113000e+01 2.081279e+01 2.077283e+01 2.114000e+01 2.113500e+01 2.081282e+01 2.077286e+01
2.115000e+01 2.112500e+01 2.081277e+01 2.077280e+01 2.114500e+01 2.113000e+01 2.081279e+01 2.077283e+01
2.049000e+01 2.113500e+01 2.081441e+01 2.077214e+01 2.049500e+01 2.114000e+01 2.081437e+01 2.077219e+01
2.049500e+01 2.114000e+01 2.081437e+01 2.077219e+01 2.050000e+01 2.114500e+01 2.081431e+01 2.077224e+01
2.113500e+01 2.114000e+01 2.081285e+01 2.077290e+01 2.113000e+01 2.114500e+01 2.081290e+01 2.077295e+01
2.114000e+01 2.113500e+01 2.081282e+01 2.077286e+01 2.113500e+01 2.114000e+01 2.081285e+01 2.077290e+01
2.050000e+01 2.114500e+01 2.081431e+01 2.077224e+01 2.050500e+01 2.115000e+01 2.081426e+01 2.077231e+01
2.050500e+01 2.115000e+01 2.081426e+01 2.077231e+01 2.051000e+01 2.115500e+01 2.081420e+01 2.077238e+01
2.112500e+01 2.115000e+01 2.081294e+01 2.077301e+01 2.112000e+01 2.115500e+01 2.081299e+01 2.077307e+01
2.113000e+01 2.114500e+01 2.081290e+01 2.077295e+01 2.112500e+01 2.115000e+01 2.081294e+01 2.077301e+01
2.051000e+01 2.115500e+01 2.081420e+01 2.077238e+01 2.051500e+01 2.116000e+01 2.081414e+01 2.077246e+01
2.051500e+01 2.116000e+01 2.081414e+01 2.077246e+01 2.052000e+01 2.116500e+01 2.081407e+01 2.077255e+01
2.111500e+01 2.116000e+01 2.081305e+01 2.077315e+01 2.111000e+01 2.116500e+01 2.081311e+01 2.077323e+01
2.112000e+01 2.115500e+01 2.081299e+01 2.077307e+01 2.111500e+01 2.116000e+01 2.081305e+01 2.077315e+01
2.052000e+01 2.116500e+01 2.081407e+01 2.077255e+01 2.052500e+01 2.117000e+01 2.081400e+01 2.077265e+01
2.052500e+01 2.117000e+01 2.081400e+01 2.077265e+01 2.053000e+01 2.117500e+01 2.081393e+01 2.077276e+01
2.109500e+01 2.117000e+01 2.081285e+01 2.077286e+01 2.109000e+01 2.117500e+01 2.081293e+01 2.077297e+01
2.109500e+01 2.117000e+01 2.081285e+01 2.077286e+01 2.110500e+01 2.117000e+01 2.081317e+01 2.077332e+01
2.111000e+01 2.116500e+01 2.081311e+01 2.077323e+01 2.110500e+01 2.117000e+01 2.081317e+01 2.077332e+01
2.053000e+01 2.117500e+01 2.081393e+01 2.077276e+01 2.053500e+01 2.118000e+01 2.081385e+01 2.077288e+01
2.053500e+01 2.118000e+01 2.081385e+01 2.077288e+01 2.054000e+01 2.118500e+01 2.081377e+01 2.077301e+01
2.108500e+01 2.118000e+01 2.081300e+01 2.077308e+01 2.108000e+01 2.118500e+01 2.081309e+01 2.077321e+01
2.109000e+01 2.117500e+01 2.081293e+01 2.077297e+01 2.108500e+01 2.118000e+01 2.081300e+01 2.077308e+01
2.054000e+01 2.118500e+01 2.081377e+01 2.077301e+01 2.054500e+01 2.119000e+01 2.081369e+01 2.077315e+01
2.054500e+01 2.119000e+01 2.081369e+01 2.077315e+01 2.055500e+01 2.119000e+01 2.081395e+01 2.077272e+01
2.055500e+01 2.119000e+01 2.081395e+01 2.077272e+01 2.056000e+01 2.119500e+01 2.081385e+01 2.077288e+01
2.107500e+01 2.119000e+01 2.081317e+01 2.077334e+01 2.107000e+01 2.119500e+01 2.081326e+01 2.077349e+01
2.108000e+01 2.118500e+01 2.081309e+01 2.077321e+01 2.107500e+01 2.119000e+01 2.081317e+01 2.077334e+01
2.056000e+01 2.119500e+01 2.081385e+01 2.077288e+01 2.056500e+01 2.120000e+01 2.081376e+01 2.077305e+01
2.056500e+01 2.120000e+01 2.081376e+01 2.077305e+01 2.057000e+01 2.120500e+01 2.081366e+01 2.077322e+01
2.105500e+01 2.120000e+01 2.081311e+01 2.077323e+01 2.105000e+01 2.120500e+01 2.081320e+01 2.077340e+01
2.105500e+01 2.120000e+01 2.081311e+01 2.077323e+01 2.106500e+01 2.120000e+01 2.081334e+01 2.077365e+01
2.107000e+01 2.119500e+01 2.081326e+01 2.077349e+01 2.106500e+01 2.120000e+01 2.081334e+01 2.077365e+01
2.057000e+01 2.120500e+01 2.081366e+01 2.077322e+01 2.057500e+01 2.121000e+01 2.081357e+01 2.077341e+01
2.057500e+01 2.121000e+01 2.081357e+01 2.077341e+01 2.058500e+01 2.121000e+01 2.081377e+01 2.077302e+01
2.058500e+01 2.121000e+01 2.081377e+01 2.077302e+01 2.059000e+01 2.121500e+01 2.081367e+01 2.077323e+01
2.103500e+01 2.121000e+01 2.081310e+01 2.077319e+01 2.103000e+01 2.121500e+01 2.081320e+01 2.077339e+01
2.103500e+01 2.121000e+01 2.081310e+01 2.077319e+01 2.104500e+01 2.121000e+01 2.081330e+01 2.077358e+01
2.105000e+01 2.120500e+01 2.081320e+01 2.077340e+01 2.104500e+01 2.121000e+01 2.081330e+01 2.077358e+01
2.059000e+01 2.121500e+01 2.081367e+01 2.077323e+01 2.059500e+01 2.122000e+01 2.081357e+01 2.077344e+01
2.059500e+01 2.122000e+01 2.081357e+01 2.077344e+01 2.060500e+01 2.122000e+01 2.081373e+01 2.077308e+01
2.060500e+01 2.122000e+01 2.081373e+01 2.077308e+01 2.061000e+01 2.122500e+01 2.081363e+01 2.077332e+01
2.101500e+01 2.122000e+01 2.081314e+01 2.077323e+01 2.101000e+01 2.122500e+01 2.081325e+01 2.077346e+01
2.101500e+01 2.122000e+01 2.081314e+01 2.077323e+01 2.102500e+01 2.122000e+01 2.081330e+01 2.077360e+01
2.103000e+01 2.121500e+01 2.081320e+01 2.077339e+01 2.102500e+01 2.122000e+01 2.081330e+01 2.077360e+01
2.061000e+01 2.122500e+01 2.081363e+01 2.077332e+01 2.061500e+01 2.123000e+01 2.081353e+01 2.077357e+01
2.061500e+01 2.123000e+01 2.081353e+01 2.077357e+01 2.062500e+01 2.123000e+01 2.081366e+01 2.077323e+01
2.062500e+01 2.123000e+01 2.081366e+01 2.077323e+01 2.063000e+01 2.123500e+01 2.081356e+01 2.077350e+01
2.099500e+01 2.123000e+01 2.081321e+01 2.077337e+01 2.099000e+01 2.123500e+01 2.081332e+01 2.077363e+01
2.099500e+01 2.123000e+01 2.081321e+01 2.077337e+01 2.100500e+01 2.123000e+01 2.081335e+01 2.077371e+01
2.101000e+01 2.122500e+01 2.081325e+01 2.077346e+01 2.100500e+01 2.123000e+01 2.081335e+01 2.077371e+01
2.063000e+01 2.123500e+01 2.081356e+01 2.077350e+01 2.063500e+01 2.124000e+01 2.081346e+01 2.077378e+01
2.063500e+01 2.124000e+01 2.081346e+01 2.077378e+01 2.064500e+01 2.124000e+01 2.081357e+01 2.077348e+01
2.064500e+01 2.124000e+01 2.081357e+01 2.077348e+01 2.065500e+01 2.124000e+01 2.081366e+01 2.077319e+01
2.065500e+01 2.124000e+01 2.081366e+01 2.077319e+01 2.066000e+01 2.124500e+01 2.081356e+01 2.077350e+01
2.097500e+01 2.124000e+01 2.081331e+01 2.077360e+01 2.097000e+01 2.124500e+01 2.081341e+01 2.077389e+01
2.097500e+01 2.124000e+01 2.081331e+01 2.077360e+01 2.098500e+01 2.124000e+01 2.081342e+01 2.077391e+01
2.099000e+01 2.123500e+01 2.081332e+01 2.077363e+01 2.098500e+01 2.124000e+01 2.081342e+01 2.077391e+01
2.066000e+01 2.124500e+01 2.081356e+01 2.077350e+01 2.066500e+01 2.125000e+01 2.081347e+01 2.077382e+01
2.066500e+01 2.125000e+01 2.081347e+01 2.077382e+01 2.067500e+01 2.125000e+01 2.081354e+01 2.077357e+01
2.067500e+01 2.125000e+01 2.081354e+01 2.077357e+01 2.068500e+01 2.125000e+01 2.081359e+01 2.077333e+01
2.068500e+01 2.125000e+01 2.081359e+01 2.077333e+01 2.069000e+01 2.125500e+01 2.081350e+01 2.077368e+01
2.094500e+01 2.125000e+01 2.081334e+01 2.077367e+01 2.094000e+01 2.125500e+01 2.081344e+01 2.077400e+01
2.094500e+01 2.125000e+01 2.081334e+01 2.077367e+01 2.095500e+01 2.125000e+01 2.081342e+01 2.077393e+01
2.095500e+01 2.125000e+01 2.081342e+01 2.077393e+01 2.096500e+01 2.125000e+01 2.081351e+01 2.077420e+01
2.097000e+01 2.124500e+01 2.081341e+01 2.077389e+01 2.096500e+01 2.125000e+01 2.081351e+01 2.077420e+01
2.069000e+01 2.125500e+01 2.081350e+01 2.077368e+01 2.069500e+01 2.126000e+01 2.081342e+01 2.077405e+01
2.069500e+01 2.126000e+01 2.081342e+01 2.077405e+01 2.070500e+01 2.126000e+01 2.081347e+01 2.077384e+01
2.070500e+01 2.126000e+01 2.081347e+01 2.077384e+01 2.071500e+01 2.126000e+01 2.081350e+01 2.077366e+01
2.071500e+01 2.126000e+01 2.081350e+01 2.077366e+01 2.072500e+01 2.126000e+01 2.081352e+01 2.077349e+01
2.072500e+01 2.126000e+01 2.081352e+01 2.077349e+01 2.073000e+01 2.126500e+01 2.081346e+01 2.077390e+01
2.089500e+01 2.126000e+01 2.081336e+01 2.077356e+01 2.089000e+01 2.126500e+01 2.081343e+01 2.077396e+01
2.089500e+01 2.126000e+01 2.081336e+01 2.077356e+01 2.090500e+01 2.126000e+01 2.081338e+01 2.077373e+01
2.090500e+01 2.126000e+01 2.081338e+01 2.077373e+01 2.091500e+01 2.126000e+01 2.081342e+01 2.077392e+01
2.091500e+01 2.126000e+01 2.081342e+01 2.077392e+01 2.092500e+01 2.126000e+01 2.081346e+01 2.077413e+01
2.092500e+01 2.126000e+01 2.081346e+01 2.077413e+01 2.093500e+01 2.126000e+01 2.081352e+01 2.077436e+01
2.094000e+01 2.125500e+01 2.081344e+01 2.077400e+01 2.093500e+01 2.126000e+01 2.081352e+01 2.077436e+01
2.073000e+01 2.126500e+01 2.081346e+01 2.077390e+01 2.073500e+01 2.127000e+01 2.081340e+01 2.077432e+01
2.073500e+01 2.127000e+01 2.081340e+01 2.077432e+01 2.074500e+01 2.127000e+01 2.081342e+01 2.077419e+01
2.074500e+01 2.127000e+01 2.081342e+01 2.077419e+01 2.075500e+01 2.127000e+01 2.081344e+01 2.077408e+01
2.075500e+01 2.127000e+01 2.081344e+01 2.077408e+01 2.076500e+01 2.127000e+01 2.081345e+01 2.077399e+01
2.076500e+01 2.127000e+01 2.081345e+01 2.077399e+01 2.077500e+01 2.127000e+01 2.081345e+01 2.077392e+01
2.077500e+01 2.127000e+01 2.081345e+01 2.077392e+01 2.078500e+01 2.127000e+01 2.081345e+01 2.077386e+01
2.078500e+01 2.127000e+01 2.081345e+01 2.077386e+01 2.079500e+01 2.127000e+01 2.081345e+01 2.077383e+01
2.079500e+01 2.127000e+01 2.081345e+01 2.077383e+01 2.080500e+01 2.127000e+01 2.081344e+01 2.077381e+01
2.080500e+01 2.127000e+01 2.081344e+01 2.077381e+01 2.081500e+01 2.127000e+01 2.081344e+01 2.077382e+01
2.081500e+01 2.127000e+01 2.081344e+01 2.077382e+01 2.082500e+01 2.127000e+01 2.081343e+01 2.077384e+01
2.082500e+01 2.127000e+01 2.081343e+01 2.077384e+01 2.083500e+01 2.127000e+01 2.081343e+01 2.077388e+01
2.083500e+01 2.127000e+01 2.081343e+01 2.077388e+01 2.084500e+01 2.127000e+01 2.081343e+01 2.077394e+01
2.084500e+01 2.127000e+01 2.081343e+01 2.077394e+01 2.085500e+01 2.127000e+01 2.081344e+01 2.077402e+01
2.085500e+01 2.127000e+01 2.081344e+01 2.077402e+01 2.086500e+01 2.127000e+01 2.081345e+01 2.077412e+01
2.086500e+01 2.127000e+01 2.081345e+01 2.077412e+01 2.087500e+01 2.127000e+01 2.081346e+01 2.077424e+01
2.087500e+01 2.127000e+01 2.081346e+01 2.077424e+01 2.088500e+01 2.127000e+01 2.081349e+01 2.077437e+01
2.089000e+01 2.126500e+01 2.081343e+01 2.077396e+01 2.088500e+01 2.127000e+01 2.081349e+01 2.077437e+01
