2.074500e+01 2.026000e+01 2.082318e+01 2.072365e+01 2.074000e+01 2.026500e+01 2.082374e+01 2.072740e+01
2.074500e+01 2.026000e+01 2.082318e+01 2.072365e+01 2.075500e+01 2.026000e+01 2.082341e+01 2.072490e+01
2.075500e+01 2.026000e+01 2.082341e+01 2.072490e+01 2.076500e+01 2.026000e+01 2.082356e+01 2.072599e+01
2.076500e+01 2.026000e+01 2.082356e+01 2.072599e+01 2.077500e+01 2.026000e+01 2.082366e+01 2.072692e+01
2.077500e+01 2.026000e+01 2.082366e+01 2.072692e+01 2.078500e+01 2.026000e+01 2.082370e+01 2.072768e+01
2.078500e+01 2.026000e+01 2.082370e+01 2.072768e+01 2.079500e+01 2.026000e+01 2.082371e+01 2.072826e+01
2.079500e+01 2.026000e+01 2.082371e+01 2.072826e+01 2.080500e+01 2.026000e+01 2.082370e+01 2.072867e+01
2.080500e+01 2.026000e+01 2.082370e+01 2.072867e+01 2.081500e+01 2.026000e+01 2.082366e+01 2.072891e+01
2.081500e+01 2.026000e+01 2.082366e+01 2.072891e+01 2.082500e+01 2.026000e+01 2.082362e+01 2.072897e+01
2.082500e+01 2.026000e+01 2.082362e+01 2.072897e+01 2.083500e+01 2.026000e+01 2.082358e+01 2.072886e+01
2.083500e+01 2.026000e+01 2.082358e+01 2.072886e+01 2.084500e+01 2.026000e+01 2.082356e+01 2.072858e+01
2.084500e+01 2.026000e+01 2.082356e+01 2.072858e+01 2.085500e+01 2.026000e+01 2.082356e+01 2.072812e+01
2.085500e+01 2.026000e+01 2.082356e+01 2.072812e+01 2.086500e+01 2.026000e+01 2.082360e+01 2.072749e+01
2.086500e+01 2.026000e+01 2.082360e+01 2.072749e+01 2.087500e+01 2.026000e+01 2.082368e+01 2.072670e+01
2.087500e+01 2.026000e+01 2.082368e+01 2.072670e+01 2.088500e+01 2.026000e+01 2.082382e+01 2.072574e+01
2.088500e+01 2.026000e+01 2.082382e+01 2.072574e+01 2.089500e+01 2.026000e+01 2.082403e+01 2.072461e+01
2.089500e+01 2.026000e+01 2.082403e+01 2.072461e+01 2.090000e+01 2.026500e+01 2.082353e+01 2.072838e+01
2.069500e+01 2.027000e+01 2.082286e+01 2.072373e+01 2.069000e+01 2.027500e+01 2.082362e+01 2.072692e+01
2.069500e+01 2.027000e+01 2.082286e+01 2.072373e+01 2.070500e+01 2.027000e+01 2.082341e+01 2.072580e+01
2.070500e+01 2.027000e+01 2.082341e+01 2.072580e+01 2.071500e+01 2.027000e+01 2.082384e+01 2.072772e+01
2.071500e+01 2.027000e+01 2.082384e+01 2.072772e+01 2.072500e+01 2.027000e+01 2.082417e+01 2.072949e+01
2.072500e+01 2.027000e+01 2.082417e+01 2.072949e+01 2.073500e+01 2.027000e+01 2.082440e+01 2.073111e+01
2.074000e+01 2.026500e+01 2.082374e+01 2.072740e+01 2.073500e+01 2.027000e+01 2.082440e+01 2.073111e+01
2.090000e+01 2.026500e+01 2.082353e+01 2.072838e+01 2.090500e+01 2.027000e+01 2.082292e+01 2.073212e+01
2.090500e+01 2.027000e+01 2.082292e+01 2.073212e+01 2.091500e+01 2.027000e+01 2.082313e+01 2.073062e+01
2.091500e+01 2.027000e+01 2.082313e+01 2.073062e+01 2.092500e+01 2.027000e+01 2.082344e+01 2.072898e+01
2.092500e+01 2.027000e+01 2.082344e+01 2.072898e+01 2.093500e+01 2.027000e+01 2.082385e+01 2.072719e+01
2.093500e+01 2.027000e+01 2.082385e+01 2.072719e+01 2.094000e+01 2.027500e+01 2.082315e+01 2.073048e+01
2.066500e+01 2.028000e+01 2.082301e+01 2.072511e+01 2.066000e+01 2.028500e+01 2.082386e+01 2.072794e+01
2.066500e+01 2.028000e+01 2.082301e+01 2.072511e+01 2.067500e+01 2.028000e+01 2.082382e+01 2.072765e+01
2.067500e+01 2.028000e+01 2.082382e+01 2.072765e+01 2.068500e+01 2.028000e+01 2.082449e+01 2.073006e+01
2.069000e+01 2.027500e+01 2.082362e+01 2.072692e+01 2.068500e+01 2.028000e+01 2.082449e+01 2.073006e+01
2.094000e+01 2.027500e+01 2.082315e+01 2.073048e+01 2.094500e+01 2.028000e+01 2.082234e+01 2.073372e+01
2.094500e+01 2.028000e+01 2.082234e+01 2.073372e+01 2.095500e+01 2.028000e+01 2.082285e+01 2.073158e+01
2.095500e+01 2.028000e+01 2.082285e+01 2.073158e+01 2.096500e+01 2.028000e+01 2.082350e+01 2.072930e+01
2.096500e+01 2.028000e+01 2.082350e+01 2.072930e+01 2.097000e+01 2.028500e+01 2.082270e+01 2.073221e+01
2.064500e+01 2.029000e+01 2.082381e+01 2.072784e+01 2.064000e+01 2.029500e+01 2.082471e+01 2.073040e+01
2.064500e+01 2.029000e+01 2.082381e+01 2.072784e+01 2.065500e+01 2.029000e+01 2.082481e+01 2.073070e+01
2.066000e+01 2.028500e+01 2.082386e+01 2.072794e+01 2.065500e+01 2.029000e+01 2.082481e+01 2.073070e+01
2.097000e+01 2.028500e+01 2.082270e+01 2.073221e+01 2.097500e+01 2.029000e+01 2.082178e+01 2.073506e+01
2.097500e+01 2.029000e+01 2.082178e+01 2.073506e+01 2.098500e+01 2.029000e+01 2.082260e+01 2.073245e+01
2.098500e+01 2.029000e+01 2.082260e+01 2.073245e+01 2.099000e+01 2.029500e+01 2.082173e+01 2.073508e+01
2.062500e+01 2.030000e+01 2.082448e+01 2.072972e+01 2.062000e+01 2.030500e+01 2.082540e+01 2.073201e+01
2.062500e+01 2.030000e+01 2.082448e+01 2.072972e+01 2.063500e+01 2.030000e+01 2.082571e+01 2.073288e+01
2.064000e+01 2.029500e+01 2.082471e+01 2.073040e+01 2.063500e+01 2.030000e+01 2.082571e+01 2.073288e+01
2.099000e+01 2.029500e+01 2.082173e+01 2.073508e+01 2.099500e+01 2.030000e+01 2.082076e+01 2.073763e+01
2.099500e+01 2.030000e+01 2.082076e+01 2.073763e+01 2.100500e+01 2.030000e+01 2.082180e+01 2.073470e+01
2.100500e+01 2.030000e+01 2.082180e+01 2.073470e+01 2.101500e+01 2.030000e+01 2.082302e+01 2.073169e+01
2.101500e+01 2.030000e+01 2.082302e+01 2.073169e+01 2.102000e+01 2.030500e+01 2.082217e+01 2.073394e+01
2.060500e+01 2.031000e+01 2.082490e+01 2.073078e+01 2.060000e+01 2.031500e+01 2.082580e+01 2.073279e+01
2.060500e+01 2.031000e+01 2.082490e+01 2.073078e+01 2.061500e+01 2.031000e+01 2.082641e+01 2.073421e+01
2.062000e+01 2.030500e+01 2.082540e+01 2.073201e+01 2.061500e+01 2.031000e+01 2.082641e+01 2.073421e+01
2.102000e+01 2.030500e+01 2.082217e+01 2.073394e+01 2.102500e+01 2.031000e+01 2.082122e+01 2.073609e+01
2.102500e+01 2.031000e+01 2.082122e+01 2.073609e+01 2.103000e+01 2.031500e+01 2.082033e+01 2.073816e+01
2.058500e+01 2.032000e+01 2.082497e+01 2.073104e+01 2.058000e+01 2.032500e+01 2.082583e+01 2.073280e+01
2.058500e+01 2.032000e+01 2.082497e+01 2.073104e+01 2.059500e+01 2.032000e+01 2.082679e+01 2.073471e+01
2.060000e+01 2.031500e+01 2.082580e+01 2.073279e+01 2.059500e+01 2.032000e+01 2.082679e+01 2.073471e+01
2.103000e+01 2.031500e+01 2.082033e+01 2.073816e+01 2.103500e+01 2.032000e+01 2.081935e+01 2.074012e+01
2.103500e+01 2.032000e+01 2.081935e+01 2.074012e+01 2.104500e+01 2.032000e+01 2.082097e+01 2.073666e+01
2.104500e+01 2.032000e+01 2.082097e+01 2.073666e+01 2.105000e+01 2.032500e+01 2.082012e+01 2.073844e+01
2.056500e+01 2.033000e+01 2.082459e+01 2.073057e+01 2.056000e+01 2.033500e+01 2.082536e+01 2.073207e+01
2.056500e+01 2.033000e+01 2.082459e+01 2.073057e+01 2.057500e+01 2.033000e+01 2.082676e+01 2.073445e+01
2.058000e+01 2.032500e+01 2.082583e+01 2.073280e+01 2.057500e+01 2.033000e+01 2.082676e+01 2.073445e+01
2.105000e+01 2.032500e+01 2.082012e+01 2.073844e+01 2.105500e+01 2.033000e+01 2.081919e+01 2.074012e+01
2.105500e+01 2.033000e+01 2.081919e+01 2.074012e+01 2.106500e+01 2.033000e+01 2.082116e+01 2.073644e+01
2.106500e+01 2.033000e+01 2.082116e+01 2.073644e+01 2.107000e+01 2.033500e+01 2.082040e+01 2.073797e+01
2.055500e+01 2.034000e+01 2.082620e+01 2.073347e+01 2.055000e+01 2.034500e+01 2.082695e+01 2.073480e+01
2.056000e+01 2.033500e+01 2.082536e+01 2.073207e+01 2.055500e+01 2.034000e+01 2.082620e+01 2.073347e+01
2.107000e+01 2.033500e+01 2.082040e+01 2.073797e+01 2.107500e+01 2.034000e+01 2.081956e+01 2.073938e+01
2.107500e+01 2.034000e+01 2.081956e+01 2.073938e+01 2.108000e+01 2.034500e+01 2.081881e+01 2.074072e+01
2.054500e+01 2.035000e+01 2.082777e+01 2.073601e+01 2.054000e+01 2.035500e+01 2.082848e+01 2.073717e+01
2.055000e+01 2.034500e+01 2.082695e+01 2.073480e+01 2.054500e+01 2.035000e+01 2.082777e+01 2.073601e+01
2.108000e+01 2.034500e+01 2.081881e+01 2.074072e+01 2.108500e+01 2.035000e+01 2.081799e+01 2.074193e+01
2.108500e+01 2.035000e+01 2.081799e+01 2.074193e+01 2.109000e+01 2.035500e+01 2.081728e+01 2.074309e+01
2.052500e+01 2.036000e+01 2.082632e+01 2.073394e+01 2.052000e+01 2.036500e+01 2.082689e+01 2.073488e+01
2.052500e+01 2.036000e+01 2.082632e+01 2.073394e+01 2.053500e+01 2.036000e+01 2.082925e+01 2.073821e+01
2.054000e+01 2.035500e+01 2.082848e+01 2.073717e+01 2.053500e+01 2.036000e+01 2.082925e+01 2.073821e+01
2.109000e+01 2.035500e+01 2.081728e+01 2.074309e+01 2.109500e+01 2.036000e+01 2.081651e+01 2.074412e+01
2.109500e+01 2.036000e+01 2.081651e+01 2.074412e+01 2.110500e+01 2.036000e+01 2.081926e+01 2.074004e+01
2.110500e+01 2.036000e+01 2.081926e+01 2.074004e+01 2.111000e+01 2.036500e+01 2.081870e+01 2.074098e+01
2.051500e+01 2.037000e+01 2.082749e+01 2.073569e+01 2.051000e+01 2.037500e+01 2.082799e+01 2.073647e+01
2.052000e+01 2.036500e+01 2.082689e+01 2.073488e+01 2.051500e+01 2.037000e+01 2.082749e+01 2.073569e+01
2.111000e+01 2.036500e+01 2.081870e+01 2.074098e+01 2.111500e+01 2.037000e+01 2.081810e+01 2.074178e+01
2.111500e+01 2.037000e+01 2.081810e+01 2.074178e+01 2.112000e+01 2.037500e+01 2.081762e+01 2.074254e+01
2.050500e+01 2.038000e+01 2.082852e+01 2.073713e+01 2.050000e+01 2.038500e+01 2.082894e+01 2.073776e+01
2.051000e+01 2.037500e+01 2.082799e+01 2.073647e+01 2.050500e+01 2.038000e+01 2.082852e+01 2.073713e+01
2.112000e+01 2.037500e+01 2.081762e+01 2.074254e+01 2.112500e+01 2.038000e+01 2.081710e+01 2.074318e+01
2.112500e+01 2.038000e+01 2.081710e+01 2.074318e+01 2.113000e+01 2.038500e+01 2.081669e+01 2.074379e+01
2.049500e+01 2.039000e+01 2.082938e+01 2.073826e+01 2.049000e+01 2.039500e+01 2.082970e+01 2.073873e+01
2.050000e+01 2.038500e+01 2.082894e+01 2.073776e+01 2.049500e+01 2.039000e+01 2.082938e+01 2.073826e+01
2.113000e+01 2.038500e+01 2.081669e+01 2.074379e+01 2.113500e+01 2.039000e+01 2.081627e+01 2.074426e+01
2.113500e+01 2.039000e+01 2.081627e+01 2.074426e+01 2.114000e+01 2.039500e+01 2.081596e+01 2.074472e+01
2.048500e+01 2.040000e+01 2.083004e+01 2.073909e+01 2.048000e+01 2.040500e+01 2.083026e+01 2.073943e+01
2.049000e+01 2.039500e+01 2.082970e+01 2.073873e+01 2.048500e+01 2.040000e+01 2.083004e+01 2.073909e+01
2.114000e+01 2.039500e+01 2.081596e+01 2.074472e+01 2.114500e+01 2.040000e+01 2.081564e+01 2.074504e+01
2.114500e+01 2.040000e+01 2.081564e+01 2.074504e+01 2.115000e+01 2.040500e+01 2.081545e+01 2.074535e+01
2.047500e+01 2.041000e+01 2.083049e+01 2.073964e+01 2.047000e+01 2.041500e+01 2.083059e+01 2.073985e+01
2.048000e+01 2.040500e+01 2.083026e+01 2.073943e+01 2.047500e+01 2.041000e+01 2.083049e+01 2.073964e+01
2.115000e+01 2.040500e+01 2.081545e+01 2.074535e+01 2.115500e+01 2.041000e+01 2.081525e+01 2.074553e+01
2.115500e+01 2.041000e+01 2.081525e+01 2.074553e+01 2.116000e+01 2.041500e+01 2.081518e+01 2.074571e+01
2.046500e+01 2.042000e+01 2.083070e+01 2.073994e+01 2.046000e+01 2.042500e+01 2.083067e+01 2.074003e+01
2.047000e+01 2.041500e+01 2.083059e+01 2.073985e+01 2.046500e+01 2.042000e+01 2.083070e+01 2.073994e+01
2.116000e+01 2.041500e+01 2.081518e+01 2.074571e+01 2.116500e+01 2.042000e+01 2.081511e+01 2.074577e+01
2.116500e+01 2.042000e+01 2.081511e+01 2.074577e+01 2.117000e+01 2.042500e+01 2.081518e+01 2.074582e+01
2.046000e+01 2.042500e+01 2.083067e+01 2.074003e+01 2.046000e+01 2.043500e+01 2.083523e+01 2.074452e+01
2.117000e+01 2.042500e+01 2.081518e+01 2.074582e+01 2.117000e+01 2.043500e+01 2.081082e+01 2.075004e+01
2.045500e+01 2.044000e+01 2.083519e+01 2.074437e+01 2.045000e+01 2.044500e+01 2.083501e+01 2.074423e+01
2.046000e+01 2.043500e+01 2.083523e+01 2.074452e+01 2.045500e+01 2.044000e+01 2.083519e+01 2.074437e+01
2.117000e+01 2.043500e+01 2.081082e+01 2.075004e+01 2.117500e+01 2.044000e+01 2.081092e+01 2.074985e+01
2.117500e+01 2.044000e+01 2.081092e+01 2.074985e+01 2.118000e+01 2.044500e+01 2.081115e+01 2.074968e+01
2.044500e+01 2.045000e+01 2.083482e+01 2.074397e+01 2.044000e+01 2.045500e+01 2.083449e+01 2.074373e+01
2.045000e+01 2.044500e+01 2.083501e+01 2.074423e+01 2.044500e+01 2.045000e+01 2.083482e+01 2.074397e+01
2.118000e+01 2.044500e+01 2.081115e+01 2.074968e+01 2.118500e+01 2.045000e+01 2.081140e+01 2.074939e+01
2.118500e+01 2.045000e+01 2.081140e+01 2.074939e+01 2.119000e+01 2.045500e+01 2.081180e+01 2.074912e+01
2.043500e+01 2.046000e+01 2.083413e+01 2.074338e+01 2.043000e+01 2.046500e+01 2.083364e+01 2.074307e+01
2.044000e+01 2.045500e+01 2.083449e+01 2.074373e+01 2.043500e+01 2.046000e+01 2.083413e+01 2.074338e+01
2.119000e+01 2.045500e+01 2.081180e+01 2.074912e+01 2.119500e+01 2.046000e+01 2.081223e+01 2.074874e+01
2.119500e+01 2.046000e+01 2.081223e+01 2.074874e+01 2.120000e+01 2.046500e+01 2.081279e+01 2.074840e+01
2.043000e+01 2.046500e+01 2.083364e+01 2.074307e+01 2.043000e+01 2.047500e+01 2.083808e+01 2.074666e+01
2.120000e+01 2.046500e+01 2.081279e+01 2.074840e+01 2.120000e+01 2.047500e+01 2.080859e+01 2.075170e+01
2.042500e+01 2.048000e+01 2.083751e+01 2.074612e+01 2.042000e+01 2.048500e+01 2.083680e+01 2.074564e+01
2.043000e+01 2.047500e+01 2.083808e+01 2.074666e+01 2.042500e+01 2.048000e+01 2.083751e+01 2.074612e+01
2.120000e+01 2.047500e+01 2.080859e+01 2.075170e+01 2.120500e+01 2.048000e+01 2.080924e+01 2.075114e+01
2.120500e+01 2.048000e+01 2.080924e+01 2.075114e+01 2.121000e+01 2.048500e+01 2.081004e+01 2.075063e+01
2.041500e+01 2.049000e+01 2.083605e+01 2.074504e+01 2.041000e+01 2.049500e+01 2.083517e+01 2.074451e+01
2.042000e+01 2.048500e+01 2.083680e+01 2.074564e+01 2.041500e+01 2.049000e+01 2.083605e+01 2.074504e+01
2.121000e+01 2.048500e+01 2.081004e+01 2.075063e+01 2.121000e+01 2.049500e+01 2.080594e+01 2.075351e+01
2.041000e+01 2.049500e+01 2.083517e+01 2.074451e+01 2.041000e+01 2.050500e+01 2.083940e+01 2.074747e+01
2.121000e+01 2.049500e+01 2.080594e+01 2.075351e+01 2.121500e+01 2.050000e+01 2.080685e+01 2.075280e+01
2.121500e+01 2.050000e+01 2.080685e+01 2.075280e+01 2.122000e+01 2.050500e+01 2.080790e+01 2.075215e+01
2.040500e+01 2.051000e+01 2.083840e+01 2.074674e+01 2.040000e+01 2.051500e+01 2.083727e+01 2.074608e+01
2.041000e+01 2.050500e+01 2.083940e+01 2.074747e+01 2.040500e+01 2.051000e+01 2.083840e+01 2.074674e+01
2.122000e+01 2.050500e+01 2.080790e+01 2.075215e+01 2.122000e+01 2.051500e+01 2.080395e+01 2.075462e+01
2.040000e+01 2.051500e+01 2.083727e+01 2.074608e+01 2.040000e+01 2.052500e+01 2.084135e+01 2.074866e+01
2.122000e+01 2.051500e+01 2.080395e+01 2.075462e+01 2.122500e+01 2.052000e+01 2.080515e+01 2.075380e+01
2.122500e+01 2.052000e+01 2.080515e+01 2.075380e+01 2.123000e+01 2.052500e+01 2.080647e+01 2.075305e+01
2.039500e+01 2.053000e+01 2.084007e+01 2.074783e+01 2.039000e+01 2.053500e+01 2.083868e+01 2.074707e+01
2.040000e+01 2.052500e+01 2.084135e+01 2.074866e+01 2.039500e+01 2.053000e+01 2.084007e+01 2.074783e+01
2.123000e+01 2.052500e+01 2.080647e+01 2.075305e+01 2.123000e+01 2.053500e+01 2.080273e+01 2.075515e+01
2.039000e+01 2.053500e+01 2.083868e+01 2.074707e+01 2.039000e+01 2.054500e+01 2.084255e+01 2.074928e+01
2.123000e+01 2.053500e+01 2.080273e+01 2.075515e+01 2.123500e+01 2.054000e+01 2.080422e+01 2.075424e+01
2.123500e+01 2.054000e+01 2.080422e+01 2.075424e+01 2.124000e+01 2.054500e+01 2.080583e+01 2.075344e+01
2.038500e+01 2.055000e+01 2.084099e+01 2.074838e+01 2.038000e+01 2.055500e+01 2.083932e+01 2.074757e+01
2.039000e+01 2.054500e+01 2.084255e+01 2.074928e+01 2.038500e+01 2.055000e+01 2.084099e+01 2.074838e+01
2.124000e+01 2.054500e+01 2.080583e+01 2.075344e+01 2.124000e+01 2.055500e+01 2.080233e+01 2.075518e+01
2.038000e+01 2.055500e+01 2.083932e+01 2.074757e+01 2.038000e+01 2.056500e+01 2.084295e+01 2.074945e+01
2.124000e+01 2.055500e+01 2.080233e+01 2.075518e+01 2.124500e+01 2.056000e+01 2.080414e+01 2.075425e+01
2.124500e+01 2.056000e+01 2.080414e+01 2.075425e+01 2.125000e+01 2.056500e+01 2.080605e+01 2.075342e+01
2.038000e+01 2.056500e+01 2.084295e+01 2.074945e+01 2.038000e+01 2.057500e+01 2.084650e+01 2.075114e+01
2.125000e+01 2.056500e+01 2.080605e+01 2.075342e+01 2.125000e+01 2.057500e+01 2.080284e+01 2.075486e+01
2.037500e+01 2.058000e+01 2.084454e+01 2.075016e+01 2.037000e+01 2.058500e+01 2.084249e+01 2.074928e+01
2.038000e+01 2.057500e+01 2.084650e+01 2.075114e+01 2.037500e+01 2.058000e+01 2.084454e+01 2.075016e+01
2.125000e+01 2.057500e+01 2.080284e+01 2.075486e+01 2.125000e+01 2.058500e+01 2.079972e+01 2.075613e+01
2.037000e+01 2.058500e+01 2.084249e+01 2.074928e+01 2.037000e+01 2.059500e+01 2.084574e+01 2.075068e+01
2.125000e+01 2.058500e+01 2.079972e+01 2.075613e+01 2.125500e+01 2.059000e+01 2.080195e+01 2.075516e+01
2.125500e+01 2.059000e+01 2.080195e+01 2.075516e+01 2.126000e+01 2.059500e+01 2.080428e+01 2.075431e+01
2.037000e+01 2.059500e+01 2.084574e+01 2.075068e+01 2.037000e+01 2.060500e+01 2.084888e+01 2.075191e+01
2.126000e+01 2.059500e+01 2.080428e+01 2.075431e+01 2.126000e+01 2.060500e+01 2.080150e+01 2.075534e+01
2.036500e+01 2.061000e+01 2.084651e+01 2.075092e+01 2.036000e+01 2.061500e+01 2.084405e+01 2.075004e+01
2.037000e+01 2.060500e+01 2.084888e+01 2.075191e+01 2.036500e+01 2.061000e+01 2.084651e+01 2.075092e+01
2.126000e+01 2.060500e+01 2.080150e+01 2.075534e+01 2.126000e+01 2.061500e+01 2.079883e+01 2.075620e+01
2.036000e+01 2.061500e+01 2.084405e+01 2.075004e+01 2.036000e+01 2.062500e+01 2.084686e+01 2.075105e+01
2.126000e+01 2.061500e+01 2.079883e+01 2.075620e+01 2.126500e+01 2.062000e+01 2.080151e+01 2.075529e+01
2.126500e+01 2.062000e+01 2.080151e+01 2.075529e+01 2.127000e+01 2.062500e+01 2.080427e+01 2.075449e+01
2.036000e+01 2.062500e+01 2.084686e+01 2.075105e+01 2.036000e+01 2.063500e+01 2.084953e+01 2.075191e+01
2.127000e+01 2.062500e+01 2.080427e+01 2.075449e+01 2.127000e+01 2.063500e+01 2.080197e+01 2.075519e+01
2.035500e+01 2.064000e+01 2.084673e+01 2.075099e+01 2.035000e+01 2.064500e+01 2.084387e+01 2.075019e+01
2.036000e+01 2.063500e+01 2.084953e+01 2.075191e+01 2.035500e+01 2.064000e+01 2.084673e+01 2.075099e+01
2.127000e+01 2.063500e+01 2.080197e+01 2.075519e+01 2.127000e+01 2.064500e+01 2.079983e+01 2.075576e+01
2.035000e+01 2.064500e+01 2.084387e+01 2.075019e+01 2.035000e+01 2.065500e+01 2.084617e+01 2.075090e+01
2.127000e+01 2.064500e+01 2.079983e+01 2.075576e+01 2.127000e+01 2.065500e+01 2.079783e+01 2.075620e+01
2.035000e+01 2.065500e+01 2.084617e+01 2.075090e+01 2.035000e+01 2.066500e+01 2.084832e+01 2.075148e+01
2.127000e+01 2.065500e+01 2.079783e+01 2.075620e+01 2.127500e+01 2.066000e+01 2.080107e+01 2.075544e+01
2.127500e+01 2.066000e+01 2.080107e+01 2.075544e+01 2.128000e+01 2.066500e+01 2.080436e+01 2.075480e+01
2.035000e+01 2.066500e+01 2.084832e+01 2.075148e+01 2.035000e+01 2.067500e+01 2.085032e+01 2.075194e+01
2.128000e+01 2.066500e+01 2.080436e+01 2.075480e+01 2.128000e+01 2.067500e+01 2.080277e+01 2.075518e+01
2.035000e+01 2.067500e+01 2.085032e+01 2.075194e+01 2.035000e+01 2.068500e+01 2.085214e+01 2.075229e+01
2.128000e+01 2.067500e+01 2.080277e+01 2.075518e+01 2.128000e+01 2.068500e+01 2.080135e+01 2.075546e+01
2.035000e+01 2.068500e+01 2.085214e+01 2.075229e+01 2.035000e+01 2.069500e+01 2.085380e+01 2.075254e+01
2.128000e+01 2.068500e+01 2.080135e+01 2.075546e+01 2.128000e+01 2.069500e+01 2.080010e+01 2.075566e+01
2.034500e+01 2.070000e+01 2.085024e+01 2.075187e+01 2.034000e+01 2.070500e+01 2.084665e+01 2.075133e+01
2.035000e+01 2.069500e+01 2.085380e+01 2.075254e+01 2.034500e+01 2.070000e+01 2.085024e+01 2.075187e+01
2.128000e+01 2.069500e+01 2.080010e+01 2.075566e+01 2.128000e+01 2.070500e+01 2.079903e+01 2.075579e+01
2.034000e+01 2.070500e+01 2.084665e+01 2.075133e+01 2.034000e+01 2.071500e+01 2.084790e+01 2.075158e+01
2.078500e+01 2.071000e+01 2.098152e+01 2.105237e+01 2.078000e+01 2.071500e+01 2.101186e+01 2.103527e+01
2.078500e+01 2.071000e+01 2.098152e+01 2.105237e+01 2.079500e+01 2.071000e+01 2.093334e+01 2.107138e+01
2.079500e+01 2.071000e+01 2.093334e+01 2.107138e+01 2.080500e+01 2.071000e+01 2.087669e+01 2.108355e+01
2.080500e+01 2.071000e+01 2.087669e+01 2.108355e+01 2.081500e+01 2.071000e+01 2.081537e+01 2.108604e+01
2.081500e+01 2.071000e+01 2.081537e+01 2.108604e+01 2.082500e+01 2.071000e+01 2.075496e+01 2.107807e+01
2.082500e+01 2.071000e+01 2.075496e+01 2.107807e+01 2.083500e+01 2.071000e+01 2.070069e+01 2.106138e+01
2.083500e+01 2.071000e+01 2.070069e+01 2.106138e+01 2.084500e+01 2.071000e+01 2.065560e+01 2.103926e+01
2.084500e+01 2.071000e+01 2.065560e+01 2.103926e+01 2.085000e+01 2.071500e+01 2.062590e+01 2.101976e+01
2.128000e+01 2.070500e+01 2.079903e+01 2.075579e+01 2.128000e+01 2.071500e+01 2.079814e+01 2.075585e+01
2.034000e+01 2.071500e+01 2.084790e+01 2.075158e+01 2.034000e+01 2.072500e+01 2.084897e+01 2.075176e+01
2.077500e+01 2.072000e+01 2.104503e+01 2.101210e+01 2.077000e+01 2.072500e+01 2.107229e+01 2.098750e+01
2.078000e+01 2.071500e+01 2.101186e+01 2.103527e+01 2.077500e+01 2.072000e+01 2.104503e+01 2.101210e+01
2.085000e+01 2.071500e+01 2.062590e+01 2.101976e+01 2.085500e+01 2.072000e+01 2.059424e+01 2.099414e+01
2.085500e+01 2.072000e+01 2.059424e+01 2.099414e+01 2.086000e+01 2.072500e+01 2.056865e+01 2.096803e+01
2.128000e+01 2.071500e+01 2.079814e+01 2.075585e+01 2.128000e+01 2.072500e+01 2.079744e+01 2.075586e+01
2.034000e+01 2.072500e+01 2.084897e+01 2.075176e+01 2.034000e+01 2.073500e+01 2.084986e+01 2.075188e+01
2.076500e+01 2.073000e+01 2.109922e+01 2.095672e+01 2.076000e+01 2.073500e+01 2.111954e+01 2.092782e+01
2.077000e+01 2.072500e+01 2.107229e+01 2.098750e+01 2.076500e+01 2.073000e+01 2.109922e+01 2.095672e+01
2.086000e+01 2.072500e+01 2.056865e+01 2.096803e+01 2.086500e+01 2.073000e+01 2.054426e+01 2.093648e+01
2.086500e+01 2.073000e+01 2.054426e+01 2.093648e+01 2.087000e+01 2.073500e+01 2.052603e+01 2.090746e+01
2.128000e+01 2.072500e+01 2.079744e+01 2.075586e+01 2.128000e+01 2.073500e+01 2.079693e+01 2.075583e+01
2.034000e+01 2.073500e+01 2.084986e+01 2.075188e+01 2.034000e+01 2.074500e+01 2.085056e+01 2.075196e+01
2.076000e+01 2.073500e+01 2.111954e+01 2.092782e+01 2.076000e+01 2.074500e+01 2.114169e+01 2.088397e+01
2.087000e+01 2.073500e+01 2.052603e+01 2.090746e+01 2.087000e+01 2.074500e+01 2.050571e+01 2.086369e+01
2.128000e+01 2.073500e+01 2.079693e+01 2.075583e+01 2.128000e+01 2.074500e+01 2.079661e+01 2.075577e+01
2.034000e+01 2.074500e+01 2.085056e+01 2.075196e+01 2.034000e+01 2.075500e+01 2.085108e+01 2.075201e+01
2.075500e+01 2.075000e+01 2.115376e+01 2.084903e+01 2.075000e+01 2.075500e+01 2.116161e+01 2.081930e+01
2.076000e+01 2.074500e+01 2.114169e+01 2.088397e+01 2.075500e+01 2.075000e+01 2.115376e+01 2.084903e+01
2.087000e+01 2.074500e+01 2.050571e+01 2.086369e+01 2.087000e+01 2.075500e+01 2.049115e+01 2.081224e+01
2.128000e+01 2.074500e+01 2.079661e+01 2.075577e+01 2.128000e+01 2.075500e+01 2.079649e+01 2.075570e+01
2.034000e+01 2.075500e+01 2.085108e+01 2.075201e+01 2.034000e+01 2.076500e+01 2.085140e+01 2.075203e+01
2.075000e+01 2.075500e+01 2.116161e+01 2.081930e+01 2.075000e+01 2.076500e+01 2.116719e+01 2.076781e+01
2.087000e+01 2.075500e+01 2.049115e+01 2.081224e+01 2.087000e+01 2.076500e+01 2.048504e+01 2.075611e+01
2.128000e+01 2.075500e+01 2.079649e+01 2.075570e+01 2.128000e+01 2.076500e+01 2.079656e+01 2.075562e+01
2.034000e+01 2.076500e+01 2.085140e+01 2.075203e+01 2.034000e+01 2.077500e+01 2.085153e+01 2.075204e+01
2.075000e+01 2.076500e+01 2.116719e+01 2.076781e+01 2.075000e+01 2.077500e+01 2.116432e+01 2.071522e+01
2.087000e+01 2.076500e+01 2.048504e+01 2.075611e+01 2.087000e+01 2.077500e+01 2.048855e+01 2.069986e+01
2.128000e+01 2.076500e+01 2.079656e+01 2.075562e+01 2.128000e+01 2.077500e+01 2.079683e+01 2.075555e+01
2.034000e+01 2.077500e+01 2.085153e+01 2.075204e+01 2.034000e+01 2.078500e+01 2.085147e+01 2.075205e+01
2.075000e+01 2.077500e+01 2.116432e+01 2.071522e+01 2.075000e+01 2.078500e+01 2.115343e+01 2.066542e+01
2.087000e+01 2.077500e+01 2.048855e+01 2.069986e+01 2.087000e+01 2.078500e+01 2.050078e+01 2.064804e+01
2.128000e+01 2.077500e+01 2.079683e+01 2.075555e+01 2.128000e+01 2.078500e+01 2.079729e+01 2.075550e+01
2.034000e+01 2.078500e+01 2.085147e+01 2.075205e+01 2.034000e+01 2.079500e+01 2.085122e+01 2.075207e+01
2.075000e+01 2.078500e+01 2.115343e+01 2.066542e+01 2.075500e+01 2.079000e+01 2.114215e+01 2.063507e+01
2.075500e+01 2.079000e+01 2.114215e+01 2.063507e+01 2.076000e+01 2.079500e+01 2.112572e+01 2.059994e+01
2.087000e+01 2.078500e+01 2.050078e+01 2.064804e+01 2.087000e+01 2.079500e+01 2.051923e+01 2.060376e+01
2.128000e+01 2.078500e+01 2.079729e+01 2.075550e+01 2.128000e+01 2.079500e+01 2.079794e+01 2.075548e+01
2.034000e+01 2.079500e+01 2.085122e+01 2.075207e+01 2.034000e+01 2.080500e+01 2.085078e+01 2.075212e+01
2.076000e+01 2.079500e+01 2.112572e+01 2.059994e+01 2.076000e+01 2.080500e+01 2.110072e+01 2.056115e+01
2.086500e+01 2.080000e+01 2.053578e+01 2.057518e+01 2.086000e+01 2.080500e+01 2.055821e+01 2.054380e+01
2.087000e+01 2.079500e+01 2.051923e+01 2.060376e+01 2.086500e+01 2.080000e+01 2.053578e+01 2.057518e+01
2.128000e+01 2.079500e+01 2.079794e+01 2.075548e+01 2.128000e+01 2.080500e+01 2.079879e+01 2.075551e+01
2.034000e+01 2.080500e+01 2.085078e+01 2.075212e+01 2.034000e+01 2.081500e+01 2.085015e+01 2.075220e+01
2.076000e+01 2.080500e+01 2.110072e+01 2.056115e+01 2.076500e+01 2.081000e+01 2.107797e+01 2.053392e+01
2.076500e+01 2.081000e+01 2.107797e+01 2.053392e+01 2.077000e+01 2.081500e+01 2.104901e+01 2.050599e+01
2.085500e+01 2.081000e+01 2.058223e+01 2.051762e+01 2.085000e+01 2.081500e+01 2.061247e+01 2.049147e+01
2.086000e+01 2.080500e+01 2.055821e+01 2.054380e+01 2.085500e+01 2.081000e+01 2.058223e+01 2.051762e+01
2.128000e+01 2.080500e+01 2.079879e+01 2.075551e+01 2.128000e+01 2.081500e+01 2.079982e+01 2.075559e+01
2.034000e+01 2.081500e+01 2.085015e+01 2.075220e+01 2.034000e+01 2.082500e+01 2.084934e+01 2.075233e+01
2.077000e+01 2.081500e+01 2.104901e+01 2.050599e+01 2.077500e+01 2.082000e+01 2.102083e+01 2.048404e+01
2.077500e+01 2.082000e+01 2.102083e+01 2.048404e+01 2.078500e+01 2.082000e+01 2.097955e+01 2.045926e+01
2.078500e+01 2.082000e+01 2.097955e+01 2.045926e+01 2.079000e+01 2.082500e+01 2.094327e+01 2.044385e+01
2.083500e+01 2.082000e+01 2.068501e+01 2.044878e+01 2.083000e+01 2.082500e+01 2.072075e+01 2.043632e+01
2.083500e+01 2.082000e+01 2.068501e+01 2.044878e+01 2.084500e+01 2.082000e+01 2.064122e+01 2.047142e+01
2.085000e+01 2.081500e+01 2.061247e+01 2.049147e+01 2.084500e+01 2.082000e+01 2.064122e+01 2.047142e+01
2.128000e+01 2.081500e+01 2.079982e+01 2.075559e+01 2.128000e+01 2.082500e+01 2.080104e+01 2.075574e+01
2.034000e+01 2.082500e+01 2.084934e+01 2.075233e+01 2.034000e+01 2.083500e+01 2.084834e+01 2.075252e+01
2.079000e+01 2.082500e+01 2.094327e+01 2.044385e+01 2.079500e+01 2.083000e+01 2.091186e+01 2.043332e+01
2.079500e+01 2.083000e+01 2.091186e+01 2.043332e+01 2.080500e+01 2.083000e+01 2.085946e+01 2.042321e+01
2.080500e+01 2.083000e+01 2.085946e+01 2.042321e+01 2.081500e+01 2.083000e+01 2.080459e+01 2.042139e+01
2.081500e+01 2.083000e+01 2.080459e+01 2.042139e+01 2.082500e+01 2.083000e+01 2.075143e+01 2.042809e+01
2.083000e+01 2.082500e+01 2.072075e+01 2.043632e+01 2.082500e+01 2.083000e+01 2.075143e+01 2.042809e+01
2.128000e+01 2.082500e+01 2.080104e+01 2.075574e+01 2.128000e+01 2.083500e+01 2.080244e+01 2.075596e+01
2.034000e+01 2.083500e+01 2.084834e+01 2.075252e+01 2.034500e+01 2.084000e+01 2.085204e+01 2.075206e+01
2.034500e+01 2.084000e+01 2.085204e+01 2.075206e+01 2.035000e+01 2.084500e+01 2.085570e+01 2.075148e+01
2.128000e+01 2.083500e+01 2.080244e+01 2.075596e+01 2.128000e+01 2.084500e+01 2.080401e+01 2.075627e+01
2.035000e+01 2.084500e+01 2.085570e+01 2.075148e+01 2.035000e+01 2.085500e+01 2.085429e+01 2.075164e+01
2.128000e+01 2.084500e+01 2.080401e+01 2.075627e+01 2.128000e+01 2.085500e+01 2.080575e+01 2.075668e+01
2.035000e+01 2.085500e+01 2.085429e+01 2.075164e+01 2.035000e+01 2.086500e+01 2.085271e+01 2.075190e+01
2.127500e+01 2.086000e+01 2.080248e+01 2.075599e+01 2.127000e+01 2.086500e+01 2.079927e+01 2.075517e+01
2.128000e+01 2.085500e+01 2.080575e+01 2.075668e+01 2.127500e+01 2.086000e+01 2.080248e+01 2.075599e+01
2.035000e+01 2.086500e+01 2.085271e+01 2.075190e+01 2.035000e+01 2.087500e+01 2.085096e+01 2.075226e+01
2.127000e+01 2.086500e+01 2.079927e+01 2.075517e+01 2.127000e+01 2.087500e+01 2.080140e+01 2.075565e+01
2.035000e+01 2.087500e+01 2.085096e+01 2.075226e+01 2.035000e+01 2.088500e+01 2.084905e+01 2.075273e+01
2.127000e+01 2.087500e+01 2.080140e+01 2.075565e+01 2.127000e+01 2.088500e+01 2.080370e+01 2.075625e+01
2.035000e+01 2.088500e+01 2.084905e+01 2.075273e+01 2.035000e+01 2.089500e+01 2.084699e+01 2.075332e+01
2.127000e+01 2.088500e+01 2.080370e+01 2.075625e+01 2.127000e+01 2.089500e+01 2.080614e+01 2.075699e+01
2.035000e+01 2.089500e+01 2.084699e+01 2.075332e+01 2.035500e+01 2.090000e+01 2.084993e+01 2.075258e+01
2.035500e+01 2.090000e+01 2.084993e+01 2.075258e+01 2.036000e+01 2.090500e+01 2.085280e+01 2.075172e+01
2.127000e+01 2.089500e+01 2.080614e+01 2.075699e+01 2.127000e+01 2.090500e+01 2.080872e+01 2.075787e+01
2.036000e+01 2.090500e+01 2.085280e+01 2.075172e+01 2.036000e+01 2.091500e+01 2.085036e+01 2.075244e+01
2.126500e+01 2.091000e+01 2.080608e+01 2.075704e+01 2.126000e+01 2.091500e+01 2.080351e+01 2.075608e+01
2.127000e+01 2.090500e+01 2.080872e+01 2.075787e+01 2.126500e+01 2.091000e+01 2.080608e+01 2.075704e+01
2.036000e+01 2.091500e+01 2.085036e+01 2.075244e+01 2.036000e+01 2.092500e+01 2.084778e+01 2.075332e+01
2.126000e+01 2.091500e+01 2.080351e+01 2.075608e+01 2.126000e+01 2.092500e+01 2.080645e+01 2.075715e+01
2.036000e+01 2.092500e+01 2.084778e+01 2.075332e+01 2.036500e+01 2.093000e+01 2.085029e+01 2.075248e+01
2.036500e+01 2.093000e+01 2.085029e+01 2.075248e+01 2.037000e+01 2.093500e+01 2.085272e+01 2.075153e+01
2.126000e+01 2.092500e+01 2.080645e+01 2.075715e+01 2.126000e+01 2.093500e+01 2.080950e+01 2.075839e+01
2.037000e+01 2.093500e+01 2.085272e+01 2.075153e+01 2.037000e+01 2.094500e+01 2.084979e+01 2.075262e+01
2.125500e+01 2.094000e+01 2.080727e+01 2.075751e+01 2.125000e+01 2.094500e+01 2.080512e+01 2.075653e+01
2.126000e+01 2.093500e+01 2.080950e+01 2.075839e+01 2.125500e+01 2.094000e+01 2.080727e+01 2.075751e+01
2.037000e+01 2.094500e+01 2.084979e+01 2.075262e+01 2.037000e+01 2.095500e+01 2.084675e+01 2.075387e+01
2.125000e+01 2.094500e+01 2.080512e+01 2.075653e+01 2.125000e+01 2.095500e+01 2.080849e+01 2.075802e+01
2.037000e+01 2.095500e+01 2.084675e+01 2.075387e+01 2.037500e+01 2.096000e+01 2.084885e+01 2.075302e+01
2.037500e+01 2.096000e+01 2.084885e+01 2.075302e+01 2.038000e+01 2.096500e+01 2.085084e+01 2.075207e+01
2.125000e+01 2.095500e+01 2.080849e+01 2.075802e+01 2.125000e+01 2.096500e+01 2.081195e+01 2.075970e+01
2.038000e+01 2.096500e+01 2.085084e+01 2.075207e+01 2.038000e+01 2.097500e+01 2.084749e+01 2.075360e+01
2.124500e+01 2.097000e+01 2.081011e+01 2.075886e+01 2.124000e+01 2.097500e+01 2.080837e+01 2.075793e+01
2.125000e+01 2.096500e+01 2.081195e+01 2.075970e+01 2.124500e+01 2.097000e+01 2.081011e+01 2.075886e+01
2.038000e+01 2.097500e+01 2.084749e+01 2.075360e+01 2.038000e+01 2.098500e+01 2.084407e+01 2.075532e+01
2.124000e+01 2.097500e+01 2.080837e+01 2.075793e+01 2.124000e+01 2.098500e+01 2.081209e+01 2.075991e+01
2.038000e+01 2.098500e+01 2.084407e+01 2.075532e+01 2.038500e+01 2.099000e+01 2.084576e+01 2.075454e+01
2.038500e+01 2.099000e+01 2.084576e+01 2.075454e+01 2.039000e+01 2.099500e+01 2.084734e+01 2.075366e+01
2.123500e+01 2.099000e+01 2.081054e+01 2.075911e+01 2.123000e+01 2.099500e+01 2.080909e+01 2.075822e+01
2.124000e+01 2.098500e+01 2.081209e+01 2.075991e+01 2.123500e+01 2.099000e+01 2.081054e+01 2.075911e+01
2.039000e+01 2.099500e+01 2.084734e+01 2.075366e+01 2.039000e+01 2.100500e+01 2.084366e+01 2.075571e+01
2.123000e+01 2.099500e+01 2.080909e+01 2.075822e+01 2.123000e+01 2.100500e+01 2.081305e+01 2.076055e+01
2.039000e+01 2.100500e+01 2.084366e+01 2.075571e+01 2.039500e+01 2.101000e+01 2.084506e+01 2.075498e+01
2.039500e+01 2.101000e+01 2.084506e+01 2.075498e+01 2.040000e+01 2.101500e+01 2.084634e+01 2.075416e+01
2.122500e+01 2.101000e+01 2.081176e+01 2.075982e+01 2.122000e+01 2.101500e+01 2.081060e+01 2.075901e+01
2.123000e+01 2.100500e+01 2.081305e+01 2.076055e+01 2.122500e+01 2.101000e+01 2.081176e+01 2.075982e+01
2.040000e+01 2.101500e+01 2.084634e+01 2.075416e+01 2.040000e+01 2.102500e+01 2.084246e+01 2.075659e+01
2.122000e+01 2.101500e+01 2.081060e+01 2.075901e+01 2.122000e+01 2.102500e+01 2.081474e+01 2.076172e+01
2.040000e+01 2.102500e+01 2.084246e+01 2.075659e+01 2.040500e+01 2.103000e+01 2.084358e+01 2.075595e+01
2.040500e+01 2.103000e+01 2.084358e+01 2.075595e+01 2.041000e+01 2.103500e+01 2.084458e+01 2.075524e+01
2.121500e+01 2.103000e+01 2.081372e+01 2.076109e+01 2.121000e+01 2.103500e+01 2.081282e+01 2.076040e+01
2.122000e+01 2.102500e+01 2.081474e+01 2.076172e+01 2.121500e+01 2.103000e+01 2.081372e+01 2.076109e+01
2.041000e+01 2.103500e+01 2.084458e+01 2.075524e+01 2.041000e+01 2.104500e+01 2.084053e+01 2.075806e+01
2.121000e+01 2.103500e+01 2.081282e+01 2.076040e+01 2.121000e+01 2.104500e+01 2.081711e+01 2.076351e+01
2.041000e+01 2.104500e+01 2.084053e+01 2.075806e+01 2.041500e+01 2.105000e+01 2.084140e+01 2.075754e+01
2.041500e+01 2.105000e+01 2.084140e+01 2.075754e+01 2.042000e+01 2.105500e+01 2.084214e+01 2.075697e+01
2.120500e+01 2.105000e+01 2.081632e+01 2.076302e+01 2.120000e+01 2.105500e+01 2.081566e+01 2.076248e+01
2.121000e+01 2.104500e+01 2.081711e+01 2.076351e+01 2.120500e+01 2.105000e+01 2.081632e+01 2.076302e+01
2.042000e+01 2.105500e+01 2.084214e+01 2.075697e+01 2.042500e+01 2.106000e+01 2.084282e+01 2.075651e+01
2.042500e+01 2.106000e+01 2.084282e+01 2.075651e+01 2.043000e+01 2.106500e+01 2.084337e+01 2.075600e+01
2.119500e+01 2.106000e+01 2.081505e+01 2.076204e+01 2.119000e+01 2.106500e+01 2.081457e+01 2.076156e+01
2.120000e+01 2.105500e+01 2.081566e+01 2.076248e+01 2.119500e+01 2.106000e+01 2.081505e+01 2.076204e+01
2.043000e+01 2.106500e+01 2.084337e+01 2.075600e+01 2.043000e+01 2.107500e+01 2.083911e+01 2.075946e+01
2.119000e+01 2.106500e+01 2.081457e+01 2.076156e+01 2.119000e+01 2.107500e+01 2.081904e+01 2.076531e+01
2.043000e+01 2.107500e+01 2.083911e+01 2.075946e+01 2.043500e+01 2.108000e+01 2.083958e+01 2.075917e+01
2.043500e+01 2.108000e+01 2.083958e+01 2.075917e+01 2.044000e+01 2.108500e+01 2.083991e+01 2.075886e+01
2.118500e+01 2.108000e+01 2.081863e+01 2.076506e+01 2.118000e+01 2.108500e+01 2.081835e+01 2.076478e+01
2.119000e+01 2.107500e+01 2.081904e+01 2.076531e+01 2.118500e+01 2.108000e+01 2.081863e+01 2.076506e+01
2.044000e+01 2.108500e+01 2.083991e+01 2.075886e+01 2.044500e+01 2.109000e+01 2.084021e+01 2.075866e+01
2.044500e+01 2.109000e+01 2.084021e+01 2.075866e+01 2.045000e+01 2.109500e+01 2.084037e+01 2.075844e+01
2.117500e+01 2.109000e+01 2.081810e+01 2.076461e+01 2.117000e+01 2.109500e+01 2.081798e+01 2.076443e+01
2.118000e+01 2.108500e+01 2.081835e+01 2.076478e+01 2.117500e+01 2.109000e+01 2.081810e+01 2.076461e+01
2.045000e+01 2.109500e+01 2.084037e+01 2.075844e+01 2.045500e+01 2.110000e+01 2.084051e+01 2.075834e+01
2.045500e+01 2.110000e+01 2.084051e+01 2.075834e+01 2.046000e+01 2.110500e+01 2.084051e+01 2.075823e+01
2.116500e+01 2.110000e+01 2.081787e+01 2.076437e+01 2.116000e+01 2.110500e+01 2.081790e+01 2.076429e+01
2.117000e+01 2.109500e+01 2.081798e+01 2.076443e+01 2.116500e+01 2.110000e+01 2.081787e+01 2.076437e+01
2.046000e+01 2.110500e+01 2.084051e+01 2.075823e+01 2.046000e+01 2.111500e+01 2.083616e+01 2.076262e+01
2.115500e+01 2.111000e+01 2.081793e+01 2.076434e+01 2.115000e+01 2.111500e+01 2.081809e+01 2.076439e+01
2.116000e+01 2.110500e+01 2.081790e+01 2.076429e+01 2.115500e+01 2.111000e+01 2.081793e+01 2.076434e+01
2.046000e+01 2.111500e+01 2.083616e+01 2.076262e+01 2.046500e+01 2.112000e+01 2.083615e+01 2.076277e+01
2.046500e+01 2.112000e+01 2.083615e+01 2.076277e+01 2.047000e+01 2.112500e+01 2.083600e+01 2.076291e+01
2.115000e+01 2.111500e+01 2.081809e+01 2.076439e+01 2.115000e+01 2.112500e+01 2.082265e+01 2.076929e+01
2.047000e+01 2.112500e+01 2.083600e+01 2.076291e+01 2.047500e+01 2.113000e+01 2.083587e+01 2.076318e+01
2.047500e+01 2.113000e+01 2.083587e+01 2.076318e+01 2.048000e+01 2.113500e+01 2.083560e+01 2.076346e+01
2.114500e+01 2.113000e+01 2.082280e+01 2.076959e+01 2.114000e+01 2.113500e+01 2.082308e+01 2.076990e+01
2.115000e+01 2.112500e+01 2.082265e+01 2.076929e+01 2.114500e+01 2.113000e+01 2.082280e+01 2.076959e+01
2.048000e+01 2.113500e+01 2.083560e+01 2.076346e+01 2.048500e+01 2.114000e+01 2.083535e+01 2.076387e+01
2.048500e+01 2.114000e+01 2.083535e+01 2.076387e+01 2.049000e+01 2.114500e+01 2.083497e+01 2.076429e+01
2.113500e+01 2.114000e+01 2.082334e+01 2.077033e+01 2.113000e+01 2.114500e+01 2.082372e+01 2.077078e+01
2.114000e+01 2.113500e+01 2.082308e+01 2.076990e+01 2.113500e+01 2.114000e+01 2.082334e+01 2.077033e+01
2.049000e+01 2.114500e+01 2.083497e+01 2.076429e+01 2.049500e+01 2.115000e+01 2.083462e+01 2.076485e+01
2.049500e+01 2.115000e+01 2.083462e+01 2.076485e+01 2.050000e+01 2.115500e+01 2.083414e+01 2.076543e+01
2.111500e+01 2.115000e+01 2.082059e+01 2.076691e+01 2.111000e+01 2.115500e+01 2.082118e+01 2.076754e+01
2.111500e+01 2.115000e+01 2.082059e+01 2.076691e+01 2.112500e+01 2.115000e+01 2.082408e+01 2.077136e+01
2.113000e+01 2.114500e+01 2.082372e+01 2.077078e+01 2.112500e+01 2.115000e+01 2.082408e+01 2.077136e+01
2.050000e+01 2.115500e+01 2.083414e+01 2.076543e+01 2.050500e+01 2.116000e+01 2.083369e+01 2.076614e+01
2.050500e+01 2.116000e+01 2.083369e+01 2.076614e+01 2.051000e+01 2.116500e+01 2.083313e+01 2.076689e+01
2.110500e+01 2.116000e+01 2.082174e+01 2.076830e+01 2.110000e+01 2.116500e+01 2.082241e+01 2.076910e+01
2.111000e+01 2.115500e+01 2.082118e+01 2.076754e+01 2.110500e+01 2.116000e+01 2.082174e+01 2.076830e+01
2.051000e+01 2.116500e+01 2.083313e+01 2.076689e+01 2.051500e+01 2.117000e+01 2.083261e+01 2.076777e+01
2.051500e+01 2.117000e+01 2.083261e+01 2.076777e+01 2.052500e+01 2.117000e+01 2.083546e+01 2.076366e+01
2.052500e+01 2.117000e+01 2.083546e+01 2.076366e+01 2.053000e+01 2.117500e+01 2.083472e+01 2.076463e+01
2.109500e+01 2.117000e+01 2.082303e+01 2.077003e+01 2.109000e+01 2.117500e+01 2.082376e+01 2.077100e+01
2.110000e+01 2.116500e+01 2.082241e+01 2.076910e+01 2.109500e+01 2.117000e+01 2.082303e+01 2.077003e+01
2.053000e+01 2.117500e+01 2.083472e+01 2.076463e+01 2.053500e+01 2.118000e+01 2.083404e+01 2.076572e+01
2.053500e+01 2.118000e+01 2.083404e+01 2.076572e+01 2.054000e+01 2.118500e+01 2.083325e+01 2.076688e+01
2.108500e+01 2.118000e+01 2.082444e+01 2.077209e+01 2.108000e+01 2.118500e+01 2.082522e+01 2.077324e+01
2.109000e+01 2.117500e+01 2.082376e+01 2.077100e+01 2.108500e+01 2.118000e+01 2.082444e+01 2.077209e+01
2.054000e+01 2.118500e+01 2.083325e+01 2.076688e+01 2.054500e+01 2.119000e+01 2.083253e+01 2.076815e+01
2.054500e+01 2.119000e+01 2.083253e+01 2.076815e+01 2.055000e+01 2.119500e+01 2.083171e+01 2.076949e+01
2.106500e+01 2.119000e+01 2.082350e+01 2.077044e+01 2.106000e+01 2.119500e+01 2.082440e+01 2.077183e+01
2.106500e+01 2.119000e+01 2.082350e+01 2.077044e+01 2.107500e+01 2.119000e+01 2.082594e+01 2.077450e+01
2.108000e+01 2.118500e+01 2.082522e+01 2.077324e+01 2.107500e+01 2.119000e+01 2.082594e+01 2.077450e+01
2.055000e+01 2.119500e+01 2.083171e+01 2.076949e+01 2.055500e+01 2.120000e+01 2.083096e+01 2.077095e+01
2.055500e+01 2.120000e+01 2.083096e+01 2.077095e+01 2.056500e+01 2.120000e+01 2.083301e+01 2.076723e+01
2.056500e+01 2.120000e+01 2.083301e+01 2.076723e+01 2.057000e+01 2.120500e+01 2.083209e+01 2.076883e+01
2.105500e+01 2.120000e+01 2.082523e+01 2.077333e+01 2.105000e+01 2.120500e+01 2.082614e+01 2.077491e+01
2.106000e+01 2.119500e+01 2.082440e+01 2.077183e+01 2.105500e+01 2.120000e+01 2.082523e+01 2.077333e+01
2.057000e+01 2.120500e+01 2.083209e+01 2.076883e+01 2.057500e+01 2.121000e+01 2.083125e+01 2.077055e+01
2.057500e+01 2.121000e+01 2.083125e+01 2.077055e+01 2.058000e+01 2.121500e+01 2.083034e+01 2.077235e+01
2.103500e+01 2.121000e+01 2.082506e+01 2.077286e+01 2.103000e+01 2.121500e+01 2.082604e+01 2.077470e+01
2.103500e+01 2.121000e+01 2.082506e+01 2.077286e+01 2.104500e+01 2.121000e+01 2.082697e+01 2.077659e+01
2.105000e+01 2.120500e+01 2.082614e+01 2.077491e+01 2.104500e+01 2.121000e+01 2.082697e+01 2.077659e+01
2.058000e+01 2.121500e+01 2.083034e+01 2.077235e+01 2.058500e+01 2.122000e+01 2.082951e+01 2.077426e+01
2.058500e+01 2.122000e+01 2.082951e+01 2.077426e+01 2.059500e+01 2.122000e+01 2.083108e+01 2.077091e+01
2.059500e+01 2.122000e+01 2.083108e+01 2.077091e+01 2.060000e+01 2.122500e+01 2.083012e+01 2.077299e+01
2.101500e+01 2.122000e+01 2.082535e+01 2.077314e+01 2.101000e+01 2.122500e+01 2.082636e+01 2.077526e+01
2.101500e+01 2.122000e+01 2.082535e+01 2.077314e+01 2.102500e+01 2.122000e+01 2.082694e+01 2.077664e+01
2.103000e+01 2.121500e+01 2.082604e+01 2.077470e+01 2.102500e+01 2.122000e+01 2.082694e+01 2.077664e+01
2.060000e+01 2.122500e+01 2.083012e+01 2.077299e+01 2.060500e+01 2.123000e+01 2.082927e+01 2.077518e+01
2.060500e+01 2.123000e+01 2.082927e+01 2.077518e+01 2.061500e+01 2.123000e+01 2.083054e+01 2.077209e+01
2.061500e+01 2.123000e+01 2.083054e+01 2.077209e+01 2.062000e+01 2.123500e+01 2.082959e+01 2.077446e+01
2.099500e+01 2.123000e+01 2.082598e+01 2.077423e+01 2.099000e+01 2.123500e+01 2.082698e+01 2.077663e+01
2.099500e+01 2.123000e+01 2.082598e+01 2.077423e+01 2.100500e+01 2.123000e+01 2.082728e+01 2.077747e+01
2.101000e+01 2.122500e+01 2.082636e+01 2.077526e+01 2.100500e+01 2.123000e+01 2.082728e+01 2.077747e+01
2.062000e+01 2.123500e+01 2.082959e+01 2.077446e+01 2.062500e+01 2.124000e+01 2.082873e+01 2.077693e+01
2.062500e+01 2.124000e+01 2.082873e+01 2.077693e+01 2.063500e+01 2.124000e+01 2.082975e+01 2.077413e+01
2.063500e+01 2.124000e+01 2.082975e+01 2.077413e+01 2.064500e+01 2.124000e+01 2.083061e+01 2.077144e+01
2.064500e+01 2.124000e+01 2.083061e+01 2.077144e+01 2.065000e+01 2.124500e+01 2.082968e+01 2.077421e+01
2.097500e+01 2.124000e+01 2.082684e+01 2.077617e+01 2.097000e+01 2.124500e+01 2.082781e+01 2.077885e+01
2.097500e+01 2.124000e+01 2.082684e+01 2.077617e+01 2.098500e+01 2.124000e+01 2.082789e+01 2.077911e+01
2.099000e+01 2.123500e+01 2.082698e+01 2.077663e+01 2.098500e+01 2.124000e+01 2.082789e+01 2.077911e+01
2.065000e+01 2.124500e+01 2.082968e+01 2.077421e+01 2.065500e+01 2.125000e+01 2.082885e+01 2.077706e+01
2.065500e+01 2.125000e+01 2.082885e+01 2.077706e+01 2.066500e+01 2.125000e+01 2.082952e+01 2.077470e+01
2.066500e+01 2.125000e+01 2.082952e+01 2.077470e+01 2.067000e+01 2.125500e+01 2.082867e+01 2.077776e+01
2.094500e+01 2.125000e+01 2.082711e+01 2.077647e+01 2.094000e+01 2.125500e+01 2.082801e+01 2.077953e+01
2.094500e+01 2.125000e+01 2.082711e+01 2.077647e+01 2.095500e+01 2.125000e+01 2.082782e+01 2.077897e+01
2.095500e+01 2.125000e+01 2.082782e+01 2.077897e+01 2.096500e+01 2.125000e+01 2.082867e+01 2.078160e+01
2.097000e+01 2.124500e+01 2.082781e+01 2.077885e+01 2.096500e+01 2.125000e+01 2.082867e+01 2.078160e+01
2.067000e+01 2.125500e+01 2.082867e+01 2.077776e+01 2.067500e+01 2.126000e+01 2.082793e+01 2.078088e+01
2.067500e+01 2.126000e+01 2.082793e+01 2.078088e+01 2.068500e+01 2.126000e+01 2.082847e+01 2.077887e+01
2.068500e+01 2.126000e+01 2.082847e+01 2.077887e+01 2.069500e+01 2.126000e+01 2.082889e+01 2.077699e+01
2.069500e+01 2.126000e+01 2.082889e+01 2.077699e+01 2.070500e+01 2.126000e+01 2.082920e+01 2.077526e+01
2.070500e+01 2.126000e+01 2.082920e+01 2.077526e+01 2.071000e+01 2.126500e+01 2.082851e+01 2.077882e+01
2.090500e+01 2.126000e+01 2.082744e+01 2.077659e+01 2.090000e+01 2.126500e+01 2.082818e+01 2.078013e+01
2.090500e+01 2.126000e+01 2.082744e+01 2.077659e+01 2.091500e+01 2.126000e+01 2.082778e+01 2.077847e+01
2.091500e+01 2.126000e+01 2.082778e+01 2.077847e+01 2.092500e+01 2.126000e+01 2.082823e+01 2.078049e+01
2.092500e+01 2.126000e+01 2.082823e+01 2.078049e+01 2.093500e+01 2.126000e+01 2.082881e+01 2.078265e+01
2.094000e+01 2.125500e+01 2.082801e+01 2.077953e+01 2.093500e+01 2.126000e+01 2.082881e+01 2.078265e+01
2.071000e+01 2.126500e+01 2.082851e+01 2.077882e+01 2.071500e+01 2.127000e+01 2.082794e+01 2.078242e+01
2.071500e+01 2.127000e+01 2.082794e+01 2.078242e+01 2.072500e+01 2.127000e+01 2.082821e+01 2.078106e+01
2.072500e+01 2.127000e+01 2.082821e+01 2.078106e+01 2.073500e+01 2.127000e+01 2.082840e+01 2.077985e+01
2.073500e+01 2.127000e+01 2.082840e+01 2.077985e+01 2.074500e+01 2.127000e+01 2.082852e+01 2.077880e+01
2.074500e+01 2.127000e+01 2.082852e+01 2.077880e+01 2.075500e+01 2.127000e+01 2.082857e+01 2.077792e+01
2.075500e+01 2.127000e+01 2.082857e+01 2.077792e+01 2.076500e+01 2.127000e+01 2.082858e+01 2.077720e+01
2.076500e+01 2.127000e+01 2.082858e+01 2.077720e+01 2.077500e+01 2.127000e+01 2.082855e+01 2.077666e+01
2.077500e+01 2.127000e+01 2.082855e+01 2.077666e+01 2.078500e+01 2.127000e+01 2.082848e+01 2.077629e+01
2.078500e+01 2.127000e+01 2.082848e+01 2.077629e+01 2.079000e+01 2.127500e+01 2.082834e+01 2.078072e+01
2.083500e+01 2.127000e+01 2.082808e+01 2.077708e+01 2.083000e+01 2.127500e+01 2.082836e+01 2.078136e+01
2.083500e+01 2.127000e+01 2.082808e+01 2.077708e+01 2.084500e+01 2.127000e+01 2.082806e+01 2.077777e+01
2.084500e+01 2.127000e+01 2.082806e+01 2.077777e+01 2.085500e+01 2.127000e+01 2.082808e+01 2.077863e+01
2.085500e+01 2.127000e+01 2.082808e+01 2.077863e+01 2.086500e+01 2.127000e+01 2.082816e+01 2.077965e+01
2.086500e+01 2.127000e+01 2.082816e+01 2.077965e+01 2.087500e+01 2.127000e+01 2.082830e+01 2.078084e+01
2.087500e+01 2.127000e+01 2.082830e+01 2.078084e+01 2.088500e+01 2.127000e+01 2.082852e+01 2.078220e+01
2.088500e+01 2.127000e+01 2.082852e+01 2.078220e+01 2.089500e+01 2.127000e+01 2.082882e+01 2.078371e+01
2.090000e+01 2.126500e+01 2.082818e+01 2.078013e+01 2.089500e+01 2.127000e+01 2.082882e+01 2.078371e+01
2.079000e+01 2.127500e+01 2.082834e+01 2.078072e+01 2.079500e+01 2.128000e+01 2.082830e+01 2.078516e+01
2.079500e+01 2.128000e+01 2.082830e+01 2.078516e+01 2.080500e+01 2.128000e+01 2.082838e+01 2.078515e+01
2.080500e+01 2.128000e+01 2.082838e+01 2.078515e+01 2.081500e+01 2.128000e+01 2.082846e+01 2.078531e+01
2.081500e+01 2.128000e+01 2.082846e+01 2.078531e+01 2.082500e+01 2.128000e+01 2.082856e+01 2.078564e+01
2.083000e+01 2.127500e+01 2.082836e+01 2.078136e+01 2.082500e+01 2.128000e+01 2.082856e+01 2.078564e+01
