2.074500e+01 2.026000e+01 2.081388e+01 2.073401e+01 2.074000e+01 2.026500e+01 2.081448e+01 2.073782e+01
2.074500e+01 2.026000e+01 2.081388e+01 2.073401e+01 2.075500e+01 2.026000e+01 2.081417e+01 2.073543e+01
2.075500e+01 2.026000e+01 2.081417e+01 2.073543e+01 2.076500e+01 2.026000e+01 2.081438e+01 2.073669e+01
2.076500e+01 2.026000e+01 2.081438e+01 2.073669e+01 2.077500e+01 2.026000e+01 2.081453e+01 2.073778e+01
2.077500e+01 2.026000e+01 2.081453e+01 2.073778e+01 2.078500e+01 2.026000e+01 2.081461e+01 2.073870e+01
2.078500e+01 2.026000e+01 2.081461e+01 2.073870e+01 2.079500e+01 2.026000e+01 2.081465e+01 2.073943e+01
2.079500e+01 2.026000e+01 2.081465e+01 2.073943e+01 2.080500e+01 2.026000e+01 2.081466e+01 2.073999e+01
2.080500e+01 2.026000e+01 2.081466e+01 2.073999e+01 2.081500e+01 2.026000e+01 2.081463e+01 2.074037e+01
2.081500e+01 2.026000e+01 2.081463e+01 2.074037e+01 2.082500e+01 2.026000e+01 2.081459e+01 2.074056e+01
2.082500e+01 2.026000e+01 2.081459e+01 2.074056e+01 2.083500e+01 2.026000e+01 2.081455e+01 2.074058e+01
2.083500e+01 2.026000e+01 2.081455e+01 2.074058e+01 2.084500e+01 2.026000e+01 2.081452e+01 2.074041e+01
2.084500e+01 2.026000e+01 2.081452e+01 2.074041e+01 2.085500e+01 2.026000e+01 2.081450e+01 2.074007e+01
2.085500e+01 2.026000e+01 2.081450e+01 2.074007e+01 2.086500e+01 2.026000e+01 2.081451e+01 2.073954e+01
2.086500e+01 2.026000e+01 2.081451e+01 2.073954e+01 2.087500e+01 2.026000e+01 2.081457e+01 2.073884e+01
2.087500e+01 2.026000e+01 2.081457e+01 2.073884e+01 2.088500e+01 2.026000e+01 2.081467e+01 2.073797e+01
2.088500e+01 2.026000e+01 2.081467e+01 2.073797e+01 2.089500e+01 2.026000e+01 2.081483e+01 2.073692e+01
2.089500e+01 2.026000e+01 2.081483e+01 2.073692e+01 2.090000e+01 2.026500e+01 2.081435e+01 2.074089e+01
2.070500e+01 2.027000e+01 2.081392e+01 2.073572e+01 2.070000e+01 2.027500e+01 2.081472e+01 2.073906e+01
2.070500e+01 2.027000e+01 2.081392e+01 2.073572e+01 2.071500e+01 2.027000e+01 2.081446e+01 2.073783e+01
2.071500e+01 2.027000e+01 2.081446e+01 2.073783e+01 2.072500e+01 2.027000e+01 2.081488e+01 2.073978e+01
2.072500e+01 2.027000e+01 2.081488e+01 2.073978e+01 2.073500e+01 2.027000e+01 2.081520e+01 2.074158e+01
2.074000e+01 2.026500e+01 2.081448e+01 2.073782e+01 2.073500e+01 2.027000e+01 2.081520e+01 2.074158e+01
2.090000e+01 2.026500e+01 2.081435e+01 2.074089e+01 2.090500e+01 2.027000e+01 2.081375e+01 2.074480e+01
2.090500e+01 2.027000e+01 2.081375e+01 2.074480e+01 2.091500e+01 2.027000e+01 2.081390e+01 2.074337e+01
2.091500e+01 2.027000e+01 2.081390e+01 2.074337e+01 2.092500e+01 2.027000e+01 2.081415e+01 2.074177e+01
2.092500e+01 2.027000e+01 2.081415e+01 2.074177e+01 2.093500e+01 2.027000e+01 2.081450e+01 2.074002e+01
2.093500e+01 2.027000e+01 2.081450e+01 2.074002e+01 2.094500e+01 2.027000e+01 2.081497e+01 2.073812e+01
2.094500e+01 2.027000e+01 2.081497e+01 2.073812e+01 2.095000e+01 2.027500e+01 2.081424e+01 2.074147e+01
2.067500e+01 2.028000e+01 2.081416e+01 2.073727e+01 2.067000e+01 2.028500e+01 2.081505e+01 2.074024e+01
2.067500e+01 2.028000e+01 2.081416e+01 2.073727e+01 2.068500e+01 2.028000e+01 2.081496e+01 2.073988e+01
2.068500e+01 2.028000e+01 2.081496e+01 2.073988e+01 2.069500e+01 2.028000e+01 2.081562e+01 2.074234e+01
2.070000e+01 2.027500e+01 2.081472e+01 2.073906e+01 2.069500e+01 2.028000e+01 2.081562e+01 2.074234e+01
2.095000e+01 2.027500e+01 2.081424e+01 2.074147e+01 2.095500e+01 2.028000e+01 2.081340e+01 2.074475e+01
2.095500e+01 2.028000e+01 2.081340e+01 2.074475e+01 2.096500e+01 2.028000e+01 2.081397e+01 2.074248e+01
2.096500e+01 2.028000e+01 2.081397e+01 2.074248e+01 2.097500e+01 2.028000e+01 2.081469e+01 2.074008e+01
2.097500e+01 2.028000e+01 2.081469e+01 2.074008e+01 2.098000e+01 2.028500e+01 2.081387e+01 2.074303e+01
2.064500e+01 2.029000e+01 2.081389e+01 2.073714e+01 2.064000e+01 2.029500e+01 2.081481e+01 2.073974e+01
2.064500e+01 2.029000e+01 2.081389e+01 2.073714e+01 2.065500e+01 2.029000e+01 2.081505e+01 2.074020e+01
2.065500e+01 2.029000e+01 2.081505e+01 2.074020e+01 2.066500e+01 2.029000e+01 2.081604e+01 2.074314e+01
2.067000e+01 2.028500e+01 2.081505e+01 2.074024e+01 2.066500e+01 2.029000e+01 2.081604e+01 2.074314e+01
2.098000e+01 2.028500e+01 2.081387e+01 2.074303e+01 2.098500e+01 2.029000e+01 2.081293e+01 2.074589e+01
2.098500e+01 2.029000e+01 2.081293e+01 2.074589e+01 2.099500e+01 2.029000e+01 2.081384e+01 2.074315e+01
2.099500e+01 2.029000e+01 2.081384e+01 2.074315e+01 2.100000e+01 2.029500e+01 2.081295e+01 2.074580e+01
2.062500e+01 2.030000e+01 2.081442e+01 2.073889e+01 2.062000e+01 2.030500e+01 2.081534e+01 2.074120e+01
2.062500e+01 2.030000e+01 2.081442e+01 2.073889e+01 2.063500e+01 2.030000e+01 2.081582e+01 2.074224e+01
2.064000e+01 2.029500e+01 2.081481e+01 2.073974e+01 2.063500e+01 2.030000e+01 2.081582e+01 2.074224e+01
2.100000e+01 2.029500e+01 2.081295e+01 2.074580e+01 2.100500e+01 2.030000e+01 2.081196e+01 2.074836e+01
2.100500e+01 2.030000e+01 2.081196e+01 2.074836e+01 2.101500e+01 2.030000e+01 2.081310e+01 2.074530e+01
2.101500e+01 2.030000e+01 2.081310e+01 2.074530e+01 2.102000e+01 2.030500e+01 2.081219e+01 2.074765e+01
2.060500e+01 2.031000e+01 2.081466e+01 2.073979e+01 2.060000e+01 2.031500e+01 2.081557e+01 2.074184e+01
2.060500e+01 2.031000e+01 2.081466e+01 2.073979e+01 2.061500e+01 2.031000e+01 2.081636e+01 2.074342e+01
2.062000e+01 2.030500e+01 2.081534e+01 2.074120e+01 2.061500e+01 2.031000e+01 2.081636e+01 2.074342e+01
2.102000e+01 2.030500e+01 2.081219e+01 2.074765e+01 2.102500e+01 2.031000e+01 2.081118e+01 2.074989e+01
2.102500e+01 2.031000e+01 2.081118e+01 2.074989e+01 2.103500e+01 2.031000e+01 2.081262e+01 2.074655e+01
2.103500e+01 2.031000e+01 2.081262e+01 2.074655e+01 2.104000e+01 2.031500e+01 2.081172e+01 2.074861e+01
2.059500e+01 2.032000e+01 2.081655e+01 2.074377e+01 2.059000e+01 2.032500e+01 2.081747e+01 2.074563e+01
2.060000e+01 2.031500e+01 2.081557e+01 2.074184e+01 2.059500e+01 2.032000e+01 2.081655e+01 2.074377e+01
2.104000e+01 2.031500e+01 2.081172e+01 2.074861e+01 2.104500e+01 2.032000e+01 2.081074e+01 2.075055e+01
2.104500e+01 2.032000e+01 2.081074e+01 2.075055e+01 2.105500e+01 2.032000e+01 2.081250e+01 2.074695e+01
2.105500e+01 2.032000e+01 2.081250e+01 2.074695e+01 2.106000e+01 2.032500e+01 2.081166e+01 2.074872e+01
2.057500e+01 2.033000e+01 2.081629e+01 2.074335e+01 2.057000e+01 2.033500e+01 2.081713e+01 2.074495e+01
2.057500e+01 2.033000e+01 2.081629e+01 2.074335e+01 2.058500e+01 2.033000e+01 2.081847e+01 2.074738e+01
2.059000e+01 2.032500e+01 2.081747e+01 2.074563e+01 2.058500e+01 2.033000e+01 2.081847e+01 2.074738e+01
2.106000e+01 2.032500e+01 2.081166e+01 2.074872e+01 2.106500e+01 2.033000e+01 2.081074e+01 2.075037e+01
2.106500e+01 2.033000e+01 2.081074e+01 2.075037e+01 2.107000e+01 2.033500e+01 2.080990e+01 2.075194e+01
2.056500e+01 2.034000e+01 2.081805e+01 2.074643e+01 2.056000e+01 2.034500e+01 2.081887e+01 2.074784e+01
2.057000e+01 2.033500e+01 2.081713e+01 2.074495e+01 2.056500e+01 2.034000e+01 2.081805e+01 2.074643e+01
2.107000e+01 2.033500e+01 2.080990e+01 2.075194e+01 2.107500e+01 2.034000e+01 2.080899e+01 2.075339e+01
2.107500e+01 2.034000e+01 2.080899e+01 2.075339e+01 2.108500e+01 2.034000e+01 2.081130e+01 2.074944e+01
2.108500e+01 2.034000e+01 2.081130e+01 2.074944e+01 2.109000e+01 2.034500e+01 2.081058e+01 2.075075e+01
2.054500e+01 2.035000e+01 2.081700e+01 2.074480e+01 2.054000e+01 2.035500e+01 2.081770e+01 2.074597e+01
2.054500e+01 2.035000e+01 2.081700e+01 2.074480e+01 2.055500e+01 2.035000e+01 2.081976e+01 2.074913e+01
2.056000e+01 2.034500e+01 2.081887e+01 2.074784e+01 2.055500e+01 2.035000e+01 2.081976e+01 2.074913e+01
2.109000e+01 2.034500e+01 2.081058e+01 2.075075e+01 2.109500e+01 2.035000e+01 2.080980e+01 2.075193e+01
2.109500e+01 2.035000e+01 2.080980e+01 2.075193e+01 2.110000e+01 2.035500e+01 2.080912e+01 2.075305e+01
2.053500e+01 2.036000e+01 2.081844e+01 2.074702e+01 2.053000e+01 2.036500e+01 2.081908e+01 2.074802e+01
2.054000e+01 2.035500e+01 2.081770e+01 2.074597e+01 2.053500e+01 2.036000e+01 2.081844e+01 2.074702e+01
2.110000e+01 2.035500e+01 2.080912e+01 2.075305e+01 2.110500e+01 2.036000e+01 2.080839e+01 2.075404e+01
2.110500e+01 2.036000e+01 2.080839e+01 2.075404e+01 2.111000e+01 2.036500e+01 2.080777e+01 2.075498e+01
2.052500e+01 2.037000e+01 2.081977e+01 2.074890e+01 2.052000e+01 2.037500e+01 2.082034e+01 2.074973e+01
2.053000e+01 2.036500e+01 2.081908e+01 2.074802e+01 2.052500e+01 2.037000e+01 2.081977e+01 2.074890e+01
2.111000e+01 2.036500e+01 2.080777e+01 2.075498e+01 2.111500e+01 2.037000e+01 2.080710e+01 2.075578e+01
2.111500e+01 2.037000e+01 2.080710e+01 2.075578e+01 2.112000e+01 2.037500e+01 2.080655e+01 2.075654e+01
2.051500e+01 2.038000e+01 2.082095e+01 2.075044e+01 2.051000e+01 2.038500e+01 2.082145e+01 2.075111e+01
2.052000e+01 2.037500e+01 2.082034e+01 2.074973e+01 2.051500e+01 2.038000e+01 2.082095e+01 2.075044e+01
2.112000e+01 2.037500e+01 2.080655e+01 2.075654e+01 2.112500e+01 2.038000e+01 2.080596e+01 2.075717e+01
2.112500e+01 2.038000e+01 2.080596e+01 2.075717e+01 2.113000e+01 2.038500e+01 2.080550e+01 2.075776e+01
2.050500e+01 2.039000e+01 2.082198e+01 2.075165e+01 2.050000e+01 2.039500e+01 2.082238e+01 2.075217e+01
2.051000e+01 2.038500e+01 2.082145e+01 2.075111e+01 2.050500e+01 2.039000e+01 2.082198e+01 2.075165e+01
2.113000e+01 2.038500e+01 2.080550e+01 2.075776e+01 2.113500e+01 2.039000e+01 2.080502e+01 2.075821e+01
2.113500e+01 2.039000e+01 2.080502e+01 2.075821e+01 2.114000e+01 2.039500e+01 2.080466e+01 2.075864e+01
2.049500e+01 2.040000e+01 2.082280e+01 2.075255e+01 2.049000e+01 2.040500e+01 2.082310e+01 2.075292e+01
2.050000e+01 2.039500e+01 2.082238e+01 2.075217e+01 2.049500e+01 2.040000e+01 2.082280e+01 2.075255e+01
2.114000e+01 2.039500e+01 2.080466e+01 2.075864e+01 2.114500e+01 2.040000e+01 2.080428e+01 2.075893e+01
2.114500e+01 2.040000e+01 2.080428e+01 2.075893e+01 2.115000e+01 2.040500e+01 2.080404e+01 2.075921e+01
2.048500e+01 2.041000e+01 2.082342e+01 2.075316e+01 2.048000e+01 2.041500e+01 2.082360e+01 2.075338e+01
2.049000e+01 2.040500e+01 2.082310e+01 2.075292e+01 2.048500e+01 2.041000e+01 2.082342e+01 2.075316e+01
2.115000e+01 2.040500e+01 2.080404e+01 2.075921e+01 2.115500e+01 2.041000e+01 2.080379e+01 2.075935e+01
2.115500e+01 2.041000e+01 2.080379e+01 2.075935e+01 2.116000e+01 2.041500e+01 2.080368e+01 2.075949e+01
2.047500e+01 2.042000e+01 2.082379e+01 2.075348e+01 2.047000e+01 2.042500e+01 2.082384e+01 2.075358e+01
2.048000e+01 2.041500e+01 2.082360e+01 2.075338e+01 2.047500e+01 2.042000e+01 2.082379e+01 2.075348e+01
2.116000e+01 2.041500e+01 2.080368e+01 2.075949e+01 2.116500e+01 2.042000e+01 2.080357e+01 2.075949e+01
2.116500e+01 2.042000e+01 2.080357e+01 2.075949e+01 2.117000e+01 2.042500e+01 2.080361e+01 2.075950e+01
2.046500e+01 2.043000e+01 2.082389e+01 2.075355e+01 2.046000e+01 2.043500e+01 2.082381e+01 2.075353e+01
2.047000e+01 2.042500e+01 2.082384e+01 2.075358e+01 2.046500e+01 2.043000e+01 2.082389e+01 2.075355e+01
2.117000e+01 2.042500e+01 2.080361e+01 2.075950e+01 2.117500e+01 2.043000e+01 2.080365e+01 2.075938e+01
2.117500e+01 2.043000e+01 2.080365e+01 2.075938e+01 2.118000e+01 2.043500e+01 2.080384e+01 2.075927e+01
2.045500e+01 2.044000e+01 2.082372e+01 2.075339e+01 2.045000e+01 2.044500e+01 2.082349e+01 2.075326e+01
2.046000e+01 2.043500e+01 2.082381e+01 2.075353e+01 2.045500e+01 2.044000e+01 2.082372e+01 2.075339e+01
2.118000e+01 2.043500e+01 2.080384e+01 2.075927e+01 2.118500e+01 2.044000e+01 2.080404e+01 2.075904e+01
2.118500e+01 2.044000e+01 2.080404e+01 2.075904e+01 2.119000e+01 2.044500e+01 2.080439e+01 2.075884e+01
2.044500e+01 2.045000e+01 2.082324e+01 2.075301e+01 2.044000e+01 2.045500e+01 2.082285e+01 2.075279e+01
2.045000e+01 2.044500e+01 2.082349e+01 2.075326e+01 2.044500e+01 2.045000e+01 2.082324e+01 2.075301e+01
2.119000e+01 2.044500e+01 2.080439e+01 2.075884e+01 2.119000e+01 2.045500e+01 2.080001e+01 2.076257e+01
2.044000e+01 2.045500e+01 2.082285e+01 2.075279e+01 2.044000e+01 2.046500e+01 2.082753e+01 2.075679e+01
2.119000e+01 2.045500e+01 2.080001e+01 2.076257e+01 2.119500e+01 2.046000e+01 2.080042e+01 2.076212e+01
2.119500e+01 2.046000e+01 2.080042e+01 2.076212e+01 2.120000e+01 2.046500e+01 2.080099e+01 2.076171e+01
2.043500e+01 2.047000e+01 2.082708e+01 2.075633e+01 2.043000e+01 2.047500e+01 2.082649e+01 2.075592e+01
2.044000e+01 2.046500e+01 2.082753e+01 2.075679e+01 2.043500e+01 2.047000e+01 2.082708e+01 2.075633e+01
2.120000e+01 2.046500e+01 2.080099e+01 2.076171e+01 2.120500e+01 2.047000e+01 2.080159e+01 2.076118e+01
2.120500e+01 2.047000e+01 2.080159e+01 2.076118e+01 2.121000e+01 2.047500e+01 2.080234e+01 2.076071e+01
2.042500e+01 2.048000e+01 2.082586e+01 2.075539e+01 2.042000e+01 2.048500e+01 2.082510e+01 2.075491e+01
2.043000e+01 2.047500e+01 2.082649e+01 2.075592e+01 2.042500e+01 2.048000e+01 2.082586e+01 2.075539e+01
2.121000e+01 2.047500e+01 2.080234e+01 2.076071e+01 2.121000e+01 2.048500e+01 2.079813e+01 2.076376e+01
2.042000e+01 2.048500e+01 2.082510e+01 2.075491e+01 2.042000e+01 2.049500e+01 2.082961e+01 2.075825e+01
2.121000e+01 2.048500e+01 2.079813e+01 2.076376e+01 2.121500e+01 2.049000e+01 2.079899e+01 2.076307e+01
2.121500e+01 2.049000e+01 2.079899e+01 2.076307e+01 2.122000e+01 2.049500e+01 2.080000e+01 2.076245e+01
2.041500e+01 2.050000e+01 2.082874e+01 2.075756e+01 2.041000e+01 2.050500e+01 2.082774e+01 2.075693e+01
2.042000e+01 2.049500e+01 2.082961e+01 2.075825e+01 2.041500e+01 2.050000e+01 2.082874e+01 2.075756e+01
2.122000e+01 2.049500e+01 2.080000e+01 2.076245e+01 2.122000e+01 2.050500e+01 2.079593e+01 2.076507e+01
2.041000e+01 2.050500e+01 2.082774e+01 2.075693e+01 2.041000e+01 2.051500e+01 2.083211e+01 2.075985e+01
2.122000e+01 2.050500e+01 2.079593e+01 2.076507e+01 2.122500e+01 2.051000e+01 2.079708e+01 2.076426e+01
2.122500e+01 2.051000e+01 2.079708e+01 2.076426e+01 2.123000e+01 2.051500e+01 2.079837e+01 2.076352e+01
2.040500e+01 2.052000e+01 2.083098e+01 2.075904e+01 2.040000e+01 2.052500e+01 2.082972e+01 2.075829e+01
2.041000e+01 2.051500e+01 2.083211e+01 2.075985e+01 2.040500e+01 2.052000e+01 2.083098e+01 2.075904e+01
2.123000e+01 2.051500e+01 2.079837e+01 2.076352e+01 2.123000e+01 2.052500e+01 2.079450e+01 2.076575e+01
2.040000e+01 2.052500e+01 2.082972e+01 2.075829e+01 2.040000e+01 2.053500e+01 2.083390e+01 2.076082e+01
2.123000e+01 2.052500e+01 2.079450e+01 2.076575e+01 2.123500e+01 2.053000e+01 2.079595e+01 2.076485e+01
2.123500e+01 2.053000e+01 2.079595e+01 2.076485e+01 2.124000e+01 2.053500e+01 2.079753e+01 2.076404e+01
2.039500e+01 2.054000e+01 2.083249e+01 2.075991e+01 2.039000e+01 2.054500e+01 2.083096e+01 2.075908e+01
2.040000e+01 2.053500e+01 2.083390e+01 2.076082e+01 2.039500e+01 2.054000e+01 2.083249e+01 2.075991e+01
2.124000e+01 2.053500e+01 2.079753e+01 2.076404e+01 2.124000e+01 2.054500e+01 2.079390e+01 2.076590e+01
2.039000e+01 2.054500e+01 2.083096e+01 2.075908e+01 2.039000e+01 2.055500e+01 2.083492e+01 2.076124e+01
2.124000e+01 2.054500e+01 2.079390e+01 2.076590e+01 2.124500e+01 2.055000e+01 2.079567e+01 2.076495e+01
2.124500e+01 2.055000e+01 2.079567e+01 2.076495e+01 2.125000e+01 2.055500e+01 2.079756e+01 2.076411e+01
2.038500e+01 2.056000e+01 2.083321e+01 2.076027e+01 2.038000e+01 2.056500e+01 2.083138e+01 2.075940e+01
2.039000e+01 2.055500e+01 2.083492e+01 2.076124e+01 2.038500e+01 2.056000e+01 2.083321e+01 2.076027e+01
2.125000e+01 2.055500e+01 2.079756e+01 2.076411e+01 2.125000e+01 2.056500e+01 2.079422e+01 2.076565e+01
2.038000e+01 2.056500e+01 2.083138e+01 2.075940e+01 2.038000e+01 2.057500e+01 2.083508e+01 2.076122e+01
2.125000e+01 2.056500e+01 2.079422e+01 2.076565e+01 2.125000e+01 2.057500e+01 2.079096e+01 2.076700e+01
2.037500e+01 2.058000e+01 2.083306e+01 2.076024e+01 2.037000e+01 2.058500e+01 2.083095e+01 2.075935e+01
2.038000e+01 2.057500e+01 2.083508e+01 2.076122e+01 2.037500e+01 2.058000e+01 2.083306e+01 2.076024e+01
2.125000e+01 2.057500e+01 2.079096e+01 2.076700e+01 2.125500e+01 2.058000e+01 2.079317e+01 2.076601e+01
2.125500e+01 2.058000e+01 2.079317e+01 2.076601e+01 2.126000e+01 2.058500e+01 2.079549e+01 2.076513e+01
2.037000e+01 2.058500e+01 2.083095e+01 2.075935e+01 2.037000e+01 2.059500e+01 2.083435e+01 2.076089e+01
2.126000e+01 2.058500e+01 2.079549e+01 2.076513e+01 2.126000e+01 2.059500e+01 2.079257e+01 2.076623e+01
2.037000e+01 2.059500e+01 2.083435e+01 2.076089e+01 2.037000e+01 2.060500e+01 2.083763e+01 2.076224e+01
2.126000e+01 2.059500e+01 2.079257e+01 2.076623e+01 2.126000e+01 2.060500e+01 2.078978e+01 2.076716e+01
2.036500e+01 2.061000e+01 2.083520e+01 2.076124e+01 2.036000e+01 2.061500e+01 2.083268e+01 2.076035e+01
2.037000e+01 2.060500e+01 2.083763e+01 2.076224e+01 2.036500e+01 2.061000e+01 2.083520e+01 2.076124e+01
2.126000e+01 2.060500e+01 2.078978e+01 2.076716e+01 2.126500e+01 2.061000e+01 2.079245e+01 2.076621e+01
2.126500e+01 2.061000e+01 2.079245e+01 2.076621e+01 2.127000e+01 2.061500e+01 2.079521e+01 2.076538e+01
2.036000e+01 2.061500e+01 2.083268e+01 2.076035e+01 2.036000e+01 2.062500e+01 2.083563e+01 2.076148e+01
2.127000e+01 2.061500e+01 2.079521e+01 2.076538e+01 2.127000e+01 2.062500e+01 2.079279e+01 2.076612e+01
2.036000e+01 2.062500e+01 2.083563e+01 2.076148e+01 2.036000e+01 2.063500e+01 2.083844e+01 2.076244e+01
2.127000e+01 2.062500e+01 2.079279e+01 2.076612e+01 2.127000e+01 2.063500e+01 2.079051e+01 2.076673e+01
2.036000e+01 2.063500e+01 2.083844e+01 2.076244e+01 2.036000e+01 2.064500e+01 2.084112e+01 2.076325e+01
2.127000e+01 2.063500e+01 2.079051e+01 2.076673e+01 2.127000e+01 2.064500e+01 2.078840e+01 2.076720e+01
2.035500e+01 2.065000e+01 2.083814e+01 2.076231e+01 2.035000e+01 2.065500e+01 2.083510e+01 2.076150e+01
2.036000e+01 2.064500e+01 2.084112e+01 2.076325e+01 2.035500e+01 2.065000e+01 2.083814e+01 2.076231e+01
2.078500e+01 2.065000e+01 2.089080e+01 2.101837e+01 2.078000e+01 2.065500e+01 2.090405e+01 2.101475e+01
2.078500e+01 2.065000e+01 2.089080e+01 2.101837e+01 2.079500e+01 2.065000e+01 2.086884e+01 2.102288e+01
2.079500e+01 2.065000e+01 2.086884e+01 2.102288e+01 2.080500e+01 2.065000e+01 2.084574e+01 2.102562e+01
2.080500e+01 2.065000e+01 2.084574e+01 2.102562e+01 2.081500e+01 2.065000e+01 2.082196e+01 2.102642e+01
2.081500e+01 2.065000e+01 2.082196e+01 2.102642e+01 2.082500e+01 2.065000e+01 2.079803e+01 2.102522e+01
2.082500e+01 2.065000e+01 2.079803e+01 2.102522e+01 2.083500e+01 2.065000e+01 2.077449e+01 2.102206e+01
2.083500e+01 2.065000e+01 2.077449e+01 2.102206e+01 2.084500e+01 2.065000e+01 2.075184e+01 2.101708e+01
2.084500e+01 2.065000e+01 2.075184e+01 2.101708e+01 2.085500e+01 2.065000e+01 2.073051e+01 2.101049e+01
2.085500e+01 2.065000e+01 2.073051e+01 2.101049e+01 2.086000e+01 2.065500e+01 2.071673e+01 2.100534e+01
2.127000e+01 2.064500e+01 2.078840e+01 2.076720e+01 2.127500e+01 2.065000e+01 2.079165e+01 2.076639e+01
2.127500e+01 2.065000e+01 2.079165e+01 2.076639e+01 2.128000e+01 2.065500e+01 2.079497e+01 2.076571e+01
2.035000e+01 2.065500e+01 2.083510e+01 2.076150e+01 2.035000e+01 2.066500e+01 2.083739e+01 2.076217e+01
2.076500e+01 2.066000e+01 2.093813e+01 2.100206e+01 2.076000e+01 2.066500e+01 2.095139e+01 2.099554e+01
2.076500e+01 2.066000e+01 2.093813e+01 2.100206e+01 2.077500e+01 2.066000e+01 2.091830e+01 2.101001e+01
2.078000e+01 2.065500e+01 2.090405e+01 2.101475e+01 2.077500e+01 2.066000e+01 2.091830e+01 2.101001e+01
2.086000e+01 2.065500e+01 2.071673e+01 2.100534e+01 2.086500e+01 2.066000e+01 2.070198e+01 2.099887e+01
2.086500e+01 2.066000e+01 2.070198e+01 2.099887e+01 2.087500e+01 2.066000e+01 2.068334e+01 2.098918e+01
2.087500e+01 2.066000e+01 2.068334e+01 2.098918e+01 2.088000e+01 2.066500e+01 2.066999e+01 2.098112e+01
2.128000e+01 2.065500e+01 2.079497e+01 2.076571e+01 2.128000e+01 2.066500e+01 2.079326e+01 2.076610e+01
2.035000e+01 2.066500e+01 2.083739e+01 2.076217e+01 2.035000e+01 2.067500e+01 2.083952e+01 2.076272e+01
2.074500e+01 2.067000e+01 2.098116e+01 2.097747e+01 2.074000e+01 2.067500e+01 2.099305e+01 2.096861e+01
2.074500e+01 2.067000e+01 2.098116e+01 2.097747e+01 2.075500e+01 2.067000e+01 2.096536e+01 2.098767e+01
2.076000e+01 2.066500e+01 2.095139e+01 2.099554e+01 2.075500e+01 2.067000e+01 2.096536e+01 2.098767e+01
2.088000e+01 2.066500e+01 2.066999e+01 2.098112e+01 2.088500e+01 2.067000e+01 2.065609e+01 2.097162e+01
2.088500e+01 2.067000e+01 2.065609e+01 2.097162e+01 2.089000e+01 2.067500e+01 2.064334e+01 2.096170e+01
2.128000e+01 2.066500e+01 2.079326e+01 2.076610e+01 2.128000e+01 2.067500e+01 2.079172e+01 2.076640e+01
2.035000e+01 2.067500e+01 2.083952e+01 2.076272e+01 2.035000e+01 2.068500e+01 2.084148e+01 2.076314e+01
2.073500e+01 2.068000e+01 2.100520e+01 2.095841e+01 2.073000e+01 2.068500e+01 2.101604e+01 2.094812e+01
2.074000e+01 2.067500e+01 2.099305e+01 2.096861e+01 2.073500e+01 2.068000e+01 2.100520e+01 2.095841e+01
2.089000e+01 2.067500e+01 2.064334e+01 2.096170e+01 2.089500e+01 2.068000e+01 2.063037e+01 2.095034e+01
2.089500e+01 2.068000e+01 2.063037e+01 2.095034e+01 2.090000e+01 2.068500e+01 2.061882e+01 2.093894e+01
2.128000e+01 2.067500e+01 2.079172e+01 2.076640e+01 2.128000e+01 2.068500e+01 2.079036e+01 2.076660e+01
2.035000e+01 2.068500e+01 2.084148e+01 2.076314e+01 2.035000e+01 2.069500e+01 2.084327e+01 2.076346e+01
2.072500e+01 2.069000e+01 2.102681e+01 2.093658e+01 2.072000e+01 2.069500e+01 2.103620e+01 2.092526e+01
2.073000e+01 2.068500e+01 2.101604e+01 2.094812e+01 2.072500e+01 2.069000e+01 2.102681e+01 2.093658e+01
2.090000e+01 2.068500e+01 2.061882e+01 2.093894e+01 2.090500e+01 2.069000e+01 2.060740e+01 2.092624e+01
2.090500e+01 2.069000e+01 2.060740e+01 2.092624e+01 2.091000e+01 2.069500e+01 2.059751e+01 2.091386e+01
2.128000e+01 2.068500e+01 2.079036e+01 2.076660e+01 2.128000e+01 2.069500e+01 2.078918e+01 2.076673e+01
2.035000e+01 2.069500e+01 2.084327e+01 2.076346e+01 2.035000e+01 2.070500e+01 2.084487e+01 2.076367e+01
2.071500e+01 2.070000e+01 2.104521e+01 2.091290e+01 2.071000e+01 2.070500e+01 2.105285e+01 2.090104e+01
2.072000e+01 2.069500e+01 2.103620e+01 2.092526e+01 2.071500e+01 2.070000e+01 2.104521e+01 2.091290e+01
2.091000e+01 2.069500e+01 2.059751e+01 2.091386e+01 2.091500e+01 2.070000e+01 2.058811e+01 2.090047e+01
2.091500e+01 2.070000e+01 2.058811e+01 2.090047e+01 2.092000e+01 2.070500e+01 2.058018e+01 2.088770e+01
2.128000e+01 2.069500e+01 2.078918e+01 2.076673e+01 2.128000e+01 2.070500e+01 2.078819e+01 2.076678e+01
2.034500e+01 2.071000e+01 2.084114e+01 2.076303e+01 2.034000e+01 2.071500e+01 2.083737e+01 2.076249e+01
2.035000e+01 2.070500e+01 2.084487e+01 2.076367e+01 2.034500e+01 2.071000e+01 2.084114e+01 2.076303e+01
2.071000e+01 2.070500e+01 2.105285e+01 2.090104e+01 2.071000e+01 2.071500e+01 2.106196e+01 2.088486e+01
2.092000e+01 2.070500e+01 2.058018e+01 2.088770e+01 2.092000e+01 2.071500e+01 2.057086e+01 2.087011e+01
2.128000e+01 2.070500e+01 2.078819e+01 2.076678e+01 2.128000e+01 2.071500e+01 2.078739e+01 2.076678e+01
2.034000e+01 2.071500e+01 2.083737e+01 2.076249e+01 2.034000e+01 2.072500e+01 2.083856e+01 2.076273e+01
2.070500e+01 2.072000e+01 2.106820e+01 2.087163e+01 2.070000e+01 2.072500e+01 2.107323e+01 2.085924e+01
2.071000e+01 2.071500e+01 2.106196e+01 2.088486e+01 2.070500e+01 2.072000e+01 2.106820e+01 2.087163e+01
2.092000e+01 2.071500e+01 2.057086e+01 2.087011e+01 2.092500e+01 2.072000e+01 2.056460e+01 2.085621e+01
2.092500e+01 2.072000e+01 2.056460e+01 2.085621e+01 2.093000e+01 2.072500e+01 2.055963e+01 2.084329e+01
2.128000e+01 2.071500e+01 2.078739e+01 2.076678e+01 2.128000e+01 2.072500e+01 2.078678e+01 2.076673e+01
2.034000e+01 2.072500e+01 2.083856e+01 2.076273e+01 2.034000e+01 2.073500e+01 2.083958e+01 2.076290e+01
2.070000e+01 2.072500e+01 2.107323e+01 2.085924e+01 2.070000e+01 2.073500e+01 2.107957e+01 2.084028e+01
2.093000e+01 2.072500e+01 2.055963e+01 2.084329e+01 2.093000e+01 2.073500e+01 2.055344e+01 2.082349e+01
2.128000e+01 2.072500e+01 2.078678e+01 2.076673e+01 2.128500e+01 2.073000e+01 2.079106e+01 2.076649e+01
2.128500e+01 2.073000e+01 2.079106e+01 2.076649e+01 2.129000e+01 2.073500e+01 2.079538e+01 2.076635e+01
2.034000e+01 2.073500e+01 2.083958e+01 2.076290e+01 2.034000e+01 2.074500e+01 2.084040e+01 2.076301e+01
2.070000e+01 2.073500e+01 2.107957e+01 2.084028e+01 2.070000e+01 2.074500e+01 2.108444e+01 2.081983e+01
2.093000e+01 2.073500e+01 2.055344e+01 2.082349e+01 2.093000e+01 2.074500e+01 2.054881e+01 2.080255e+01
2.129000e+01 2.073500e+01 2.079538e+01 2.076635e+01 2.129000e+01 2.074500e+01 2.079519e+01 2.076644e+01
2.034000e+01 2.074500e+01 2.084040e+01 2.076301e+01 2.034000e+01 2.075500e+01 2.084103e+01 2.076309e+01
2.070000e+01 2.074500e+01 2.108444e+01 2.081983e+01 2.070000e+01 2.075500e+01 2.108762e+01 2.079823e+01
2.093000e+01 2.074500e+01 2.054881e+01 2.080255e+01 2.093000e+01 2.075500e+01 2.054592e+01 2.078086e+01
2.129000e+01 2.074500e+01 2.079519e+01 2.076644e+01 2.129000e+01 2.075500e+01 2.079519e+01 2.076653e+01
2.034000e+01 2.075500e+01 2.084103e+01 2.076309e+01 2.034000e+01 2.076500e+01 2.084146e+01 2.076314e+01
2.069500e+01 2.076000e+01 2.108871e+01 2.078640e+01 2.069000e+01 2.076500e+01 2.108907e+01 2.077553e+01
2.070000e+01 2.075500e+01 2.108762e+01 2.079823e+01 2.069500e+01 2.076000e+01 2.108871e+01 2.078640e+01
2.093000e+01 2.075500e+01 2.054592e+01 2.078086e+01 2.093000e+01 2.076500e+01 2.054489e+01 2.075885e+01
2.129000e+01 2.075500e+01 2.079519e+01 2.076653e+01 2.129000e+01 2.076500e+01 2.079539e+01 2.076662e+01
2.034000e+01 2.076500e+01 2.084146e+01 2.076314e+01 2.034000e+01 2.077500e+01 2.084170e+01 2.076316e+01
2.069000e+01 2.076500e+01 2.108907e+01 2.077553e+01 2.069000e+01 2.077500e+01 2.108855e+01 2.075476e+01
2.093000e+01 2.076500e+01 2.054489e+01 2.075885e+01 2.093000e+01 2.077500e+01 2.054575e+01 2.073700e+01
2.129000e+01 2.076500e+01 2.079539e+01 2.076662e+01 2.129000e+01 2.077500e+01 2.079578e+01 2.076672e+01
2.034000e+01 2.077500e+01 2.084170e+01 2.076316e+01 2.034000e+01 2.078500e+01 2.084174e+01 2.076319e+01
2.069000e+01 2.077500e+01 2.108855e+01 2.075476e+01 2.069000e+01 2.078500e+01 2.108628e+01 2.073417e+01
2.093000e+01 2.077500e+01 2.054575e+01 2.073700e+01 2.093000e+01 2.078500e+01 2.054845e+01 2.071576e+01
2.129000e+01 2.077500e+01 2.079578e+01 2.076672e+01 2.129000e+01 2.078500e+01 2.079636e+01 2.076685e+01
2.034000e+01 2.078500e+01 2.084174e+01 2.076319e+01 2.034000e+01 2.079500e+01 2.084159e+01 2.076321e+01
2.069000e+01 2.078500e+01 2.108628e+01 2.073417e+01 2.069500e+01 2.079000e+01 2.108427e+01 2.072220e+01
2.069500e+01 2.079000e+01 2.108427e+01 2.072220e+01 2.070000e+01 2.079500e+01 2.108130e+01 2.070916e+01
2.093000e+01 2.078500e+01 2.054845e+01 2.071576e+01 2.093000e+01 2.079500e+01 2.055283e+01 2.069554e+01
2.128500e+01 2.079000e+01 2.079223e+01 2.076655e+01 2.128000e+01 2.079500e+01 2.078813e+01 2.076614e+01
2.129000e+01 2.078500e+01 2.079636e+01 2.076685e+01 2.128500e+01 2.079000e+01 2.079223e+01 2.076655e+01
2.034000e+01 2.079500e+01 2.084159e+01 2.076321e+01 2.034000e+01 2.080500e+01 2.084125e+01 2.076326e+01
2.070000e+01 2.079500e+01 2.108130e+01 2.070916e+01 2.070000e+01 2.080500e+01 2.107523e+01 2.068859e+01
2.092500e+01 2.080000e+01 2.055641e+01 2.068318e+01 2.092000e+01 2.080500e+01 2.056110e+01 2.066984e+01
2.093000e+01 2.079500e+01 2.055283e+01 2.069554e+01 2.092500e+01 2.080000e+01 2.055641e+01 2.068318e+01
2.128000e+01 2.079500e+01 2.078813e+01 2.076614e+01 2.128000e+01 2.080500e+01 2.078911e+01 2.076617e+01
2.034000e+01 2.080500e+01 2.084125e+01 2.076326e+01 2.034000e+01 2.081500e+01 2.084071e+01 2.076333e+01
2.070000e+01 2.080500e+01 2.107523e+01 2.068859e+01 2.070000e+01 2.081500e+01 2.106777e+01 2.066949e+01
2.092000e+01 2.080500e+01 2.056110e+01 2.066984e+01 2.092000e+01 2.081500e+01 2.056882e+01 2.065141e+01
2.128000e+01 2.080500e+01 2.078911e+01 2.076617e+01 2.128000e+01 2.081500e+01 2.079029e+01 2.076626e+01
2.034000e+01 2.081500e+01 2.084071e+01 2.076333e+01 2.034000e+01 2.082500e+01 2.083998e+01 2.076345e+01
2.070000e+01 2.081500e+01 2.106777e+01 2.066949e+01 2.070500e+01 2.082000e+01 2.106170e+01 2.065652e+01
2.070500e+01 2.082000e+01 2.106170e+01 2.065652e+01 2.071000e+01 2.082500e+01 2.105425e+01 2.064268e+01
2.091500e+01 2.082000e+01 2.057527e+01 2.063886e+01 2.091000e+01 2.082500e+01 2.058309e+01 2.062558e+01
2.092000e+01 2.081500e+01 2.056882e+01 2.065141e+01 2.091500e+01 2.082000e+01 2.057527e+01 2.063886e+01
2.128000e+01 2.081500e+01 2.079029e+01 2.076626e+01 2.128000e+01 2.082500e+01 2.079166e+01 2.076642e+01
2.034000e+01 2.082500e+01 2.083998e+01 2.076345e+01 2.034000e+01 2.083500e+01 2.083906e+01 2.076362e+01
2.071000e+01 2.082500e+01 2.105425e+01 2.064268e+01 2.071000e+01 2.083500e+01 2.104410e+01 2.062649e+01
2.091000e+01 2.082500e+01 2.058309e+01 2.062558e+01 2.091000e+01 2.083500e+01 2.059310e+01 2.061073e+01
2.128000e+01 2.082500e+01 2.079166e+01 2.076642e+01 2.128000e+01 2.083500e+01 2.079321e+01 2.076668e+01
2.034000e+01 2.083500e+01 2.083906e+01 2.076362e+01 2.034500e+01 2.084000e+01 2.084293e+01 2.076319e+01
2.034500e+01 2.084000e+01 2.084293e+01 2.076319e+01 2.035000e+01 2.084500e+01 2.084675e+01 2.076263e+01
2.071000e+01 2.083500e+01 2.104410e+01 2.062649e+01 2.071500e+01 2.084000e+01 2.103529e+01 2.061419e+01
2.071500e+01 2.084000e+01 2.103529e+01 2.061419e+01 2.072000e+01 2.084500e+01 2.102501e+01 2.060144e+01
2.090500e+01 2.084000e+01 2.060199e+01 2.059928e+01 2.090000e+01 2.084500e+01 2.061226e+01 2.058753e+01
2.091000e+01 2.083500e+01 2.059310e+01 2.061073e+01 2.090500e+01 2.084000e+01 2.060199e+01 2.059928e+01
2.128000e+01 2.083500e+01 2.079321e+01 2.076668e+01 2.128000e+01 2.084500e+01 2.079494e+01 2.076702e+01
2.035000e+01 2.084500e+01 2.084675e+01 2.076263e+01 2.035000e+01 2.085500e+01 2.084541e+01 2.076276e+01
2.072000e+01 2.084500e+01 2.102501e+01 2.060144e+01 2.072500e+01 2.085000e+01 2.101444e+01 2.058984e+01
2.072500e+01 2.085000e+01 2.101444e+01 2.058984e+01 2.073000e+01 2.085500e+01 2.100243e+01 2.057813e+01
2.089500e+01 2.085000e+01 2.062268e+01 2.057697e+01 2.089000e+01 2.085500e+01 2.063444e+01 2.056642e+01
2.090000e+01 2.084500e+01 2.061226e+01 2.058753e+01 2.089500e+01 2.085000e+01 2.062268e+01 2.057697e+01
2.128000e+01 2.084500e+01 2.079494e+01 2.076702e+01 2.128000e+01 2.085500e+01 2.079684e+01 2.076748e+01
2.035000e+01 2.085500e+01 2.084541e+01 2.076276e+01 2.035000e+01 2.086500e+01 2.084389e+01 2.076298e+01
2.073000e+01 2.085500e+01 2.100243e+01 2.057813e+01 2.073500e+01 2.086000e+01 2.099049e+01 2.056776e+01
2.073500e+01 2.086000e+01 2.099049e+01 2.056776e+01 2.074000e+01 2.086500e+01 2.097729e+01 2.055762e+01
2.087500e+01 2.086000e+01 2.066109e+01 2.054674e+01 2.087000e+01 2.086500e+01 2.067491e+01 2.053834e+01
2.087500e+01 2.086000e+01 2.066109e+01 2.054674e+01 2.088500e+01 2.086000e+01 2.064603e+01 2.055718e+01
2.089000e+01 2.085500e+01 2.063444e+01 2.056642e+01 2.088500e+01 2.086000e+01 2.064603e+01 2.055718e+01
2.128000e+01 2.085500e+01 2.079684e+01 2.076748e+01 2.128000e+01 2.086500e+01 2.079891e+01 2.076805e+01
2.035000e+01 2.086500e+01 2.084389e+01 2.076298e+01 2.035000e+01 2.087500e+01 2.084220e+01 2.076330e+01
2.074000e+01 2.086500e+01 2.097729e+01 2.055762e+01 2.074500e+01 2.087000e+01 2.096449e+01 2.054889e+01
2.074500e+01 2.087000e+01 2.096449e+01 2.054889e+01 2.075500e+01 2.087000e+01 2.094727e+01 2.053854e+01
2.075500e+01 2.087000e+01 2.094727e+01 2.053854e+01 2.076000e+01 2.087500e+01 2.093271e+01 2.053112e+01
2.085500e+01 2.087000e+01 2.070745e+01 2.052286e+01 2.085000e+01 2.087500e+01 2.072184e+01 2.051752e+01
2.085500e+01 2.087000e+01 2.070745e+01 2.052286e+01 2.086500e+01 2.087000e+01 2.068808e+01 2.053131e+01
2.087000e+01 2.086500e+01 2.067491e+01 2.053834e+01 2.086500e+01 2.087000e+01 2.068808e+01 2.053131e+01
2.127500e+01 2.087000e+01 2.079571e+01 2.076728e+01 2.127000e+01 2.087500e+01 2.079257e+01 2.076640e+01
2.128000e+01 2.086500e+01 2.079891e+01 2.076805e+01 2.127500e+01 2.087000e+01 2.079571e+01 2.076728e+01
2.035000e+01 2.087500e+01 2.084220e+01 2.076330e+01 2.035000e+01 2.088500e+01 2.084034e+01 2.076373e+01
2.076000e+01 2.087500e+01 2.093271e+01 2.053112e+01 2.076500e+01 2.088000e+01 2.091900e+01 2.052507e+01
2.076500e+01 2.088000e+01 2.091900e+01 2.052507e+01 2.077500e+01 2.088000e+01 2.089849e+01 2.051738e+01
2.077500e+01 2.088000e+01 2.089849e+01 2.051738e+01 2.078500e+01 2.088000e+01 2.087635e+01 2.051113e+01
2.078500e+01 2.088000e+01 2.087635e+01 2.051113e+01 2.079500e+01 2.088000e+01 2.085295e+01 2.050659e+01
2.079500e+01 2.088000e+01 2.085295e+01 2.050659e+01 2.080500e+01 2.088000e+01 2.082879e+01 2.050396e+01
2.080500e+01 2.088000e+01 2.082879e+01 2.050396e+01 2.081500e+01 2.088000e+01 2.080439e+01 2.050337e+01
2.081500e+01 2.088000e+01 2.080439e+01 2.050337e+01 2.082500e+01 2.088000e+01 2.078033e+01 2.050483e+01
2.082500e+01 2.088000e+01 2.078033e+01 2.050483e+01 2.083500e+01 2.088000e+01 2.075713e+01 2.050822e+01
2.083500e+01 2.088000e+01 2.075713e+01 2.050822e+01 2.084500e+01 2.088000e+01 2.073525e+01 2.051336e+01
2.085000e+01 2.087500e+01 2.072184e+01 2.051752e+01 2.084500e+01 2.088000e+01 2.073525e+01 2.051336e+01
2.127000e+01 2.087500e+01 2.079257e+01 2.076640e+01 2.127000e+01 2.088500e+01 2.079503e+01 2.076707e+01
2.035000e+01 2.088500e+01 2.084034e+01 2.076373e+01 2.035000e+01 2.089500e+01 2.083831e+01 2.076428e+01
2.127000e+01 2.088500e+01 2.079503e+01 2.076707e+01 2.127000e+01 2.089500e+01 2.079765e+01 2.076789e+01
2.035000e+01 2.089500e+01 2.083831e+01 2.076428e+01 2.035500e+01 2.090000e+01 2.084140e+01 2.076353e+01
2.035500e+01 2.090000e+01 2.084140e+01 2.076353e+01 2.036000e+01 2.090500e+01 2.084440e+01 2.076265e+01
2.127000e+01 2.089500e+01 2.079765e+01 2.076789e+01 2.127000e+01 2.090500e+01 2.080040e+01 2.076886e+01
2.036000e+01 2.090500e+01 2.084440e+01 2.076265e+01 2.036000e+01 2.091500e+01 2.084198e+01 2.076332e+01
2.126500e+01 2.091000e+01 2.079772e+01 2.076798e+01 2.126000e+01 2.091500e+01 2.079512e+01 2.076699e+01
2.127000e+01 2.090500e+01 2.080040e+01 2.076886e+01 2.126500e+01 2.091000e+01 2.079772e+01 2.076798e+01
2.036000e+01 2.091500e+01 2.084198e+01 2.076332e+01 2.036000e+01 2.092500e+01 2.083942e+01 2.076414e+01
2.126000e+01 2.091500e+01 2.079512e+01 2.076699e+01 2.126000e+01 2.092500e+01 2.079823e+01 2.076816e+01
2.036000e+01 2.092500e+01 2.083942e+01 2.076414e+01 2.036000e+01 2.093500e+01 2.083672e+01 2.076512e+01
2.126000e+01 2.092500e+01 2.079823e+01 2.076816e+01 2.126000e+01 2.093500e+01 2.080147e+01 2.076951e+01
2.036000e+01 2.093500e+01 2.083672e+01 2.076512e+01 2.036500e+01 2.094000e+01 2.083925e+01 2.076428e+01
2.036500e+01 2.094000e+01 2.083925e+01 2.076428e+01 2.037000e+01 2.094500e+01 2.084168e+01 2.076333e+01
2.125500e+01 2.094000e+01 2.079919e+01 2.076860e+01 2.125000e+01 2.094500e+01 2.079702e+01 2.076759e+01
2.126000e+01 2.093500e+01 2.080147e+01 2.076951e+01 2.125500e+01 2.094000e+01 2.079919e+01 2.076860e+01
2.037000e+01 2.094500e+01 2.084168e+01 2.076333e+01 2.037000e+01 2.095500e+01 2.083863e+01 2.076453e+01
2.125000e+01 2.094500e+01 2.079702e+01 2.076759e+01 2.125000e+01 2.095500e+01 2.080057e+01 2.076921e+01
2.037000e+01 2.095500e+01 2.083863e+01 2.076453e+01 2.037000e+01 2.096500e+01 2.083548e+01 2.076591e+01
2.125000e+01 2.095500e+01 2.080057e+01 2.076921e+01 2.125000e+01 2.096500e+01 2.080421e+01 2.077102e+01
2.037000e+01 2.096500e+01 2.083548e+01 2.076591e+01 2.037500e+01 2.097000e+01 2.083758e+01 2.076506e+01
2.037500e+01 2.097000e+01 2.083758e+01 2.076506e+01 2.038000e+01 2.097500e+01 2.083956e+01 2.076412e+01
2.124500e+01 2.097000e+01 2.080233e+01 2.077016e+01 2.124000e+01 2.097500e+01 2.080056e+01 2.076921e+01
2.125000e+01 2.096500e+01 2.080421e+01 2.077102e+01 2.124500e+01 2.097000e+01 2.080233e+01 2.077016e+01
2.038000e+01 2.097500e+01 2.083956e+01 2.076412e+01 2.038000e+01 2.098500e+01 2.083610e+01 2.076579e+01
2.124000e+01 2.097500e+01 2.080056e+01 2.076921e+01 2.124000e+01 2.098500e+01 2.080447e+01 2.077134e+01
2.038000e+01 2.098500e+01 2.083610e+01 2.076579e+01 2.038500e+01 2.099000e+01 2.083788e+01 2.076495e+01
2.038500e+01 2.099000e+01 2.083788e+01 2.076495e+01 2.039000e+01 2.099500e+01 2.083954e+01 2.076403e+01
2.123500e+01 2.099000e+01 2.080288e+01 2.077052e+01 2.123000e+01 2.099500e+01 2.080141e+01 2.076962e+01
2.124000e+01 2.098500e+01 2.080447e+01 2.077134e+01 2.123500e+01 2.099000e+01 2.080288e+01 2.077052e+01
2.039000e+01 2.099500e+01 2.083954e+01 2.076403e+01 2.039000e+01 2.100500e+01 2.083582e+01 2.076603e+01
2.123000e+01 2.099500e+01 2.080141e+01 2.076962e+01 2.123000e+01 2.100500e+01 2.080555e+01 2.077211e+01
2.039000e+01 2.100500e+01 2.083582e+01 2.076603e+01 2.039500e+01 2.101000e+01 2.083729e+01 2.076525e+01
2.039500e+01 2.101000e+01 2.083729e+01 2.076525e+01 2.040000e+01 2.101500e+01 2.083863e+01 2.076438e+01
2.122500e+01 2.101000e+01 2.080424e+01 2.077137e+01 2.122000e+01 2.101500e+01 2.080305e+01 2.077056e+01
2.123000e+01 2.100500e+01 2.080555e+01 2.077211e+01 2.122500e+01 2.101000e+01 2.080424e+01 2.077137e+01
2.040000e+01 2.101500e+01 2.083863e+01 2.076438e+01 2.040000e+01 2.102500e+01 2.083469e+01 2.076676e+01
2.122000e+01 2.101500e+01 2.080305e+01 2.077056e+01 2.122000e+01 2.102500e+01 2.080738e+01 2.077344e+01
2.040000e+01 2.102500e+01 2.083469e+01 2.076676e+01 2.040500e+01 2.103000e+01 2.083588e+01 2.076607e+01
2.040500e+01 2.103000e+01 2.083588e+01 2.076607e+01 2.041000e+01 2.103500e+01 2.083692e+01 2.076531e+01
2.121500e+01 2.103000e+01 2.080632e+01 2.077281e+01 2.121000e+01 2.103500e+01 2.080540e+01 2.077212e+01
2.122000e+01 2.102500e+01 2.080738e+01 2.077344e+01 2.121500e+01 2.103000e+01 2.080632e+01 2.077281e+01
2.041000e+01 2.103500e+01 2.083692e+01 2.076531e+01 2.041000e+01 2.104500e+01 2.083280e+01 2.076809e+01
2.120500e+01 2.104000e+01 2.080453e+01 2.077153e+01 2.120000e+01 2.104500e+01 2.080380e+01 2.077088e+01
2.121000e+01 2.103500e+01 2.080540e+01 2.077212e+01 2.120500e+01 2.104000e+01 2.080453e+01 2.077153e+01
2.041000e+01 2.104500e+01 2.083280e+01 2.076809e+01 2.041500e+01 2.105000e+01 2.083371e+01 2.076753e+01
2.041500e+01 2.105000e+01 2.083371e+01 2.076753e+01 2.042000e+01 2.105500e+01 2.083448e+01 2.076690e+01
2.120000e+01 2.104500e+01 2.080380e+01 2.077088e+01 2.120000e+01 2.105500e+01 2.080838e+01 2.077439e+01
2.042000e+01 2.105500e+01 2.083448e+01 2.076690e+01 2.042000e+01 2.106500e+01 2.083023e+01 2.077012e+01
2.119500e+01 2.106000e+01 2.080774e+01 2.077396e+01 2.119000e+01 2.106500e+01 2.080724e+01 2.077349e+01
2.120000e+01 2.105500e+01 2.080838e+01 2.077439e+01 2.119500e+01 2.106000e+01 2.080774e+01 2.077396e+01
2.042000e+01 2.106500e+01 2.083023e+01 2.077012e+01 2.042500e+01 2.107000e+01 2.083090e+01 2.076972e+01
2.042500e+01 2.107000e+01 2.083090e+01 2.076972e+01 2.043000e+01 2.107500e+01 2.083143e+01 2.076927e+01
2.118500e+01 2.107000e+01 2.080678e+01 2.077314e+01 2.118000e+01 2.107500e+01 2.080645e+01 2.077275e+01
2.119000e+01 2.106500e+01 2.080724e+01 2.077349e+01 2.118500e+01 2.107000e+01 2.080678e+01 2.077314e+01
2.043000e+01 2.107500e+01 2.083143e+01 2.076927e+01 2.043500e+01 2.108000e+01 2.083191e+01 2.076894e+01
2.043500e+01 2.108000e+01 2.083191e+01 2.076894e+01 2.044000e+01 2.108500e+01 2.083226e+01 2.076857e+01
2.118000e+01 2.107500e+01 2.080645e+01 2.077275e+01 2.118000e+01 2.108500e+01 2.081116e+01 2.077693e+01
2.044000e+01 2.108500e+01 2.083226e+01 2.076857e+01 2.044500e+01 2.109000e+01 2.083257e+01 2.076833e+01
2.044500e+01 2.109000e+01 2.083257e+01 2.076833e+01 2.045000e+01 2.109500e+01 2.083273e+01 2.076806e+01
2.117500e+01 2.109000e+01 2.081089e+01 2.077678e+01 2.117000e+01 2.109500e+01 2.081074e+01 2.077662e+01
2.118000e+01 2.108500e+01 2.081116e+01 2.077693e+01 2.117500e+01 2.109000e+01 2.081089e+01 2.077678e+01
2.045000e+01 2.109500e+01 2.083273e+01 2.076806e+01 2.045000e+01 2.110500e+01 2.082829e+01 2.077222e+01
2.116500e+01 2.110000e+01 2.081062e+01 2.077657e+01 2.116000e+01 2.110500e+01 2.081062e+01 2.077652e+01
2.117000e+01 2.109500e+01 2.081074e+01 2.077662e+01 2.116500e+01 2.110000e+01 2.081062e+01 2.077657e+01
2.045000e+01 2.110500e+01 2.082829e+01 2.077222e+01 2.045500e+01 2.111000e+01 2.082842e+01 2.077221e+01
2.045500e+01 2.111000e+01 2.082842e+01 2.077221e+01 2.046000e+01 2.111500e+01 2.082841e+01 2.077219e+01
2.115500e+01 2.111000e+01 2.081064e+01 2.077659e+01 2.115000e+01 2.111500e+01 2.081078e+01 2.077666e+01
2.116000e+01 2.110500e+01 2.081062e+01 2.077652e+01 2.115500e+01 2.111000e+01 2.081064e+01 2.077659e+01
2.046000e+01 2.111500e+01 2.082841e+01 2.077219e+01 2.046500e+01 2.112000e+01 2.082840e+01 2.077230e+01
2.046500e+01 2.112000e+01 2.082840e+01 2.077230e+01 2.047000e+01 2.112500e+01 2.082824e+01 2.077241e+01
2.114500e+01 2.112000e+01 2.081093e+01 2.077685e+01 2.114000e+01 2.112500e+01 2.081120e+01 2.077706e+01
2.115000e+01 2.111500e+01 2.081078e+01 2.077666e+01 2.114500e+01 2.112000e+01 2.081093e+01 2.077685e+01
2.047000e+01 2.112500e+01 2.082824e+01 2.077241e+01 2.047500e+01 2.113000e+01 2.082809e+01 2.077265e+01
2.047500e+01 2.113000e+01 2.082809e+01 2.077265e+01 2.048000e+01 2.113500e+01 2.082780e+01 2.077290e+01
2.113500e+01 2.113000e+01 2.081146e+01 2.077739e+01 2.113000e+01 2.113500e+01 2.081185e+01 2.077774e+01
2.114000e+01 2.112500e+01 2.081120e+01 2.077706e+01 2.113500e+01 2.113000e+01 2.081146e+01 2.077739e+01
2.048000e+01 2.113500e+01 2.082780e+01 2.077290e+01 2.048500e+01 2.114000e+01 2.082753e+01 2.077329e+01
2.048500e+01 2.114000e+01 2.082753e+01 2.077329e+01 2.049000e+01 2.114500e+01 2.082713e+01 2.077369e+01
2.112500e+01 2.114000e+01 2.081222e+01 2.077822e+01 2.112000e+01 2.114500e+01 2.081271e+01 2.077872e+01
2.113000e+01 2.113500e+01 2.081185e+01 2.077774e+01 2.112500e+01 2.114000e+01 2.081222e+01 2.077822e+01
2.049000e+01 2.114500e+01 2.082713e+01 2.077369e+01 2.049500e+01 2.115000e+01 2.082675e+01 2.077423e+01
2.049500e+01 2.115000e+01 2.082675e+01 2.077423e+01 2.050000e+01 2.115500e+01 2.082624e+01 2.077480e+01
2.111500e+01 2.115000e+01 2.081318e+01 2.077935e+01 2.111000e+01 2.115500e+01 2.081376e+01 2.078002e+01
2.112000e+01 2.114500e+01 2.081271e+01 2.077872e+01 2.111500e+01 2.115000e+01 2.081318e+01 2.077935e+01
2.050000e+01 2.115500e+01 2.082624e+01 2.077480e+01 2.050500e+01 2.116000e+01 2.082577e+01 2.077551e+01
2.050500e+01 2.116000e+01 2.082577e+01 2.077551e+01 2.051000e+01 2.116500e+01 2.082517e+01 2.077625e+01
2.110500e+01 2.116000e+01 2.081431e+01 2.078081e+01 2.110000e+01 2.116500e+01 2.081497e+01 2.078164e+01
2.111000e+01 2.115500e+01 2.081376e+01 2.078002e+01 2.110500e+01 2.116000e+01 2.081431e+01 2.078081e+01
2.051000e+01 2.116500e+01 2.082517e+01 2.077625e+01 2.051500e+01 2.117000e+01 2.082462e+01 2.077713e+01
2.051500e+01 2.117000e+01 2.082462e+01 2.077713e+01 2.052000e+01 2.117500e+01 2.082395e+01 2.077805e+01
2.109500e+01 2.117000e+01 2.081558e+01 2.078260e+01 2.109000e+01 2.117500e+01 2.081631e+01 2.078361e+01
2.110000e+01 2.116500e+01 2.081497e+01 2.078164e+01 2.109500e+01 2.117000e+01 2.081558e+01 2.078260e+01
2.052000e+01 2.117500e+01 2.082395e+01 2.077805e+01 2.052500e+01 2.118000e+01 2.082333e+01 2.077911e+01
2.052500e+01 2.118000e+01 2.082333e+01 2.077911e+01 2.053500e+01 2.118000e+01 2.082599e+01 2.077500e+01
2.053500e+01 2.118000e+01 2.082599e+01 2.077500e+01 2.054000e+01 2.118500e+01 2.082516e+01 2.077617e+01
2.107500e+01 2.118000e+01 2.081416e+01 2.078038e+01 2.107000e+01 2.118500e+01 2.081503e+01 2.078162e+01
2.107500e+01 2.118000e+01 2.081416e+01 2.078038e+01 2.108500e+01 2.118000e+01 2.081698e+01 2.078474e+01
2.109000e+01 2.117500e+01 2.081631e+01 2.078361e+01 2.108500e+01 2.118000e+01 2.081698e+01 2.078474e+01
2.054000e+01 2.118500e+01 2.082516e+01 2.077617e+01 2.054500e+01 2.119000e+01 2.082439e+01 2.077747e+01
2.054500e+01 2.119000e+01 2.082439e+01 2.077747e+01 2.055000e+01 2.119500e+01 2.082353e+01 2.077883e+01
2.106500e+01 2.119000e+01 2.081584e+01 2.078299e+01 2.106000e+01 2.119500e+01 2.081674e+01 2.078442e+01
2.107000e+01 2.118500e+01 2.081503e+01 2.078162e+01 2.106500e+01 2.119000e+01 2.081584e+01 2.078299e+01
2.055000e+01 2.119500e+01 2.082353e+01 2.077883e+01 2.055500e+01 2.120000e+01 2.082274e+01 2.078033e+01
2.055500e+01 2.120000e+01 2.082274e+01 2.078033e+01 2.056000e+01 2.120500e+01 2.082186e+01 2.078189e+01
2.104500e+01 2.120000e+01 2.081533e+01 2.078190e+01 2.104000e+01 2.120500e+01 2.081633e+01 2.078360e+01
2.104500e+01 2.120000e+01 2.081533e+01 2.078190e+01 2.105500e+01 2.120000e+01 2.081757e+01 2.078597e+01
2.106000e+01 2.119500e+01 2.081674e+01 2.078442e+01 2.105500e+01 2.120000e+01 2.081757e+01 2.078597e+01
2.056000e+01 2.120500e+01 2.082186e+01 2.078189e+01 2.056500e+01 2.121000e+01 2.082105e+01 2.078358e+01
2.056500e+01 2.121000e+01 2.082105e+01 2.078358e+01 2.057500e+01 2.121000e+01 2.082294e+01 2.077993e+01
2.057500e+01 2.121000e+01 2.082294e+01 2.077993e+01 2.058000e+01 2.121500e+01 2.082199e+01 2.078178e+01
2.103500e+01 2.121000e+01 2.081724e+01 2.078540e+01 2.103000e+01 2.121500e+01 2.081823e+01 2.078729e+01
2.104000e+01 2.120500e+01 2.081633e+01 2.078360e+01 2.103500e+01 2.121000e+01 2.081724e+01 2.078540e+01
2.058000e+01 2.121500e+01 2.082199e+01 2.078178e+01 2.058500e+01 2.122000e+01 2.082112e+01 2.078375e+01
2.058500e+01 2.122000e+01 2.082112e+01 2.078375e+01 2.059500e+01 2.122000e+01 2.082266e+01 2.078033e+01
2.059500e+01 2.122000e+01 2.082266e+01 2.078033e+01 2.060000e+01 2.122500e+01 2.082167e+01 2.078248e+01
2.101500e+01 2.122000e+01 2.081739e+01 2.078561e+01 2.101000e+01 2.122500e+01 2.081841e+01 2.078778e+01
2.101500e+01 2.122000e+01 2.081739e+01 2.078561e+01 2.102500e+01 2.122000e+01 2.081913e+01 2.078929e+01
2.103000e+01 2.121500e+01 2.081823e+01 2.078729e+01 2.102500e+01 2.122000e+01 2.081913e+01 2.078929e+01
2.060000e+01 2.122500e+01 2.082167e+01 2.078248e+01 2.060500e+01 2.123000e+01 2.082077e+01 2.078474e+01
2.060500e+01 2.123000e+01 2.082077e+01 2.078474e+01 2.061500e+01 2.123000e+01 2.082202e+01 2.078160e+01
2.061500e+01 2.123000e+01 2.082202e+01 2.078160e+01 2.062000e+01 2.123500e+01 2.082103e+01 2.078406e+01
2.099500e+01 2.123000e+01 2.081790e+01 2.078664e+01 2.099000e+01 2.123500e+01 2.081892e+01 2.078909e+01
2.099500e+01 2.123000e+01 2.081790e+01 2.078664e+01 2.100500e+01 2.123000e+01 2.081934e+01 2.079004e+01
2.101000e+01 2.122500e+01 2.081841e+01 2.078778e+01 2.100500e+01 2.123000e+01 2.081934e+01 2.079004e+01
2.062000e+01 2.123500e+01 2.082103e+01 2.078406e+01 2.062500e+01 2.124000e+01 2.082014e+01 2.078661e+01
2.062500e+01 2.124000e+01 2.082014e+01 2.078661e+01 2.063500e+01 2.124000e+01 2.082114e+01 2.078378e+01
2.063500e+01 2.124000e+01 2.082114e+01 2.078378e+01 2.064000e+01 2.124500e+01 2.082019e+01 2.078654e+01
2.096500e+01 2.124000e+01 2.081764e+01 2.078553e+01 2.096000e+01 2.124500e+01 2.081865e+01 2.078837e+01
2.096500e+01 2.124000e+01 2.081764e+01 2.078553e+01 2.097500e+01 2.124000e+01 2.081866e+01 2.078852e+01
2.097500e+01 2.124000e+01 2.081866e+01 2.078852e+01 2.098500e+01 2.124000e+01 2.081985e+01 2.079163e+01
2.099000e+01 2.123500e+01 2.081892e+01 2.078909e+01 2.098500e+01 2.124000e+01 2.081985e+01 2.079163e+01
2.064000e+01 2.124500e+01 2.082019e+01 2.078654e+01 2.064500e+01 2.125000e+01 2.081935e+01 2.078940e+01
2.064500e+01 2.125000e+01 2.081935e+01 2.078940e+01 2.065500e+01 2.125000e+01 2.082014e+01 2.078689e+01
2.065500e+01 2.125000e+01 2.082014e+01 2.078689e+01 2.066500e+01 2.125000e+01 2.082079e+01 2.078452e+01
2.066500e+01 2.125000e+01 2.082079e+01 2.078452e+01 2.067000e+01 2.125500e+01 2.081992e+01 2.078770e+01
2.093500e+01 2.125000e+01 2.081807e+01 2.078610e+01 2.093000e+01 2.125500e+01 2.081900e+01 2.078934e+01
2.093500e+01 2.125000e+01 2.081807e+01 2.078610e+01 2.094500e+01 2.125000e+01 2.081874e+01 2.078863e+01
2.094500e+01 2.125000e+01 2.081874e+01 2.078863e+01 2.095500e+01 2.125000e+01 2.081956e+01 2.079129e+01
2.096000e+01 2.124500e+01 2.081865e+01 2.078837e+01 2.095500e+01 2.125000e+01 2.081956e+01 2.079129e+01
2.067000e+01 2.125500e+01 2.081992e+01 2.078770e+01 2.067500e+01 2.126000e+01 2.081916e+01 2.079096e+01
2.067500e+01 2.126000e+01 2.081916e+01 2.079096e+01 2.068500e+01 2.126000e+01 2.081968e+01 2.078894e+01
2.068500e+01 2.126000e+01 2.081968e+01 2.078894e+01 2.069500e+01 2.126000e+01 2.082007e+01 2.078707e+01
2.069500e+01 2.126000e+01 2.082007e+01 2.078707e+01 2.070500e+01 2.126000e+01 2.082035e+01 2.078536e+01
2.070500e+01 2.126000e+01 2.082035e+01 2.078536e+01 2.071000e+01 2.126500e+01 2.081966e+01 2.078906e+01
2.089500e+01 2.126000e+01 2.081854e+01 2.078658e+01 2.089000e+01 2.126500e+01 2.081928e+01 2.079030e+01
2.089500e+01 2.126000e+01 2.081854e+01 2.078658e+01 2.090500e+01 2.126000e+01 2.081885e+01 2.078844e+01
2.090500e+01 2.126000e+01 2.081885e+01 2.078844e+01 2.091500e+01 2.126000e+01 2.081927e+01 2.079046e+01
2.091500e+01 2.126000e+01 2.081927e+01 2.079046e+01 2.092500e+01 2.126000e+01 2.081982e+01 2.079263e+01
2.093000e+01 2.125500e+01 2.081900e+01 2.078934e+01 2.092500e+01 2.126000e+01 2.081982e+01 2.079263e+01
2.071000e+01 2.126500e+01 2.081966e+01 2.078906e+01 2.071500e+01 2.127000e+01 2.081909e+01 2.079283e+01
2.071500e+01 2.127000e+01 2.081909e+01 2.079283e+01 2.072500e+01 2.127000e+01 2.081934e+01 2.079150e+01
2.072500e+01 2.127000e+01 2.081934e+01 2.079150e+01 2.073500e+01 2.127000e+01 2.081951e+01 2.079033e+01
2.073500e+01 2.127000e+01 2.081951e+01 2.079033e+01 2.074500e+01 2.127000e+01 2.081962e+01 2.078932e+01
2.074500e+01 2.127000e+01 2.081962e+01 2.078932e+01 2.075500e+01 2.127000e+01 2.081967e+01 2.078850e+01
2.075500e+01 2.127000e+01 2.081967e+01 2.078850e+01 2.076500e+01 2.127000e+01 2.081967e+01 2.078784e+01
2.076500e+01 2.127000e+01 2.081967e+01 2.078784e+01 2.077500e+01 2.127000e+01 2.081963e+01 2.078737e+01
2.077500e+01 2.127000e+01 2.081963e+01 2.078737e+01 2.078500e+01 2.127000e+01 2.081956e+01 2.078707e+01
2.078500e+01 2.127000e+01 2.081956e+01 2.078707e+01 2.079500e+01 2.127000e+01 2.081948e+01 2.078696e+01
2.079500e+01 2.127000e+01 2.081948e+01 2.078696e+01 2.080500e+01 2.127000e+01 2.081940e+01 2.078703e+01
2.080500e+01 2.127000e+01 2.081940e+01 2.078703e+01 2.081500e+01 2.127000e+01 2.081933e+01 2.078729e+01
2.081500e+01 2.127000e+01 2.081933e+01 2.078729e+01 2.082500e+01 2.127000e+01 2.081927e+01 2.078772e+01
2.082500e+01 2.127000e+01 2.081927e+01 2.078772e+01 2.083500e+01 2.127000e+01 2.081924e+01 2.078834e+01
2.083500e+01 2.127000e+01 2.081924e+01 2.078834e+01 2.084500e+01 2.127000e+01 2.081926e+01 2.078914e+01
2.084500e+01 2.127000e+01 2.081926e+01 2.078914e+01 2.085500e+01 2.127000e+01 2.081932e+01 2.079011e+01
2.085500e+01 2.127000e+01 2.081932e+01 2.079011e+01 2.086500e+01 2.127000e+01 2.081945e+01 2.079126e+01
2.086500e+01 2.127000e+01 2.081945e+01 2.079126e+01 2.087500e+01 2.127000e+01 2.081965e+01 2.079258e+01
2.087500e+01 2.127000e+01 2.081965e+01 2.079258e+01 2.088500e+01 2.127000e+01 2.081992e+01 2.079407e+01
2.089000e+01 2.126500e+01 2.081928e+01 2.079030e+01 2.088500e+01 2.127000e+01 2.081992e+01 2.079407e+01
