2.078500e+01 2.025000e+01 2.081372e+01 2.073220e+01 2.078000e+01 2.025500e+01 2.081406e+01 2.073617e+01
2.078500e+01 2.025000e+01 2.081372e+01 2.073220e+01 2.079500e+01 2.025000e+01 2.081383e+01 2.073288e+01
2.079500e+01 2.025000e+01 2.081383e+01 2.073288e+01 2.080500e+01 2.025000e+01 2.081391e+01 2.073339e+01
2.080500e+01 2.025000e+01 2.081391e+01 2.073339e+01 2.081500e+01 2.025000e+01 2.081397e+01 2.073373e+01
2.081500e+01 2.025000e+01 2.081397e+01 2.073373e+01 2.082500e+01 2.025000e+01 2.081401e+01 2.073391e+01
2.082500e+01 2.025000e+01 2.081401e+01 2.073391e+01 2.083500e+01 2.025000e+01 2.081405e+01 2.073392e+01
2.083500e+01 2.025000e+01 2.081405e+01 2.073392e+01 2.084500e+01 2.025000e+01 2.081410e+01 2.073377e+01
2.084500e+01 2.025000e+01 2.081410e+01 2.073377e+01 2.085500e+01 2.025000e+01 2.081417e+01 2.073344e+01
2.085500e+01 2.025000e+01 2.081417e+01 2.073344e+01 2.086500e+01 2.025000e+01 2.081426e+01 2.073296e+01
2.086500e+01 2.025000e+01 2.081426e+01 2.073296e+01 2.087000e+01 2.025500e+01 2.081400e+01 2.073698e+01
2.072500e+01 2.026000e+01 2.081352e+01 2.073339e+01 2.072000e+01 2.026500e+01 2.081419e+01 2.073674e+01
2.072500e+01 2.026000e+01 2.081352e+01 2.073339e+01 2.073500e+01 2.026000e+01 2.081388e+01 2.073504e+01
2.073500e+01 2.026000e+01 2.081388e+01 2.073504e+01 2.074500e+01 2.026000e+01 2.081415e+01 2.073654e+01
2.074500e+01 2.026000e+01 2.081415e+01 2.073654e+01 2.075500e+01 2.026000e+01 2.081433e+01 2.073789e+01
2.075500e+01 2.026000e+01 2.081433e+01 2.073789e+01 2.076500e+01 2.026000e+01 2.081444e+01 2.073907e+01
2.076500e+01 2.026000e+01 2.081444e+01 2.073907e+01 2.077500e+01 2.026000e+01 2.081449e+01 2.074009e+01
2.078000e+01 2.025500e+01 2.081406e+01 2.073617e+01 2.077500e+01 2.026000e+01 2.081449e+01 2.074009e+01
2.087000e+01 2.025500e+01 2.081400e+01 2.073698e+01 2.087500e+01 2.026000e+01 2.081365e+01 2.074097e+01
2.087500e+01 2.026000e+01 2.081365e+01 2.074097e+01 2.088500e+01 2.026000e+01 2.081366e+01 2.074012e+01
2.088500e+01 2.026000e+01 2.081366e+01 2.074012e+01 2.089500e+01 2.026000e+01 2.081374e+01 2.073911e+01
2.089500e+01 2.026000e+01 2.081374e+01 2.073911e+01 2.090500e+01 2.026000e+01 2.081389e+01 2.073795e+01
2.090500e+01 2.026000e+01 2.081389e+01 2.073795e+01 2.091500e+01 2.026000e+01 2.081411e+01 2.073663e+01
2.091500e+01 2.026000e+01 2.081411e+01 2.073663e+01 2.092500e+01 2.026000e+01 2.081442e+01 2.073516e+01
2.092500e+01 2.026000e+01 2.081442e+01 2.073516e+01 2.093000e+01 2.026500e+01 2.081382e+01 2.073853e+01
2.068500e+01 2.027000e+01 2.081331e+01 2.073364e+01 2.068000e+01 2.027500e+01 2.081410e+01 2.073655e+01
2.068500e+01 2.027000e+01 2.081331e+01 2.073364e+01 2.069500e+01 2.027000e+01 2.081398e+01 2.073591e+01
2.069500e+01 2.027000e+01 2.081398e+01 2.073591e+01 2.070500e+01 2.027000e+01 2.081453e+01 2.073805e+01
2.070500e+01 2.027000e+01 2.081453e+01 2.073805e+01 2.071500e+01 2.027000e+01 2.081495e+01 2.074004e+01
2.072000e+01 2.026500e+01 2.081419e+01 2.073674e+01 2.071500e+01 2.027000e+01 2.081495e+01 2.074004e+01
2.093000e+01 2.026500e+01 2.081382e+01 2.073853e+01 2.093500e+01 2.027000e+01 2.081312e+01 2.074183e+01
2.093500e+01 2.027000e+01 2.081312e+01 2.074183e+01 2.094500e+01 2.027000e+01 2.081349e+01 2.074001e+01
2.094500e+01 2.027000e+01 2.081349e+01 2.074001e+01 2.095500e+01 2.027000e+01 2.081398e+01 2.073806e+01
2.095500e+01 2.027000e+01 2.081398e+01 2.073806e+01 2.096000e+01 2.027500e+01 2.081325e+01 2.074106e+01
2.066500e+01 2.028000e+01 2.081416e+01 2.073681e+01 2.066000e+01 2.028500e+01 2.081503e+01 2.073946e+01
2.066500e+01 2.028000e+01 2.081416e+01 2.073681e+01 2.067500e+01 2.028000e+01 2.081499e+01 2.073939e+01
2.068000e+01 2.027500e+01 2.081410e+01 2.073655e+01 2.067500e+01 2.028000e+01 2.081499e+01 2.073939e+01
2.096000e+01 2.027500e+01 2.081325e+01 2.074106e+01 2.096500e+01 2.028000e+01 2.081241e+01 2.074397e+01
2.096500e+01 2.028000e+01 2.081241e+01 2.074397e+01 2.097500e+01 2.028000e+01 2.081304e+01 2.074169e+01
2.097500e+01 2.028000e+01 2.081304e+01 2.074169e+01 2.098500e+01 2.028000e+01 2.081381e+01 2.073928e+01
2.098500e+01 2.028000e+01 2.081381e+01 2.073928e+01 2.099000e+01 2.028500e+01 2.081301e+01 2.074190e+01
2.063500e+01 2.029000e+01 2.081377e+01 2.073615e+01 2.063000e+01 2.029500e+01 2.081464e+01 2.073845e+01
2.063500e+01 2.029000e+01 2.081377e+01 2.073615e+01 2.064500e+01 2.029000e+01 2.081496e+01 2.073914e+01
2.064500e+01 2.029000e+01 2.081496e+01 2.073914e+01 2.065500e+01 2.029000e+01 2.081599e+01 2.074203e+01
2.066000e+01 2.028500e+01 2.081503e+01 2.073946e+01 2.065500e+01 2.029000e+01 2.081599e+01 2.074203e+01
2.099000e+01 2.028500e+01 2.081301e+01 2.074190e+01 2.099500e+01 2.029000e+01 2.081211e+01 2.074443e+01
2.099500e+01 2.029000e+01 2.081211e+01 2.074443e+01 2.100500e+01 2.029000e+01 2.081308e+01 2.074171e+01
2.100500e+01 2.029000e+01 2.081308e+01 2.074171e+01 2.101000e+01 2.029500e+01 2.081225e+01 2.074405e+01
2.061500e+01 2.030000e+01 2.081414e+01 2.073740e+01 2.061000e+01 2.030500e+01 2.081500e+01 2.073944e+01
2.061500e+01 2.030000e+01 2.081414e+01 2.073740e+01 2.062500e+01 2.030000e+01 2.081559e+01 2.074066e+01
2.063000e+01 2.029500e+01 2.081464e+01 2.073845e+01 2.062500e+01 2.030000e+01 2.081559e+01 2.074066e+01
2.101000e+01 2.029500e+01 2.081225e+01 2.074405e+01 2.101500e+01 2.030000e+01 2.081132e+01 2.074629e+01
2.101500e+01 2.030000e+01 2.081132e+01 2.074629e+01 2.102500e+01 2.030000e+01 2.081254e+01 2.074330e+01
2.102500e+01 2.030000e+01 2.081254e+01 2.074330e+01 2.103000e+01 2.030500e+01 2.081170e+01 2.074537e+01
2.060500e+01 2.031000e+01 2.081594e+01 2.074139e+01 2.060000e+01 2.031500e+01 2.081682e+01 2.074326e+01
2.061000e+01 2.030500e+01 2.081500e+01 2.073944e+01 2.060500e+01 2.031000e+01 2.081594e+01 2.074139e+01
2.103000e+01 2.030500e+01 2.081170e+01 2.074537e+01 2.103500e+01 2.031000e+01 2.081078e+01 2.074732e+01
2.103500e+01 2.031000e+01 2.081078e+01 2.074732e+01 2.104500e+01 2.031000e+01 2.081229e+01 2.074408e+01
2.104500e+01 2.031000e+01 2.081229e+01 2.074408e+01 2.105000e+01 2.031500e+01 2.081149e+01 2.074588e+01
2.058500e+01 2.032000e+01 2.081591e+01 2.074137e+01 2.058000e+01 2.032500e+01 2.081674e+01 2.074299e+01
2.058500e+01 2.032000e+01 2.081591e+01 2.074137e+01 2.059500e+01 2.032000e+01 2.081778e+01 2.074502e+01
2.060000e+01 2.031500e+01 2.081682e+01 2.074326e+01 2.059500e+01 2.032000e+01 2.081778e+01 2.074502e+01
2.105000e+01 2.031500e+01 2.081149e+01 2.074588e+01 2.105500e+01 2.032000e+01 2.081061e+01 2.074756e+01
2.105500e+01 2.032000e+01 2.081061e+01 2.074756e+01 2.106000e+01 2.032500e+01 2.080980e+01 2.074917e+01
2.056500e+01 2.033000e+01 2.081541e+01 2.074065e+01 2.056000e+01 2.033500e+01 2.081615e+01 2.074204e+01
2.056500e+01 2.033000e+01 2.081541e+01 2.074065e+01 2.057500e+01 2.033000e+01 2.081763e+01 2.074450e+01
2.058000e+01 2.032500e+01 2.081674e+01 2.074299e+01 2.057500e+01 2.033000e+01 2.081763e+01 2.074450e+01
2.106000e+01 2.032500e+01 2.080980e+01 2.074917e+01 2.106500e+01 2.033000e+01 2.080893e+01 2.075066e+01
2.106500e+01 2.033000e+01 2.080893e+01 2.075066e+01 2.107500e+01 2.033000e+01 2.081092e+01 2.074706e+01
2.107500e+01 2.033000e+01 2.081092e+01 2.074706e+01 2.108000e+01 2.033500e+01 2.081021e+01 2.074842e+01
2.055500e+01 2.034000e+01 2.081694e+01 2.074331e+01 2.055000e+01 2.034500e+01 2.081765e+01 2.074453e+01
2.056000e+01 2.033500e+01 2.081615e+01 2.074204e+01 2.055500e+01 2.034000e+01 2.081694e+01 2.074331e+01
2.108000e+01 2.033500e+01 2.081021e+01 2.074842e+01 2.108500e+01 2.034000e+01 2.080943e+01 2.074965e+01
2.108500e+01 2.034000e+01 2.080943e+01 2.074965e+01 2.109000e+01 2.034500e+01 2.080875e+01 2.075083e+01
2.054500e+01 2.035000e+01 2.081841e+01 2.074563e+01 2.054000e+01 2.035500e+01 2.081908e+01 2.074668e+01
2.055000e+01 2.034500e+01 2.081765e+01 2.074453e+01 2.054500e+01 2.035000e+01 2.081841e+01 2.074563e+01
2.109000e+01 2.034500e+01 2.080875e+01 2.075083e+01 2.109500e+01 2.035000e+01 2.080801e+01 2.075189e+01
2.109500e+01 2.035000e+01 2.080801e+01 2.075189e+01 2.110000e+01 2.035500e+01 2.080737e+01 2.075289e+01
2.053500e+01 2.036000e+01 2.081979e+01 2.074761e+01 2.053000e+01 2.036500e+01 2.082040e+01 2.074850e+01
2.054000e+01 2.035500e+01 2.081908e+01 2.074668e+01 2.053500e+01 2.036000e+01 2.081979e+01 2.074761e+01
2.110000e+01 2.035500e+01 2.080737e+01 2.075289e+01 2.110500e+01 2.036000e+01 2.080668e+01 2.075377e+01
2.110500e+01 2.036000e+01 2.080668e+01 2.075377e+01 2.111500e+01 2.036000e+01 2.080947e+01 2.074982e+01
2.111500e+01 2.036000e+01 2.080947e+01 2.074982e+01 2.112000e+01 2.036500e+01 2.080899e+01 2.075061e+01
2.051500e+01 2.037000e+01 2.081788e+01 2.074500e+01 2.051000e+01 2.037500e+01 2.081832e+01 2.074570e+01
2.051500e+01 2.037000e+01 2.081788e+01 2.074500e+01 2.052500e+01 2.037000e+01 2.082106e+01 2.074927e+01
2.053000e+01 2.036500e+01 2.082040e+01 2.074850e+01 2.052500e+01 2.037000e+01 2.082106e+01 2.074927e+01
2.112000e+01 2.036500e+01 2.080899e+01 2.075061e+01 2.112500e+01 2.037000e+01 2.080848e+01 2.075128e+01
2.112500e+01 2.037000e+01 2.080848e+01 2.075128e+01 2.113000e+01 2.037500e+01 2.080809e+01 2.075192e+01
2.050500e+01 2.038000e+01 2.081879e+01 2.074628e+01 2.050000e+01 2.038500e+01 2.081915e+01 2.074684e+01
2.051000e+01 2.037500e+01 2.081832e+01 2.074570e+01 2.050500e+01 2.038000e+01 2.081879e+01 2.074628e+01
2.113000e+01 2.037500e+01 2.080809e+01 2.075192e+01 2.113500e+01 2.038000e+01 2.080767e+01 2.075243e+01
2.113500e+01 2.038000e+01 2.080767e+01 2.075243e+01 2.114000e+01 2.038500e+01 2.080737e+01 2.075292e+01
2.049500e+01 2.039000e+01 2.081953e+01 2.074727e+01 2.049000e+01 2.039500e+01 2.081979e+01 2.074769e+01
2.050000e+01 2.038500e+01 2.081915e+01 2.074684e+01 2.049500e+01 2.039000e+01 2.081953e+01 2.074727e+01
2.114000e+01 2.038500e+01 2.080737e+01 2.075292e+01 2.114500e+01 2.039000e+01 2.080705e+01 2.075328e+01
2.114500e+01 2.039000e+01 2.080705e+01 2.075328e+01 2.115000e+01 2.039500e+01 2.080685e+01 2.075363e+01
2.048500e+01 2.040000e+01 2.082007e+01 2.074799e+01 2.048000e+01 2.040500e+01 2.082023e+01 2.074828e+01
2.049000e+01 2.039500e+01 2.081979e+01 2.074769e+01 2.048500e+01 2.040000e+01 2.082007e+01 2.074799e+01
2.115000e+01 2.039500e+01 2.080685e+01 2.075363e+01 2.115000e+01 2.040500e+01 2.080271e+01 2.075823e+01
2.047500e+01 2.041000e+01 2.082039e+01 2.074845e+01 2.047000e+01 2.041500e+01 2.082044e+01 2.074862e+01
2.048000e+01 2.040500e+01 2.082023e+01 2.074828e+01 2.047500e+01 2.041000e+01 2.082039e+01 2.074845e+01
2.115000e+01 2.040500e+01 2.080271e+01 2.075823e+01 2.115500e+01 2.041000e+01 2.080249e+01 2.075833e+01
2.115500e+01 2.041000e+01 2.080249e+01 2.075833e+01 2.116000e+01 2.041500e+01 2.080241e+01 2.075843e+01
2.047000e+01 2.041500e+01 2.082044e+01 2.074862e+01 2.047000e+01 2.042500e+01 2.082487e+01 2.075317e+01
2.116000e+01 2.041500e+01 2.080241e+01 2.075843e+01 2.116500e+01 2.042000e+01 2.080233e+01 2.075840e+01
2.116500e+01 2.042000e+01 2.080233e+01 2.075840e+01 2.117000e+01 2.042500e+01 2.080239e+01 2.075838e+01
2.046500e+01 2.043000e+01 2.082491e+01 2.075310e+01 2.046000e+01 2.043500e+01 2.082482e+01 2.075305e+01
2.047000e+01 2.042500e+01 2.082487e+01 2.075317e+01 2.046500e+01 2.043000e+01 2.082491e+01 2.075310e+01
2.117000e+01 2.042500e+01 2.080239e+01 2.075838e+01 2.117500e+01 2.043000e+01 2.080246e+01 2.075824e+01
2.117500e+01 2.043000e+01 2.080246e+01 2.075824e+01 2.118000e+01 2.043500e+01 2.080266e+01 2.075812e+01
2.045500e+01 2.044000e+01 2.082472e+01 2.075288e+01 2.045000e+01 2.044500e+01 2.082449e+01 2.075273e+01
2.046000e+01 2.043500e+01 2.082482e+01 2.075305e+01 2.045500e+01 2.044000e+01 2.082472e+01 2.075288e+01
2.118000e+01 2.043500e+01 2.080266e+01 2.075812e+01 2.118500e+01 2.044000e+01 2.080289e+01 2.075788e+01
2.118500e+01 2.044000e+01 2.080289e+01 2.075788e+01 2.119000e+01 2.044500e+01 2.080325e+01 2.075767e+01
2.044500e+01 2.045000e+01 2.082424e+01 2.075246e+01 2.044000e+01 2.045500e+01 2.082386e+01 2.075222e+01
2.045000e+01 2.044500e+01 2.082449e+01 2.075273e+01 2.044500e+01 2.045000e+01 2.082424e+01 2.075246e+01
2.119000e+01 2.044500e+01 2.080325e+01 2.075767e+01 2.119000e+01 2.045500e+01 2.079917e+01 2.076111e+01
2.044000e+01 2.045500e+01 2.082386e+01 2.075222e+01 2.044000e+01 2.046500e+01 2.082821e+01 2.075589e+01
2.119000e+01 2.045500e+01 2.079917e+01 2.076111e+01 2.119500e+01 2.046000e+01 2.079959e+01 2.076067e+01
2.119500e+01 2.046000e+01 2.079959e+01 2.076067e+01 2.120000e+01 2.046500e+01 2.080015e+01 2.076028e+01
2.043500e+01 2.047000e+01 2.082777e+01 2.075544e+01 2.043000e+01 2.047500e+01 2.082720e+01 2.075503e+01
2.044000e+01 2.046500e+01 2.082821e+01 2.075589e+01 2.043500e+01 2.047000e+01 2.082777e+01 2.075544e+01
2.120000e+01 2.046500e+01 2.080015e+01 2.076028e+01 2.120500e+01 2.047000e+01 2.080076e+01 2.075978e+01
2.120500e+01 2.047000e+01 2.080076e+01 2.075978e+01 2.121000e+01 2.047500e+01 2.080150e+01 2.075933e+01
2.042500e+01 2.048000e+01 2.082659e+01 2.075451e+01 2.042000e+01 2.048500e+01 2.082585e+01 2.075404e+01
2.043000e+01 2.047500e+01 2.082720e+01 2.075503e+01 2.042500e+01 2.048000e+01 2.082659e+01 2.075451e+01
2.121000e+01 2.047500e+01 2.080150e+01 2.075933e+01 2.121000e+01 2.048500e+01 2.079759e+01 2.076213e+01
2.042000e+01 2.048500e+01 2.082585e+01 2.075404e+01 2.042000e+01 2.049500e+01 2.083004e+01 2.075710e+01
2.121000e+01 2.048500e+01 2.079759e+01 2.076213e+01 2.121500e+01 2.049000e+01 2.079844e+01 2.076149e+01
2.121500e+01 2.049000e+01 2.079844e+01 2.076149e+01 2.122000e+01 2.049500e+01 2.079942e+01 2.076091e+01
2.041500e+01 2.050000e+01 2.082920e+01 2.075644e+01 2.041000e+01 2.050500e+01 2.082824e+01 2.075584e+01
2.042000e+01 2.049500e+01 2.083004e+01 2.075710e+01 2.041500e+01 2.050000e+01 2.082920e+01 2.075644e+01
2.122000e+01 2.049500e+01 2.079942e+01 2.076091e+01 2.122000e+01 2.050500e+01 2.079566e+01 2.076332e+01
2.041000e+01 2.050500e+01 2.082824e+01 2.075584e+01 2.041000e+01 2.051500e+01 2.083229e+01 2.075851e+01
2.122000e+01 2.050500e+01 2.079566e+01 2.076332e+01 2.122500e+01 2.051000e+01 2.079678e+01 2.076257e+01
2.122500e+01 2.051000e+01 2.079678e+01 2.076257e+01 2.123000e+01 2.051500e+01 2.079802e+01 2.076189e+01
2.040500e+01 2.052000e+01 2.083120e+01 2.075774e+01 2.040000e+01 2.052500e+01 2.082999e+01 2.075704e+01
2.041000e+01 2.051500e+01 2.083229e+01 2.075851e+01 2.040500e+01 2.052000e+01 2.083120e+01 2.075774e+01
2.123000e+01 2.051500e+01 2.079802e+01 2.076189e+01 2.123000e+01 2.052500e+01 2.079445e+01 2.076394e+01
2.040000e+01 2.052500e+01 2.082999e+01 2.075704e+01 2.040000e+01 2.053500e+01 2.083386e+01 2.075935e+01
2.123000e+01 2.052500e+01 2.079445e+01 2.076394e+01 2.123500e+01 2.053000e+01 2.079585e+01 2.076311e+01
2.123500e+01 2.053000e+01 2.079585e+01 2.076311e+01 2.124000e+01 2.053500e+01 2.079737e+01 2.076237e+01
2.039500e+01 2.054000e+01 2.083251e+01 2.075850e+01 2.039000e+01 2.054500e+01 2.083104e+01 2.075772e+01
2.040000e+01 2.053500e+01 2.083386e+01 2.075935e+01 2.039500e+01 2.054000e+01 2.083251e+01 2.075850e+01
2.124000e+01 2.053500e+01 2.079737e+01 2.076237e+01 2.124000e+01 2.054500e+01 2.079403e+01 2.076409e+01
2.039000e+01 2.054500e+01 2.083104e+01 2.075772e+01 2.039000e+01 2.055500e+01 2.083469e+01 2.075969e+01
2.124000e+01 2.054500e+01 2.079403e+01 2.076409e+01 2.124500e+01 2.055000e+01 2.079572e+01 2.076323e+01
2.124500e+01 2.055000e+01 2.079572e+01 2.076323e+01 2.125000e+01 2.055500e+01 2.079754e+01 2.076245e+01
2.038500e+01 2.056000e+01 2.083307e+01 2.075880e+01 2.038000e+01 2.056500e+01 2.083133e+01 2.075798e+01
2.039000e+01 2.055500e+01 2.083469e+01 2.075969e+01 2.038500e+01 2.056000e+01 2.083307e+01 2.075880e+01
2.125000e+01 2.055500e+01 2.079754e+01 2.076245e+01 2.125000e+01 2.056500e+01 2.079446e+01 2.076389e+01
2.038000e+01 2.056500e+01 2.083133e+01 2.075798e+01 2.038000e+01 2.057500e+01 2.083473e+01 2.075966e+01
2.125000e+01 2.056500e+01 2.079446e+01 2.076389e+01 2.125000e+01 2.057500e+01 2.079148e+01 2.076515e+01
2.038000e+01 2.057500e+01 2.083473e+01 2.075966e+01 2.038000e+01 2.058500e+01 2.083804e+01 2.076115e+01
2.125000e+01 2.057500e+01 2.079148e+01 2.076515e+01 2.125500e+01 2.058000e+01 2.079358e+01 2.076425e+01
2.125500e+01 2.058000e+01 2.079358e+01 2.076425e+01 2.126000e+01 2.058500e+01 2.079579e+01 2.076346e+01
2.037500e+01 2.059000e+01 2.083604e+01 2.076020e+01 2.037000e+01 2.059500e+01 2.083393e+01 2.075934e+01
2.038000e+01 2.058500e+01 2.083804e+01 2.076115e+01 2.037500e+01 2.059000e+01 2.083604e+01 2.076020e+01
2.126000e+01 2.058500e+01 2.079579e+01 2.076346e+01 2.126000e+01 2.059500e+01 2.079312e+01 2.076449e+01
2.037000e+01 2.059500e+01 2.083393e+01 2.075934e+01 2.037000e+01 2.060500e+01 2.083695e+01 2.076059e+01
2.126000e+01 2.059500e+01 2.079312e+01 2.076449e+01 2.126000e+01 2.060500e+01 2.079056e+01 2.076537e+01
2.037000e+01 2.060500e+01 2.083695e+01 2.076059e+01 2.037000e+01 2.061500e+01 2.083985e+01 2.076167e+01
2.078500e+01 2.061000e+01 2.086190e+01 2.096054e+01 2.078000e+01 2.061500e+01 2.086981e+01 2.095904e+01
2.078500e+01 2.061000e+01 2.086190e+01 2.096054e+01 2.079500e+01 2.061000e+01 2.084838e+01 2.096264e+01
2.079500e+01 2.061000e+01 2.084838e+01 2.096264e+01 2.080500e+01 2.061000e+01 2.083444e+01 2.096390e+01
2.080500e+01 2.061000e+01 2.083444e+01 2.096390e+01 2.081500e+01 2.061000e+01 2.082025e+01 2.096428e+01
2.081500e+01 2.061000e+01 2.082025e+01 2.096428e+01 2.082500e+01 2.061000e+01 2.080600e+01 2.096376e+01
2.082500e+01 2.061000e+01 2.080600e+01 2.096376e+01 2.083500e+01 2.061000e+01 2.079185e+01 2.096235e+01
2.083500e+01 2.061000e+01 2.079185e+01 2.096235e+01 2.084500e+01 2.061000e+01 2.077801e+01 2.096008e+01
2.084500e+01 2.061000e+01 2.077801e+01 2.096008e+01 2.085000e+01 2.061500e+01 2.076978e+01 2.095837e+01
2.126000e+01 2.060500e+01 2.079056e+01 2.076537e+01 2.126000e+01 2.061500e+01 2.078814e+01 2.076610e+01
2.036500e+01 2.062000e+01 2.083745e+01 2.076074e+01 2.036000e+01 2.062500e+01 2.083496e+01 2.075991e+01
2.037000e+01 2.061500e+01 2.083985e+01 2.076167e+01 2.036500e+01 2.062000e+01 2.083745e+01 2.076074e+01
2.075500e+01 2.062000e+01 2.090315e+01 2.094878e+01 2.075000e+01 2.062500e+01 2.091117e+01 2.094550e+01
2.075500e+01 2.062000e+01 2.090315e+01 2.094878e+01 2.076500e+01 2.062000e+01 2.089112e+01 2.095322e+01
2.076500e+01 2.062000e+01 2.089112e+01 2.095322e+01 2.077500e+01 2.062000e+01 2.087818e+01 2.095700e+01
2.078000e+01 2.061500e+01 2.086981e+01 2.095904e+01 2.077500e+01 2.062000e+01 2.087818e+01 2.095700e+01
2.085000e+01 2.061500e+01 2.076978e+01 2.095837e+01 2.085500e+01 2.062000e+01 2.076105e+01 2.095605e+01
2.085500e+01 2.062000e+01 2.076105e+01 2.095605e+01 2.086500e+01 2.062000e+01 2.074758e+01 2.095200e+01
2.086500e+01 2.062000e+01 2.074758e+01 2.095200e+01 2.087500e+01 2.062000e+01 2.073493e+01 2.094728e+01
2.087500e+01 2.062000e+01 2.073493e+01 2.094728e+01 2.088000e+01 2.062500e+01 2.072644e+01 2.094360e+01
2.126000e+01 2.061500e+01 2.078814e+01 2.076610e+01 2.126500e+01 2.062000e+01 2.079077e+01 2.076524e+01
2.126500e+01 2.062000e+01 2.079077e+01 2.076524e+01 2.127000e+01 2.062500e+01 2.079350e+01 2.076450e+01
2.036000e+01 2.062500e+01 2.083496e+01 2.075991e+01 2.036000e+01 2.063500e+01 2.083753e+01 2.076080e+01
2.074500e+01 2.063000e+01 2.091954e+01 2.094160e+01 2.074000e+01 2.063500e+01 2.092756e+01 2.093738e+01
2.075000e+01 2.062500e+01 2.091117e+01 2.094550e+01 2.074500e+01 2.063000e+01 2.091954e+01 2.094160e+01
2.088000e+01 2.062500e+01 2.072644e+01 2.094360e+01 2.088500e+01 2.063000e+01 2.071756e+01 2.093923e+01
2.088500e+01 2.063000e+01 2.071756e+01 2.093923e+01 2.089500e+01 2.063000e+01 2.070646e+01 2.093324e+01
2.089500e+01 2.063000e+01 2.070646e+01 2.093324e+01 2.090000e+01 2.063500e+01 2.069833e+01 2.092824e+01
2.127000e+01 2.062500e+01 2.079350e+01 2.076450e+01 2.127000e+01 2.063500e+01 2.079143e+01 2.076509e+01
2.036000e+01 2.063500e+01 2.083753e+01 2.076080e+01 2.036000e+01 2.064500e+01 2.083997e+01 2.076156e+01
2.072500e+01 2.064000e+01 2.094543e+01 2.092639e+01 2.072000e+01 2.064500e+01 2.095276e+01 2.092111e+01
2.072500e+01 2.064000e+01 2.094543e+01 2.092639e+01 2.073500e+01 2.064000e+01 2.093587e+01 2.093251e+01
2.074000e+01 2.063500e+01 2.092756e+01 2.093738e+01 2.073500e+01 2.064000e+01 2.093587e+01 2.093251e+01
2.090000e+01 2.063500e+01 2.069833e+01 2.092824e+01 2.090500e+01 2.064000e+01 2.068997e+01 2.092256e+01
2.090500e+01 2.064000e+01 2.068997e+01 2.092256e+01 2.091500e+01 2.064000e+01 2.068104e+01 2.091584e+01
2.091500e+01 2.064000e+01 2.068104e+01 2.091584e+01 2.092000e+01 2.064500e+01 2.067379e+01 2.090988e+01
2.127000e+01 2.063500e+01 2.079143e+01 2.076509e+01 2.127000e+01 2.064500e+01 2.078950e+01 2.076555e+01
2.036000e+01 2.064500e+01 2.083997e+01 2.076156e+01 2.036000e+01 2.065500e+01 2.084227e+01 2.076217e+01
2.071500e+01 2.065000e+01 2.096021e+01 2.091522e+01 2.071000e+01 2.065500e+01 2.096708e+01 2.090925e+01
2.072000e+01 2.064500e+01 2.095276e+01 2.092111e+01 2.071500e+01 2.065000e+01 2.096021e+01 2.091522e+01
2.092000e+01 2.064500e+01 2.067379e+01 2.090988e+01 2.092500e+01 2.065000e+01 2.066648e+01 2.090329e+01
2.092500e+01 2.065000e+01 2.066648e+01 2.090329e+01 2.093000e+01 2.065500e+01 2.065982e+01 2.089671e+01
2.127000e+01 2.064500e+01 2.078950e+01 2.076555e+01 2.127000e+01 2.065500e+01 2.078773e+01 2.076591e+01
2.035500e+01 2.066000e+01 2.083936e+01 2.076134e+01 2.035000e+01 2.066500e+01 2.083639e+01 2.076062e+01
2.036000e+01 2.065500e+01 2.084227e+01 2.076217e+01 2.035500e+01 2.066000e+01 2.083936e+01 2.076134e+01
2.070500e+01 2.066000e+01 2.097395e+01 2.090269e+01 2.070000e+01 2.066500e+01 2.098019e+01 2.089617e+01
2.071000e+01 2.065500e+01 2.096708e+01 2.090925e+01 2.070500e+01 2.066000e+01 2.097395e+01 2.090269e+01
2.093000e+01 2.065500e+01 2.065982e+01 2.089671e+01 2.093500e+01 2.066000e+01 2.065323e+01 2.088958e+01
2.093500e+01 2.066000e+01 2.065323e+01 2.088958e+01 2.094000e+01 2.066500e+01 2.064732e+01 2.088256e+01
2.127000e+01 2.065500e+01 2.078773e+01 2.076591e+01 2.127000e+01 2.066500e+01 2.078612e+01 2.076615e+01
2.035000e+01 2.066500e+01 2.083639e+01 2.076062e+01 2.035000e+01 2.067500e+01 2.083832e+01 2.076114e+01
2.069500e+01 2.067000e+01 2.098633e+01 2.088913e+01 2.069000e+01 2.067500e+01 2.099180e+01 2.088222e+01
2.070000e+01 2.066500e+01 2.098019e+01 2.089617e+01 2.069500e+01 2.067000e+01 2.098633e+01 2.088913e+01
2.094000e+01 2.066500e+01 2.064732e+01 2.088256e+01 2.094000e+01 2.067500e+01 2.064080e+01 2.087411e+01
2.127000e+01 2.066500e+01 2.078612e+01 2.076615e+01 2.127500e+01 2.067000e+01 2.078941e+01 2.076551e+01
2.127500e+01 2.067000e+01 2.078941e+01 2.076551e+01 2.128000e+01 2.067500e+01 2.079276e+01 2.076497e+01
2.035000e+01 2.067500e+01 2.083832e+01 2.076114e+01 2.035000e+01 2.068500e+01 2.084010e+01 2.076156e+01
2.068500e+01 2.068000e+01 2.099708e+01 2.087487e+01 2.068000e+01 2.068500e+01 2.100170e+01 2.086775e+01
2.069000e+01 2.067500e+01 2.099180e+01 2.088222e+01 2.068500e+01 2.068000e+01 2.099708e+01 2.087487e+01
2.094000e+01 2.067500e+01 2.064080e+01 2.087411e+01 2.094500e+01 2.068000e+01 2.063529e+01 2.086621e+01
2.094500e+01 2.068000e+01 2.063529e+01 2.086621e+01 2.095000e+01 2.068500e+01 2.063051e+01 2.085859e+01
2.128000e+01 2.067500e+01 2.079276e+01 2.076497e+01 2.128000e+01 2.068500e+01 2.079154e+01 2.076520e+01
2.035000e+01 2.068500e+01 2.084010e+01 2.076156e+01 2.035000e+01 2.069500e+01 2.084172e+01 2.076188e+01
2.068000e+01 2.068500e+01 2.100170e+01 2.086775e+01 2.068000e+01 2.069500e+01 2.100724e+01 2.085835e+01
2.095000e+01 2.068500e+01 2.063051e+01 2.085859e+01 2.095000e+01 2.069500e+01 2.062489e+01 2.084836e+01
2.128000e+01 2.068500e+01 2.079154e+01 2.076520e+01 2.128000e+01 2.069500e+01 2.079048e+01 2.076537e+01
2.035000e+01 2.069500e+01 2.084172e+01 2.076188e+01 2.035000e+01 2.070500e+01 2.084316e+01 2.076210e+01
2.067500e+01 2.070000e+01 2.101127e+01 2.085061e+01 2.067000e+01 2.070500e+01 2.101466e+01 2.084322e+01
2.068000e+01 2.069500e+01 2.100724e+01 2.085835e+01 2.067500e+01 2.070000e+01 2.101127e+01 2.085061e+01
2.095000e+01 2.069500e+01 2.062489e+01 2.084836e+01 2.095500e+01 2.070000e+01 2.062081e+01 2.084022e+01
2.095500e+01 2.070000e+01 2.062081e+01 2.084022e+01 2.096000e+01 2.070500e+01 2.061741e+01 2.083248e+01
2.128000e+01 2.069500e+01 2.079048e+01 2.076537e+01 2.128000e+01 2.070500e+01 2.078960e+01 2.076547e+01
2.035000e+01 2.070500e+01 2.084316e+01 2.076210e+01 2.035000e+01 2.071500e+01 2.084444e+01 2.076225e+01
2.067000e+01 2.070500e+01 2.101466e+01 2.084322e+01 2.067000e+01 2.071500e+01 2.101900e+01 2.083244e+01
2.096000e+01 2.070500e+01 2.061741e+01 2.083248e+01 2.096000e+01 2.071500e+01 2.061313e+01 2.082110e+01
2.128000e+01 2.070500e+01 2.078960e+01 2.076547e+01 2.128000e+01 2.071500e+01 2.078890e+01 2.076552e+01
2.035000e+01 2.071500e+01 2.084444e+01 2.076225e+01 2.035000e+01 2.072500e+01 2.084554e+01 2.076233e+01
2.067000e+01 2.071500e+01 2.101900e+01 2.083244e+01 2.067000e+01 2.072500e+01 2.102271e+01 2.082087e+01
2.096000e+01 2.071500e+01 2.061313e+01 2.082110e+01 2.096000e+01 2.072500e+01 2.060952e+01 2.080905e+01
2.128000e+01 2.071500e+01 2.078890e+01 2.076552e+01 2.128000e+01 2.072500e+01 2.078837e+01 2.076553e+01
2.035000e+01 2.072500e+01 2.084554e+01 2.076233e+01 2.035000e+01 2.073500e+01 2.084647e+01 2.076235e+01
2.066500e+01 2.073000e+01 2.102489e+01 2.081325e+01 2.066000e+01 2.073500e+01 2.102651e+01 2.080606e+01
2.067000e+01 2.072500e+01 2.102271e+01 2.082087e+01 2.066500e+01 2.073000e+01 2.102489e+01 2.081325e+01
2.096000e+01 2.072500e+01 2.060952e+01 2.080905e+01 2.096500e+01 2.073000e+01 2.060750e+01 2.080133e+01
2.096500e+01 2.073000e+01 2.060750e+01 2.080133e+01 2.097000e+01 2.073500e+01 2.060605e+01 2.079409e+01
2.128000e+01 2.072500e+01 2.078837e+01 2.076553e+01 2.128000e+01 2.073500e+01 2.078803e+01 2.076551e+01
2.034500e+01 2.074000e+01 2.084266e+01 2.076197e+01 2.034000e+01 2.074500e+01 2.083882e+01 2.076168e+01
2.035000e+01 2.073500e+01 2.084647e+01 2.076235e+01 2.034500e+01 2.074000e+01 2.084266e+01 2.076197e+01
2.066000e+01 2.073500e+01 2.102651e+01 2.080606e+01 2.066000e+01 2.074500e+01 2.102862e+01 2.079402e+01
2.097000e+01 2.073500e+01 2.060605e+01 2.079409e+01 2.097000e+01 2.074500e+01 2.060416e+01 2.078193e+01
2.128000e+01 2.073500e+01 2.078803e+01 2.076551e+01 2.128000e+01 2.074500e+01 2.078786e+01 2.076547e+01
2.034000e+01 2.074500e+01 2.083882e+01 2.076168e+01 2.034000e+01 2.075500e+01 2.083936e+01 2.076180e+01
2.066000e+01 2.074500e+01 2.102862e+01 2.079402e+01 2.066000e+01 2.075500e+01 2.102993e+01 2.078161e+01
2.097000e+01 2.074500e+01 2.060416e+01 2.078193e+01 2.097000e+01 2.075500e+01 2.060307e+01 2.076956e+01
2.128000e+01 2.074500e+01 2.078786e+01 2.076547e+01 2.128000e+01 2.075500e+01 2.078789e+01 2.076543e+01
2.034000e+01 2.075500e+01 2.083936e+01 2.076180e+01 2.034000e+01 2.076500e+01 2.083973e+01 2.076189e+01
2.066000e+01 2.075500e+01 2.102993e+01 2.078161e+01 2.066000e+01 2.076500e+01 2.103040e+01 2.076897e+01
2.097000e+01 2.075500e+01 2.060307e+01 2.076956e+01 2.097000e+01 2.076500e+01 2.060280e+01 2.075714e+01
2.128000e+01 2.075500e+01 2.078789e+01 2.076543e+01 2.128000e+01 2.076500e+01 2.078809e+01 2.076539e+01
2.034000e+01 2.076500e+01 2.083973e+01 2.076189e+01 2.034000e+01 2.077500e+01 2.083992e+01 2.076196e+01
2.066000e+01 2.076500e+01 2.103040e+01 2.076897e+01 2.066000e+01 2.077500e+01 2.103003e+01 2.075624e+01
2.097000e+01 2.076500e+01 2.060280e+01 2.075714e+01 2.097000e+01 2.077500e+01 2.060337e+01 2.074481e+01
2.128000e+01 2.076500e+01 2.078809e+01 2.076539e+01 2.128000e+01 2.077500e+01 2.078848e+01 2.076536e+01
2.034000e+01 2.077500e+01 2.083992e+01 2.076196e+01 2.034000e+01 2.078500e+01 2.083993e+01 2.076204e+01
2.066000e+01 2.077500e+01 2.103003e+01 2.075624e+01 2.066000e+01 2.078500e+01 2.102881e+01 2.074359e+01
2.097000e+01 2.077500e+01 2.060337e+01 2.074481e+01 2.097000e+01 2.078500e+01 2.060475e+01 2.073272e+01
2.128000e+01 2.077500e+01 2.078848e+01 2.076536e+01 2.128000e+01 2.078500e+01 2.078906e+01 2.076537e+01
2.034000e+01 2.078500e+01 2.083993e+01 2.076204e+01 2.034000e+01 2.079500e+01 2.083976e+01 2.076212e+01
2.066000e+01 2.078500e+01 2.102881e+01 2.074359e+01 2.066000e+01 2.079500e+01 2.102677e+01 2.073118e+01
2.096500e+01 2.079000e+01 2.060581e+01 2.072579e+01 2.096000e+01 2.079500e+01 2.060738e+01 2.071842e+01
2.097000e+01 2.078500e+01 2.060475e+01 2.073272e+01 2.096500e+01 2.079000e+01 2.060581e+01 2.072579e+01
2.128000e+01 2.078500e+01 2.078906e+01 2.076537e+01 2.128000e+01 2.079500e+01 2.078981e+01 2.076541e+01
2.034000e+01 2.079500e+01 2.083976e+01 2.076212e+01 2.034000e+01 2.080500e+01 2.083941e+01 2.076222e+01
2.066000e+01 2.079500e+01 2.102677e+01 2.073118e+01 2.066000e+01 2.080500e+01 2.102395e+01 2.071914e+01
2.096000e+01 2.079500e+01 2.060738e+01 2.071842e+01 2.096000e+01 2.080500e+01 2.061041e+01 2.070649e+01
2.128000e+01 2.079500e+01 2.078981e+01 2.076541e+01 2.128000e+01 2.080500e+01 2.079075e+01 2.076550e+01
2.034000e+01 2.080500e+01 2.083941e+01 2.076222e+01 2.034500e+01 2.081000e+01 2.084333e+01 2.076202e+01
2.034500e+01 2.081000e+01 2.084333e+01 2.076202e+01 2.035000e+01 2.081500e+01 2.084720e+01 2.076171e+01
2.066000e+01 2.080500e+01 2.102395e+01 2.071914e+01 2.066000e+01 2.081500e+01 2.102042e+01 2.070761e+01
2.096000e+01 2.080500e+01 2.061041e+01 2.070649e+01 2.096000e+01 2.081500e+01 2.061413e+01 2.069524e+01
2.128000e+01 2.080500e+01 2.079075e+01 2.076550e+01 2.128000e+01 2.081500e+01 2.079186e+01 2.076565e+01
2.035000e+01 2.081500e+01 2.084720e+01 2.076171e+01 2.035000e+01 2.082500e+01 2.084646e+01 2.076170e+01
2.066000e+01 2.081500e+01 2.102042e+01 2.070761e+01 2.066500e+01 2.082000e+01 2.101781e+01 2.070006e+01
2.066500e+01 2.082000e+01 2.101781e+01 2.070006e+01 2.067000e+01 2.082500e+01 2.101455e+01 2.069208e+01
2.095500e+01 2.082000e+01 2.061697e+01 2.068783e+01 2.095000e+01 2.082500e+01 2.062044e+01 2.068004e+01
2.096000e+01 2.081500e+01 2.061413e+01 2.069524e+01 2.095500e+01 2.082000e+01 2.061697e+01 2.068783e+01
2.128000e+01 2.081500e+01 2.079186e+01 2.076565e+01 2.128000e+01 2.082500e+01 2.079314e+01 2.076586e+01
2.035000e+01 2.082500e+01 2.084646e+01 2.076170e+01 2.035000e+01 2.083500e+01 2.084554e+01 2.076175e+01
2.067000e+01 2.082500e+01 2.101455e+01 2.069208e+01 2.067000e+01 2.083500e+01 2.100953e+01 2.068136e+01
2.095000e+01 2.082500e+01 2.062044e+01 2.068004e+01 2.095000e+01 2.083500e+01 2.062551e+01 2.066992e+01
2.128000e+01 2.082500e+01 2.079314e+01 2.076586e+01 2.128000e+01 2.083500e+01 2.079459e+01 2.076616e+01
2.035000e+01 2.083500e+01 2.084554e+01 2.076175e+01 2.035000e+01 2.084500e+01 2.084445e+01 2.076186e+01
2.067000e+01 2.083500e+01 2.100953e+01 2.068136e+01 2.067500e+01 2.084000e+01 2.100548e+01 2.067369e+01
2.067500e+01 2.084000e+01 2.100548e+01 2.067369e+01 2.068000e+01 2.084500e+01 2.100072e+01 2.066568e+01
2.094500e+01 2.084000e+01 2.062966e+01 2.066260e+01 2.094000e+01 2.084500e+01 2.063448e+01 2.065499e+01
2.095000e+01 2.083500e+01 2.062551e+01 2.066992e+01 2.094500e+01 2.084000e+01 2.062966e+01 2.066260e+01
2.128000e+01 2.083500e+01 2.079459e+01 2.076616e+01 2.128000e+01 2.084500e+01 2.079621e+01 2.076655e+01
2.035000e+01 2.084500e+01 2.084445e+01 2.076186e+01 2.035000e+01 2.085500e+01 2.084319e+01 2.076204e+01
2.068000e+01 2.084500e+01 2.100072e+01 2.066568e+01 2.068000e+01 2.085500e+01 2.099458e+01 2.065644e+01
2.093500e+01 2.085000e+01 2.063955e+01 2.064776e+01 2.093000e+01 2.085500e+01 2.064530e+01 2.064034e+01
2.094000e+01 2.084500e+01 2.063448e+01 2.065499e+01 2.093500e+01 2.085000e+01 2.063955e+01 2.064776e+01
2.127500e+01 2.085000e+01 2.079301e+01 2.076590e+01 2.127000e+01 2.085500e+01 2.078988e+01 2.076515e+01
2.128000e+01 2.084500e+01 2.079621e+01 2.076655e+01 2.127500e+01 2.085000e+01 2.079301e+01 2.076590e+01
2.035000e+01 2.085500e+01 2.084319e+01 2.076204e+01 2.035000e+01 2.086500e+01 2.084176e+01 2.076231e+01
2.068000e+01 2.085500e+01 2.099458e+01 2.065644e+01 2.068500e+01 2.086000e+01 2.098927e+01 2.064914e+01
2.068500e+01 2.086000e+01 2.098927e+01 2.064914e+01 2.069000e+01 2.086500e+01 2.098325e+01 2.064164e+01
2.093000e+01 2.085500e+01 2.064530e+01 2.064034e+01 2.093000e+01 2.086500e+01 2.065168e+01 2.063282e+01
2.127000e+01 2.085500e+01 2.078988e+01 2.076515e+01 2.127000e+01 2.086500e+01 2.079187e+01 2.076559e+01
2.035000e+01 2.086500e+01 2.084176e+01 2.076231e+01 2.035000e+01 2.087500e+01 2.084017e+01 2.076267e+01
2.069000e+01 2.086500e+01 2.098325e+01 2.064164e+01 2.069500e+01 2.087000e+01 2.097708e+01 2.063463e+01
2.069500e+01 2.087000e+01 2.097708e+01 2.063463e+01 2.070000e+01 2.087500e+01 2.097023e+01 2.062753e+01
2.092500e+01 2.087000e+01 2.065769e+01 2.062638e+01 2.092000e+01 2.087500e+01 2.066434e+01 2.061989e+01
2.093000e+01 2.086500e+01 2.065168e+01 2.063282e+01 2.092500e+01 2.087000e+01 2.065769e+01 2.062638e+01
2.127000e+01 2.086500e+01 2.079187e+01 2.076559e+01 2.127000e+01 2.087500e+01 2.079401e+01 2.076614e+01
2.035000e+01 2.087500e+01 2.084017e+01 2.076267e+01 2.035500e+01 2.088000e+01 2.084327e+01 2.076203e+01
2.035500e+01 2.088000e+01 2.084327e+01 2.076203e+01 2.036000e+01 2.088500e+01 2.084629e+01 2.076128e+01
2.070000e+01 2.087500e+01 2.097023e+01 2.062753e+01 2.070500e+01 2.088000e+01 2.096334e+01 2.062101e+01
2.070500e+01 2.088000e+01 2.096334e+01 2.062101e+01 2.071000e+01 2.088500e+01 2.095581e+01 2.061451e+01
2.090500e+01 2.088000e+01 2.067899e+01 2.060751e+01 2.090000e+01 2.088500e+01 2.068680e+01 2.060176e+01
2.090500e+01 2.088000e+01 2.067899e+01 2.060751e+01 2.091500e+01 2.088000e+01 2.067099e+01 2.061398e+01
2.092000e+01 2.087500e+01 2.066434e+01 2.061989e+01 2.091500e+01 2.088000e+01 2.067099e+01 2.061398e+01
2.127000e+01 2.087500e+01 2.079401e+01 2.076614e+01 2.127000e+01 2.088500e+01 2.079630e+01 2.076683e+01
2.036000e+01 2.088500e+01 2.084629e+01 2.076128e+01 2.036000e+01 2.089500e+01 2.084432e+01 2.076170e+01
2.071000e+01 2.088500e+01 2.095581e+01 2.061451e+01 2.071500e+01 2.089000e+01 2.094836e+01 2.060865e+01
2.071500e+01 2.089000e+01 2.094836e+01 2.060865e+01 2.072500e+01 2.089000e+01 2.093900e+01 2.060200e+01
2.072500e+01 2.089000e+01 2.093900e+01 2.060200e+01 2.073000e+01 2.089500e+01 2.093049e+01 2.059648e+01
2.089500e+01 2.089000e+01 2.069444e+01 2.059666e+01 2.089000e+01 2.089500e+01 2.070256e+01 2.059177e+01
2.090000e+01 2.088500e+01 2.068680e+01 2.060176e+01 2.089500e+01 2.089000e+01 2.069444e+01 2.059666e+01
2.127000e+01 2.088500e+01 2.079630e+01 2.076683e+01 2.127000e+01 2.089500e+01 2.079873e+01 2.076764e+01
2.036000e+01 2.089500e+01 2.084432e+01 2.076170e+01 2.036000e+01 2.090500e+01 2.084221e+01 2.076226e+01
2.073000e+01 2.089500e+01 2.093049e+01 2.059648e+01 2.073500e+01 2.090000e+01 2.092223e+01 2.059166e+01
2.073500e+01 2.090000e+01 2.092223e+01 2.059166e+01 2.074500e+01 2.090000e+01 2.091077e+01 2.058584e+01
2.074500e+01 2.090000e+01 2.091077e+01 2.058584e+01 2.075000e+01 2.090500e+01 2.090184e+01 2.058169e+01
2.087500e+01 2.090000e+01 2.072152e+01 2.058219e+01 2.087000e+01 2.090500e+01 2.073003e+01 2.057859e+01
2.087500e+01 2.090000e+01 2.072152e+01 2.058219e+01 2.088500e+01 2.090000e+01 2.071042e+01 2.058752e+01
2.089000e+01 2.089500e+01 2.070256e+01 2.059177e+01 2.088500e+01 2.090000e+01 2.071042e+01 2.058752e+01
2.126500e+01 2.090000e+01 2.079612e+01 2.076684e+01 2.126000e+01 2.090500e+01 2.079360e+01 2.076594e+01
2.127000e+01 2.089500e+01 2.079873e+01 2.076764e+01 2.126500e+01 2.090000e+01 2.079612e+01 2.076684e+01
2.036000e+01 2.090500e+01 2.084221e+01 2.076226e+01 2.036000e+01 2.091500e+01 2.083995e+01 2.076294e+01
2.075000e+01 2.090500e+01 2.090184e+01 2.058169e+01 2.075500e+01 2.091000e+01 2.089332e+01 2.057822e+01
2.075500e+01 2.091000e+01 2.089332e+01 2.057822e+01 2.076500e+01 2.091000e+01 2.088043e+01 2.057375e+01
2.076500e+01 2.091000e+01 2.088043e+01 2.057375e+01 2.077500e+01 2.091000e+01 2.086677e+01 2.056999e+01
2.077500e+01 2.091000e+01 2.086677e+01 2.056999e+01 2.078000e+01 2.091500e+01 2.085814e+01 2.056793e+01
2.084500e+01 2.091000e+01 2.076407e+01 2.056831e+01 2.084000e+01 2.091500e+01 2.077234e+01 2.056663e+01
2.084500e+01 2.091000e+01 2.076407e+01 2.056831e+01 2.085500e+01 2.091000e+01 2.075070e+01 2.057160e+01
2.085500e+01 2.091000e+01 2.075070e+01 2.057160e+01 2.086500e+01 2.091000e+01 2.073815e+01 2.057561e+01
2.087000e+01 2.090500e+01 2.073003e+01 2.057859e+01 2.086500e+01 2.091000e+01 2.073815e+01 2.057561e+01
2.126000e+01 2.090500e+01 2.079360e+01 2.076594e+01 2.126000e+01 2.091500e+01 2.079636e+01 2.076692e+01
2.036000e+01 2.091500e+01 2.083995e+01 2.076294e+01 2.036500e+01 2.092000e+01 2.084253e+01 2.076216e+01
2.036500e+01 2.092000e+01 2.084253e+01 2.076216e+01 2.037000e+01 2.092500e+01 2.084500e+01 2.076128e+01
2.078000e+01 2.091500e+01 2.085814e+01 2.056793e+01 2.078500e+01 2.092000e+01 2.085002e+01 2.056645e+01
2.078500e+01 2.092000e+01 2.085002e+01 2.056645e+01 2.079500e+01 2.092000e+01 2.083614e+01 2.056450e+01
2.079500e+01 2.092000e+01 2.083614e+01 2.056450e+01 2.080500e+01 2.092000e+01 2.082204e+01 2.056342e+01
2.080500e+01 2.092000e+01 2.082204e+01 2.056342e+01 2.081500e+01 2.092000e+01 2.080788e+01 2.056323e+01
2.081500e+01 2.092000e+01 2.080788e+01 2.056323e+01 2.082500e+01 2.092000e+01 2.079386e+01 2.056392e+01
2.082500e+01 2.092000e+01 2.079386e+01 2.056392e+01 2.083500e+01 2.092000e+01 2.078015e+01 2.056548e+01
2.084000e+01 2.091500e+01 2.077234e+01 2.056663e+01 2.083500e+01 2.092000e+01 2.078015e+01 2.056548e+01
2.126000e+01 2.091500e+01 2.079636e+01 2.076692e+01 2.126000e+01 2.092500e+01 2.079925e+01 2.076806e+01
2.037000e+01 2.092500e+01 2.084500e+01 2.076128e+01 2.037000e+01 2.093500e+01 2.084240e+01 2.076212e+01
2.125500e+01 2.093000e+01 2.079702e+01 2.076721e+01 2.125000e+01 2.093500e+01 2.079489e+01 2.076626e+01
2.126000e+01 2.092500e+01 2.079925e+01 2.076806e+01 2.125500e+01 2.093000e+01 2.079702e+01 2.076721e+01
2.037000e+01 2.093500e+01 2.084240e+01 2.076212e+01 2.037000e+01 2.094500e+01 2.083969e+01 2.076313e+01
2.125000e+01 2.093500e+01 2.079489e+01 2.076626e+01 2.125000e+01 2.094500e+01 2.079809e+01 2.076763e+01
2.037000e+01 2.094500e+01 2.083969e+01 2.076313e+01 2.037000e+01 2.095500e+01 2.083686e+01 2.076431e+01
2.125000e+01 2.094500e+01 2.079809e+01 2.076763e+01 2.125000e+01 2.095500e+01 2.080138e+01 2.076918e+01
2.037000e+01 2.095500e+01 2.083686e+01 2.076431e+01 2.037500e+01 2.096000e+01 2.083892e+01 2.076351e+01
2.037500e+01 2.096000e+01 2.083892e+01 2.076351e+01 2.038000e+01 2.096500e+01 2.084087e+01 2.076262e+01
2.124500e+01 2.096000e+01 2.079953e+01 2.076835e+01 2.124000e+01 2.096500e+01 2.079778e+01 2.076743e+01
2.125000e+01 2.095500e+01 2.080138e+01 2.076918e+01 2.124500e+01 2.096000e+01 2.079953e+01 2.076835e+01
2.038000e+01 2.096500e+01 2.084087e+01 2.076262e+01 2.038000e+01 2.097500e+01 2.083775e+01 2.076405e+01
2.124000e+01 2.096500e+01 2.079778e+01 2.076743e+01 2.124000e+01 2.097500e+01 2.080133e+01 2.076926e+01
2.038000e+01 2.097500e+01 2.083775e+01 2.076405e+01 2.038500e+01 2.098000e+01 2.083951e+01 2.076325e+01
2.038500e+01 2.098000e+01 2.083951e+01 2.076325e+01 2.039000e+01 2.098500e+01 2.084115e+01 2.076236e+01
2.123500e+01 2.098000e+01 2.079976e+01 2.076846e+01 2.123000e+01 2.098500e+01 2.079830e+01 2.076757e+01
2.124000e+01 2.097500e+01 2.080133e+01 2.076926e+01 2.123500e+01 2.098000e+01 2.079976e+01 2.076846e+01
2.039000e+01 2.098500e+01 2.084115e+01 2.076236e+01 2.039000e+01 2.099500e+01 2.083777e+01 2.076408e+01
2.123000e+01 2.098500e+01 2.079830e+01 2.076757e+01 2.123000e+01 2.099500e+01 2.080208e+01 2.076972e+01
2.039000e+01 2.099500e+01 2.083777e+01 2.076408e+01 2.039000e+01 2.100500e+01 2.083431e+01 2.076599e+01
2.122500e+01 2.100000e+01 2.080077e+01 2.076898e+01 2.122000e+01 2.100500e+01 2.079958e+01 2.076816e+01
2.123000e+01 2.099500e+01 2.080208e+01 2.076972e+01 2.122500e+01 2.100000e+01 2.080077e+01 2.076898e+01
2.039000e+01 2.100500e+01 2.083431e+01 2.076599e+01 2.039500e+01 2.101000e+01 2.083570e+01 2.076529e+01
2.039500e+01 2.101000e+01 2.083570e+01 2.076529e+01 2.040000e+01 2.101500e+01 2.083697e+01 2.076452e+01
2.122000e+01 2.100500e+01 2.079958e+01 2.076816e+01 2.122000e+01 2.101500e+01 2.080356e+01 2.077066e+01
2.040000e+01 2.101500e+01 2.083697e+01 2.076452e+01 2.040000e+01 2.102500e+01 2.083331e+01 2.076678e+01
2.121500e+01 2.102000e+01 2.080250e+01 2.077001e+01 2.121000e+01 2.102500e+01 2.080156e+01 2.076929e+01
2.122000e+01 2.101500e+01 2.080356e+01 2.077066e+01 2.121500e+01 2.102000e+01 2.080250e+01 2.077001e+01
2.040000e+01 2.102500e+01 2.083331e+01 2.076678e+01 2.040500e+01 2.103000e+01 2.083443e+01 2.076616e+01
2.040500e+01 2.103000e+01 2.083443e+01 2.076616e+01 2.041000e+01 2.103500e+01 2.083542e+01 2.076547e+01
2.121000e+01 2.102500e+01 2.080156e+01 2.076929e+01 2.121000e+01 2.103500e+01 2.080570e+01 2.077217e+01
2.041000e+01 2.103500e+01 2.083542e+01 2.076547e+01 2.041500e+01 2.104000e+01 2.083634e+01 2.076488e+01
2.041500e+01 2.104000e+01 2.083634e+01 2.076488e+01 2.042000e+01 2.104500e+01 2.083713e+01 2.076422e+01
2.120500e+01 2.104000e+01 2.080487e+01 2.077164e+01 2.120000e+01 2.104500e+01 2.080418e+01 2.077105e+01
2.121000e+01 2.103500e+01 2.080570e+01 2.077217e+01 2.120500e+01 2.104000e+01 2.080487e+01 2.077164e+01
2.042000e+01 2.104500e+01 2.083713e+01 2.076422e+01 2.042000e+01 2.105500e+01 2.083320e+01 2.076705e+01
2.120000e+01 2.104500e+01 2.080418e+01 2.077105e+01 2.120000e+01 2.105500e+01 2.080843e+01 2.077433e+01
2.042000e+01 2.105500e+01 2.083320e+01 2.076705e+01 2.042500e+01 2.106000e+01 2.083388e+01 2.076659e+01
2.042500e+01 2.106000e+01 2.083388e+01 2.076659e+01 2.043000e+01 2.106500e+01 2.083443e+01 2.076609e+01
2.119500e+01 2.106000e+01 2.080782e+01 2.077394e+01 2.119000e+01 2.106500e+01 2.080734e+01 2.077352e+01
2.120000e+01 2.105500e+01 2.080843e+01 2.077433e+01 2.119500e+01 2.106000e+01 2.080782e+01 2.077394e+01
2.043000e+01 2.106500e+01 2.083443e+01 2.076609e+01 2.043000e+01 2.107500e+01 2.083040e+01 2.076933e+01
2.118500e+01 2.107000e+01 2.080689e+01 2.077319e+01 2.118000e+01 2.107500e+01 2.080656e+01 2.077284e+01
2.119000e+01 2.106500e+01 2.080734e+01 2.077352e+01 2.118500e+01 2.107000e+01 2.080689e+01 2.077319e+01
2.043000e+01 2.107500e+01 2.083040e+01 2.076933e+01 2.043500e+01 2.108000e+01 2.083087e+01 2.076904e+01
2.043500e+01 2.108000e+01 2.083087e+01 2.076904e+01 2.044000e+01 2.108500e+01 2.083121e+01 2.076872e+01
2.117500e+01 2.108000e+01 2.080627e+01 2.077260e+01 2.117000e+01 2.108500e+01 2.080610e+01 2.077234e+01
2.118000e+01 2.107500e+01 2.080656e+01 2.077284e+01 2.117500e+01 2.108000e+01 2.080627e+01 2.077260e+01
2.044000e+01 2.108500e+01 2.083121e+01 2.076872e+01 2.044500e+01 2.109000e+01 2.083152e+01 2.076851e+01
2.044500e+01 2.109000e+01 2.083152e+01 2.076851e+01 2.045000e+01 2.109500e+01 2.083169e+01 2.076827e+01
2.117000e+01 2.108500e+01 2.080610e+01 2.077234e+01 2.117000e+01 2.109500e+01 2.081053e+01 2.077646e+01
2.045000e+01 2.109500e+01 2.083169e+01 2.076827e+01 2.045500e+01 2.110000e+01 2.083184e+01 2.076816e+01
2.045500e+01 2.110000e+01 2.083184e+01 2.076816e+01 2.046000e+01 2.110500e+01 2.083186e+01 2.076803e+01
2.116500e+01 2.110000e+01 2.081040e+01 2.077642e+01 2.116000e+01 2.110500e+01 2.081039e+01 2.077637e+01
2.117000e+01 2.109500e+01 2.081053e+01 2.077646e+01 2.116500e+01 2.110000e+01 2.081040e+01 2.077642e+01
2.046000e+01 2.110500e+01 2.083186e+01 2.076803e+01 2.046000e+01 2.111500e+01 2.082770e+01 2.077217e+01
2.115500e+01 2.111000e+01 2.081039e+01 2.077644e+01 2.115000e+01 2.111500e+01 2.081051e+01 2.077651e+01
2.116000e+01 2.110500e+01 2.081039e+01 2.077637e+01 2.115500e+01 2.111000e+01 2.081039e+01 2.077644e+01
2.046000e+01 2.111500e+01 2.082770e+01 2.077217e+01 2.046500e+01 2.112000e+01 2.082771e+01 2.077228e+01
2.046500e+01 2.112000e+01 2.082771e+01 2.077228e+01 2.047000e+01 2.112500e+01 2.082758e+01 2.077239e+01
2.114500e+01 2.112000e+01 2.081063e+01 2.077669e+01 2.114000e+01 2.112500e+01 2.081088e+01 2.077688e+01
2.115000e+01 2.111500e+01 2.081051e+01 2.077651e+01 2.114500e+01 2.112000e+01 2.081063e+01 2.077669e+01
2.047000e+01 2.112500e+01 2.082758e+01 2.077239e+01 2.047500e+01 2.113000e+01 2.082745e+01 2.077263e+01
2.047500e+01 2.113000e+01 2.082745e+01 2.077263e+01 2.048000e+01 2.113500e+01 2.082720e+01 2.077287e+01
2.113500e+01 2.113000e+01 2.081111e+01 2.077719e+01 2.113000e+01 2.113500e+01 2.081147e+01 2.077751e+01
2.114000e+01 2.112500e+01 2.081088e+01 2.077688e+01 2.113500e+01 2.113000e+01 2.081111e+01 2.077719e+01
2.048000e+01 2.113500e+01 2.082720e+01 2.077287e+01 2.048500e+01 2.114000e+01 2.082696e+01 2.077324e+01
2.048500e+01 2.114000e+01 2.082696e+01 2.077324e+01 2.049000e+01 2.114500e+01 2.082660e+01 2.077362e+01
2.112500e+01 2.114000e+01 2.081180e+01 2.077795e+01 2.112000e+01 2.114500e+01 2.081225e+01 2.077842e+01
2.113000e+01 2.113500e+01 2.081147e+01 2.077751e+01 2.112500e+01 2.114000e+01 2.081180e+01 2.077795e+01
2.049000e+01 2.114500e+01 2.082660e+01 2.077362e+01 2.049500e+01 2.115000e+01 2.082626e+01 2.077413e+01
2.049500e+01 2.115000e+01 2.082626e+01 2.077413e+01 2.050000e+01 2.115500e+01 2.082580e+01 2.077467e+01
2.111500e+01 2.115000e+01 2.081268e+01 2.077900e+01 2.111000e+01 2.115500e+01 2.081322e+01 2.077961e+01
2.112000e+01 2.114500e+01 2.081225e+01 2.077842e+01 2.111500e+01 2.115000e+01 2.081268e+01 2.077900e+01
2.050000e+01 2.115500e+01 2.082580e+01 2.077467e+01 2.050500e+01 2.116000e+01 2.082537e+01 2.077533e+01
2.050500e+01 2.116000e+01 2.082537e+01 2.077533e+01 2.051000e+01 2.116500e+01 2.082482e+01 2.077603e+01
2.110500e+01 2.116000e+01 2.081372e+01 2.078035e+01 2.110000e+01 2.116500e+01 2.081434e+01 2.078112e+01
2.111000e+01 2.115500e+01 2.081322e+01 2.077961e+01 2.110500e+01 2.116000e+01 2.081372e+01 2.078035e+01
2.051000e+01 2.116500e+01 2.082482e+01 2.077603e+01 2.051500e+01 2.117000e+01 2.082432e+01 2.077685e+01
2.051500e+01 2.117000e+01 2.082432e+01 2.077685e+01 2.052000e+01 2.117500e+01 2.082370e+01 2.077771e+01
2.109500e+01 2.117000e+01 2.081491e+01 2.078200e+01 2.109000e+01 2.117500e+01 2.081558e+01 2.078293e+01
2.110000e+01 2.116500e+01 2.081434e+01 2.078112e+01 2.109500e+01 2.117000e+01 2.081491e+01 2.078200e+01
2.052000e+01 2.117500e+01 2.082370e+01 2.077771e+01 2.052500e+01 2.118000e+01 2.082313e+01 2.077870e+01
2.052500e+01 2.118000e+01 2.082313e+01 2.077870e+01 2.053500e+01 2.118000e+01 2.082563e+01 2.077485e+01
2.053500e+01 2.118000e+01 2.082563e+01 2.077485e+01 2.054000e+01 2.118500e+01 2.082486e+01 2.077594e+01
2.107500e+01 2.118000e+01 2.081357e+01 2.077990e+01 2.107000e+01 2.118500e+01 2.081438e+01 2.078105e+01
2.107500e+01 2.118000e+01 2.081357e+01 2.077990e+01 2.108500e+01 2.118000e+01 2.081621e+01 2.078398e+01
2.109000e+01 2.117500e+01 2.081558e+01 2.078293e+01 2.108500e+01 2.118000e+01 2.081621e+01 2.078398e+01
2.054000e+01 2.118500e+01 2.082486e+01 2.077594e+01 2.054500e+01 2.119000e+01 2.082415e+01 2.077715e+01
2.054500e+01 2.119000e+01 2.082415e+01 2.077715e+01 2.055000e+01 2.119500e+01 2.082335e+01 2.077842e+01
2.106500e+01 2.119000e+01 2.081514e+01 2.078231e+01 2.106000e+01 2.119500e+01 2.081598e+01 2.078364e+01
2.107000e+01 2.118500e+01 2.081438e+01 2.078105e+01 2.106500e+01 2.119000e+01 2.081514e+01 2.078231e+01
2.055000e+01 2.119500e+01 2.082335e+01 2.077842e+01 2.055500e+01 2.120000e+01 2.082261e+01 2.077982e+01
2.055500e+01 2.120000e+01 2.082261e+01 2.077982e+01 2.056000e+01 2.120500e+01 2.082179e+01 2.078128e+01
2.105500e+01 2.120000e+01 2.081676e+01 2.078507e+01 2.105000e+01 2.120500e+01 2.081762e+01 2.078657e+01
2.106000e+01 2.119500e+01 2.081598e+01 2.078364e+01 2.105500e+01 2.120000e+01 2.081676e+01 2.078507e+01
2.056000e+01 2.120500e+01 2.082179e+01 2.078128e+01 2.056500e+01 2.121000e+01 2.082104e+01 2.078285e+01
2.056500e+01 2.121000e+01 2.082104e+01 2.078285e+01 2.057500e+01 2.121000e+01 2.082282e+01 2.077942e+01
2.057500e+01 2.121000e+01 2.082282e+01 2.077942e+01 2.058000e+01 2.121500e+01 2.082192e+01 2.078115e+01
2.103500e+01 2.121000e+01 2.081646e+01 2.078451e+01 2.103000e+01 2.121500e+01 2.081739e+01 2.078626e+01
2.103500e+01 2.121000e+01 2.081646e+01 2.078451e+01 2.104500e+01 2.121000e+01 2.081841e+01 2.078818e+01
2.105000e+01 2.120500e+01 2.081762e+01 2.078657e+01 2.104500e+01 2.121000e+01 2.081841e+01 2.078818e+01
2.058000e+01 2.121500e+01 2.082192e+01 2.078115e+01 2.058500e+01 2.122000e+01 2.082111e+01 2.078298e+01
2.058500e+01 2.122000e+01 2.082111e+01 2.078298e+01 2.059500e+01 2.122000e+01 2.082256e+01 2.077977e+01
2.059500e+01 2.122000e+01 2.082256e+01 2.077977e+01 2.060000e+01 2.122500e+01 2.082163e+01 2.078177e+01
2.101500e+01 2.122000e+01 2.081662e+01 2.078467e+01 2.101000e+01 2.122500e+01 2.081758e+01 2.078668e+01
2.101500e+01 2.122000e+01 2.081662e+01 2.078467e+01 2.102500e+01 2.122000e+01 2.081824e+01 2.078812e+01
2.103000e+01 2.121500e+01 2.081739e+01 2.078626e+01 2.102500e+01 2.122000e+01 2.081824e+01 2.078812e+01
2.060000e+01 2.122500e+01 2.082163e+01 2.078177e+01 2.060500e+01 2.123000e+01 2.082078e+01 2.078388e+01
2.060500e+01 2.123000e+01 2.082078e+01 2.078388e+01 2.061500e+01 2.123000e+01 2.082195e+01 2.078093e+01
2.061500e+01 2.123000e+01 2.082195e+01 2.078093e+01 2.062000e+01 2.123500e+01 2.082102e+01 2.078322e+01
2.099500e+01 2.123000e+01 2.081712e+01 2.078559e+01 2.099000e+01 2.123500e+01 2.081809e+01 2.078787e+01
2.099500e+01 2.123000e+01 2.081712e+01 2.078559e+01 2.100500e+01 2.123000e+01 2.081846e+01 2.078879e+01
2.101000e+01 2.122500e+01 2.081758e+01 2.078668e+01 2.100500e+01 2.123000e+01 2.081846e+01 2.078879e+01
2.062000e+01 2.123500e+01 2.082102e+01 2.078322e+01 2.062500e+01 2.124000e+01 2.082018e+01 2.078560e+01
2.062500e+01 2.124000e+01 2.082018e+01 2.078560e+01 2.063500e+01 2.124000e+01 2.082111e+01 2.078293e+01
2.063500e+01 2.124000e+01 2.082111e+01 2.078293e+01 2.064000e+01 2.124500e+01 2.082021e+01 2.078551e+01
2.097500e+01 2.124000e+01 2.081788e+01 2.078732e+01 2.097000e+01 2.124500e+01 2.081882e+01 2.078987e+01
2.097500e+01 2.124000e+01 2.081788e+01 2.078732e+01 2.098500e+01 2.124000e+01 2.081897e+01 2.079024e+01
2.099000e+01 2.123500e+01 2.081809e+01 2.078787e+01 2.098500e+01 2.124000e+01 2.081897e+01 2.079024e+01
2.064000e+01 2.124500e+01 2.082021e+01 2.078551e+01 2.064500e+01 2.125000e+01 2.081941e+01 2.078817e+01
2.064500e+01 2.125000e+01 2.081941e+01 2.078817e+01 2.065500e+01 2.125000e+01 2.082014e+01 2.078581e+01
2.065500e+01 2.125000e+01 2.082014e+01 2.078581e+01 2.066500e+01 2.125000e+01 2.082073e+01 2.078358e+01
2.066500e+01 2.125000e+01 2.082073e+01 2.078358e+01 2.067000e+01 2.125500e+01 2.081991e+01 2.078654e+01
2.094500e+01 2.125000e+01 2.081802e+01 2.078737e+01 2.094000e+01 2.125500e+01 2.081891e+01 2.079028e+01
2.094500e+01 2.125000e+01 2.081802e+01 2.078737e+01 2.095500e+01 2.125000e+01 2.081877e+01 2.078987e+01
2.095500e+01 2.125000e+01 2.081877e+01 2.078987e+01 2.096500e+01 2.125000e+01 2.081966e+01 2.079249e+01
2.097000e+01 2.124500e+01 2.081882e+01 2.078987e+01 2.096500e+01 2.125000e+01 2.081966e+01 2.079249e+01
2.067000e+01 2.125500e+01 2.081991e+01 2.078654e+01 2.067500e+01 2.126000e+01 2.081919e+01 2.078959e+01
2.067500e+01 2.126000e+01 2.081919e+01 2.078959e+01 2.068500e+01 2.126000e+01 2.081965e+01 2.078769e+01
2.068500e+01 2.126000e+01 2.081965e+01 2.078769e+01 2.069500e+01 2.126000e+01 2.082000e+01 2.078592e+01
2.069500e+01 2.126000e+01 2.082000e+01 2.078592e+01 2.070000e+01 2.126500e+01 2.081931e+01 2.078927e+01
2.090500e+01 2.126000e+01 2.081823e+01 2.078715e+01 2.090000e+01 2.126500e+01 2.081897e+01 2.079052e+01
2.090500e+01 2.126000e+01 2.081823e+01 2.078715e+01 2.091500e+01 2.126000e+01 2.081860e+01 2.078904e+01
2.091500e+01 2.126000e+01 2.081860e+01 2.078904e+01 2.092500e+01 2.126000e+01 2.081909e+01 2.079108e+01
2.092500e+01 2.126000e+01 2.081909e+01 2.079108e+01 2.093500e+01 2.126000e+01 2.081969e+01 2.079326e+01
2.094000e+01 2.125500e+01 2.081891e+01 2.079028e+01 2.093500e+01 2.126000e+01 2.081969e+01 2.079326e+01
2.070000e+01 2.126500e+01 2.081931e+01 2.078927e+01 2.070500e+01 2.127000e+01 2.081873e+01 2.079269e+01
2.070500e+01 2.127000e+01 2.081873e+01 2.079269e+01 2.071500e+01 2.127000e+01 2.081903e+01 2.079128e+01
2.071500e+01 2.127000e+01 2.081903e+01 2.079128e+01 2.072500e+01 2.127000e+01 2.081924e+01 2.079002e+01
2.072500e+01 2.127000e+01 2.081924e+01 2.079002e+01 2.073500e+01 2.127000e+01 2.081938e+01 2.078891e+01
2.073500e+01 2.127000e+01 2.081938e+01 2.078891e+01 2.074500e+01 2.127000e+01 2.081945e+01 2.078797e+01
2.074500e+01 2.127000e+01 2.081945e+01 2.078797e+01 2.075500e+01 2.127000e+01 2.081947e+01 2.078719e+01
2.075500e+01 2.127000e+01 2.081947e+01 2.078719e+01 2.076500e+01 2.127000e+01 2.081944e+01 2.078657e+01
2.076500e+01 2.127000e+01 2.081944e+01 2.078657e+01 2.077000e+01 2.127500e+01 2.081918e+01 2.079069e+01
2.084500e+01 2.127000e+01 2.081880e+01 2.078776e+01 2.084000e+01 2.127500e+01 2.081918e+01 2.079175e+01
2.084500e+01 2.127000e+01 2.081880e+01 2.078776e+01 2.085500e+01 2.127000e+01 2.081883e+01 2.078867e+01
2.085500e+01 2.127000e+01 2.081883e+01 2.078867e+01 2.086500e+01 2.127000e+01 2.081891e+01 2.078975e+01
2.086500e+01 2.127000e+01 2.081891e+01 2.078975e+01 2.087500e+01 2.127000e+01 2.081907e+01 2.079099e+01
2.087500e+01 2.127000e+01 2.081907e+01 2.079099e+01 2.088500e+01 2.127000e+01 2.081930e+01 2.079239e+01
2.088500e+01 2.127000e+01 2.081930e+01 2.079239e+01 2.089500e+01 2.127000e+01 2.081962e+01 2.079394e+01
2.090000e+01 2.126500e+01 2.081897e+01 2.079052e+01 2.089500e+01 2.127000e+01 2.081962e+01 2.079394e+01
2.077000e+01 2.127500e+01 2.081918e+01 2.079069e+01 2.077500e+01 2.128000e+01 2.081902e+01 2.079485e+01
2.077500e+01 2.128000e+01 2.081902e+01 2.079485e+01 2.078500e+01 2.128000e+01 2.081909e+01 2.079459e+01
2.078500e+01 2.128000e+01 2.081909e+01 2.079459e+01 2.079500e+01 2.128000e+01 2.081916e+01 2.079449e+01
2.079500e+01 2.128000e+01 2.081916e+01 2.079449e+01 2.080500e+01 2.128000e+01 2.081922e+01 2.079456e+01
2.080500e+01 2.128000e+01 2.081922e+01 2.079456e+01 2.081500e+01 2.128000e+01 2.081928e+01 2.079480e+01
2.081500e+01 2.128000e+01 2.081928e+01 2.079480e+01 2.082500e+01 2.128000e+01 2.081936e+01 2.079520e+01
2.082500e+01 2.128000e+01 2.081936e+01 2.079520e+01 2.083500e+01 2.128000e+01 2.081947e+01 2.079577e+01
2.084000e+01 2.127500e+01 2.081918e+01 2.079175e+01 2.083500e+01 2.128000e+01 2.081947e+01 2.079577e+01
