2.080500e+01 2.012000e+01 2.056935e+01 2.054233e+01 2.080000e+01 2.012500e+01 2.056956e+01 2.054955e+01
2.080500e+01 2.012000e+01 2.056935e+01 2.054233e+01 2.081000e+01 2.012500e+01 2.056958e+01 2.054999e+01
2.073500e+01 2.013000e+01 2.056915e+01 2.054719e+01 2.073000e+01 2.013500e+01 2.057015e+01 2.055326e+01
2.073500e+01 2.013000e+01 2.056915e+01 2.054719e+01 2.074500e+01 2.013000e+01 2.056956e+01 2.054947e+01
2.074500e+01 2.013000e+01 2.056956e+01 2.054947e+01 2.075500e+01 2.013000e+01 2.056982e+01 2.055148e+01
2.075500e+01 2.013000e+01 2.056982e+01 2.055148e+01 2.076500e+01 2.013000e+01 2.056997e+01 2.055320e+01
2.076500e+01 2.013000e+01 2.056997e+01 2.055320e+01 2.077500e+01 2.013000e+01 2.057002e+01 2.055465e+01
2.077500e+01 2.013000e+01 2.057002e+01 2.055465e+01 2.078500e+01 2.013000e+01 2.057000e+01 2.055581e+01
2.078500e+01 2.013000e+01 2.057000e+01 2.055581e+01 2.079500e+01 2.013000e+01 2.056991e+01 2.055669e+01
2.080000e+01 2.012500e+01 2.056956e+01 2.054955e+01 2.079500e+01 2.013000e+01 2.056991e+01 2.055669e+01
2.081000e+01 2.012500e+01 2.056958e+01 2.054999e+01 2.081500e+01 2.013000e+01 2.056966e+01 2.055757e+01
2.081500e+01 2.013000e+01 2.056966e+01 2.055757e+01 2.082500e+01 2.013000e+01 2.056953e+01 2.055758e+01
2.082500e+01 2.013000e+01 2.056953e+01 2.055758e+01 2.083500e+01 2.013000e+01 2.056942e+01 2.055730e+01
2.083500e+01 2.013000e+01 2.056942e+01 2.055730e+01 2.084500e+01 2.013000e+01 2.056937e+01 2.055673e+01
2.084500e+01 2.013000e+01 2.056937e+01 2.055673e+01 2.085500e+01 2.013000e+01 2.056938e+01 2.055587e+01
2.085500e+01 2.013000e+01 2.056938e+01 2.055587e+01 2.086500e+01 2.013000e+01 2.056948e+01 2.055473e+01
2.086500e+01 2.013000e+01 2.056948e+01 2.055473e+01 2.087500e+01 2.013000e+01 2.056969e+01 2.055332e+01
2.087500e+01 2.013000e+01 2.056969e+01 2.055332e+01 2.088000e+01 2.013500e+01 2.056902e+01 2.055982e+01
2.070500e+01 2.014000e+01 2.057015e+01 2.055326e+01 2.070000e+01 2.014500e+01 2.057139e+01 2.055874e+01
2.070500e+01 2.014000e+01 2.057015e+01 2.055326e+01 2.071500e+01 2.014000e+01 2.057082e+01 2.055637e+01
2.071500e+01 2.014000e+01 2.057082e+01 2.055637e+01 2.072500e+01 2.014000e+01 2.057130e+01 2.055922e+01
2.073000e+01 2.013500e+01 2.057015e+01 2.055326e+01 2.072500e+01 2.014000e+01 2.057130e+01 2.055922e+01
2.088000e+01 2.013500e+01 2.056902e+01 2.055982e+01 2.088500e+01 2.014000e+01 2.056819e+01 2.056622e+01
2.088500e+01 2.014000e+01 2.056819e+01 2.056622e+01 2.089500e+01 2.014000e+01 2.056841e+01 2.056422e+01
2.089500e+01 2.014000e+01 2.056841e+01 2.056422e+01 2.090500e+01 2.014000e+01 2.056880e+01 2.056195e+01
2.090500e+01 2.014000e+01 2.056880e+01 2.056195e+01 2.091000e+01 2.014500e+01 2.056782e+01 2.056788e+01
2.067500e+01 2.015000e+01 2.057079e+01 2.055654e+01 2.067000e+01 2.015500e+01 2.057217e+01 2.056145e+01
2.067500e+01 2.015000e+01 2.057079e+01 2.055654e+01 2.068500e+01 2.015000e+01 2.057192e+01 2.056045e+01
2.068500e+01 2.015000e+01 2.057192e+01 2.056045e+01 2.069500e+01 2.015000e+01 2.057279e+01 2.056411e+01
2.070000e+01 2.014500e+01 2.057139e+01 2.055874e+01 2.069500e+01 2.015000e+01 2.057279e+01 2.056411e+01
2.091000e+01 2.014500e+01 2.056782e+01 2.056788e+01 2.091500e+01 2.015000e+01 2.056669e+01 2.057367e+01
2.091500e+01 2.015000e+01 2.056669e+01 2.057367e+01 2.092500e+01 2.015000e+01 2.056723e+01 2.057082e+01
2.092500e+01 2.015000e+01 2.056723e+01 2.057082e+01 2.093000e+01 2.015500e+01 2.056606e+01 2.057631e+01
2.065500e+01 2.016000e+01 2.057223e+01 2.056180e+01 2.065000e+01 2.016500e+01 2.057367e+01 2.056629e+01
2.065500e+01 2.016000e+01 2.057223e+01 2.056180e+01 2.066500e+01 2.016000e+01 2.057369e+01 2.056622e+01
2.067000e+01 2.015500e+01 2.057217e+01 2.056145e+01 2.066500e+01 2.016000e+01 2.057369e+01 2.056622e+01
2.093000e+01 2.015500e+01 2.056606e+01 2.057631e+01 2.093500e+01 2.016000e+01 2.056475e+01 2.058165e+01
2.093500e+01 2.016000e+01 2.056475e+01 2.058165e+01 2.094500e+01 2.016000e+01 2.056552e+01 2.057825e+01
2.094500e+01 2.016000e+01 2.056552e+01 2.057825e+01 2.095000e+01 2.016500e+01 2.056423e+01 2.058328e+01
2.063500e+01 2.017000e+01 2.057338e+01 2.056570e+01 2.063000e+01 2.017500e+01 2.057484e+01 2.056977e+01
2.063500e+01 2.017000e+01 2.057338e+01 2.056570e+01 2.064500e+01 2.017000e+01 2.057525e+01 2.057062e+01
2.065000e+01 2.016500e+01 2.057367e+01 2.056629e+01 2.064500e+01 2.017000e+01 2.057525e+01 2.057062e+01
2.095000e+01 2.016500e+01 2.056423e+01 2.058328e+01 2.095500e+01 2.017000e+01 2.056279e+01 2.058818e+01
2.095500e+01 2.017000e+01 2.056279e+01 2.058818e+01 2.096500e+01 2.017000e+01 2.056390e+01 2.058425e+01
2.096500e+01 2.017000e+01 2.056390e+01 2.058425e+01 2.097000e+01 2.017500e+01 2.056254e+01 2.058884e+01
2.062500e+01 2.018000e+01 2.057642e+01 2.057368e+01 2.062000e+01 2.018500e+01 2.057792e+01 2.057746e+01
2.063000e+01 2.017500e+01 2.057484e+01 2.056977e+01 2.062500e+01 2.018000e+01 2.057642e+01 2.057368e+01
2.097000e+01 2.017500e+01 2.056254e+01 2.058884e+01 2.097500e+01 2.018000e+01 2.056103e+01 2.059330e+01
2.097500e+01 2.018000e+01 2.056103e+01 2.059330e+01 2.098500e+01 2.018000e+01 2.056257e+01 2.058886e+01
2.098500e+01 2.018000e+01 2.056257e+01 2.058886e+01 2.099000e+01 2.018500e+01 2.056119e+01 2.059302e+01
2.061500e+01 2.019000e+01 2.057955e+01 2.058110e+01 2.061000e+01 2.019500e+01 2.058109e+01 2.058460e+01
2.062000e+01 2.018500e+01 2.057792e+01 2.057746e+01 2.061500e+01 2.019000e+01 2.057955e+01 2.058110e+01
2.099000e+01 2.018500e+01 2.056119e+01 2.059302e+01 2.099500e+01 2.019000e+01 2.055968e+01 2.059703e+01
2.099500e+01 2.019000e+01 2.055968e+01 2.059703e+01 2.100000e+01 2.019500e+01 2.055826e+01 2.060091e+01
2.059500e+01 2.020000e+01 2.057995e+01 2.058207e+01 2.059000e+01 2.020500e+01 2.058137e+01 2.058518e+01
2.059500e+01 2.020000e+01 2.057995e+01 2.058207e+01 2.060500e+01 2.020000e+01 2.058274e+01 2.058794e+01
2.061000e+01 2.019500e+01 2.058109e+01 2.058460e+01 2.060500e+01 2.020000e+01 2.058274e+01 2.058794e+01
2.100000e+01 2.019500e+01 2.055826e+01 2.060091e+01 2.100500e+01 2.020000e+01 2.055670e+01 2.060462e+01
2.100500e+01 2.020000e+01 2.055670e+01 2.060462e+01 2.101000e+01 2.020500e+01 2.055525e+01 2.060820e+01
2.058500e+01 2.021000e+01 2.058290e+01 2.058813e+01 2.058000e+01 2.021500e+01 2.058429e+01 2.059096e+01
2.059000e+01 2.020500e+01 2.058137e+01 2.058518e+01 2.058500e+01 2.021000e+01 2.058290e+01 2.058813e+01
2.101000e+01 2.020500e+01 2.055525e+01 2.060820e+01 2.101500e+01 2.021000e+01 2.055368e+01 2.061162e+01
2.101500e+01 2.021000e+01 2.055368e+01 2.061162e+01 2.102000e+01 2.021500e+01 2.055222e+01 2.061491e+01
2.057500e+01 2.022000e+01 2.058578e+01 2.059363e+01 2.057000e+01 2.022500e+01 2.058713e+01 2.059620e+01
2.058000e+01 2.021500e+01 2.058429e+01 2.059096e+01 2.057500e+01 2.022000e+01 2.058578e+01 2.059363e+01
2.102000e+01 2.021500e+01 2.055222e+01 2.061491e+01 2.102500e+01 2.022000e+01 2.055065e+01 2.061803e+01
2.102500e+01 2.022000e+01 2.055065e+01 2.061803e+01 2.103000e+01 2.022500e+01 2.054921e+01 2.062103e+01
2.056500e+01 2.023000e+01 2.058856e+01 2.059859e+01 2.056000e+01 2.023500e+01 2.058984e+01 2.060090e+01
2.057000e+01 2.022500e+01 2.058713e+01 2.059620e+01 2.056500e+01 2.023000e+01 2.058856e+01 2.059859e+01
2.103000e+01 2.022500e+01 2.054921e+01 2.062103e+01 2.103500e+01 2.023000e+01 2.054766e+01 2.062386e+01
2.103500e+01 2.023000e+01 2.054766e+01 2.062386e+01 2.104000e+01 2.023500e+01 2.054626e+01 2.062659e+01
2.055500e+01 2.024000e+01 2.059120e+01 2.060303e+01 2.055000e+01 2.024500e+01 2.059239e+01 2.060508e+01
2.056000e+01 2.023500e+01 2.058984e+01 2.060090e+01 2.055500e+01 2.024000e+01 2.059120e+01 2.060303e+01
2.104000e+01 2.023500e+01 2.054626e+01 2.062659e+01 2.104500e+01 2.024000e+01 2.054476e+01 2.062913e+01
2.104500e+01 2.024000e+01 2.054476e+01 2.062913e+01 2.105000e+01 2.024500e+01 2.054343e+01 2.063158e+01
2.054500e+01 2.025000e+01 2.059365e+01 2.060696e+01 2.054000e+01 2.025500e+01 2.059473e+01 2.060877e+01
2.055000e+01 2.024500e+01 2.059239e+01 2.060508e+01 2.054500e+01 2.025000e+01 2.059365e+01 2.060696e+01
2.105000e+01 2.024500e+01 2.054343e+01 2.063158e+01 2.105500e+01 2.025000e+01 2.054200e+01 2.063385e+01
2.105500e+01 2.025000e+01 2.054200e+01 2.063385e+01 2.106000e+01 2.025500e+01 2.054074e+01 2.063603e+01
2.053500e+01 2.026000e+01 2.059587e+01 2.061040e+01 2.053000e+01 2.026500e+01 2.059682e+01 2.061197e+01
2.054000e+01 2.025500e+01 2.059473e+01 2.060877e+01 2.053500e+01 2.026000e+01 2.059587e+01 2.061040e+01
2.106000e+01 2.025500e+01 2.054074e+01 2.063603e+01 2.106500e+01 2.026000e+01 2.053941e+01 2.063803e+01
2.106500e+01 2.026000e+01 2.053941e+01 2.063803e+01 2.107000e+01 2.026500e+01 2.053826e+01 2.063995e+01
2.053000e+01 2.026500e+01 2.059682e+01 2.061197e+01 2.053000e+01 2.027500e+01 2.060395e+01 2.062189e+01
2.107000e+01 2.026500e+01 2.053826e+01 2.063995e+01 2.107500e+01 2.027000e+01 2.053705e+01 2.064169e+01
2.107500e+01 2.027000e+01 2.053705e+01 2.064169e+01 2.108000e+01 2.027500e+01 2.053603e+01 2.064337e+01
2.052500e+01 2.028000e+01 2.060501e+01 2.062312e+01 2.052000e+01 2.028500e+01 2.060586e+01 2.062429e+01
2.053000e+01 2.027500e+01 2.060395e+01 2.062189e+01 2.052500e+01 2.028000e+01 2.060501e+01 2.062312e+01
2.108000e+01 2.027500e+01 2.053603e+01 2.064337e+01 2.108500e+01 2.028000e+01 2.053496e+01 2.064486e+01
2.108500e+01 2.028000e+01 2.053496e+01 2.064486e+01 2.109000e+01 2.028500e+01 2.053410e+01 2.064629e+01
2.051500e+01 2.029000e+01 2.060675e+01 2.062529e+01 2.051000e+01 2.029500e+01 2.060741e+01 2.062625e+01
2.052000e+01 2.028500e+01 2.060586e+01 2.062429e+01 2.051500e+01 2.029000e+01 2.060675e+01 2.062529e+01
2.109000e+01 2.028500e+01 2.053410e+01 2.064629e+01 2.109000e+01 2.029500e+01 2.052740e+01 2.065549e+01
2.050500e+01 2.030000e+01 2.060811e+01 2.062703e+01 2.050000e+01 2.030500e+01 2.060858e+01 2.062780e+01
2.051000e+01 2.029500e+01 2.060741e+01 2.062625e+01 2.050500e+01 2.030000e+01 2.060811e+01 2.062703e+01
2.109000e+01 2.029500e+01 2.052740e+01 2.065549e+01 2.109500e+01 2.030000e+01 2.052644e+01 2.065656e+01
2.109500e+01 2.030000e+01 2.052644e+01 2.065656e+01 2.110000e+01 2.030500e+01 2.052572e+01 2.065759e+01
2.050000e+01 2.030500e+01 2.060858e+01 2.062780e+01 2.050000e+01 2.031500e+01 2.061598e+01 2.063638e+01
2.110000e+01 2.030500e+01 2.052572e+01 2.065759e+01 2.110500e+01 2.031000e+01 2.052495e+01 2.065844e+01
2.110500e+01 2.031000e+01 2.052495e+01 2.065844e+01 2.111000e+01 2.031500e+01 2.052443e+01 2.065926e+01
2.049500e+01 2.032000e+01 2.061649e+01 2.063680e+01 2.049000e+01 2.032500e+01 2.061675e+01 2.063721e+01
2.050000e+01 2.031500e+01 2.061598e+01 2.063638e+01 2.049500e+01 2.032000e+01 2.061649e+01 2.063680e+01
2.111000e+01 2.031500e+01 2.052443e+01 2.065926e+01 2.111000e+01 2.032500e+01 2.051754e+01 2.066745e+01
2.049000e+01 2.032500e+01 2.061675e+01 2.063721e+01 2.049000e+01 2.033500e+01 2.062420e+01 2.064515e+01
2.111000e+01 2.032500e+01 2.051754e+01 2.066745e+01 2.111500e+01 2.033000e+01 2.051698e+01 2.066792e+01
2.111500e+01 2.033000e+01 2.051698e+01 2.066792e+01 2.112000e+01 2.033500e+01 2.051667e+01 2.066838e+01
2.048500e+01 2.034000e+01 2.062447e+01 2.064523e+01 2.048000e+01 2.034500e+01 2.062448e+01 2.064532e+01
2.049000e+01 2.033500e+01 2.062420e+01 2.064515e+01 2.048500e+01 2.034000e+01 2.062447e+01 2.064523e+01
2.112000e+01 2.033500e+01 2.051667e+01 2.066838e+01 2.112000e+01 2.034500e+01 2.050973e+01 2.067589e+01
2.047500e+01 2.035000e+01 2.062448e+01 2.064525e+01 2.047000e+01 2.035500e+01 2.062422e+01 2.064519e+01
2.048000e+01 2.034500e+01 2.062448e+01 2.064532e+01 2.047500e+01 2.035000e+01 2.062448e+01 2.064525e+01
2.112000e+01 2.034500e+01 2.050973e+01 2.067589e+01 2.112500e+01 2.035000e+01 2.050941e+01 2.067601e+01
2.112500e+01 2.035000e+01 2.050941e+01 2.067601e+01 2.113000e+01 2.035500e+01 2.050937e+01 2.067613e+01
2.047000e+01 2.035500e+01 2.062422e+01 2.064519e+01 2.047000e+01 2.036500e+01 2.063164e+01 2.065219e+01
2.113000e+01 2.035500e+01 2.050937e+01 2.067613e+01 2.113500e+01 2.036000e+01 2.050934e+01 2.067608e+01
2.113500e+01 2.036000e+01 2.050934e+01 2.067608e+01 2.114000e+01 2.036500e+01 2.050958e+01 2.067606e+01
2.046500e+01 2.037000e+01 2.063133e+01 2.065183e+01 2.046000e+01 2.037500e+01 2.063075e+01 2.065150e+01
2.047000e+01 2.036500e+01 2.063164e+01 2.065219e+01 2.046500e+01 2.037000e+01 2.063133e+01 2.065183e+01
2.114000e+01 2.036500e+01 2.050958e+01 2.067606e+01 2.114000e+01 2.037500e+01 2.050269e+01 2.068257e+01
2.046000e+01 2.037500e+01 2.063075e+01 2.065150e+01 2.046000e+01 2.038500e+01 2.063808e+01 2.065788e+01
2.114000e+01 2.037500e+01 2.050269e+01 2.068257e+01 2.114000e+01 2.038500e+01 2.049582e+01 2.068875e+01
2.046000e+01 2.038500e+01 2.063808e+01 2.065788e+01 2.046000e+01 2.039500e+01 2.064537e+01 2.066394e+01
2.114000e+01 2.038500e+01 2.049582e+01 2.068875e+01 2.114500e+01 2.039000e+01 2.049615e+01 2.068826e+01
2.114500e+01 2.039000e+01 2.049615e+01 2.068826e+01 2.115000e+01 2.039500e+01 2.049677e+01 2.068781e+01
2.045500e+01 2.040000e+01 2.064466e+01 2.066319e+01 2.045000e+01 2.040500e+01 2.064367e+01 2.066249e+01
2.046000e+01 2.039500e+01 2.064537e+01 2.066394e+01 2.045500e+01 2.040000e+01 2.064466e+01 2.066319e+01
2.115000e+01 2.039500e+01 2.049677e+01 2.068781e+01 2.115000e+01 2.040500e+01 2.049001e+01 2.069337e+01
2.045000e+01 2.040500e+01 2.064367e+01 2.066249e+01 2.045000e+01 2.041500e+01 2.065079e+01 2.066796e+01
2.115000e+01 2.040500e+01 2.049001e+01 2.069337e+01 2.115500e+01 2.041000e+01 2.049074e+01 2.069262e+01
2.115500e+01 2.041000e+01 2.049074e+01 2.069262e+01 2.116000e+01 2.041500e+01 2.049175e+01 2.069194e+01
2.044500e+01 2.042000e+01 2.064967e+01 2.066700e+01 2.044000e+01 2.042500e+01 2.064829e+01 2.066613e+01
2.045000e+01 2.041500e+01 2.065079e+01 2.066796e+01 2.044500e+01 2.042000e+01 2.064967e+01 2.066700e+01
2.116000e+01 2.041500e+01 2.049175e+01 2.069194e+01 2.116000e+01 2.042500e+01 2.048517e+01 2.069690e+01
2.044000e+01 2.042500e+01 2.064829e+01 2.066613e+01 2.044000e+01 2.043500e+01 2.065520e+01 2.067104e+01
2.116000e+01 2.042500e+01 2.048517e+01 2.069690e+01 2.116500e+01 2.043000e+01 2.048632e+01 2.069596e+01
2.116500e+01 2.043000e+01 2.048632e+01 2.069596e+01 2.117000e+01 2.043500e+01 2.048776e+01 2.069510e+01
2.044000e+01 2.043500e+01 2.065520e+01 2.067104e+01 2.044000e+01 2.044500e+01 2.066202e+01 2.067564e+01
2.117000e+01 2.043500e+01 2.048776e+01 2.069510e+01 2.117000e+01 2.044500e+01 2.048142e+01 2.069948e+01
2.043500e+01 2.045000e+01 2.066038e+01 2.067443e+01 2.043000e+01 2.045500e+01 2.065846e+01 2.067330e+01
2.044000e+01 2.044500e+01 2.066202e+01 2.067564e+01 2.043500e+01 2.045000e+01 2.066038e+01 2.067443e+01
2.117000e+01 2.044500e+01 2.048142e+01 2.069948e+01 2.117000e+01 2.045500e+01 2.047518e+01 2.070354e+01
2.043000e+01 2.045500e+01 2.065846e+01 2.067330e+01 2.043000e+01 2.046500e+01 2.066499e+01 2.067740e+01
2.117000e+01 2.045500e+01 2.047518e+01 2.070354e+01 2.117500e+01 2.046000e+01 2.047688e+01 2.070235e+01
2.117500e+01 2.046000e+01 2.047688e+01 2.070235e+01 2.118000e+01 2.046500e+01 2.047889e+01 2.070125e+01
2.043000e+01 2.046500e+01 2.066499e+01 2.067740e+01 2.043000e+01 2.047500e+01 2.067141e+01 2.068120e+01
2.118000e+01 2.046500e+01 2.047889e+01 2.070125e+01 2.118000e+01 2.047500e+01 2.047296e+01 2.070480e+01
2.042500e+01 2.048000e+01 2.066918e+01 2.067981e+01 2.042000e+01 2.048500e+01 2.066667e+01 2.067853e+01
2.043000e+01 2.047500e+01 2.067141e+01 2.068120e+01 2.042500e+01 2.048000e+01 2.066918e+01 2.067981e+01
2.118000e+01 2.047500e+01 2.047296e+01 2.070480e+01 2.118000e+01 2.048500e+01 2.046716e+01 2.070805e+01
2.042000e+01 2.048500e+01 2.066667e+01 2.067853e+01 2.042000e+01 2.049500e+01 2.067272e+01 2.068188e+01
2.118000e+01 2.048500e+01 2.046716e+01 2.070805e+01 2.118500e+01 2.049000e+01 2.046950e+01 2.070669e+01
2.118500e+01 2.049000e+01 2.046950e+01 2.070669e+01 2.119000e+01 2.049500e+01 2.047212e+01 2.070546e+01
2.042000e+01 2.049500e+01 2.067272e+01 2.068188e+01 2.042000e+01 2.050500e+01 2.067863e+01 2.068495e+01
2.119000e+01 2.049500e+01 2.047212e+01 2.070546e+01 2.119000e+01 2.050500e+01 2.046671e+01 2.070826e+01
2.042000e+01 2.050500e+01 2.067863e+01 2.068495e+01 2.042000e+01 2.051500e+01 2.068438e+01 2.068775e+01
2.078500e+01 2.051000e+01 2.062129e+01 2.090242e+01 2.078000e+01 2.051500e+01 2.063050e+01 2.090145e+01
2.078500e+01 2.051000e+01 2.062129e+01 2.090242e+01 2.079500e+01 2.051000e+01 2.060459e+01 2.090386e+01
2.079500e+01 2.051000e+01 2.060459e+01 2.090386e+01 2.080500e+01 2.051000e+01 2.058768e+01 2.090467e+01
2.080500e+01 2.051000e+01 2.058768e+01 2.090467e+01 2.081500e+01 2.051000e+01 2.057069e+01 2.090484e+01
2.081500e+01 2.051000e+01 2.057069e+01 2.090484e+01 2.082500e+01 2.051000e+01 2.055377e+01 2.090437e+01
2.082500e+01 2.051000e+01 2.055377e+01 2.090437e+01 2.083500e+01 2.051000e+01 2.053705e+01 2.090327e+01
2.083500e+01 2.051000e+01 2.053705e+01 2.090327e+01 2.084500e+01 2.051000e+01 2.052065e+01 2.090156e+01
2.084500e+01 2.051000e+01 2.052065e+01 2.090156e+01 2.085000e+01 2.051500e+01 2.051153e+01 2.090044e+01
2.119000e+01 2.050500e+01 2.046671e+01 2.070826e+01 2.119000e+01 2.051500e+01 2.046145e+01 2.071079e+01
2.041500e+01 2.052000e+01 2.068138e+01 2.068623e+01 2.041000e+01 2.052500e+01 2.067810e+01 2.068483e+01
2.042000e+01 2.051500e+01 2.068438e+01 2.068775e+01 2.041500e+01 2.052000e+01 2.068138e+01 2.068623e+01
2.074500e+01 2.052000e+01 2.068761e+01 2.089036e+01 2.074000e+01 2.052500e+01 2.069692e+01 2.088787e+01
2.074500e+01 2.052000e+01 2.068761e+01 2.089036e+01 2.075500e+01 2.052000e+01 2.067242e+01 2.089413e+01
2.075500e+01 2.052000e+01 2.067242e+01 2.089413e+01 2.076500e+01 2.052000e+01 2.065652e+01 2.089736e+01
2.076500e+01 2.052000e+01 2.065652e+01 2.089736e+01 2.077500e+01 2.052000e+01 2.064003e+01 2.090006e+01
2.078000e+01 2.051500e+01 2.063050e+01 2.090145e+01 2.077500e+01 2.052000e+01 2.064003e+01 2.090006e+01
2.085000e+01 2.051500e+01 2.051153e+01 2.090044e+01 2.085500e+01 2.052000e+01 2.050210e+01 2.089885e+01
2.085500e+01 2.052000e+01 2.050210e+01 2.089885e+01 2.086500e+01 2.052000e+01 2.048616e+01 2.089597e+01
2.086500e+01 2.052000e+01 2.048616e+01 2.089597e+01 2.087500e+01 2.052000e+01 2.047092e+01 2.089254e+01
2.087500e+01 2.052000e+01 2.047092e+01 2.089254e+01 2.088500e+01 2.052000e+01 2.045648e+01 2.088862e+01
2.088500e+01 2.052000e+01 2.045648e+01 2.088862e+01 2.089000e+01 2.052500e+01 2.044753e+01 2.088599e+01
2.119000e+01 2.051500e+01 2.046145e+01 2.071079e+01 2.119000e+01 2.052500e+01 2.045636e+01 2.071304e+01
2.041000e+01 2.052500e+01 2.067810e+01 2.068483e+01 2.041000e+01 2.053500e+01 2.068340e+01 2.068728e+01
2.072500e+01 2.053000e+01 2.072042e+01 2.088022e+01 2.072000e+01 2.053500e+01 2.072944e+01 2.087692e+01
2.072500e+01 2.053000e+01 2.072042e+01 2.088022e+01 2.073500e+01 2.053000e+01 2.070648e+01 2.088496e+01
2.074000e+01 2.052500e+01 2.069692e+01 2.088787e+01 2.073500e+01 2.053000e+01 2.070648e+01 2.088496e+01
2.089000e+01 2.052500e+01 2.044753e+01 2.088599e+01 2.089500e+01 2.053000e+01 2.043837e+01 2.088302e+01
2.089500e+01 2.053000e+01 2.043837e+01 2.088302e+01 2.090500e+01 2.053000e+01 2.042536e+01 2.087830e+01
2.090500e+01 2.053000e+01 2.042536e+01 2.087830e+01 2.091000e+01 2.053500e+01 2.041684e+01 2.087492e+01
2.119000e+01 2.052500e+01 2.045636e+01 2.071304e+01 2.119500e+01 2.053000e+01 2.045953e+01 2.071158e+01
2.119500e+01 2.053000e+01 2.045953e+01 2.071158e+01 2.120000e+01 2.053500e+01 2.046297e+01 2.071026e+01
2.041000e+01 2.053500e+01 2.068340e+01 2.068728e+01 2.041000e+01 2.054500e+01 2.068852e+01 2.068948e+01
2.070500e+01 2.054000e+01 2.075088e+01 2.086776e+01 2.070000e+01 2.054500e+01 2.075930e+01 2.086379e+01
2.070500e+01 2.054000e+01 2.075088e+01 2.086776e+01 2.071500e+01 2.054000e+01 2.073864e+01 2.087321e+01
2.072000e+01 2.053500e+01 2.072944e+01 2.087692e+01 2.071500e+01 2.054000e+01 2.073864e+01 2.087321e+01
2.091000e+01 2.053500e+01 2.041684e+01 2.087492e+01 2.091500e+01 2.054000e+01 2.040817e+01 2.087117e+01
2.091500e+01 2.054000e+01 2.040817e+01 2.087117e+01 2.092500e+01 2.054000e+01 2.039698e+01 2.086582e+01
2.092500e+01 2.054000e+01 2.039698e+01 2.086582e+01 2.093000e+01 2.054500e+01 2.038918e+01 2.086185e+01
2.120000e+01 2.053500e+01 2.046297e+01 2.071026e+01 2.120000e+01 2.054500e+01 2.045829e+01 2.071218e+01
2.041000e+01 2.054500e+01 2.068852e+01 2.068948e+01 2.041000e+01 2.055500e+01 2.069344e+01 2.069144e+01
2.069500e+01 2.055000e+01 2.076782e+01 2.085943e+01 2.069000e+01 2.055500e+01 2.077588e+01 2.085500e+01
2.070000e+01 2.054500e+01 2.075930e+01 2.086379e+01 2.069500e+01 2.055000e+01 2.076782e+01 2.085943e+01
2.093000e+01 2.054500e+01 2.038918e+01 2.086185e+01 2.093500e+01 2.055000e+01 2.038130e+01 2.085758e+01
2.093500e+01 2.055000e+01 2.038130e+01 2.085758e+01 2.094000e+01 2.055500e+01 2.037392e+01 2.085322e+01
2.120000e+01 2.054500e+01 2.045829e+01 2.071218e+01 2.120000e+01 2.055500e+01 2.045395e+01 2.071385e+01
2.041000e+01 2.055500e+01 2.069344e+01 2.069144e+01 2.041000e+01 2.056500e+01 2.069815e+01 2.069317e+01
2.068500e+01 2.056000e+01 2.078399e+01 2.085024e+01 2.068000e+01 2.056500e+01 2.079158e+01 2.084544e+01
2.069000e+01 2.055500e+01 2.077588e+01 2.085500e+01 2.068500e+01 2.056000e+01 2.078399e+01 2.085024e+01
2.094000e+01 2.055500e+01 2.037392e+01 2.085322e+01 2.094500e+01 2.056000e+01 2.036652e+01 2.084856e+01
2.094500e+01 2.056000e+01 2.036652e+01 2.084856e+01 2.095000e+01 2.056500e+01 2.035965e+01 2.084389e+01
2.120000e+01 2.055500e+01 2.045395e+01 2.071385e+01 2.120000e+01 2.056500e+01 2.044975e+01 2.071529e+01
2.041000e+01 2.056500e+01 2.069815e+01 2.069317e+01 2.041000e+01 2.057500e+01 2.070264e+01 2.069468e+01
2.067500e+01 2.057000e+01 2.079919e+01 2.084035e+01 2.067000e+01 2.057500e+01 2.080624e+01 2.083526e+01
2.068000e+01 2.056500e+01 2.079158e+01 2.084544e+01 2.067500e+01 2.057000e+01 2.079919e+01 2.084035e+01
2.095000e+01 2.056500e+01 2.035965e+01 2.084389e+01 2.095500e+01 2.057000e+01 2.035280e+01 2.083895e+01
2.095500e+01 2.057000e+01 2.035280e+01 2.083895e+01 2.096000e+01 2.057500e+01 2.034654e+01 2.083405e+01
2.120000e+01 2.056500e+01 2.044975e+01 2.071529e+01 2.120000e+01 2.057500e+01 2.044578e+01 2.071649e+01
2.040500e+01 2.058000e+01 2.069849e+01 2.069319e+01 2.040000e+01 2.058500e+01 2.069409e+01 2.069186e+01
2.041000e+01 2.057500e+01 2.070264e+01 2.069468e+01 2.040500e+01 2.058000e+01 2.069849e+01 2.069319e+01
2.066500e+01 2.058000e+01 2.081325e+01 2.082991e+01 2.066000e+01 2.058500e+01 2.081969e+01 2.082462e+01
2.067000e+01 2.057500e+01 2.080624e+01 2.083526e+01 2.066500e+01 2.058000e+01 2.081325e+01 2.082991e+01
2.096000e+01 2.057500e+01 2.034654e+01 2.083405e+01 2.096500e+01 2.058000e+01 2.034031e+01 2.082892e+01
2.096500e+01 2.058000e+01 2.034031e+01 2.082892e+01 2.097000e+01 2.058500e+01 2.033469e+01 2.082385e+01
2.120000e+01 2.057500e+01 2.044578e+01 2.071649e+01 2.120500e+01 2.058000e+01 2.044992e+01 2.071512e+01
2.120500e+01 2.058000e+01 2.044992e+01 2.071512e+01 2.121000e+01 2.058500e+01 2.045438e+01 2.071390e+01
2.040000e+01 2.058500e+01 2.069409e+01 2.069186e+01 2.040000e+01 2.059500e+01 2.069804e+01 2.069318e+01
2.065500e+01 2.059000e+01 2.082603e+01 2.081910e+01 2.065000e+01 2.059500e+01 2.083176e+01 2.081365e+01
2.066000e+01 2.058500e+01 2.081969e+01 2.082462e+01 2.065500e+01 2.059000e+01 2.082603e+01 2.081910e+01
2.097000e+01 2.058500e+01 2.033469e+01 2.082385e+01 2.097500e+01 2.059000e+01 2.032918e+01 2.081856e+01
2.097500e+01 2.059000e+01 2.032918e+01 2.081856e+01 2.098000e+01 2.059500e+01 2.032425e+01 2.081342e+01
2.121000e+01 2.058500e+01 2.045438e+01 2.071390e+01 2.121000e+01 2.059500e+01 2.045096e+01 2.071493e+01
2.040000e+01 2.059500e+01 2.069804e+01 2.069318e+01 2.040000e+01 2.060500e+01 2.070177e+01 2.069432e+01
2.064500e+01 2.060000e+01 2.083742e+01 2.080805e+01 2.064000e+01 2.060500e+01 2.084245e+01 2.080258e+01
2.065000e+01 2.059500e+01 2.083176e+01 2.081365e+01 2.064500e+01 2.060000e+01 2.083742e+01 2.080805e+01
2.098000e+01 2.059500e+01 2.032425e+01 2.081342e+01 2.098000e+01 2.060500e+01 2.031923e+01 2.080786e+01
2.121000e+01 2.059500e+01 2.045096e+01 2.071493e+01 2.121000e+01 2.060500e+01 2.044779e+01 2.071578e+01
2.040000e+01 2.060500e+01 2.070177e+01 2.069432e+01 2.040000e+01 2.061500e+01 2.070523e+01 2.069529e+01
2.064000e+01 2.060500e+01 2.084245e+01 2.080258e+01 2.064000e+01 2.061500e+01 2.084759e+01 2.079653e+01
2.098000e+01 2.060500e+01 2.031923e+01 2.080786e+01 2.098500e+01 2.061000e+01 2.031463e+01 2.080241e+01
2.098500e+01 2.061000e+01 2.031463e+01 2.080241e+01 2.099000e+01 2.061500e+01 2.031061e+01 2.079715e+01
2.121000e+01 2.060500e+01 2.044779e+01 2.071578e+01 2.121000e+01 2.061500e+01 2.044493e+01 2.071645e+01
2.040000e+01 2.061500e+01 2.070523e+01 2.069529e+01 2.040000e+01 2.062500e+01 2.070844e+01 2.069610e+01
2.063500e+01 2.062000e+01 2.085230e+01 2.079081e+01 2.063000e+01 2.062500e+01 2.085641e+01 2.078524e+01
2.064000e+01 2.061500e+01 2.084759e+01 2.079653e+01 2.063500e+01 2.062000e+01 2.085230e+01 2.079081e+01
2.099000e+01 2.061500e+01 2.031061e+01 2.079715e+01 2.099000e+01 2.062500e+01 2.030623e+01 2.079081e+01
2.121000e+01 2.061500e+01 2.044493e+01 2.071645e+01 2.121000e+01 2.062500e+01 2.044227e+01 2.071696e+01
2.040000e+01 2.062500e+01 2.070844e+01 2.069610e+01 2.040000e+01 2.063500e+01 2.071139e+01 2.069676e+01
2.062500e+01 2.063000e+01 2.086032e+01 2.077963e+01 2.062000e+01 2.063500e+01 2.086361e+01 2.077422e+01
2.063000e+01 2.062500e+01 2.085641e+01 2.078524e+01 2.062500e+01 2.063000e+01 2.086032e+01 2.077963e+01
2.099000e+01 2.062500e+01 2.030623e+01 2.079081e+01 2.099500e+01 2.063000e+01 2.030259e+01 2.078537e+01
2.099500e+01 2.063000e+01 2.030259e+01 2.078537e+01 2.100000e+01 2.063500e+01 2.029958e+01 2.078017e+01
2.121000e+01 2.062500e+01 2.044227e+01 2.071696e+01 2.121000e+01 2.063500e+01 2.043988e+01 2.071732e+01
2.040000e+01 2.063500e+01 2.071139e+01 2.069676e+01 2.040000e+01 2.064500e+01 2.071414e+01 2.069728e+01
2.062000e+01 2.063500e+01 2.086361e+01 2.077422e+01 2.062000e+01 2.064500e+01 2.086765e+01 2.076739e+01
2.100000e+01 2.063500e+01 2.029958e+01 2.078017e+01 2.100000e+01 2.064500e+01 2.029601e+01 2.077332e+01
2.121000e+01 2.063500e+01 2.043988e+01 2.071732e+01 2.121000e+01 2.064500e+01 2.043769e+01 2.071755e+01
2.040000e+01 2.064500e+01 2.071414e+01 2.069728e+01 2.040000e+01 2.065500e+01 2.071655e+01 2.069768e+01
2.062000e+01 2.064500e+01 2.086765e+01 2.076739e+01 2.062000e+01 2.065500e+01 2.087132e+01 2.076018e+01
2.100000e+01 2.064500e+01 2.029601e+01 2.077332e+01 2.100500e+01 2.065000e+01 2.029343e+01 2.076809e+01
2.100500e+01 2.065000e+01 2.029343e+01 2.076809e+01 2.101000e+01 2.065500e+01 2.029142e+01 2.076312e+01
2.121000e+01 2.064500e+01 2.043769e+01 2.071755e+01 2.121500e+01 2.065000e+01 2.044325e+01 2.071669e+01
2.121500e+01 2.065000e+01 2.044325e+01 2.071669e+01 2.122000e+01 2.065500e+01 2.044916e+01 2.071599e+01
2.040000e+01 2.065500e+01 2.071655e+01 2.069768e+01 2.040000e+01 2.066500e+01 2.071869e+01 2.069798e+01
2.061500e+01 2.066000e+01 2.087398e+01 2.075478e+01 2.061000e+01 2.066500e+01 2.087603e+01 2.074962e+01
2.062000e+01 2.065500e+01 2.087132e+01 2.076018e+01 2.061500e+01 2.066000e+01 2.087398e+01 2.075478e+01
2.101000e+01 2.065500e+01 2.029142e+01 2.076312e+01 2.101000e+01 2.066500e+01 2.028870e+01 2.075597e+01
2.122000e+01 2.065500e+01 2.044916e+01 2.071599e+01 2.122000e+01 2.066500e+01 2.044765e+01 2.071628e+01
2.040000e+01 2.066500e+01 2.071869e+01 2.069798e+01 2.040000e+01 2.067500e+01 2.072054e+01 2.069817e+01
2.061000e+01 2.066500e+01 2.087603e+01 2.074962e+01 2.061000e+01 2.067500e+01 2.087877e+01 2.074220e+01
2.101000e+01 2.066500e+01 2.028870e+01 2.075597e+01 2.101000e+01 2.067500e+01 2.028644e+01 2.074856e+01
2.122000e+01 2.066500e+01 2.044765e+01 2.071628e+01 2.122000e+01 2.067500e+01 2.044642e+01 2.071649e+01
2.040000e+01 2.067500e+01 2.072054e+01 2.069817e+01 2.040000e+01 2.068500e+01 2.072210e+01 2.069830e+01
2.061000e+01 2.067500e+01 2.087877e+01 2.074220e+01 2.061000e+01 2.068500e+01 2.088107e+01 2.073453e+01
2.101000e+01 2.067500e+01 2.028644e+01 2.074856e+01 2.101000e+01 2.068500e+01 2.028463e+01 2.074090e+01
2.122000e+01 2.067500e+01 2.044642e+01 2.071649e+01 2.122000e+01 2.068500e+01 2.044548e+01 2.071662e+01
2.040000e+01 2.068500e+01 2.072210e+01 2.069830e+01 2.040000e+01 2.069500e+01 2.072337e+01 2.069836e+01
2.061000e+01 2.068500e+01 2.088107e+01 2.073453e+01 2.061000e+01 2.069500e+01 2.088290e+01 2.072666e+01
2.101000e+01 2.068500e+01 2.028463e+01 2.074090e+01 2.101000e+01 2.069500e+01 2.028329e+01 2.073307e+01
2.122000e+01 2.068500e+01 2.044548e+01 2.071662e+01 2.122000e+01 2.069500e+01 2.044483e+01 2.071670e+01
2.040000e+01 2.069500e+01 2.072337e+01 2.069836e+01 2.040000e+01 2.070500e+01 2.072428e+01 2.069836e+01
2.060500e+01 2.070000e+01 2.088395e+01 2.072197e+01 2.060000e+01 2.070500e+01 2.088448e+01 2.071754e+01
2.061000e+01 2.069500e+01 2.088290e+01 2.072666e+01 2.060500e+01 2.070000e+01 2.088395e+01 2.072197e+01
2.101000e+01 2.069500e+01 2.028329e+01 2.073307e+01 2.101500e+01 2.070000e+01 2.028256e+01 2.072864e+01
2.101500e+01 2.070000e+01 2.028256e+01 2.072864e+01 2.102000e+01 2.070500e+01 2.028237e+01 2.072448e+01
2.122000e+01 2.069500e+01 2.044483e+01 2.071670e+01 2.122000e+01 2.070500e+01 2.044448e+01 2.071674e+01
2.040000e+01 2.070500e+01 2.072428e+01 2.069836e+01 2.040000e+01 2.071500e+01 2.072496e+01 2.069834e+01
2.060000e+01 2.070500e+01 2.088448e+01 2.071754e+01 2.060000e+01 2.071500e+01 2.088534e+01 2.070991e+01
2.102000e+01 2.070500e+01 2.028237e+01 2.072448e+01 2.102000e+01 2.071500e+01 2.028200e+01 2.071691e+01
2.122000e+01 2.070500e+01 2.044448e+01 2.071674e+01 2.122000e+01 2.071500e+01 2.044441e+01 2.071676e+01
2.040000e+01 2.071500e+01 2.072496e+01 2.069834e+01 2.040000e+01 2.072500e+01 2.072535e+01 2.069831e+01
2.060000e+01 2.071500e+01 2.088534e+01 2.070991e+01 2.060000e+01 2.072500e+01 2.088571e+01 2.070223e+01
2.102000e+01 2.071500e+01 2.028200e+01 2.071691e+01 2.102000e+01 2.072500e+01 2.028212e+01 2.070931e+01
2.122000e+01 2.071500e+01 2.044441e+01 2.071676e+01 2.122000e+01 2.072500e+01 2.044464e+01 2.071677e+01
2.040000e+01 2.072500e+01 2.072535e+01 2.069831e+01 2.040000e+01 2.073500e+01 2.072545e+01 2.069827e+01
2.060000e+01 2.072500e+01 2.088571e+01 2.070223e+01 2.060000e+01 2.073500e+01 2.088561e+01 2.069456e+01
2.101500e+01 2.073000e+01 2.028218e+01 2.070522e+01 2.101000e+01 2.073500e+01 2.028276e+01 2.070089e+01
2.102000e+01 2.072500e+01 2.028212e+01 2.070931e+01 2.101500e+01 2.073000e+01 2.028218e+01 2.070522e+01
2.122000e+01 2.072500e+01 2.044464e+01 2.071677e+01 2.122000e+01 2.073500e+01 2.044517e+01 2.071679e+01
2.040000e+01 2.073500e+01 2.072545e+01 2.069827e+01 2.040000e+01 2.074500e+01 2.072524e+01 2.069825e+01
2.060000e+01 2.073500e+01 2.088561e+01 2.069456e+01 2.060000e+01 2.074500e+01 2.088502e+01 2.068694e+01
2.101000e+01 2.073500e+01 2.028276e+01 2.070089e+01 2.101000e+01 2.074500e+01 2.028384e+01 2.069289e+01
2.122000e+01 2.073500e+01 2.044517e+01 2.071679e+01 2.122000e+01 2.074500e+01 2.044599e+01 2.071683e+01
2.040000e+01 2.074500e+01 2.072524e+01 2.069825e+01 2.040000e+01 2.075500e+01 2.072475e+01 2.069825e+01
2.060000e+01 2.074500e+01 2.088502e+01 2.068694e+01 2.060000e+01 2.075500e+01 2.088395e+01 2.067943e+01
2.101000e+01 2.074500e+01 2.028384e+01 2.069289e+01 2.101000e+01 2.075500e+01 2.028541e+01 2.068502e+01
2.122000e+01 2.074500e+01 2.044599e+01 2.071683e+01 2.122000e+01 2.075500e+01 2.044710e+01 2.071691e+01
2.040000e+01 2.075500e+01 2.072475e+01 2.069825e+01 2.040000e+01 2.076500e+01 2.072403e+01 2.069831e+01
2.060000e+01 2.075500e+01 2.088395e+01 2.067943e+01 2.060500e+01 2.076000e+01 2.088330e+01 2.067498e+01
2.060500e+01 2.076000e+01 2.088330e+01 2.067498e+01 2.061000e+01 2.076500e+01 2.088210e+01 2.067027e+01
2.101000e+01 2.075500e+01 2.028541e+01 2.068502e+01 2.101000e+01 2.076500e+01 2.028745e+01 2.067731e+01
2.122000e+01 2.075500e+01 2.044710e+01 2.071691e+01 2.122000e+01 2.076500e+01 2.044850e+01 2.071704e+01
2.040000e+01 2.076500e+01 2.072403e+01 2.069831e+01 2.040000e+01 2.077500e+01 2.072295e+01 2.069843e+01
2.061000e+01 2.076500e+01 2.088210e+01 2.067027e+01 2.061000e+01 2.077500e+01 2.088008e+01 2.066264e+01
2.101000e+01 2.076500e+01 2.028745e+01 2.067731e+01 2.101000e+01 2.077500e+01 2.028995e+01 2.066984e+01
2.122000e+01 2.076500e+01 2.044850e+01 2.071704e+01 2.122000e+01 2.077500e+01 2.045019e+01 2.071725e+01
2.040000e+01 2.077500e+01 2.072295e+01 2.069843e+01 2.040000e+01 2.078500e+01 2.072159e+01 2.069862e+01
2.061000e+01 2.077500e+01 2.088008e+01 2.066264e+01 2.061000e+01 2.078500e+01 2.087761e+01 2.065528e+01
2.100500e+01 2.078000e+01 2.029179e+01 2.066475e+01 2.100000e+01 2.078500e+01 2.029421e+01 2.065942e+01
2.101000e+01 2.077500e+01 2.028995e+01 2.066984e+01 2.100500e+01 2.078000e+01 2.029179e+01 2.066475e+01
2.122000e+01 2.077500e+01 2.045019e+01 2.071725e+01 2.122000e+01 2.078500e+01 2.045217e+01 2.071753e+01
2.040000e+01 2.078500e+01 2.072159e+01 2.069862e+01 2.040000e+01 2.079500e+01 2.071994e+01 2.069891e+01
2.061000e+01 2.078500e+01 2.087761e+01 2.065528e+01 2.061000e+01 2.079500e+01 2.087469e+01 2.064820e+01
2.100000e+01 2.078500e+01 2.029421e+01 2.065942e+01 2.100000e+01 2.079500e+01 2.029765e+01 2.065208e+01
2.122000e+01 2.078500e+01 2.045217e+01 2.071753e+01 2.122000e+01 2.079500e+01 2.045443e+01 2.071792e+01
2.040000e+01 2.079500e+01 2.071994e+01 2.069891e+01 2.040000e+01 2.080500e+01 2.071801e+01 2.069931e+01
2.061000e+01 2.079500e+01 2.087469e+01 2.064820e+01 2.061500e+01 2.080000e+01 2.087247e+01 2.064317e+01
2.061500e+01 2.080000e+01 2.087247e+01 2.064317e+01 2.062000e+01 2.080500e+01 2.086968e+01 2.063790e+01
2.100000e+01 2.079500e+01 2.029765e+01 2.065208e+01 2.100000e+01 2.080500e+01 2.030147e+01 2.064511e+01
2.122000e+01 2.079500e+01 2.045443e+01 2.071792e+01 2.122000e+01 2.080500e+01 2.045702e+01 2.071842e+01
2.040000e+01 2.080500e+01 2.071801e+01 2.069931e+01 2.040500e+01 2.081000e+01 2.072364e+01 2.069847e+01
2.040500e+01 2.081000e+01 2.072364e+01 2.069847e+01 2.041000e+01 2.081500e+01 2.072892e+01 2.069746e+01
2.062000e+01 2.080500e+01 2.086968e+01 2.063790e+01 2.062000e+01 2.081500e+01 2.086592e+01 2.063117e+01
2.099500e+01 2.081000e+01 2.030455e+01 2.063972e+01 2.099000e+01 2.081500e+01 2.030824e+01 2.063411e+01
2.100000e+01 2.080500e+01 2.030147e+01 2.064511e+01 2.099500e+01 2.081000e+01 2.030455e+01 2.063972e+01
2.122000e+01 2.080500e+01 2.045702e+01 2.071842e+01 2.122000e+01 2.081500e+01 2.045981e+01 2.071905e+01
2.041000e+01 2.081500e+01 2.072892e+01 2.069746e+01 2.041000e+01 2.082500e+01 2.072633e+01 2.069785e+01
2.062000e+01 2.081500e+01 2.086592e+01 2.063117e+01 2.062500e+01 2.082000e+01 2.086271e+01 2.062595e+01
2.062500e+01 2.082000e+01 2.086271e+01 2.062595e+01 2.063000e+01 2.082500e+01 2.085888e+01 2.062051e+01
2.099000e+01 2.081500e+01 2.030824e+01 2.063411e+01 2.099000e+01 2.082500e+01 2.031289e+01 2.062763e+01
2.122000e+01 2.081500e+01 2.045981e+01 2.071905e+01 2.122000e+01 2.082500e+01 2.046287e+01 2.071982e+01
2.041000e+01 2.082500e+01 2.072633e+01 2.069785e+01 2.041000e+01 2.083500e+01 2.072353e+01 2.069839e+01
2.063000e+01 2.082500e+01 2.085888e+01 2.062051e+01 2.063000e+01 2.083500e+01 2.085434e+01 2.061436e+01
2.098500e+01 2.083000e+01 2.031697e+01 2.062216e+01 2.098000e+01 2.083500e+01 2.032164e+01 2.061651e+01
2.099000e+01 2.082500e+01 2.031289e+01 2.062763e+01 2.098500e+01 2.083000e+01 2.031697e+01 2.062216e+01
2.122000e+01 2.082500e+01 2.046287e+01 2.071982e+01 2.122000e+01 2.083500e+01 2.046619e+01 2.072074e+01
2.041000e+01 2.083500e+01 2.072353e+01 2.069839e+01 2.041000e+01 2.084500e+01 2.072048e+01 2.069909e+01
2.063000e+01 2.083500e+01 2.085434e+01 2.061436e+01 2.063500e+01 2.084000e+01 2.085015e+01 2.060912e+01
2.063500e+01 2.084000e+01 2.085015e+01 2.060912e+01 2.064000e+01 2.084500e+01 2.084536e+01 2.060369e+01
2.097500e+01 2.084000e+01 2.032649e+01 2.061096e+01 2.097000e+01 2.084500e+01 2.033197e+01 2.060529e+01
2.098000e+01 2.083500e+01 2.032164e+01 2.061651e+01 2.097500e+01 2.084000e+01 2.032649e+01 2.061096e+01
2.122000e+01 2.083500e+01 2.046619e+01 2.072074e+01 2.122000e+01 2.084500e+01 2.046977e+01 2.072183e+01
2.041000e+01 2.084500e+01 2.072048e+01 2.069909e+01 2.041000e+01 2.085500e+01 2.071724e+01 2.069998e+01
2.064000e+01 2.084500e+01 2.084536e+01 2.060369e+01 2.064000e+01 2.085500e+01 2.084022e+01 2.059835e+01
2.097000e+01 2.084500e+01 2.033197e+01 2.060529e+01 2.097000e+01 2.085500e+01 2.033753e+01 2.059987e+01
2.121500e+01 2.085000e+01 2.046509e+01 2.072056e+01 2.121000e+01 2.085500e+01 2.046059e+01 2.071912e+01
2.122000e+01 2.084500e+01 2.046977e+01 2.072183e+01 2.121500e+01 2.085000e+01 2.046509e+01 2.072056e+01
2.041000e+01 2.085500e+01 2.071724e+01 2.069998e+01 2.041000e+01 2.086500e+01 2.071370e+01 2.070106e+01
2.064000e+01 2.085500e+01 2.084022e+01 2.059835e+01 2.064500e+01 2.086000e+01 2.083514e+01 2.059327e+01
2.064500e+01 2.086000e+01 2.083514e+01 2.059327e+01 2.065000e+01 2.086500e+01 2.082949e+01 2.058809e+01
2.096500e+01 2.086000e+01 2.034322e+01 2.059456e+01 2.096000e+01 2.086500e+01 2.034952e+01 2.058917e+01
2.097000e+01 2.085500e+01 2.033753e+01 2.059987e+01 2.096500e+01 2.086000e+01 2.034322e+01 2.059456e+01
2.121000e+01 2.085500e+01 2.046059e+01 2.071912e+01 2.121000e+01 2.086500e+01 2.046478e+01 2.072034e+01
2.041000e+01 2.086500e+01 2.071370e+01 2.070106e+01 2.041500e+01 2.087000e+01 2.071805e+01 2.069982e+01
2.041500e+01 2.087000e+01 2.071805e+01 2.069982e+01 2.042000e+01 2.087500e+01 2.072207e+01 2.069841e+01
2.065000e+01 2.086500e+01 2.082949e+01 2.058809e+01 2.065500e+01 2.087000e+01 2.082372e+01 2.058311e+01
2.065500e+01 2.087000e+01 2.082372e+01 2.058311e+01 2.066000e+01 2.087500e+01 2.081736e+01 2.057803e+01
2.095500e+01 2.087000e+01 2.035587e+01 2.058400e+01 2.095000e+01 2.087500e+01 2.036280e+01 2.057877e+01
2.096000e+01 2.086500e+01 2.034952e+01 2.058917e+01 2.095500e+01 2.087000e+01 2.035587e+01 2.058400e+01
2.121000e+01 2.086500e+01 2.046478e+01 2.072034e+01 2.121000e+01 2.087500e+01 2.046914e+01 2.072177e+01
2.042000e+01 2.087500e+01 2.072207e+01 2.069841e+01 2.042000e+01 2.088500e+01 2.071798e+01 2.069968e+01
2.066000e+01 2.087500e+01 2.081736e+01 2.057803e+01 2.066500e+01 2.088000e+01 2.081098e+01 2.057325e+01
2.066500e+01 2.088000e+01 2.081098e+01 2.057325e+01 2.067000e+01 2.088500e+01 2.080403e+01 2.056843e+01
2.094500e+01 2.088000e+01 2.036977e+01 2.057381e+01 2.094000e+01 2.088500e+01 2.037728e+01 2.056885e+01
2.095000e+01 2.087500e+01 2.036280e+01 2.057877e+01 2.094500e+01 2.088000e+01 2.036977e+01 2.057381e+01
2.121000e+01 2.087500e+01 2.046914e+01 2.072177e+01 2.121000e+01 2.088500e+01 2.047372e+01 2.072341e+01
2.042000e+01 2.088500e+01 2.071798e+01 2.069968e+01 2.042000e+01 2.089500e+01 2.071367e+01 2.070119e+01
2.067000e+01 2.088500e+01 2.080403e+01 2.056843e+01 2.067500e+01 2.089000e+01 2.079707e+01 2.056390e+01
2.067500e+01 2.089000e+01 2.079707e+01 2.056390e+01 2.068000e+01 2.089500e+01 2.078959e+01 2.055941e+01
2.092500e+01 2.089000e+01 2.039493e+01 2.055829e+01 2.092000e+01 2.089500e+01 2.040342e+01 2.055374e+01
2.092500e+01 2.089000e+01 2.039493e+01 2.055829e+01 2.093500e+01 2.089000e+01 2.038478e+01 2.056419e+01
2.094000e+01 2.088500e+01 2.037728e+01 2.056885e+01 2.093500e+01 2.089000e+01 2.038478e+01 2.056419e+01
2.121000e+01 2.088500e+01 2.047372e+01 2.072341e+01 2.121000e+01 2.089500e+01 2.047851e+01 2.072528e+01
2.042000e+01 2.089500e+01 2.071367e+01 2.070119e+01 2.042000e+01 2.090500e+01 2.070921e+01 2.070294e+01
2.068000e+01 2.089500e+01 2.078959e+01 2.055941e+01 2.068500e+01 2.090000e+01 2.078215e+01 2.055521e+01
2.068500e+01 2.090000e+01 2.078215e+01 2.055521e+01 2.069500e+01 2.090000e+01 2.077178e+01 2.054969e+01
2.069500e+01 2.090000e+01 2.077178e+01 2.054969e+01 2.070000e+01 2.090500e+01 2.076340e+01 2.054564e+01
2.091500e+01 2.090000e+01 2.041182e+01 2.054953e+01 2.091000e+01 2.090500e+01 2.042066e+01 2.054543e+01
2.092000e+01 2.089500e+01 2.040342e+01 2.055374e+01 2.091500e+01 2.090000e+01 2.041182e+01 2.054953e+01
2.121000e+01 2.089500e+01 2.047851e+01 2.072528e+01 2.121000e+01 2.090500e+01 2.048351e+01 2.072739e+01
2.042000e+01 2.090500e+01 2.070921e+01 2.070294e+01 2.042000e+01 2.091500e+01 2.070442e+01 2.070494e+01
2.070000e+01 2.090500e+01 2.076340e+01 2.054564e+01 2.070500e+01 2.091000e+01 2.075513e+01 2.054195e+01
2.070500e+01 2.091000e+01 2.075513e+01 2.054195e+01 2.071500e+01 2.091000e+01 2.074280e+01 2.053696e+01
2.071500e+01 2.091000e+01 2.074280e+01 2.053696e+01 2.072000e+01 2.091500e+01 2.073378e+01 2.053357e+01
2.089500e+01 2.091000e+01 2.044233e+01 2.053655e+01 2.089000e+01 2.091500e+01 2.045172e+01 2.053317e+01
2.089500e+01 2.091000e+01 2.044233e+01 2.053655e+01 2.090500e+01 2.091000e+01 2.042935e+01 2.054174e+01
2.091000e+01 2.090500e+01 2.042066e+01 2.054543e+01 2.090500e+01 2.091000e+01 2.042935e+01 2.054174e+01
2.120500e+01 2.091000e+01 2.047998e+01 2.072597e+01 2.120000e+01 2.091500e+01 2.047672e+01 2.072440e+01
2.121000e+01 2.090500e+01 2.048351e+01 2.072739e+01 2.120500e+01 2.091000e+01 2.047998e+01 2.072597e+01
2.042000e+01 2.091500e+01 2.070442e+01 2.070494e+01 2.042500e+01 2.092000e+01 2.070776e+01 2.070361e+01
2.042500e+01 2.092000e+01 2.070776e+01 2.070361e+01 2.043000e+01 2.092500e+01 2.071081e+01 2.070215e+01
2.072000e+01 2.091500e+01 2.073378e+01 2.053357e+01 2.072500e+01 2.092000e+01 2.072495e+01 2.053056e+01
2.072500e+01 2.092000e+01 2.072495e+01 2.053056e+01 2.073500e+01 2.092000e+01 2.071101e+01 2.052624e+01
2.073500e+01 2.092000e+01 2.071101e+01 2.052624e+01 2.074000e+01 2.092500e+01 2.070167e+01 2.052372e+01
2.086500e+01 2.092000e+01 2.049072e+01 2.052202e+01 2.086000e+01 2.092500e+01 2.050042e+01 2.051973e+01
2.086500e+01 2.092000e+01 2.049072e+01 2.052202e+01 2.087500e+01 2.092000e+01 2.047539e+01 2.052588e+01
2.087500e+01 2.092000e+01 2.047539e+01 2.052588e+01 2.088500e+01 2.092000e+01 2.046089e+01 2.053022e+01
2.089000e+01 2.091500e+01 2.045172e+01 2.053317e+01 2.088500e+01 2.092000e+01 2.046089e+01 2.053022e+01
2.120000e+01 2.091500e+01 2.047672e+01 2.072440e+01 2.120000e+01 2.092500e+01 2.048218e+01 2.072681e+01
2.043000e+01 2.092500e+01 2.071081e+01 2.070215e+01 2.043000e+01 2.093500e+01 2.070562e+01 2.070450e+01
2.074000e+01 2.092500e+01 2.070167e+01 2.052372e+01 2.074500e+01 2.093000e+01 2.069259e+01 2.052160e+01
2.074500e+01 2.093000e+01 2.069259e+01 2.052160e+01 2.075500e+01 2.093000e+01 2.067747e+01 2.051826e+01
2.075500e+01 2.093000e+01 2.067747e+01 2.051826e+01 2.076500e+01 2.093000e+01 2.066168e+01 2.051546e+01
2.076500e+01 2.093000e+01 2.066168e+01 2.051546e+01 2.077500e+01 2.093000e+01 2.064533e+01 2.051329e+01
2.077500e+01 2.093000e+01 2.064533e+01 2.051329e+01 2.078500e+01 2.093000e+01 2.062854e+01 2.051159e+01
2.078500e+01 2.093000e+01 2.062854e+01 2.051159e+01 2.079500e+01 2.093000e+01 2.061144e+01 2.051058e+01
2.079500e+01 2.093000e+01 2.061144e+01 2.051058e+01 2.080500e+01 2.093000e+01 2.059415e+01 2.051021e+01
2.080500e+01 2.093000e+01 2.059415e+01 2.051021e+01 2.081500e+01 2.093000e+01 2.057683e+01 2.051049e+01
2.081500e+01 2.093000e+01 2.057683e+01 2.051049e+01 2.082500e+01 2.093000e+01 2.055960e+01 2.051140e+01
2.082500e+01 2.093000e+01 2.055960e+01 2.051140e+01 2.083500e+01 2.093000e+01 2.054261e+01 2.051295e+01
2.083500e+01 2.093000e+01 2.054261e+01 2.051295e+01 2.084500e+01 2.093000e+01 2.052598e+01 2.051516e+01
2.084500e+01 2.093000e+01 2.052598e+01 2.051516e+01 2.085500e+01 2.093000e+01 2.050984e+01 2.051791e+01
2.086000e+01 2.092500e+01 2.050042e+01 2.051973e+01 2.085500e+01 2.093000e+01 2.050984e+01 2.051791e+01
2.120000e+01 2.092500e+01 2.048218e+01 2.072681e+01 2.120000e+01 2.093500e+01 2.048783e+01 2.072950e+01
2.043000e+01 2.093500e+01 2.070562e+01 2.070450e+01 2.043000e+01 2.094500e+01 2.070027e+01 2.070713e+01
2.120000e+01 2.093500e+01 2.048783e+01 2.072950e+01 2.120000e+01 2.094500e+01 2.049363e+01 2.073245e+01
2.043000e+01 2.094500e+01 2.070027e+01 2.070713e+01 2.043000e+01 2.095500e+01 2.069477e+01 2.071004e+01
2.120000e+01 2.094500e+01 2.049363e+01 2.073245e+01 2.120000e+01 2.095500e+01 2.049959e+01 2.073567e+01
2.043000e+01 2.095500e+01 2.069477e+01 2.071004e+01 2.043500e+01 2.096000e+01 2.069729e+01 2.070882e+01
2.043500e+01 2.096000e+01 2.069729e+01 2.070882e+01 2.044000e+01 2.096500e+01 2.069953e+01 2.070748e+01
2.119500e+01 2.096000e+01 2.049697e+01 2.073437e+01 2.119000e+01 2.096500e+01 2.049464e+01 2.073296e+01
2.120000e+01 2.095500e+01 2.049959e+01 2.073567e+01 2.119500e+01 2.096000e+01 2.049697e+01 2.073437e+01
2.044000e+01 2.096500e+01 2.069953e+01 2.070748e+01 2.044000e+01 2.097500e+01 2.069365e+01 2.071084e+01
2.119000e+01 2.096500e+01 2.049464e+01 2.073296e+01 2.119000e+01 2.097500e+01 2.050097e+01 2.073662e+01
2.044000e+01 2.097500e+01 2.069365e+01 2.071084e+01 2.044000e+01 2.098500e+01 2.068765e+01 2.071452e+01
2.119000e+01 2.097500e+01 2.050097e+01 2.073662e+01 2.119000e+01 2.098500e+01 2.050743e+01 2.074057e+01
2.044000e+01 2.098500e+01 2.068765e+01 2.071452e+01 2.044500e+01 2.099000e+01 2.068956e+01 2.071345e+01
2.044500e+01 2.099000e+01 2.068956e+01 2.071345e+01 2.045000e+01 2.099500e+01 2.069117e+01 2.071228e+01
2.118500e+01 2.099000e+01 2.050541e+01 2.073941e+01 2.118000e+01 2.099500e+01 2.050367e+01 2.073816e+01
2.119000e+01 2.098500e+01 2.050743e+01 2.074057e+01 2.118500e+01 2.099000e+01 2.050541e+01 2.073941e+01
2.045000e+01 2.099500e+01 2.069117e+01 2.071228e+01 2.045000e+01 2.100500e+01 2.068487e+01 2.071648e+01
2.118000e+01 2.099500e+01 2.050367e+01 2.073816e+01 2.118000e+01 2.100500e+01 2.051043e+01 2.074261e+01
2.045000e+01 2.100500e+01 2.068487e+01 2.071648e+01 2.045000e+01 2.101500e+01 2.067848e+01 2.072100e+01
2.118000e+01 2.100500e+01 2.051043e+01 2.074261e+01 2.118000e+01 2.101500e+01 2.051728e+01 2.074737e+01
2.045000e+01 2.101500e+01 2.067848e+01 2.072100e+01 2.045500e+01 2.102000e+01 2.067983e+01 2.072018e+01
2.045500e+01 2.102000e+01 2.067983e+01 2.072018e+01 2.046000e+01 2.102500e+01 2.068090e+01 2.071928e+01
2.117500e+01 2.102000e+01 2.051581e+01 2.074645e+01 2.117000e+01 2.102500e+01 2.051460e+01 2.074543e+01
2.118000e+01 2.101500e+01 2.051728e+01 2.074737e+01 2.117500e+01 2.102000e+01 2.051581e+01 2.074645e+01
2.046000e+01 2.102500e+01 2.068090e+01 2.071928e+01 2.046000e+01 2.103500e+01 2.067428e+01 2.072438e+01
2.117000e+01 2.102500e+01 2.051460e+01 2.074543e+01 2.117000e+01 2.103500e+01 2.052168e+01 2.075074e+01
2.046000e+01 2.103500e+01 2.067428e+01 2.072438e+01 2.046500e+01 2.104000e+01 2.067521e+01 2.072375e+01
2.046500e+01 2.104000e+01 2.067521e+01 2.072375e+01 2.047000e+01 2.104500e+01 2.067586e+01 2.072307e+01
2.117000e+01 2.103500e+01 2.052168e+01 2.075074e+01 2.117000e+01 2.104500e+01 2.052882e+01 2.075637e+01
2.047000e+01 2.104500e+01 2.067586e+01 2.072307e+01 2.047000e+01 2.105500e+01 2.066908e+01 2.072877e+01
2.116500e+01 2.105000e+01 2.052781e+01 2.075574e+01 2.116000e+01 2.105500e+01 2.052708e+01 2.075506e+01
2.117000e+01 2.104500e+01 2.052882e+01 2.075637e+01 2.116500e+01 2.105000e+01 2.052781e+01 2.075574e+01
2.047000e+01 2.105500e+01 2.066908e+01 2.072877e+01 2.047500e+01 2.106000e+01 2.066963e+01 2.072838e+01
2.047500e+01 2.106000e+01 2.066963e+01 2.072838e+01 2.048000e+01 2.106500e+01 2.066989e+01 2.072795e+01
2.116000e+01 2.105500e+01 2.052708e+01 2.075506e+01 2.116000e+01 2.106500e+01 2.053438e+01 2.076128e+01
2.048000e+01 2.106500e+01 2.066989e+01 2.072795e+01 2.048000e+01 2.107500e+01 2.066301e+01 2.073428e+01
2.115500e+01 2.107000e+01 2.053374e+01 2.076087e+01 2.115000e+01 2.107500e+01 2.053337e+01 2.076044e+01
2.116000e+01 2.106500e+01 2.053438e+01 2.076128e+01 2.115500e+01 2.107000e+01 2.053374e+01 2.076087e+01
2.048000e+01 2.107500e+01 2.066301e+01 2.073428e+01 2.048500e+01 2.108000e+01 2.066322e+01 2.073416e+01
2.048500e+01 2.108000e+01 2.066322e+01 2.073416e+01 2.049000e+01 2.108500e+01 2.066315e+01 2.073403e+01
2.115000e+01 2.107500e+01 2.053337e+01 2.076044e+01 2.115000e+01 2.108500e+01 2.054077e+01 2.076727e+01
2.049000e+01 2.108500e+01 2.066315e+01 2.073403e+01 2.049000e+01 2.109500e+01 2.065621e+01 2.074102e+01
2.114500e+01 2.109000e+01 2.054046e+01 2.076713e+01 2.114000e+01 2.109500e+01 2.054041e+01 2.076698e+01
2.115000e+01 2.108500e+01 2.054077e+01 2.076727e+01 2.114500e+01 2.109000e+01 2.054046e+01 2.076713e+01
2.049000e+01 2.109500e+01 2.065621e+01 2.074102e+01 2.049500e+01 2.110000e+01 2.065612e+01 2.074122e+01
2.049500e+01 2.110000e+01 2.065612e+01 2.074122e+01 2.050000e+01 2.110500e+01 2.065576e+01 2.074141e+01
2.114000e+01 2.109500e+01 2.054041e+01 2.076698e+01 2.114000e+01 2.110500e+01 2.054785e+01 2.077443e+01
2.050000e+01 2.110500e+01 2.065576e+01 2.074141e+01 2.050000e+01 2.111500e+01 2.064882e+01 2.074908e+01
2.113500e+01 2.111000e+01 2.054783e+01 2.077459e+01 2.113000e+01 2.111500e+01 2.054805e+01 2.077475e+01
2.114000e+01 2.110500e+01 2.054785e+01 2.077443e+01 2.113500e+01 2.111000e+01 2.054783e+01 2.077459e+01
2.050000e+01 2.111500e+01 2.064882e+01 2.074908e+01 2.050500e+01 2.112000e+01 2.064848e+01 2.074962e+01
2.050500e+01 2.112000e+01 2.064848e+01 2.074962e+01 2.051000e+01 2.112500e+01 2.064788e+01 2.075018e+01
2.112500e+01 2.112000e+01 2.054828e+01 2.077507e+01 2.112000e+01 2.112500e+01 2.054875e+01 2.077540e+01
2.113000e+01 2.111500e+01 2.054805e+01 2.077475e+01 2.112500e+01 2.112000e+01 2.054828e+01 2.077507e+01
2.051000e+01 2.112500e+01 2.064788e+01 2.075018e+01 2.051000e+01 2.113500e+01 2.064101e+01 2.075851e+01
2.112000e+01 2.112500e+01 2.054875e+01 2.077540e+01 2.112000e+01 2.113500e+01 2.055617e+01 2.078381e+01
2.051000e+01 2.113500e+01 2.064101e+01 2.075851e+01 2.051500e+01 2.114000e+01 2.064046e+01 2.075942e+01
2.051500e+01 2.114000e+01 2.064046e+01 2.075942e+01 2.052000e+01 2.114500e+01 2.063968e+01 2.076036e+01
2.111500e+01 2.114000e+01 2.055661e+01 2.078448e+01 2.111000e+01 2.114500e+01 2.055728e+01 2.078517e+01
2.112000e+01 2.113500e+01 2.055617e+01 2.078381e+01 2.111500e+01 2.114000e+01 2.055661e+01 2.078448e+01
2.052000e+01 2.114500e+01 2.063968e+01 2.076036e+01 2.052500e+01 2.115000e+01 2.063893e+01 2.076147e+01
2.052500e+01 2.115000e+01 2.063893e+01 2.076147e+01 2.053000e+01 2.115500e+01 2.063796e+01 2.076264e+01
2.110500e+01 2.115000e+01 2.055793e+01 2.078603e+01 2.110000e+01 2.115500e+01 2.055880e+01 2.078692e+01
2.111000e+01 2.114500e+01 2.055728e+01 2.078517e+01 2.110500e+01 2.115000e+01 2.055793e+01 2.078603e+01
2.053000e+01 2.115500e+01 2.063796e+01 2.076264e+01 2.053500e+01 2.116000e+01 2.063703e+01 2.076398e+01
2.053500e+01 2.116000e+01 2.063703e+01 2.076398e+01 2.054000e+01 2.116500e+01 2.063589e+01 2.076538e+01
2.110000e+01 2.115500e+01 2.055880e+01 2.078692e+01 2.110000e+01 2.116500e+01 2.056607e+01 2.079634e+01
2.054000e+01 2.116500e+01 2.063589e+01 2.076538e+01 2.054000e+01 2.117500e+01 2.062934e+01 2.077510e+01
2.109500e+01 2.117000e+01 2.056686e+01 2.079758e+01 2.109000e+01 2.117500e+01 2.056786e+01 2.079888e+01
2.110000e+01 2.116500e+01 2.056607e+01 2.079634e+01 2.109500e+01 2.117000e+01 2.056686e+01 2.079758e+01
2.054000e+01 2.117500e+01 2.062934e+01 2.077510e+01 2.054500e+01 2.118000e+01 2.062832e+01 2.077687e+01
2.054500e+01 2.118000e+01 2.062832e+01 2.077687e+01 2.055000e+01 2.118500e+01 2.062710e+01 2.077871e+01
2.108500e+01 2.118000e+01 2.056881e+01 2.080035e+01 2.108000e+01 2.118500e+01 2.056995e+01 2.080187e+01
2.109000e+01 2.117500e+01 2.056786e+01 2.079888e+01 2.108500e+01 2.118000e+01 2.056881e+01 2.080035e+01
2.055000e+01 2.118500e+01 2.062710e+01 2.077871e+01 2.055500e+01 2.119000e+01 2.062596e+01 2.078072e+01
2.055500e+01 2.119000e+01 2.062596e+01 2.078072e+01 2.056000e+01 2.119500e+01 2.062463e+01 2.078282e+01
2.107500e+01 2.119000e+01 2.057103e+01 2.080357e+01 2.107000e+01 2.119500e+01 2.057231e+01 2.080535e+01
2.108000e+01 2.118500e+01 2.056995e+01 2.080187e+01 2.107500e+01 2.119000e+01 2.057103e+01 2.080357e+01
2.056000e+01 2.119500e+01 2.062463e+01 2.078282e+01 2.056500e+01 2.120000e+01 2.062339e+01 2.078510e+01
2.056500e+01 2.120000e+01 2.062339e+01 2.078510e+01 2.057000e+01 2.120500e+01 2.062198e+01 2.078747e+01
2.106500e+01 2.120000e+01 2.057350e+01 2.080729e+01 2.106000e+01 2.120500e+01 2.057488e+01 2.080932e+01
2.107000e+01 2.119500e+01 2.057231e+01 2.080535e+01 2.106500e+01 2.120000e+01 2.057350e+01 2.080729e+01
2.057000e+01 2.120500e+01 2.062198e+01 2.078747e+01 2.057500e+01 2.121000e+01 2.062066e+01 2.079001e+01
2.057500e+01 2.121000e+01 2.062066e+01 2.079001e+01 2.058000e+01 2.121500e+01 2.061918e+01 2.079266e+01
2.105500e+01 2.121000e+01 2.057618e+01 2.081151e+01 2.105000e+01 2.121500e+01 2.057764e+01 2.081380e+01
2.106000e+01 2.120500e+01 2.057488e+01 2.080932e+01 2.105500e+01 2.121000e+01 2.057618e+01 2.081151e+01
2.058000e+01 2.121500e+01 2.061918e+01 2.079266e+01 2.058500e+01 2.122000e+01 2.061780e+01 2.079548e+01
2.058500e+01 2.122000e+01 2.061780e+01 2.079548e+01 2.059000e+01 2.122500e+01 2.061628e+01 2.079841e+01
2.104500e+01 2.122000e+01 2.057901e+01 2.081626e+01 2.104000e+01 2.122500e+01 2.058053e+01 2.081882e+01
2.105000e+01 2.121500e+01 2.057764e+01 2.081380e+01 2.104500e+01 2.122000e+01 2.057901e+01 2.081626e+01
2.059000e+01 2.122500e+01 2.061628e+01 2.079841e+01 2.059500e+01 2.123000e+01 2.061487e+01 2.080151e+01
2.059500e+01 2.123000e+01 2.061487e+01 2.080151e+01 2.060000e+01 2.123500e+01 2.061333e+01 2.080473e+01
2.103500e+01 2.123000e+01 2.058196e+01 2.082155e+01 2.103000e+01 2.123500e+01 2.058352e+01 2.082438e+01
2.104000e+01 2.122500e+01 2.058053e+01 2.081882e+01 2.103500e+01 2.123000e+01 2.058196e+01 2.082155e+01
2.060000e+01 2.123500e+01 2.061333e+01 2.080473e+01 2.060500e+01 2.124000e+01 2.061191e+01 2.080812e+01
2.060500e+01 2.124000e+01 2.061191e+01 2.080812e+01 2.061000e+01 2.124500e+01 2.061038e+01 2.081163e+01
2.102500e+01 2.124000e+01 2.058498e+01 2.082739e+01 2.102000e+01 2.124500e+01 2.058656e+01 2.083050e+01
2.103000e+01 2.123500e+01 2.058352e+01 2.082438e+01 2.102500e+01 2.124000e+01 2.058498e+01 2.082739e+01
2.061000e+01 2.124500e+01 2.061038e+01 2.081163e+01 2.061500e+01 2.125000e+01 2.060897e+01 2.081532e+01
2.061500e+01 2.125000e+01 2.060897e+01 2.081532e+01 2.062500e+01 2.125000e+01 2.061086e+01 2.081040e+01
2.062500e+01 2.125000e+01 2.061086e+01 2.081040e+01 2.063000e+01 2.125500e+01 2.060926e+01 2.081434e+01
2.101500e+01 2.125000e+01 2.058803e+01 2.083378e+01 2.101000e+01 2.125500e+01 2.058961e+01 2.083718e+01
2.102000e+01 2.124500e+01 2.058656e+01 2.083050e+01 2.101500e+01 2.125000e+01 2.058803e+01 2.083378e+01
2.063000e+01 2.125500e+01 2.060926e+01 2.081434e+01 2.063500e+01 2.126000e+01 2.060780e+01 2.081845e+01
2.063500e+01 2.126000e+01 2.060780e+01 2.081845e+01 2.064000e+01 2.126500e+01 2.060626e+01 2.082270e+01
2.099500e+01 2.126000e+01 2.058873e+01 2.083528e+01 2.099000e+01 2.126500e+01 2.059037e+01 2.083910e+01
2.099500e+01 2.126000e+01 2.058873e+01 2.083528e+01 2.100500e+01 2.126000e+01 2.059106e+01 2.084073e+01
2.101000e+01 2.125500e+01 2.058961e+01 2.083718e+01 2.100500e+01 2.126000e+01 2.059106e+01 2.084073e+01
2.064000e+01 2.126500e+01 2.060626e+01 2.082270e+01 2.064500e+01 2.127000e+01 2.060487e+01 2.082709e+01
2.064500e+01 2.127000e+01 2.060487e+01 2.082709e+01 2.065500e+01 2.127000e+01 2.060613e+01 2.082293e+01
2.065500e+01 2.127000e+01 2.060613e+01 2.082293e+01 2.066000e+01 2.127500e+01 2.060463e+01 2.082763e+01
2.098500e+01 2.127000e+01 2.059188e+01 2.084306e+01 2.098000e+01 2.127500e+01 2.059347e+01 2.084715e+01
2.099000e+01 2.126500e+01 2.059037e+01 2.083910e+01 2.098500e+01 2.127000e+01 2.059188e+01 2.084306e+01
2.066000e+01 2.127500e+01 2.060463e+01 2.082763e+01 2.066500e+01 2.128000e+01 2.060328e+01 2.083246e+01
2.066500e+01 2.128000e+01 2.060328e+01 2.083246e+01 2.067000e+01 2.128500e+01 2.060190e+01 2.083744e+01
2.096500e+01 2.128000e+01 2.059322e+01 2.084669e+01 2.096000e+01 2.128500e+01 2.059478e+01 2.085121e+01
2.096500e+01 2.128000e+01 2.059322e+01 2.084669e+01 2.097500e+01 2.128000e+01 2.059492e+01 2.085140e+01
2.098000e+01 2.127500e+01 2.059347e+01 2.084715e+01 2.097500e+01 2.128000e+01 2.059492e+01 2.085140e+01
2.067000e+01 2.128500e+01 2.060190e+01 2.083744e+01 2.067500e+01 2.129000e+01 2.060067e+01 2.084258e+01
2.067500e+01 2.129000e+01 2.060067e+01 2.084258e+01 2.068500e+01 2.129000e+01 2.060152e+01 2.083925e+01
2.068500e+01 2.129000e+01 2.060152e+01 2.083925e+01 2.069000e+01 2.129500e+01 2.060028e+01 2.084468e+01
2.094500e+01 2.129000e+01 2.059487e+01 2.085167e+01 2.094000e+01 2.129500e+01 2.059634e+01 2.085664e+01
2.094500e+01 2.129000e+01 2.059487e+01 2.085167e+01 2.095500e+01 2.129000e+01 2.059619e+01 2.085588e+01
2.096000e+01 2.128500e+01 2.059478e+01 2.085121e+01 2.095500e+01 2.129000e+01 2.059619e+01 2.085588e+01
2.069000e+01 2.129500e+01 2.060028e+01 2.084468e+01 2.069500e+01 2.130000e+01 2.059918e+01 2.085025e+01
2.069500e+01 2.130000e+01 2.059918e+01 2.085025e+01 2.070500e+01 2.130000e+01 2.059980e+01 2.084748e+01
2.070500e+01 2.130000e+01 2.059980e+01 2.084748e+01 2.071500e+01 2.130000e+01 2.060021e+01 2.084496e+01
2.071500e+01 2.130000e+01 2.060021e+01 2.084496e+01 2.072000e+01 2.130500e+01 2.059919e+01 2.085100e+01
2.091500e+01 2.130000e+01 2.059585e+01 2.085461e+01 2.091000e+01 2.130500e+01 2.059716e+01 2.086017e+01
2.091500e+01 2.130000e+01 2.059585e+01 2.085461e+01 2.092500e+01 2.130000e+01 2.059664e+01 2.085805e+01
2.092500e+01 2.130000e+01 2.059664e+01 2.085805e+01 2.093500e+01 2.130000e+01 2.059766e+01 2.086173e+01
2.094000e+01 2.129500e+01 2.059634e+01 2.085664e+01 2.093500e+01 2.130000e+01 2.059766e+01 2.086173e+01
2.072000e+01 2.130500e+01 2.059919e+01 2.085100e+01 2.072500e+01 2.131000e+01 2.059833e+01 2.085716e+01
2.072500e+01 2.131000e+01 2.059833e+01 2.085716e+01 2.073500e+01 2.131000e+01 2.059865e+01 2.085522e+01
2.073500e+01 2.131000e+01 2.059865e+01 2.085522e+01 2.074500e+01 2.131000e+01 2.059882e+01 2.085356e+01
2.074500e+01 2.131000e+01 2.059882e+01 2.085356e+01 2.075500e+01 2.131000e+01 2.059886e+01 2.085217e+01
2.075500e+01 2.131000e+01 2.059886e+01 2.085217e+01 2.076000e+01 2.131500e+01 2.059827e+01 2.085896e+01
2.087500e+01 2.131000e+01 2.059697e+01 2.085801e+01 2.087000e+01 2.131500e+01 2.059793e+01 2.086431e+01
2.087500e+01 2.131000e+01 2.059697e+01 2.085801e+01 2.088500e+01 2.131000e+01 2.059725e+01 2.086036e+01
2.088500e+01 2.131000e+01 2.059725e+01 2.086036e+01 2.089500e+01 2.131000e+01 2.059769e+01 2.086297e+01
2.089500e+01 2.131000e+01 2.059769e+01 2.086297e+01 2.090500e+01 2.131000e+01 2.059832e+01 2.086585e+01
2.091000e+01 2.130500e+01 2.059716e+01 2.086017e+01 2.090500e+01 2.131000e+01 2.059832e+01 2.086585e+01
2.076000e+01 2.131500e+01 2.059827e+01 2.085896e+01 2.076500e+01 2.132000e+01 2.059784e+01 2.086585e+01
2.076500e+01 2.132000e+01 2.059784e+01 2.086585e+01 2.077500e+01 2.132000e+01 2.059797e+01 2.086506e+01
2.077500e+01 2.132000e+01 2.059797e+01 2.086506e+01 2.078500e+01 2.132000e+01 2.059804e+01 2.086454e+01
2.078500e+01 2.132000e+01 2.059804e+01 2.086454e+01 2.079500e+01 2.132000e+01 2.059806e+01 2.086432e+01
2.079500e+01 2.132000e+01 2.059806e+01 2.086432e+01 2.080500e+01 2.132000e+01 2.059806e+01 2.086437e+01
2.080500e+01 2.132000e+01 2.059806e+01 2.086437e+01 2.081500e+01 2.132000e+01 2.059806e+01 2.086472e+01
2.081500e+01 2.132000e+01 2.059806e+01 2.086472e+01 2.082500e+01 2.132000e+01 2.059808e+01 2.086535e+01
2.082500e+01 2.132000e+01 2.059808e+01 2.086535e+01 2.083500e+01 2.132000e+01 2.059813e+01 2.086627e+01
2.083500e+01 2.132000e+01 2.059813e+01 2.086627e+01 2.084500e+01 2.132000e+01 2.059825e+01 2.086747e+01
2.084500e+01 2.132000e+01 2.059825e+01 2.086747e+01 2.085500e+01 2.132000e+01 2.059845e+01 2.086895e+01
2.085500e+01 2.132000e+01 2.059845e+01 2.086895e+01 2.086500e+01 2.132000e+01 2.059874e+01 2.087071e+01
2.087000e+01 2.131500e+01 2.059793e+01 2.086431e+01 2.086500e+01 2.132000e+01 2.059874e+01 2.087071e+01
