2.074500e+01 2.021000e+01 2.080350e+01 2.068777e+01 2.074000e+01 2.021500e+01 2.080400e+01 2.069210e+01
2.074500e+01 2.021000e+01 2.080350e+01 2.068777e+01 2.075500e+01 2.021000e+01 2.080369e+01 2.068885e+01
2.075500e+01 2.021000e+01 2.080369e+01 2.068885e+01 2.076500e+01 2.021000e+01 2.080382e+01 2.068974e+01
2.076500e+01 2.021000e+01 2.080382e+01 2.068974e+01 2.077500e+01 2.021000e+01 2.080391e+01 2.069045e+01
2.077500e+01 2.021000e+01 2.080391e+01 2.069045e+01 2.078500e+01 2.021000e+01 2.080396e+01 2.069097e+01
2.078500e+01 2.021000e+01 2.080396e+01 2.069097e+01 2.079500e+01 2.021000e+01 2.080399e+01 2.069131e+01
2.079500e+01 2.021000e+01 2.080399e+01 2.069131e+01 2.080500e+01 2.021000e+01 2.080401e+01 2.069145e+01
2.080500e+01 2.021000e+01 2.080401e+01 2.069145e+01 2.081500e+01 2.021000e+01 2.080404e+01 2.069140e+01
2.081500e+01 2.021000e+01 2.080404e+01 2.069140e+01 2.082500e+01 2.021000e+01 2.080408e+01 2.069116e+01
2.082500e+01 2.021000e+01 2.080408e+01 2.069116e+01 2.083500e+01 2.021000e+01 2.080415e+01 2.069073e+01
2.083500e+01 2.021000e+01 2.080415e+01 2.069073e+01 2.084500e+01 2.021000e+01 2.080425e+01 2.069011e+01
2.084500e+01 2.021000e+01 2.080425e+01 2.069011e+01 2.085000e+01 2.021500e+01 2.080393e+01 2.069470e+01
2.069500e+01 2.022000e+01 2.080335e+01 2.068940e+01 2.069000e+01 2.022500e+01 2.080412e+01 2.069312e+01
2.069500e+01 2.022000e+01 2.080335e+01 2.068940e+01 2.070500e+01 2.022000e+01 2.080383e+01 2.069140e+01
2.070500e+01 2.022000e+01 2.080383e+01 2.069140e+01 2.071500e+01 2.022000e+01 2.080419e+01 2.069323e+01
2.071500e+01 2.022000e+01 2.080419e+01 2.069323e+01 2.072500e+01 2.022000e+01 2.080445e+01 2.069488e+01
2.072500e+01 2.022000e+01 2.080445e+01 2.069488e+01 2.073500e+01 2.022000e+01 2.080461e+01 2.069636e+01
2.074000e+01 2.021500e+01 2.080400e+01 2.069210e+01 2.073500e+01 2.022000e+01 2.080461e+01 2.069636e+01
2.085000e+01 2.021500e+01 2.080393e+01 2.069470e+01 2.085500e+01 2.022000e+01 2.080350e+01 2.069924e+01
2.085500e+01 2.022000e+01 2.080350e+01 2.069924e+01 2.086500e+01 2.022000e+01 2.080354e+01 2.069823e+01
2.086500e+01 2.022000e+01 2.080354e+01 2.069823e+01 2.087500e+01 2.022000e+01 2.080366e+01 2.069703e+01
2.087500e+01 2.022000e+01 2.080366e+01 2.069703e+01 2.088500e+01 2.022000e+01 2.080386e+01 2.069565e+01
2.088500e+01 2.022000e+01 2.080386e+01 2.069565e+01 2.089500e+01 2.022000e+01 2.080416e+01 2.069409e+01
2.089500e+01 2.022000e+01 2.080416e+01 2.069409e+01 2.090000e+01 2.022500e+01 2.080350e+01 2.069810e+01
2.066500e+01 2.023000e+01 2.080369e+01 2.069184e+01 2.066000e+01 2.023500e+01 2.080458e+01 2.069514e+01
2.066500e+01 2.023000e+01 2.080369e+01 2.069184e+01 2.067500e+01 2.023000e+01 2.080443e+01 2.069437e+01
2.067500e+01 2.023000e+01 2.080443e+01 2.069437e+01 2.068500e+01 2.023000e+01 2.080501e+01 2.069674e+01
2.069000e+01 2.022500e+01 2.080412e+01 2.069312e+01 2.068500e+01 2.023000e+01 2.080501e+01 2.069674e+01
2.090000e+01 2.022500e+01 2.080350e+01 2.069810e+01 2.090500e+01 2.023000e+01 2.080274e+01 2.070203e+01
2.090500e+01 2.023000e+01 2.080274e+01 2.070203e+01 2.091500e+01 2.023000e+01 2.080311e+01 2.070008e+01
2.091500e+01 2.023000e+01 2.080311e+01 2.070008e+01 2.092500e+01 2.023000e+01 2.080361e+01 2.069797e+01
2.092500e+01 2.023000e+01 2.080361e+01 2.069797e+01 2.093000e+01 2.023500e+01 2.080280e+01 2.070157e+01
2.064500e+01 2.024000e+01 2.080465e+01 2.069547e+01 2.064000e+01 2.024500e+01 2.080561e+01 2.069847e+01
2.064500e+01 2.024000e+01 2.080465e+01 2.069547e+01 2.065500e+01 2.024000e+01 2.080558e+01 2.069835e+01
2.066000e+01 2.023500e+01 2.080458e+01 2.069514e+01 2.065500e+01 2.024000e+01 2.080558e+01 2.069835e+01
2.093000e+01 2.023500e+01 2.080280e+01 2.070157e+01 2.093500e+01 2.024000e+01 2.080188e+01 2.070509e+01
2.093500e+01 2.024000e+01 2.080188e+01 2.070509e+01 2.094500e+01 2.024000e+01 2.080252e+01 2.070260e+01
2.094500e+01 2.024000e+01 2.080252e+01 2.070260e+01 2.095000e+01 2.024500e+01 2.080162e+01 2.070591e+01
2.062500e+01 2.025000e+01 2.080551e+01 2.069815e+01 2.062000e+01 2.025500e+01 2.080650e+01 2.070085e+01
2.062500e+01 2.025000e+01 2.080551e+01 2.069815e+01 2.063500e+01 2.025000e+01 2.080667e+01 2.070137e+01
2.064000e+01 2.024500e+01 2.080561e+01 2.069847e+01 2.063500e+01 2.025000e+01 2.080667e+01 2.070137e+01
2.095000e+01 2.024500e+01 2.080162e+01 2.070591e+01 2.095500e+01 2.025000e+01 2.080060e+01 2.070912e+01
2.095500e+01 2.025000e+01 2.080060e+01 2.070912e+01 2.096500e+01 2.025000e+01 2.080145e+01 2.070627e+01
2.096500e+01 2.025000e+01 2.080145e+01 2.070627e+01 2.097000e+01 2.025500e+01 2.080048e+01 2.070927e+01
2.060500e+01 2.026000e+01 2.080613e+01 2.069990e+01 2.060000e+01 2.026500e+01 2.080711e+01 2.070230e+01
2.060500e+01 2.026000e+01 2.080613e+01 2.069990e+01 2.061500e+01 2.026000e+01 2.080758e+01 2.070344e+01
2.062000e+01 2.025500e+01 2.080650e+01 2.070085e+01 2.061500e+01 2.026000e+01 2.080758e+01 2.070344e+01
2.097000e+01 2.025500e+01 2.080048e+01 2.070927e+01 2.097500e+01 2.026000e+01 2.079941e+01 2.071217e+01
2.097500e+01 2.026000e+01 2.079941e+01 2.071217e+01 2.098500e+01 2.026000e+01 2.080052e+01 2.070899e+01
2.098500e+01 2.026000e+01 2.080052e+01 2.070899e+01 2.099000e+01 2.026500e+01 2.079953e+01 2.071169e+01
2.058500e+01 2.027000e+01 2.080637e+01 2.070078e+01 2.058000e+01 2.027500e+01 2.080731e+01 2.070289e+01
2.058500e+01 2.027000e+01 2.080637e+01 2.070078e+01 2.059500e+01 2.027000e+01 2.080818e+01 2.070459e+01
2.060000e+01 2.026500e+01 2.080711e+01 2.070230e+01 2.059500e+01 2.027000e+01 2.080818e+01 2.070459e+01
2.099000e+01 2.026500e+01 2.079953e+01 2.071169e+01 2.099500e+01 2.027000e+01 2.079844e+01 2.071428e+01
2.099500e+01 2.027000e+01 2.079844e+01 2.071428e+01 2.100500e+01 2.027000e+01 2.079986e+01 2.071078e+01
2.100500e+01 2.027000e+01 2.079986e+01 2.071078e+01 2.101000e+01 2.027500e+01 2.079889e+01 2.071318e+01
2.057500e+01 2.028000e+01 2.080832e+01 2.070488e+01 2.057000e+01 2.028500e+01 2.080925e+01 2.070680e+01
2.058000e+01 2.027500e+01 2.080731e+01 2.070289e+01 2.057500e+01 2.028000e+01 2.080832e+01 2.070488e+01
2.101000e+01 2.027500e+01 2.079889e+01 2.071318e+01 2.101500e+01 2.028000e+01 2.079782e+01 2.071547e+01
2.101500e+01 2.028000e+01 2.079782e+01 2.071547e+01 2.102000e+01 2.028500e+01 2.079682e+01 2.071767e+01
2.056500e+01 2.029000e+01 2.081026e+01 2.070859e+01 2.056000e+01 2.029500e+01 2.081118e+01 2.071030e+01
2.057000e+01 2.028500e+01 2.080925e+01 2.070680e+01 2.056500e+01 2.029000e+01 2.081026e+01 2.070859e+01
2.102000e+01 2.028500e+01 2.079682e+01 2.071767e+01 2.102500e+01 2.029000e+01 2.079574e+01 2.071975e+01
2.102500e+01 2.029000e+01 2.079574e+01 2.071975e+01 2.103500e+01 2.029000e+01 2.079767e+01 2.071581e+01
2.103500e+01 2.029000e+01 2.079767e+01 2.071581e+01 2.104000e+01 2.029500e+01 2.079676e+01 2.071773e+01
2.054500e+01 2.030000e+01 2.080961e+01 2.070755e+01 2.054000e+01 2.030500e+01 2.081040e+01 2.070901e+01
2.054500e+01 2.030000e+01 2.080961e+01 2.070755e+01 2.055500e+01 2.030000e+01 2.081217e+01 2.071189e+01
2.056000e+01 2.029500e+01 2.081118e+01 2.071030e+01 2.055500e+01 2.030000e+01 2.081217e+01 2.071189e+01
2.104000e+01 2.029500e+01 2.079676e+01 2.071773e+01 2.104500e+01 2.030000e+01 2.079576e+01 2.071952e+01
2.104500e+01 2.030000e+01 2.079576e+01 2.071952e+01 2.105000e+01 2.030500e+01 2.079486e+01 2.072124e+01
2.053500e+01 2.031000e+01 2.081125e+01 2.071034e+01 2.053000e+01 2.031500e+01 2.081198e+01 2.071161e+01
2.054000e+01 2.030500e+01 2.081040e+01 2.070901e+01 2.053500e+01 2.031000e+01 2.081125e+01 2.071034e+01
2.105000e+01 2.030500e+01 2.079486e+01 2.072124e+01 2.105500e+01 2.031000e+01 2.079389e+01 2.072283e+01
2.105500e+01 2.031000e+01 2.079389e+01 2.072283e+01 2.106000e+01 2.031500e+01 2.079302e+01 2.072436e+01
2.052500e+01 2.032000e+01 2.081277e+01 2.071275e+01 2.052000e+01 2.032500e+01 2.081344e+01 2.071384e+01
2.053000e+01 2.031500e+01 2.081198e+01 2.071161e+01 2.052500e+01 2.032000e+01 2.081277e+01 2.071275e+01
2.106000e+01 2.031500e+01 2.079302e+01 2.072436e+01 2.106500e+01 2.032000e+01 2.079209e+01 2.072576e+01
2.106500e+01 2.032000e+01 2.079209e+01 2.072576e+01 2.107000e+01 2.032500e+01 2.079127e+01 2.072709e+01
2.051500e+01 2.033000e+01 2.081415e+01 2.071481e+01 2.051000e+01 2.033500e+01 2.081474e+01 2.071573e+01
2.052000e+01 2.032500e+01 2.081344e+01 2.071384e+01 2.051500e+01 2.033000e+01 2.081415e+01 2.071481e+01
2.107000e+01 2.032500e+01 2.079127e+01 2.072709e+01 2.107500e+01 2.033000e+01 2.079039e+01 2.072829e+01
2.107500e+01 2.033000e+01 2.079039e+01 2.072829e+01 2.108000e+01 2.033500e+01 2.078963e+01 2.072944e+01
2.050500e+01 2.034000e+01 2.081536e+01 2.071651e+01 2.050000e+01 2.034500e+01 2.081585e+01 2.071727e+01
2.051000e+01 2.033500e+01 2.081474e+01 2.071573e+01 2.050500e+01 2.034000e+01 2.081536e+01 2.071651e+01
2.108000e+01 2.033500e+01 2.078963e+01 2.072944e+01 2.108500e+01 2.034000e+01 2.078882e+01 2.073046e+01
2.108500e+01 2.034000e+01 2.078882e+01 2.073046e+01 2.109000e+01 2.034500e+01 2.078814e+01 2.073143e+01
2.049500e+01 2.035000e+01 2.081637e+01 2.071789e+01 2.049000e+01 2.035500e+01 2.081675e+01 2.071849e+01
2.050000e+01 2.034500e+01 2.081585e+01 2.071727e+01 2.049500e+01 2.035000e+01 2.081637e+01 2.071789e+01
2.109000e+01 2.034500e+01 2.078814e+01 2.073143e+01 2.109500e+01 2.035000e+01 2.078742e+01 2.073226e+01
2.109500e+01 2.035000e+01 2.078742e+01 2.073226e+01 2.110000e+01 2.035500e+01 2.078683e+01 2.073306e+01
2.049000e+01 2.035500e+01 2.081675e+01 2.071849e+01 2.049000e+01 2.036500e+01 2.082160e+01 2.072428e+01
2.110000e+01 2.035500e+01 2.078683e+01 2.073306e+01 2.110500e+01 2.036000e+01 2.078621e+01 2.073372e+01
2.110500e+01 2.036000e+01 2.078621e+01 2.073372e+01 2.111000e+01 2.036500e+01 2.078573e+01 2.073435e+01
2.048500e+01 2.037000e+01 2.082202e+01 2.072461e+01 2.048000e+01 2.037500e+01 2.082229e+01 2.072494e+01
2.049000e+01 2.036500e+01 2.082160e+01 2.072428e+01 2.048500e+01 2.037000e+01 2.082202e+01 2.072461e+01
2.111000e+01 2.036500e+01 2.078573e+01 2.073435e+01 2.111500e+01 2.037000e+01 2.078522e+01 2.073485e+01
2.111500e+01 2.037000e+01 2.078522e+01 2.073485e+01 2.112000e+01 2.037500e+01 2.078486e+01 2.073533e+01
2.047500e+01 2.038000e+01 2.082256e+01 2.072513e+01 2.047000e+01 2.038500e+01 2.082269e+01 2.072532e+01
2.048000e+01 2.037500e+01 2.082229e+01 2.072494e+01 2.047500e+01 2.038000e+01 2.082256e+01 2.072513e+01
2.112000e+01 2.037500e+01 2.078486e+01 2.073533e+01 2.112500e+01 2.038000e+01 2.078449e+01 2.073567e+01
2.112500e+01 2.038000e+01 2.078449e+01 2.073567e+01 2.113000e+01 2.038500e+01 2.078426e+01 2.073600e+01
2.046500e+01 2.039000e+01 2.082281e+01 2.072538e+01 2.046000e+01 2.039500e+01 2.082278e+01 2.072545e+01
2.047000e+01 2.038500e+01 2.082269e+01 2.072532e+01 2.046500e+01 2.039000e+01 2.082281e+01 2.072538e+01
2.113000e+01 2.038500e+01 2.078426e+01 2.073600e+01 2.113500e+01 2.039000e+01 2.078402e+01 2.073621e+01
2.113500e+01 2.039000e+01 2.078402e+01 2.073621e+01 2.114000e+01 2.039500e+01 2.078394e+01 2.073641e+01
2.046000e+01 2.039500e+01 2.082278e+01 2.072545e+01 2.046000e+01 2.040500e+01 2.082768e+01 2.073024e+01
2.114000e+01 2.039500e+01 2.078394e+01 2.073641e+01 2.114000e+01 2.040500e+01 2.077908e+01 2.074141e+01
2.045500e+01 2.041000e+01 2.082762e+01 2.073005e+01 2.045000e+01 2.041500e+01 2.082741e+01 2.072989e+01
2.046000e+01 2.040500e+01 2.082768e+01 2.073024e+01 2.045500e+01 2.041000e+01 2.082762e+01 2.073005e+01
2.114000e+01 2.040500e+01 2.077908e+01 2.074141e+01 2.114500e+01 2.041000e+01 2.077901e+01 2.074136e+01
2.114500e+01 2.041000e+01 2.077901e+01 2.074136e+01 2.115000e+01 2.041500e+01 2.077909e+01 2.074131e+01
2.044500e+01 2.042000e+01 2.082716e+01 2.072961e+01 2.044000e+01 2.042500e+01 2.082676e+01 2.072936e+01
2.045000e+01 2.041500e+01 2.082741e+01 2.072989e+01 2.044500e+01 2.042000e+01 2.082716e+01 2.072961e+01
2.115000e+01 2.041500e+01 2.077909e+01 2.074131e+01 2.115500e+01 2.042000e+01 2.077920e+01 2.074114e+01
2.115500e+01 2.042000e+01 2.077920e+01 2.074114e+01 2.116000e+01 2.042500e+01 2.077946e+01 2.074099e+01
2.044000e+01 2.042500e+01 2.082676e+01 2.072936e+01 2.044000e+01 2.043500e+01 2.083157e+01 2.073344e+01
2.116000e+01 2.042500e+01 2.077946e+01 2.074099e+01 2.116000e+01 2.043500e+01 2.077461e+01 2.074526e+01
2.043500e+01 2.044000e+01 2.083110e+01 2.073296e+01 2.043000e+01 2.044500e+01 2.083046e+01 2.073253e+01
2.044000e+01 2.043500e+01 2.083157e+01 2.073344e+01 2.043500e+01 2.044000e+01 2.083110e+01 2.073296e+01
2.116000e+01 2.043500e+01 2.077461e+01 2.074526e+01 2.116500e+01 2.044000e+01 2.077493e+01 2.074487e+01
2.116500e+01 2.044000e+01 2.077493e+01 2.074487e+01 2.117000e+01 2.044500e+01 2.077541e+01 2.074452e+01
2.043000e+01 2.044500e+01 2.083046e+01 2.073253e+01 2.043000e+01 2.045500e+01 2.083518e+01 2.073616e+01
2.117000e+01 2.044500e+01 2.077541e+01 2.074452e+01 2.117500e+01 2.045000e+01 2.077596e+01 2.074404e+01
2.117500e+01 2.045000e+01 2.077596e+01 2.074404e+01 2.118000e+01 2.045500e+01 2.077665e+01 2.074362e+01
2.042500e+01 2.046000e+01 2.083445e+01 2.073551e+01 2.042000e+01 2.046500e+01 2.083355e+01 2.073492e+01
2.043000e+01 2.045500e+01 2.083518e+01 2.073616e+01 2.042500e+01 2.046000e+01 2.083445e+01 2.073551e+01
2.118000e+01 2.045500e+01 2.077665e+01 2.074362e+01 2.118000e+01 2.046500e+01 2.077196e+01 2.074720e+01
2.042000e+01 2.046500e+01 2.083355e+01 2.073492e+01 2.042000e+01 2.047500e+01 2.083812e+01 2.073812e+01
2.118000e+01 2.046500e+01 2.077196e+01 2.074720e+01 2.118500e+01 2.047000e+01 2.077274e+01 2.074657e+01
2.118500e+01 2.047000e+01 2.077274e+01 2.074657e+01 2.119000e+01 2.047500e+01 2.077369e+01 2.074598e+01
2.041500e+01 2.048000e+01 2.083710e+01 2.073735e+01 2.041000e+01 2.048500e+01 2.083592e+01 2.073663e+01
2.042000e+01 2.047500e+01 2.083812e+01 2.073812e+01 2.041500e+01 2.048000e+01 2.083710e+01 2.073735e+01
2.119000e+01 2.047500e+01 2.077369e+01 2.074598e+01 2.119000e+01 2.048500e+01 2.076914e+01 2.074913e+01
2.041000e+01 2.048500e+01 2.083592e+01 2.073663e+01 2.041000e+01 2.049500e+01 2.084035e+01 2.073943e+01
2.119000e+01 2.048500e+01 2.076914e+01 2.074913e+01 2.119500e+01 2.049000e+01 2.077021e+01 2.074836e+01
2.119500e+01 2.049000e+01 2.077021e+01 2.074836e+01 2.120000e+01 2.049500e+01 2.077148e+01 2.074765e+01
2.040500e+01 2.050000e+01 2.083898e+01 2.073856e+01 2.040000e+01 2.050500e+01 2.083749e+01 2.073776e+01
2.041000e+01 2.049500e+01 2.084035e+01 2.073943e+01 2.040500e+01 2.050000e+01 2.083898e+01 2.073856e+01
2.120000e+01 2.049500e+01 2.077148e+01 2.074765e+01 2.120000e+01 2.050500e+01 2.076713e+01 2.075039e+01
2.040000e+01 2.050500e+01 2.083749e+01 2.073776e+01 2.040000e+01 2.051500e+01 2.084170e+01 2.074018e+01
2.120000e+01 2.050500e+01 2.076713e+01 2.075039e+01 2.120000e+01 2.051500e+01 2.076288e+01 2.075290e+01
2.040000e+01 2.051500e+01 2.084170e+01 2.074018e+01 2.040000e+01 2.052500e+01 2.084577e+01 2.074240e+01
2.120000e+01 2.051500e+01 2.076288e+01 2.075290e+01 2.120500e+01 2.052000e+01 2.076433e+01 2.075195e+01
2.120500e+01 2.052000e+01 2.076433e+01 2.075195e+01 2.121000e+01 2.052500e+01 2.076595e+01 2.075109e+01
2.039500e+01 2.053000e+01 2.084403e+01 2.074140e+01 2.039000e+01 2.053500e+01 2.084213e+01 2.074050e+01
2.040000e+01 2.052500e+01 2.084577e+01 2.074240e+01 2.039500e+01 2.053000e+01 2.084403e+01 2.074140e+01
2.121000e+01 2.052500e+01 2.076595e+01 2.075109e+01 2.121000e+01 2.053500e+01 2.076195e+01 2.075322e+01
2.039000e+01 2.053500e+01 2.084213e+01 2.074050e+01 2.039000e+01 2.054500e+01 2.084593e+01 2.074239e+01
2.121000e+01 2.053500e+01 2.076195e+01 2.075322e+01 2.121500e+01 2.054000e+01 2.076374e+01 2.075223e+01
2.121500e+01 2.054000e+01 2.076374e+01 2.075223e+01 2.122000e+01 2.054500e+01 2.076569e+01 2.075133e+01
2.039000e+01 2.054500e+01 2.084593e+01 2.074239e+01 2.039000e+01 2.055500e+01 2.084966e+01 2.074408e+01
2.122000e+01 2.054500e+01 2.076569e+01 2.075133e+01 2.122000e+01 2.055500e+01 2.076197e+01 2.075314e+01
2.038500e+01 2.056000e+01 2.084747e+01 2.074305e+01 2.038000e+01 2.056500e+01 2.084509e+01 2.074212e+01
2.039000e+01 2.055500e+01 2.084966e+01 2.074408e+01 2.038500e+01 2.056000e+01 2.084747e+01 2.074305e+01
2.122000e+01 2.055500e+01 2.076197e+01 2.075314e+01 2.122000e+01 2.056500e+01 2.075837e+01 2.075475e+01
2.038000e+01 2.056500e+01 2.084509e+01 2.074212e+01 2.038000e+01 2.057500e+01 2.084849e+01 2.074355e+01
2.076500e+01 2.057000e+01 2.085806e+01 2.092075e+01 2.076000e+01 2.057500e+01 2.086520e+01 2.091908e+01
2.076500e+01 2.057000e+01 2.085806e+01 2.092075e+01 2.077500e+01 2.057000e+01 2.084625e+01 2.092315e+01
2.077500e+01 2.057000e+01 2.084625e+01 2.092315e+01 2.078500e+01 2.057000e+01 2.083407e+01 2.092499e+01
2.078500e+01 2.057000e+01 2.083407e+01 2.092499e+01 2.079500e+01 2.057000e+01 2.082164e+01 2.092623e+01
2.079500e+01 2.057000e+01 2.082164e+01 2.092623e+01 2.080500e+01 2.057000e+01 2.080907e+01 2.092687e+01
2.080500e+01 2.057000e+01 2.080907e+01 2.092687e+01 2.081500e+01 2.057000e+01 2.079648e+01 2.092688e+01
2.081500e+01 2.057000e+01 2.079648e+01 2.092688e+01 2.082500e+01 2.057000e+01 2.078400e+01 2.092626e+01
2.082500e+01 2.057000e+01 2.078400e+01 2.092626e+01 2.083500e+01 2.057000e+01 2.077174e+01 2.092505e+01
2.083500e+01 2.057000e+01 2.077174e+01 2.092505e+01 2.084500e+01 2.057000e+01 2.075982e+01 2.092325e+01
2.084500e+01 2.057000e+01 2.075982e+01 2.092325e+01 2.085500e+01 2.057000e+01 2.074834e+01 2.092091e+01
2.085500e+01 2.057000e+01 2.074834e+01 2.092091e+01 2.086000e+01 2.057500e+01 2.074144e+01 2.091932e+01
2.122000e+01 2.056500e+01 2.075837e+01 2.075475e+01 2.122500e+01 2.057000e+01 2.076061e+01 2.075371e+01
2.122500e+01 2.057000e+01 2.076061e+01 2.075371e+01 2.123000e+01 2.057500e+01 2.076300e+01 2.075278e+01
2.038000e+01 2.057500e+01 2.084849e+01 2.074355e+01 2.038000e+01 2.058500e+01 2.085172e+01 2.074481e+01
2.073500e+01 2.058000e+01 2.089447e+01 2.090954e+01 2.073000e+01 2.058500e+01 2.090155e+01 2.090665e+01
2.073500e+01 2.058000e+01 2.089447e+01 2.090954e+01 2.074500e+01 2.058000e+01 2.088389e+01 2.091349e+01
2.074500e+01 2.058000e+01 2.088389e+01 2.091349e+01 2.075500e+01 2.058000e+01 2.087264e+01 2.091701e+01
2.076000e+01 2.057500e+01 2.086520e+01 2.091908e+01 2.075500e+01 2.058000e+01 2.087264e+01 2.091701e+01
2.086000e+01 2.057500e+01 2.074144e+01 2.091932e+01 2.086500e+01 2.058000e+01 2.073425e+01 2.091733e+01
2.086500e+01 2.058000e+01 2.073425e+01 2.091733e+01 2.087500e+01 2.058000e+01 2.072346e+01 2.091393e+01
2.087500e+01 2.058000e+01 2.072346e+01 2.091393e+01 2.088000e+01 2.058500e+01 2.071653e+01 2.091140e+01
2.123000e+01 2.057500e+01 2.076300e+01 2.075278e+01 2.123000e+01 2.058500e+01 2.075973e+01 2.075412e+01
2.038000e+01 2.058500e+01 2.085172e+01 2.074481e+01 2.038000e+01 2.059500e+01 2.085481e+01 2.074590e+01
2.071500e+01 2.059000e+01 2.091820e+01 2.089859e+01 2.071000e+01 2.059500e+01 2.092493e+01 2.089490e+01
2.071500e+01 2.059000e+01 2.091820e+01 2.089859e+01 2.072500e+01 2.059000e+01 2.090885e+01 2.090333e+01
2.073000e+01 2.058500e+01 2.090155e+01 2.090665e+01 2.072500e+01 2.059000e+01 2.090885e+01 2.090333e+01
2.088000e+01 2.058500e+01 2.071653e+01 2.091140e+01 2.088500e+01 2.059000e+01 2.070935e+01 2.090847e+01
2.088500e+01 2.059000e+01 2.070935e+01 2.090847e+01 2.089500e+01 2.059000e+01 2.069973e+01 2.090422e+01
2.089500e+01 2.059000e+01 2.069973e+01 2.090422e+01 2.090000e+01 2.059500e+01 2.069307e+01 2.090088e+01
2.123000e+01 2.058500e+01 2.075973e+01 2.075412e+01 2.123000e+01 2.059500e+01 2.075660e+01 2.075528e+01
2.037500e+01 2.060000e+01 2.085203e+01 2.074489e+01 2.037000e+01 2.060500e+01 2.084912e+01 2.074399e+01
2.038000e+01 2.059500e+01 2.085481e+01 2.074590e+01 2.037500e+01 2.060000e+01 2.085203e+01 2.074489e+01
2.070500e+01 2.060000e+01 2.093181e+01 2.089080e+01 2.070000e+01 2.060500e+01 2.093831e+01 2.088658e+01
2.071000e+01 2.059500e+01 2.092493e+01 2.089490e+01 2.070500e+01 2.060000e+01 2.093181e+01 2.089080e+01
2.090000e+01 2.059500e+01 2.069307e+01 2.090088e+01 2.090500e+01 2.060000e+01 2.068626e+01 2.089713e+01
2.090500e+01 2.060000e+01 2.068626e+01 2.089713e+01 2.091500e+01 2.060000e+01 2.067816e+01 2.089230e+01
2.091500e+01 2.060000e+01 2.067816e+01 2.089230e+01 2.092000e+01 2.060500e+01 2.067208e+01 2.088832e+01
2.123000e+01 2.059500e+01 2.075660e+01 2.075528e+01 2.123000e+01 2.060500e+01 2.075361e+01 2.075627e+01
2.037000e+01 2.060500e+01 2.084912e+01 2.074399e+01 2.037000e+01 2.061500e+01 2.085184e+01 2.074492e+01
2.069500e+01 2.061000e+01 2.094489e+01 2.088195e+01 2.069000e+01 2.061500e+01 2.095104e+01 2.087728e+01
2.070000e+01 2.060500e+01 2.093831e+01 2.088658e+01 2.069500e+01 2.061000e+01 2.094489e+01 2.088195e+01
2.092000e+01 2.060500e+01 2.067208e+01 2.088832e+01 2.092500e+01 2.061000e+01 2.066593e+01 2.088395e+01
2.092500e+01 2.061000e+01 2.066593e+01 2.088395e+01 2.093000e+01 2.061500e+01 2.066020e+01 2.087953e+01
2.123000e+01 2.060500e+01 2.075361e+01 2.075627e+01 2.123500e+01 2.061000e+01 2.075644e+01 2.075525e+01
2.123500e+01 2.061000e+01 2.075644e+01 2.075525e+01 2.124000e+01 2.061500e+01 2.075939e+01 2.075435e+01
2.037000e+01 2.061500e+01 2.085184e+01 2.074492e+01 2.037000e+01 2.062500e+01 2.085439e+01 2.074570e+01
2.068500e+01 2.062000e+01 2.095721e+01 2.087222e+01 2.068000e+01 2.062500e+01 2.096291e+01 2.086718e+01
2.069000e+01 2.061500e+01 2.095104e+01 2.087728e+01 2.068500e+01 2.062000e+01 2.095721e+01 2.087222e+01
2.093000e+01 2.061500e+01 2.066020e+01 2.087953e+01 2.093500e+01 2.062000e+01 2.065447e+01 2.087476e+01
2.093500e+01 2.062000e+01 2.065447e+01 2.087476e+01 2.094000e+01 2.062500e+01 2.064919e+01 2.087000e+01
2.124000e+01 2.061500e+01 2.075939e+01 2.075435e+01 2.124000e+01 2.062500e+01 2.075679e+01 2.075516e+01
2.037000e+01 2.062500e+01 2.085439e+01 2.074570e+01 2.037000e+01 2.063500e+01 2.085677e+01 2.074634e+01
2.067500e+01 2.063000e+01 2.096857e+01 2.086179e+01 2.067000e+01 2.063500e+01 2.097372e+01 2.085648e+01
2.068000e+01 2.062500e+01 2.096291e+01 2.086718e+01 2.067500e+01 2.063000e+01 2.096857e+01 2.086179e+01
2.094000e+01 2.062500e+01 2.064919e+01 2.087000e+01 2.094500e+01 2.063000e+01 2.064396e+01 2.086492e+01
2.094500e+01 2.063000e+01 2.064396e+01 2.086492e+01 2.095000e+01 2.063500e+01 2.063922e+01 2.085990e+01
2.124000e+01 2.062500e+01 2.075679e+01 2.075516e+01 2.124000e+01 2.063500e+01 2.075435e+01 2.075583e+01
2.037000e+01 2.063500e+01 2.085677e+01 2.074634e+01 2.037000e+01 2.064500e+01 2.085898e+01 2.074686e+01
2.066500e+01 2.064000e+01 2.097878e+01 2.085087e+01 2.066000e+01 2.064500e+01 2.098332e+01 2.084539e+01
2.067000e+01 2.063500e+01 2.097372e+01 2.085648e+01 2.066500e+01 2.064000e+01 2.097878e+01 2.085087e+01
2.095000e+01 2.063500e+01 2.063922e+01 2.085990e+01 2.095500e+01 2.064000e+01 2.063457e+01 2.085461e+01
2.095500e+01 2.064000e+01 2.063457e+01 2.085461e+01 2.096000e+01 2.064500e+01 2.063042e+01 2.084944e+01
2.124000e+01 2.063500e+01 2.075435e+01 2.075583e+01 2.124000e+01 2.064500e+01 2.075208e+01 2.075635e+01
2.037000e+01 2.064500e+01 2.085898e+01 2.074686e+01 2.037000e+01 2.065500e+01 2.086101e+01 2.074726e+01
2.065500e+01 2.065000e+01 2.098771e+01 2.083967e+01 2.065000e+01 2.065500e+01 2.099159e+01 2.083413e+01
2.066000e+01 2.064500e+01 2.098332e+01 2.084539e+01 2.065500e+01 2.065000e+01 2.098771e+01 2.083967e+01
2.096000e+01 2.064500e+01 2.063042e+01 2.084944e+01 2.096000e+01 2.065500e+01 2.062586e+01 2.084319e+01
2.124000e+01 2.064500e+01 2.075208e+01 2.075635e+01 2.124500e+01 2.065000e+01 2.075550e+01 2.075550e+01
2.124500e+01 2.065000e+01 2.075550e+01 2.075550e+01 2.125000e+01 2.065500e+01 2.075904e+01 2.075476e+01
2.037000e+01 2.065500e+01 2.086101e+01 2.074726e+01 2.037000e+01 2.066500e+01 2.086286e+01 2.074756e+01
2.065000e+01 2.065500e+01 2.099159e+01 2.083413e+01 2.065000e+01 2.066500e+01 2.099607e+01 2.082717e+01
2.096000e+01 2.065500e+01 2.062586e+01 2.084319e+01 2.096500e+01 2.066000e+01 2.062202e+01 2.083759e+01
2.096500e+01 2.066000e+01 2.062202e+01 2.083759e+01 2.097000e+01 2.066500e+01 2.061868e+01 2.083218e+01
2.125000e+01 2.065500e+01 2.075904e+01 2.075476e+01 2.125000e+01 2.066500e+01 2.075719e+01 2.075522e+01
2.036500e+01 2.067000e+01 2.085912e+01 2.074682e+01 2.036000e+01 2.067500e+01 2.085527e+01 2.074621e+01
2.037000e+01 2.066500e+01 2.086286e+01 2.074756e+01 2.036500e+01 2.067000e+01 2.085912e+01 2.074682e+01
2.064500e+01 2.067000e+01 2.099954e+01 2.082131e+01 2.064000e+01 2.067500e+01 2.100251e+01 2.081569e+01
2.065000e+01 2.066500e+01 2.099607e+01 2.082717e+01 2.064500e+01 2.067000e+01 2.099954e+01 2.082131e+01
2.097000e+01 2.066500e+01 2.061868e+01 2.083218e+01 2.097500e+01 2.067000e+01 2.061555e+01 2.082663e+01
2.097500e+01 2.067000e+01 2.061555e+01 2.082663e+01 2.098000e+01 2.067500e+01 2.061289e+01 2.082131e+01
2.125000e+01 2.066500e+01 2.075719e+01 2.075522e+01 2.125000e+01 2.067500e+01 2.075552e+01 2.075557e+01
2.036000e+01 2.067500e+01 2.085527e+01 2.074621e+01 2.036000e+01 2.068500e+01 2.085669e+01 2.074652e+01
2.064000e+01 2.067500e+01 2.100251e+01 2.081569e+01 2.064000e+01 2.068500e+01 2.100618e+01 2.080797e+01
2.098000e+01 2.067500e+01 2.061289e+01 2.082131e+01 2.098000e+01 2.068500e+01 2.060947e+01 2.081392e+01
2.125000e+01 2.067500e+01 2.075552e+01 2.075557e+01 2.125000e+01 2.068500e+01 2.075404e+01 2.075582e+01
2.036000e+01 2.068500e+01 2.085669e+01 2.074652e+01 2.036000e+01 2.069500e+01 2.085791e+01 2.074675e+01
2.063500e+01 2.069000e+01 2.100865e+01 2.080225e+01 2.063000e+01 2.069500e+01 2.101064e+01 2.079680e+01
2.064000e+01 2.068500e+01 2.100618e+01 2.080797e+01 2.063500e+01 2.069000e+01 2.100865e+01 2.080225e+01
2.098000e+01 2.068500e+01 2.060947e+01 2.081392e+01 2.098000e+01 2.069500e+01 2.060643e+01 2.080605e+01
2.125000e+01 2.068500e+01 2.075404e+01 2.075582e+01 2.125000e+01 2.069500e+01 2.075276e+01 2.075599e+01
2.036000e+01 2.069500e+01 2.085791e+01 2.074675e+01 2.036000e+01 2.070500e+01 2.085894e+01 2.074693e+01
2.063000e+01 2.069500e+01 2.101064e+01 2.079680e+01 2.063000e+01 2.070500e+01 2.101334e+01 2.078866e+01
2.098000e+01 2.069500e+01 2.060643e+01 2.080605e+01 2.098500e+01 2.070000e+01 2.060453e+01 2.080061e+01
2.098500e+01 2.070000e+01 2.060453e+01 2.080061e+01 2.099000e+01 2.070500e+01 2.060306e+01 2.079544e+01
2.125000e+01 2.069500e+01 2.075276e+01 2.075599e+01 2.125000e+01 2.070500e+01 2.075167e+01 2.075608e+01
2.036000e+01 2.070500e+01 2.085894e+01 2.074693e+01 2.036000e+01 2.071500e+01 2.085977e+01 2.074705e+01
2.063000e+01 2.070500e+01 2.101334e+01 2.078866e+01 2.063000e+01 2.071500e+01 2.101559e+01 2.078020e+01
2.099000e+01 2.070500e+01 2.060306e+01 2.079544e+01 2.099000e+01 2.071500e+01 2.060101e+01 2.078726e+01
2.125000e+01 2.070500e+01 2.075167e+01 2.075608e+01 2.125000e+01 2.071500e+01 2.075079e+01 2.075611e+01
2.036000e+01 2.071500e+01 2.085977e+01 2.074705e+01 2.036000e+01 2.072500e+01 2.086040e+01 2.074714e+01
2.063000e+01 2.071500e+01 2.101559e+01 2.078020e+01 2.063000e+01 2.072500e+01 2.101734e+01 2.077150e+01
2.099000e+01 2.071500e+01 2.060101e+01 2.078726e+01 2.099000e+01 2.072500e+01 2.059945e+01 2.077880e+01
2.125000e+01 2.071500e+01 2.075079e+01 2.075611e+01 2.125000e+01 2.072500e+01 2.075012e+01 2.075609e+01
2.036000e+01 2.072500e+01 2.086040e+01 2.074714e+01 2.036000e+01 2.073500e+01 2.086082e+01 2.074720e+01
2.063000e+01 2.072500e+01 2.101734e+01 2.077150e+01 2.063000e+01 2.073500e+01 2.101857e+01 2.076261e+01
2.099000e+01 2.072500e+01 2.059945e+01 2.077880e+01 2.099000e+01 2.073500e+01 2.059839e+01 2.077013e+01
2.125000e+01 2.072500e+01 2.075012e+01 2.075609e+01 2.125000e+01 2.073500e+01 2.074965e+01 2.075603e+01
2.036000e+01 2.073500e+01 2.086082e+01 2.074720e+01 2.036000e+01 2.074500e+01 2.086104e+01 2.074725e+01
2.062500e+01 2.074000e+01 2.101914e+01 2.075776e+01 2.062000e+01 2.074500e+01 2.101931e+01 2.075319e+01
2.063000e+01 2.073500e+01 2.101857e+01 2.076261e+01 2.062500e+01 2.074000e+01 2.101914e+01 2.075776e+01
2.099000e+01 2.073500e+01 2.059839e+01 2.077013e+01 2.099000e+01 2.074500e+01 2.059785e+01 2.076133e+01
2.125000e+01 2.073500e+01 2.074965e+01 2.075603e+01 2.125000e+01 2.074500e+01 2.074939e+01 2.075594e+01
2.036000e+01 2.074500e+01 2.086104e+01 2.074725e+01 2.036000e+01 2.075500e+01 2.086105e+01 2.074730e+01
2.062000e+01 2.074500e+01 2.101931e+01 2.075319e+01 2.062000e+01 2.075500e+01 2.101946e+01 2.074469e+01
2.099000e+01 2.074500e+01 2.059785e+01 2.076133e+01 2.099000e+01 2.075500e+01 2.059784e+01 2.075245e+01
2.125000e+01 2.074500e+01 2.074939e+01 2.075594e+01 2.125000e+01 2.075500e+01 2.074933e+01 2.075584e+01
2.036000e+01 2.075500e+01 2.086105e+01 2.074730e+01 2.036000e+01 2.076500e+01 2.086086e+01 2.074736e+01
2.062000e+01 2.075500e+01 2.101946e+01 2.074469e+01 2.062500e+01 2.076000e+01 2.101945e+01 2.074028e+01
2.062500e+01 2.076000e+01 2.101945e+01 2.074028e+01 2.063000e+01 2.076500e+01 2.101907e+01 2.073560e+01
2.099000e+01 2.075500e+01 2.059784e+01 2.075245e+01 2.099000e+01 2.076500e+01 2.059837e+01 2.074358e+01
2.125000e+01 2.075500e+01 2.074933e+01 2.075584e+01 2.125500e+01 2.076000e+01 2.075411e+01 2.075587e+01
2.125500e+01 2.076000e+01 2.075411e+01 2.075587e+01 2.126000e+01 2.076500e+01 2.075896e+01 2.075600e+01
2.036000e+01 2.076500e+01 2.086086e+01 2.074736e+01 2.036000e+01 2.077500e+01 2.086046e+01 2.074744e+01
2.063000e+01 2.076500e+01 2.101907e+01 2.073560e+01 2.063000e+01 2.077500e+01 2.101816e+01 2.072674e+01
2.099000e+01 2.076500e+01 2.059837e+01 2.074358e+01 2.099000e+01 2.077500e+01 2.059942e+01 2.073479e+01
2.126000e+01 2.076500e+01 2.075896e+01 2.075600e+01 2.126000e+01 2.077500e+01 2.075931e+01 2.075611e+01
2.036000e+01 2.077500e+01 2.086046e+01 2.074744e+01 2.036000e+01 2.078500e+01 2.085986e+01 2.074756e+01
2.063000e+01 2.077500e+01 2.101816e+01 2.072674e+01 2.063000e+01 2.078500e+01 2.101674e+01 2.071808e+01
2.099000e+01 2.077500e+01 2.059942e+01 2.073479e+01 2.099000e+01 2.078500e+01 2.060099e+01 2.072616e+01
2.125500e+01 2.078000e+01 2.075483e+01 2.075590e+01 2.125000e+01 2.078500e+01 2.075044e+01 2.075557e+01
2.126000e+01 2.077500e+01 2.075931e+01 2.075611e+01 2.125500e+01 2.078000e+01 2.075483e+01 2.075590e+01
2.036000e+01 2.078500e+01 2.085986e+01 2.074756e+01 2.036000e+01 2.079500e+01 2.085906e+01 2.074772e+01
2.063000e+01 2.078500e+01 2.101674e+01 2.071808e+01 2.063000e+01 2.079500e+01 2.101482e+01 2.070967e+01
2.099000e+01 2.078500e+01 2.060099e+01 2.072616e+01 2.099000e+01 2.079500e+01 2.060306e+01 2.071775e+01
2.125000e+01 2.078500e+01 2.075044e+01 2.075557e+01 2.125000e+01 2.079500e+01 2.075122e+01 2.075553e+01
2.036000e+01 2.079500e+01 2.085906e+01 2.074772e+01 2.036500e+01 2.080000e+01 2.086328e+01 2.074733e+01
2.036500e+01 2.080000e+01 2.086328e+01 2.074733e+01 2.037000e+01 2.080500e+01 2.086741e+01 2.074682e+01
2.063000e+01 2.079500e+01 2.101482e+01 2.070967e+01 2.063000e+01 2.080500e+01 2.101243e+01 2.070160e+01
2.098500e+01 2.080000e+01 2.060457e+01 2.071242e+01 2.098000e+01 2.080500e+01 2.060653e+01 2.070681e+01
2.099000e+01 2.079500e+01 2.060306e+01 2.071775e+01 2.098500e+01 2.080000e+01 2.060457e+01 2.071242e+01
2.125000e+01 2.079500e+01 2.075122e+01 2.075553e+01 2.125000e+01 2.080500e+01 2.075221e+01 2.075554e+01
2.037000e+01 2.080500e+01 2.086741e+01 2.074682e+01 2.037000e+01 2.081500e+01 2.086618e+01 2.074691e+01
2.063000e+01 2.080500e+01 2.101243e+01 2.070160e+01 2.063500e+01 2.081000e+01 2.101067e+01 2.069634e+01
2.063500e+01 2.081000e+01 2.101067e+01 2.069634e+01 2.064000e+01 2.081500e+01 2.100845e+01 2.069082e+01
2.098000e+01 2.080500e+01 2.060653e+01 2.070681e+01 2.098000e+01 2.081500e+01 2.060963e+01 2.069861e+01
2.125000e+01 2.080500e+01 2.075221e+01 2.075554e+01 2.125000e+01 2.081500e+01 2.075340e+01 2.075561e+01
2.037000e+01 2.081500e+01 2.086618e+01 2.074691e+01 2.037000e+01 2.082500e+01 2.086476e+01 2.074708e+01
2.064000e+01 2.081500e+01 2.100845e+01 2.069082e+01 2.064000e+01 2.082500e+01 2.100511e+01 2.068317e+01
2.098000e+01 2.081500e+01 2.060963e+01 2.069861e+01 2.098000e+01 2.082500e+01 2.061314e+01 2.069084e+01
2.125000e+01 2.081500e+01 2.075340e+01 2.075561e+01 2.125000e+01 2.082500e+01 2.075479e+01 2.075575e+01
2.037000e+01 2.082500e+01 2.086476e+01 2.074708e+01 2.037000e+01 2.083500e+01 2.086314e+01 2.074735e+01
2.064000e+01 2.082500e+01 2.100511e+01 2.068317e+01 2.064500e+01 2.083000e+01 2.100241e+01 2.067775e+01
2.064500e+01 2.083000e+01 2.100241e+01 2.067775e+01 2.065000e+01 2.083500e+01 2.099921e+01 2.067211e+01
2.097500e+01 2.083000e+01 2.061591e+01 2.068526e+01 2.097000e+01 2.083500e+01 2.061917e+01 2.067943e+01
2.098000e+01 2.082500e+01 2.061314e+01 2.069084e+01 2.097500e+01 2.083000e+01 2.061591e+01 2.068526e+01
2.125000e+01 2.082500e+01 2.075479e+01 2.075575e+01 2.125000e+01 2.083500e+01 2.075637e+01 2.075598e+01
2.037000e+01 2.083500e+01 2.086314e+01 2.074735e+01 2.037000e+01 2.084500e+01 2.086133e+01 2.074772e+01
2.065000e+01 2.083500e+01 2.099921e+01 2.067211e+01 2.065000e+01 2.084500e+01 2.099507e+01 2.066522e+01
2.097000e+01 2.083500e+01 2.061917e+01 2.067943e+01 2.097000e+01 2.084500e+01 2.062351e+01 2.067236e+01
2.125000e+01 2.083500e+01 2.075637e+01 2.075598e+01 2.125000e+01 2.084500e+01 2.075815e+01 2.075629e+01
2.037000e+01 2.084500e+01 2.086133e+01 2.074772e+01 2.037000e+01 2.085500e+01 2.085934e+01 2.074820e+01
2.065000e+01 2.084500e+01 2.099507e+01 2.066522e+01 2.065500e+01 2.085000e+01 2.099147e+01 2.065988e+01
2.065500e+01 2.085000e+01 2.099147e+01 2.065988e+01 2.066000e+01 2.085500e+01 2.098738e+01 2.065437e+01
2.096500e+01 2.085000e+01 2.062720e+01 2.066681e+01 2.096000e+01 2.085500e+01 2.063140e+01 2.066108e+01
2.097000e+01 2.084500e+01 2.062351e+01 2.067236e+01 2.096500e+01 2.085000e+01 2.062720e+01 2.066681e+01
2.125000e+01 2.084500e+01 2.075815e+01 2.075629e+01 2.125000e+01 2.085500e+01 2.076010e+01 2.075671e+01
2.037000e+01 2.085500e+01 2.085934e+01 2.074820e+01 2.037500e+01 2.086000e+01 2.086276e+01 2.074742e+01
2.037500e+01 2.086000e+01 2.086276e+01 2.074742e+01 2.038000e+01 2.086500e+01 2.086607e+01 2.074652e+01
2.066000e+01 2.085500e+01 2.098738e+01 2.065437e+01 2.066000e+01 2.086500e+01 2.098265e+01 2.064852e+01
2.095500e+01 2.086000e+01 2.063576e+01 2.065556e+01 2.095000e+01 2.086500e+01 2.064064e+01 2.064990e+01
2.096000e+01 2.085500e+01 2.063140e+01 2.066108e+01 2.095500e+01 2.086000e+01 2.063576e+01 2.065556e+01
2.125000e+01 2.085500e+01 2.076010e+01 2.075671e+01 2.125000e+01 2.086500e+01 2.076224e+01 2.075723e+01
2.038000e+01 2.086500e+01 2.086607e+01 2.074652e+01 2.038000e+01 2.087500e+01 2.086367e+01 2.074709e+01
2.066000e+01 2.086500e+01 2.098265e+01 2.064852e+01 2.066500e+01 2.087000e+01 2.097829e+01 2.064349e+01
2.066500e+01 2.087000e+01 2.097829e+01 2.064349e+01 2.067000e+01 2.087500e+01 2.097344e+01 2.063836e+01
2.094500e+01 2.087000e+01 2.064563e+01 2.064451e+01 2.094000e+01 2.087500e+01 2.065113e+01 2.063905e+01
2.095000e+01 2.086500e+01 2.064064e+01 2.064990e+01 2.094500e+01 2.087000e+01 2.064563e+01 2.064451e+01
2.125000e+01 2.086500e+01 2.076224e+01 2.075723e+01 2.125000e+01 2.087500e+01 2.076455e+01 2.075788e+01
2.038000e+01 2.087500e+01 2.086367e+01 2.074709e+01 2.038000e+01 2.088500e+01 2.086110e+01 2.074782e+01
2.067000e+01 2.087500e+01 2.097344e+01 2.063836e+01 2.067500e+01 2.088000e+01 2.096852e+01 2.063353e+01
2.067500e+01 2.088000e+01 2.096852e+01 2.063353e+01 2.068000e+01 2.088500e+01 2.096313e+01 2.062866e+01
2.093500e+01 2.088000e+01 2.065669e+01 2.063390e+01 2.093000e+01 2.088500e+01 2.066273e+01 2.062873e+01
2.094000e+01 2.087500e+01 2.065113e+01 2.063905e+01 2.093500e+01 2.088000e+01 2.065669e+01 2.063390e+01
2.125000e+01 2.087500e+01 2.076455e+01 2.075788e+01 2.125000e+01 2.088500e+01 2.076703e+01 2.075867e+01
2.038000e+01 2.088500e+01 2.086110e+01 2.074782e+01 2.038000e+01 2.089500e+01 2.085837e+01 2.074869e+01
2.068000e+01 2.088500e+01 2.096313e+01 2.062866e+01 2.068500e+01 2.089000e+01 2.095772e+01 2.062413e+01
2.068500e+01 2.089000e+01 2.095772e+01 2.062413e+01 2.069000e+01 2.089500e+01 2.095187e+01 2.061961e+01
2.092500e+01 2.089000e+01 2.066877e+01 2.062393e+01 2.092000e+01 2.089500e+01 2.067526e+01 2.061916e+01
2.093000e+01 2.088500e+01 2.066273e+01 2.062873e+01 2.092500e+01 2.089000e+01 2.066877e+01 2.062393e+01
2.124500e+01 2.089000e+01 2.076394e+01 2.075780e+01 2.124000e+01 2.089500e+01 2.076097e+01 2.075683e+01
2.125000e+01 2.088500e+01 2.076703e+01 2.075867e+01 2.124500e+01 2.089000e+01 2.076394e+01 2.075780e+01
2.038000e+01 2.089500e+01 2.085837e+01 2.074869e+01 2.038000e+01 2.090500e+01 2.085548e+01 2.074973e+01
2.069000e+01 2.089500e+01 2.095187e+01 2.061961e+01 2.069500e+01 2.090000e+01 2.094606e+01 2.061546e+01
2.069500e+01 2.090000e+01 2.094606e+01 2.061546e+01 2.070500e+01 2.090000e+01 2.093859e+01 2.061050e+01
2.070500e+01 2.090000e+01 2.093859e+01 2.061050e+01 2.071000e+01 2.090500e+01 2.093199e+01 2.060652e+01
2.091500e+01 2.090000e+01 2.068168e+01 2.061479e+01 2.091000e+01 2.090500e+01 2.068849e+01 2.061052e+01
2.092000e+01 2.089500e+01 2.067526e+01 2.061916e+01 2.091500e+01 2.090000e+01 2.068168e+01 2.061479e+01
2.124000e+01 2.089500e+01 2.076097e+01 2.075683e+01 2.124000e+01 2.090500e+01 2.076384e+01 2.075774e+01
2.038000e+01 2.090500e+01 2.085548e+01 2.074973e+01 2.038500e+01 2.091000e+01 2.085821e+01 2.074882e+01
2.038500e+01 2.091000e+01 2.085821e+01 2.074882e+01 2.039000e+01 2.091500e+01 2.086081e+01 2.074779e+01
2.071000e+01 2.090500e+01 2.093199e+01 2.060652e+01 2.071500e+01 2.091000e+01 2.092552e+01 2.060294e+01
2.071500e+01 2.091000e+01 2.092552e+01 2.060294e+01 2.072500e+01 2.091000e+01 2.091644e+01 2.059845e+01
2.072500e+01 2.091000e+01 2.091644e+01 2.059845e+01 2.073000e+01 2.091500e+01 2.090936e+01 2.059522e+01
2.089500e+01 2.091000e+01 2.070438e+01 2.060182e+01 2.089000e+01 2.091500e+01 2.071168e+01 2.059831e+01
2.089500e+01 2.091000e+01 2.070438e+01 2.060182e+01 2.090500e+01 2.091000e+01 2.069518e+01 2.060667e+01
2.091000e+01 2.090500e+01 2.068849e+01 2.061052e+01 2.090500e+01 2.091000e+01 2.069518e+01 2.060667e+01
2.124000e+01 2.090500e+01 2.076384e+01 2.075774e+01 2.124000e+01 2.091500e+01 2.076687e+01 2.075881e+01
2.039000e+01 2.091500e+01 2.086081e+01 2.074779e+01 2.039000e+01 2.092500e+01 2.085756e+01 2.074904e+01
2.073000e+01 2.091500e+01 2.090936e+01 2.059522e+01 2.073500e+01 2.092000e+01 2.090251e+01 2.059240e+01
2.073500e+01 2.092000e+01 2.090251e+01 2.059240e+01 2.074500e+01 2.092000e+01 2.089211e+01 2.058867e+01
2.074500e+01 2.092000e+01 2.089211e+01 2.058867e+01 2.075000e+01 2.092500e+01 2.088490e+01 2.058634e+01
2.087500e+01 2.092000e+01 2.072928e+01 2.059114e+01 2.087000e+01 2.092500e+01 2.073672e+01 2.058855e+01
2.087500e+01 2.092000e+01 2.072928e+01 2.059114e+01 2.088500e+01 2.092000e+01 2.071877e+01 2.059523e+01
2.089000e+01 2.091500e+01 2.071168e+01 2.059831e+01 2.088500e+01 2.092000e+01 2.071877e+01 2.059523e+01
2.124000e+01 2.091500e+01 2.076687e+01 2.075881e+01 2.124000e+01 2.092500e+01 2.077007e+01 2.076005e+01
2.039000e+01 2.092500e+01 2.085756e+01 2.074904e+01 2.039000e+01 2.093500e+01 2.085419e+01 2.075048e+01
2.075000e+01 2.092500e+01 2.088490e+01 2.058634e+01 2.075500e+01 2.093000e+01 2.087796e+01 2.058442e+01
2.075500e+01 2.093000e+01 2.087796e+01 2.058442e+01 2.076500e+01 2.093000e+01 2.086670e+01 2.058168e+01
2.076500e+01 2.093000e+01 2.086670e+01 2.058168e+01 2.077500e+01 2.093000e+01 2.085492e+01 2.057946e+01
2.077500e+01 2.093000e+01 2.085492e+01 2.057946e+01 2.078500e+01 2.093000e+01 2.084272e+01 2.057779e+01
2.078500e+01 2.093000e+01 2.084272e+01 2.057779e+01 2.079500e+01 2.093000e+01 2.083020e+01 2.057672e+01
2.079500e+01 2.093000e+01 2.083020e+01 2.057672e+01 2.080500e+01 2.093000e+01 2.081748e+01 2.057628e+01
2.080500e+01 2.093000e+01 2.081748e+01 2.057628e+01 2.081500e+01 2.093000e+01 2.080469e+01 2.057646e+01
2.081500e+01 2.093000e+01 2.080469e+01 2.057646e+01 2.082500e+01 2.093000e+01 2.079195e+01 2.057727e+01
2.082500e+01 2.093000e+01 2.079195e+01 2.057727e+01 2.083500e+01 2.093000e+01 2.077938e+01 2.057869e+01
2.083500e+01 2.093000e+01 2.077938e+01 2.057869e+01 2.084500e+01 2.093000e+01 2.076711e+01 2.058072e+01
2.084500e+01 2.093000e+01 2.076711e+01 2.058072e+01 2.085500e+01 2.093000e+01 2.075525e+01 2.058329e+01
2.085500e+01 2.093000e+01 2.075525e+01 2.058329e+01 2.086500e+01 2.093000e+01 2.074389e+01 2.058639e+01
2.087000e+01 2.092500e+01 2.073672e+01 2.058855e+01 2.086500e+01 2.093000e+01 2.074389e+01 2.058639e+01
2.123500e+01 2.093000e+01 2.076751e+01 2.075912e+01 2.123000e+01 2.093500e+01 2.076514e+01 2.075807e+01
2.124000e+01 2.092500e+01 2.077007e+01 2.076005e+01 2.123500e+01 2.093000e+01 2.076751e+01 2.075912e+01
2.039000e+01 2.093500e+01 2.085419e+01 2.075048e+01 2.039500e+01 2.094000e+01 2.085646e+01 2.074954e+01
2.039500e+01 2.094000e+01 2.085646e+01 2.074954e+01 2.040000e+01 2.094500e+01 2.085859e+01 2.074850e+01
2.123000e+01 2.093500e+01 2.076514e+01 2.075807e+01 2.123000e+01 2.094500e+01 2.076865e+01 2.075954e+01
2.040000e+01 2.094500e+01 2.085859e+01 2.074850e+01 2.040000e+01 2.095500e+01 2.085489e+01 2.075022e+01
2.123000e+01 2.094500e+01 2.076865e+01 2.075954e+01 2.123000e+01 2.095500e+01 2.077232e+01 2.076120e+01
2.040000e+01 2.095500e+01 2.085489e+01 2.075022e+01 2.040000e+01 2.096500e+01 2.085108e+01 2.075214e+01
2.123000e+01 2.095500e+01 2.077232e+01 2.076120e+01 2.123000e+01 2.096500e+01 2.077606e+01 2.076306e+01
2.040000e+01 2.096500e+01 2.085108e+01 2.075214e+01 2.040500e+01 2.097000e+01 2.085292e+01 2.075126e+01
2.040500e+01 2.097000e+01 2.085292e+01 2.075126e+01 2.041000e+01 2.097500e+01 2.085461e+01 2.075028e+01
2.122500e+01 2.097000e+01 2.077410e+01 2.076216e+01 2.122000e+01 2.097500e+01 2.077228e+01 2.076118e+01
2.123000e+01 2.096500e+01 2.077606e+01 2.076306e+01 2.122500e+01 2.097000e+01 2.077410e+01 2.076216e+01
2.041000e+01 2.097500e+01 2.085461e+01 2.075028e+01 2.041000e+01 2.098500e+01 2.085053e+01 2.075255e+01
2.122000e+01 2.097500e+01 2.077228e+01 2.076118e+01 2.122000e+01 2.098500e+01 2.077631e+01 2.076334e+01
2.041000e+01 2.098500e+01 2.085053e+01 2.075255e+01 2.041500e+01 2.099000e+01 2.085204e+01 2.075171e+01
2.041500e+01 2.099000e+01 2.085204e+01 2.075171e+01 2.042000e+01 2.099500e+01 2.085340e+01 2.075079e+01
2.121500e+01 2.099000e+01 2.077467e+01 2.076248e+01 2.121000e+01 2.099500e+01 2.077320e+01 2.076153e+01
2.122000e+01 2.098500e+01 2.077631e+01 2.076334e+01 2.121500e+01 2.099000e+01 2.077467e+01 2.076248e+01
2.042000e+01 2.099500e+01 2.085340e+01 2.075079e+01 2.042000e+01 2.100500e+01 2.084908e+01 2.075344e+01
2.121000e+01 2.099500e+01 2.077320e+01 2.076153e+01 2.121000e+01 2.100500e+01 2.077748e+01 2.076405e+01
2.042000e+01 2.100500e+01 2.084908e+01 2.075344e+01 2.042000e+01 2.101500e+01 2.084467e+01 2.075632e+01
2.121000e+01 2.100500e+01 2.077748e+01 2.076405e+01 2.121000e+01 2.101500e+01 2.078186e+01 2.076679e+01
2.042000e+01 2.101500e+01 2.084467e+01 2.075632e+01 2.042500e+01 2.102000e+01 2.084581e+01 2.075566e+01
2.042500e+01 2.102000e+01 2.084581e+01 2.075566e+01 2.043000e+01 2.102500e+01 2.084678e+01 2.075493e+01
2.120500e+01 2.102000e+01 2.078061e+01 2.076607e+01 2.120000e+01 2.102500e+01 2.077953e+01 2.076528e+01
2.121000e+01 2.101500e+01 2.078186e+01 2.076679e+01 2.120500e+01 2.102000e+01 2.078061e+01 2.076607e+01
2.043000e+01 2.102500e+01 2.084678e+01 2.075493e+01 2.043000e+01 2.103500e+01 2.084223e+01 2.075823e+01
2.120000e+01 2.102500e+01 2.077953e+01 2.076528e+01 2.120000e+01 2.103500e+01 2.078406e+01 2.076842e+01
2.043000e+01 2.103500e+01 2.084223e+01 2.075823e+01 2.043500e+01 2.104000e+01 2.084310e+01 2.075770e+01
2.043500e+01 2.104000e+01 2.084310e+01 2.075770e+01 2.044000e+01 2.104500e+01 2.084380e+01 2.075712e+01
2.119500e+01 2.104000e+01 2.078310e+01 2.076782e+01 2.119000e+01 2.104500e+01 2.078231e+01 2.076716e+01
2.120000e+01 2.103500e+01 2.078406e+01 2.076842e+01 2.119500e+01 2.104000e+01 2.078310e+01 2.076782e+01
2.044000e+01 2.104500e+01 2.084380e+01 2.075712e+01 2.044500e+01 2.105000e+01 2.084445e+01 2.075665e+01
2.044500e+01 2.105000e+01 2.084445e+01 2.075665e+01 2.045000e+01 2.105500e+01 2.084494e+01 2.075613e+01
2.119000e+01 2.104500e+01 2.078231e+01 2.076716e+01 2.119000e+01 2.105500e+01 2.078700e+01 2.077072e+01
2.045000e+01 2.105500e+01 2.084494e+01 2.075613e+01 2.045000e+01 2.106500e+01 2.084013e+01 2.076010e+01
2.118500e+01 2.106000e+01 2.078630e+01 2.077026e+01 2.118000e+01 2.106500e+01 2.078577e+01 2.076976e+01
2.119000e+01 2.105500e+01 2.078700e+01 2.077072e+01 2.118500e+01 2.106000e+01 2.078630e+01 2.077026e+01
2.045000e+01 2.106500e+01 2.084013e+01 2.076010e+01 2.045500e+01 2.107000e+01 2.084055e+01 2.075981e+01
2.045500e+01 2.107000e+01 2.084055e+01 2.075981e+01 2.046000e+01 2.107500e+01 2.084080e+01 2.075949e+01
2.118000e+01 2.106500e+01 2.078577e+01 2.076976e+01 2.118000e+01 2.107500e+01 2.079057e+01 2.077377e+01
2.046000e+01 2.107500e+01 2.084080e+01 2.075949e+01 2.046000e+01 2.108500e+01 2.083598e+01 2.076393e+01
2.117500e+01 2.108000e+01 2.079011e+01 2.077349e+01 2.117000e+01 2.108500e+01 2.078982e+01 2.077318e+01
2.118000e+01 2.107500e+01 2.079057e+01 2.077377e+01 2.117500e+01 2.108000e+01 2.079011e+01 2.077349e+01
2.046000e+01 2.108500e+01 2.083598e+01 2.076393e+01 2.046500e+01 2.109000e+01 2.083618e+01 2.076386e+01
2.046500e+01 2.109000e+01 2.083618e+01 2.076386e+01 2.047000e+01 2.109500e+01 2.083623e+01 2.076377e+01
2.116500e+01 2.109000e+01 2.078955e+01 2.077299e+01 2.116000e+01 2.109500e+01 2.078944e+01 2.077278e+01
2.117000e+01 2.108500e+01 2.078982e+01 2.077318e+01 2.116500e+01 2.109000e+01 2.078955e+01 2.077299e+01
2.047000e+01 2.109500e+01 2.083623e+01 2.076377e+01 2.047500e+01 2.110000e+01 2.083627e+01 2.076380e+01
2.047500e+01 2.110000e+01 2.083627e+01 2.076380e+01 2.048000e+01 2.110500e+01 2.083615e+01 2.076383e+01
2.116000e+01 2.109500e+01 2.078944e+01 2.077278e+01 2.116000e+01 2.110500e+01 2.079434e+01 2.077749e+01
2.048000e+01 2.110500e+01 2.083615e+01 2.076383e+01 2.048500e+01 2.111000e+01 2.083603e+01 2.076399e+01
2.048500e+01 2.111000e+01 2.083603e+01 2.076399e+01 2.049000e+01 2.111500e+01 2.083575e+01 2.076415e+01
2.115500e+01 2.111000e+01 2.079426e+01 2.077752e+01 2.115000e+01 2.111500e+01 2.079434e+01 2.077754e+01
2.116000e+01 2.110500e+01 2.079434e+01 2.077749e+01 2.115500e+01 2.111000e+01 2.079426e+01 2.077752e+01
2.049000e+01 2.111500e+01 2.083575e+01 2.076415e+01 2.049000e+01 2.112500e+01 2.083090e+01 2.076959e+01
2.114500e+01 2.112000e+01 2.079442e+01 2.077769e+01 2.114000e+01 2.112500e+01 2.079466e+01 2.077784e+01
2.115000e+01 2.111500e+01 2.079434e+01 2.077754e+01 2.114500e+01 2.112000e+01 2.079442e+01 2.077769e+01
2.049000e+01 2.112500e+01 2.083090e+01 2.076959e+01 2.049500e+01 2.113000e+01 2.083064e+01 2.077001e+01
2.049500e+01 2.113000e+01 2.083064e+01 2.077001e+01 2.050000e+01 2.113500e+01 2.083024e+01 2.077045e+01
2.113500e+01 2.113000e+01 2.079489e+01 2.077812e+01 2.113000e+01 2.113500e+01 2.079527e+01 2.077841e+01
2.114000e+01 2.112500e+01 2.079466e+01 2.077784e+01 2.113500e+01 2.113000e+01 2.079489e+01 2.077812e+01
2.050000e+01 2.113500e+01 2.083024e+01 2.077045e+01 2.050500e+01 2.114000e+01 2.082985e+01 2.077102e+01
2.050500e+01 2.114000e+01 2.082985e+01 2.077102e+01 2.051000e+01 2.114500e+01 2.082932e+01 2.077162e+01
2.113000e+01 2.113500e+01 2.079527e+01 2.077841e+01 2.113000e+01 2.114500e+01 2.080014e+01 2.078412e+01
2.051000e+01 2.114500e+01 2.082932e+01 2.077162e+01 2.051500e+01 2.115000e+01 2.082882e+01 2.077235e+01
2.051500e+01 2.115000e+01 2.082882e+01 2.077235e+01 2.052000e+01 2.115500e+01 2.082819e+01 2.077312e+01
2.112500e+01 2.115000e+01 2.080049e+01 2.078467e+01 2.112000e+01 2.115500e+01 2.080098e+01 2.078524e+01
2.113000e+01 2.114500e+01 2.080014e+01 2.078412e+01 2.112500e+01 2.115000e+01 2.080049e+01 2.078467e+01
2.052000e+01 2.115500e+01 2.082819e+01 2.077312e+01 2.052500e+01 2.116000e+01 2.082759e+01 2.077402e+01
2.052500e+01 2.116000e+01 2.082759e+01 2.077402e+01 2.053000e+01 2.116500e+01 2.082686e+01 2.077495e+01
2.111500e+01 2.116000e+01 2.080144e+01 2.078595e+01 2.111000e+01 2.116500e+01 2.080204e+01 2.078669e+01
2.112000e+01 2.115500e+01 2.080098e+01 2.078524e+01 2.111500e+01 2.116000e+01 2.080144e+01 2.078595e+01
2.053000e+01 2.116500e+01 2.082686e+01 2.077495e+01 2.053500e+01 2.117000e+01 2.082617e+01 2.077603e+01
2.053500e+01 2.117000e+01 2.082617e+01 2.077603e+01 2.054000e+01 2.117500e+01 2.082537e+01 2.077715e+01
2.110500e+01 2.117000e+01 2.080260e+01 2.078755e+01 2.110000e+01 2.117500e+01 2.080329e+01 2.078846e+01
2.111000e+01 2.116500e+01 2.080204e+01 2.078669e+01 2.110500e+01 2.117000e+01 2.080260e+01 2.078755e+01
2.054000e+01 2.117500e+01 2.082537e+01 2.077715e+01 2.054500e+01 2.118000e+01 2.082461e+01 2.077840e+01
2.054500e+01 2.118000e+01 2.082461e+01 2.077840e+01 2.055000e+01 2.118500e+01 2.082374e+01 2.077971e+01
2.109500e+01 2.118000e+01 2.080394e+01 2.078950e+01 2.109000e+01 2.118500e+01 2.080471e+01 2.079059e+01
2.110000e+01 2.117500e+01 2.080329e+01 2.078846e+01 2.109500e+01 2.118000e+01 2.080394e+01 2.078950e+01
2.055000e+01 2.118500e+01 2.082374e+01 2.077971e+01 2.055500e+01 2.119000e+01 2.082293e+01 2.078115e+01
2.055500e+01 2.119000e+01 2.082293e+01 2.078115e+01 2.056000e+01 2.119500e+01 2.082202e+01 2.078265e+01
2.108500e+01 2.119000e+01 2.080543e+01 2.079181e+01 2.108000e+01 2.119500e+01 2.080626e+01 2.079308e+01
2.109000e+01 2.118500e+01 2.080471e+01 2.079059e+01 2.108500e+01 2.119000e+01 2.080543e+01 2.079181e+01
2.056000e+01 2.119500e+01 2.082202e+01 2.078265e+01 2.056500e+01 2.120000e+01 2.082116e+01 2.078429e+01
2.056500e+01 2.120000e+01 2.082116e+01 2.078429e+01 2.057000e+01 2.120500e+01 2.082021e+01 2.078599e+01
2.106500e+01 2.120000e+01 2.080443e+01 2.079010e+01 2.106000e+01 2.120500e+01 2.080541e+01 2.079163e+01
2.106500e+01 2.120000e+01 2.080443e+01 2.079010e+01 2.107500e+01 2.120000e+01 2.080704e+01 2.079448e+01
2.108000e+01 2.119500e+01 2.080626e+01 2.079308e+01 2.107500e+01 2.120000e+01 2.080704e+01 2.079448e+01
2.057000e+01 2.120500e+01 2.082021e+01 2.078599e+01 2.057500e+01 2.121000e+01 2.081934e+01 2.078781e+01
2.057500e+01 2.121000e+01 2.081934e+01 2.078781e+01 2.058500e+01 2.121000e+01 2.082143e+01 2.078379e+01
2.058500e+01 2.121000e+01 2.082143e+01 2.078379e+01 2.059000e+01 2.121500e+01 2.082038e+01 2.078577e+01
2.105500e+01 2.121000e+01 2.080633e+01 2.079329e+01 2.105000e+01 2.121500e+01 2.080734e+01 2.079502e+01
2.106000e+01 2.120500e+01 2.080541e+01 2.079163e+01 2.105500e+01 2.121000e+01 2.080633e+01 2.079329e+01
2.059000e+01 2.121500e+01 2.082038e+01 2.078577e+01 2.059500e+01 2.122000e+01 2.081941e+01 2.078787e+01
2.059500e+01 2.122000e+01 2.081941e+01 2.078787e+01 2.060000e+01 2.122500e+01 2.081837e+01 2.079005e+01
2.104500e+01 2.122000e+01 2.080828e+01 2.079687e+01 2.104000e+01 2.122500e+01 2.080929e+01 2.079880e+01
2.105000e+01 2.121500e+01 2.080734e+01 2.079502e+01 2.104500e+01 2.122000e+01 2.080828e+01 2.079687e+01
2.060000e+01 2.122500e+01 2.081837e+01 2.079005e+01 2.060500e+01 2.123000e+01 2.081741e+01 2.079235e+01
2.060500e+01 2.123000e+01 2.081741e+01 2.079235e+01 2.061500e+01 2.123000e+01 2.081896e+01 2.078876e+01
2.061500e+01 2.123000e+01 2.081896e+01 2.078876e+01 2.062000e+01 2.123500e+01 2.081788e+01 2.079124e+01
2.102500e+01 2.123000e+01 2.080840e+01 2.079699e+01 2.102000e+01 2.123500e+01 2.080948e+01 2.079922e+01
2.102500e+01 2.123000e+01 2.080840e+01 2.079699e+01 2.103500e+01 2.123000e+01 2.081023e+01 2.080086e+01
2.104000e+01 2.122500e+01 2.080929e+01 2.079880e+01 2.103500e+01 2.123000e+01 2.081023e+01 2.080086e+01
2.062000e+01 2.123500e+01 2.081788e+01 2.079124e+01 2.062500e+01 2.124000e+01 2.081689e+01 2.079384e+01
2.062500e+01 2.124000e+01 2.081689e+01 2.079384e+01 2.063500e+01 2.124000e+01 2.081812e+01 2.079054e+01
2.063500e+01 2.124000e+01 2.081812e+01 2.079054e+01 2.064000e+01 2.124500e+01 2.081704e+01 2.079333e+01
2.100500e+01 2.124000e+01 2.080899e+01 2.079797e+01 2.100000e+01 2.124500e+01 2.081009e+01 2.080050e+01
2.100500e+01 2.124000e+01 2.080899e+01 2.079797e+01 2.101500e+01 2.124000e+01 2.081047e+01 2.080156e+01
2.102000e+01 2.123500e+01 2.080948e+01 2.079922e+01 2.101500e+01 2.124000e+01 2.081047e+01 2.080156e+01
2.064000e+01 2.124500e+01 2.081704e+01 2.079333e+01 2.064500e+01 2.125000e+01 2.081606e+01 2.079623e+01
2.064500e+01 2.125000e+01 2.081606e+01 2.079623e+01 2.065500e+01 2.125000e+01 2.081701e+01 2.079326e+01
2.065500e+01 2.125000e+01 2.081701e+01 2.079326e+01 2.066000e+01 2.125500e+01 2.081598e+01 2.079636e+01
2.098500e+01 2.125000e+01 2.080992e+01 2.079986e+01 2.098000e+01 2.125500e+01 2.081100e+01 2.080270e+01
2.098500e+01 2.125000e+01 2.080992e+01 2.079986e+01 2.099500e+01 2.125000e+01 2.081110e+01 2.080314e+01
2.100000e+01 2.124500e+01 2.081009e+01 2.080050e+01 2.099500e+01 2.125000e+01 2.081110e+01 2.080314e+01
2.066000e+01 2.125500e+01 2.081598e+01 2.079636e+01 2.066500e+01 2.126000e+01 2.081505e+01 2.079956e+01
2.066500e+01 2.126000e+01 2.081505e+01 2.079956e+01 2.067500e+01 2.126000e+01 2.081577e+01 2.079694e+01
2.067500e+01 2.126000e+01 2.081577e+01 2.079694e+01 2.068000e+01 2.126500e+01 2.081482e+01 2.080035e+01
2.096500e+01 2.126000e+01 2.081106e+01 2.080269e+01 2.096000e+01 2.126500e+01 2.081209e+01 2.080585e+01
2.096500e+01 2.126000e+01 2.081106e+01 2.080269e+01 2.097500e+01 2.126000e+01 2.081199e+01 2.080564e+01
2.098000e+01 2.125500e+01 2.081100e+01 2.080270e+01 2.097500e+01 2.126000e+01 2.081199e+01 2.080564e+01
2.068000e+01 2.126500e+01 2.081482e+01 2.080035e+01 2.068500e+01 2.127000e+01 2.081397e+01 2.080385e+01
2.068500e+01 2.127000e+01 2.081397e+01 2.080385e+01 2.069500e+01 2.127000e+01 2.081453e+01 2.080160e+01
2.069500e+01 2.127000e+01 2.081453e+01 2.080160e+01 2.070500e+01 2.127000e+01 2.081494e+01 2.079952e+01
2.070500e+01 2.127000e+01 2.081494e+01 2.079952e+01 2.071000e+01 2.127500e+01 2.081412e+01 2.080334e+01
2.093500e+01 2.127000e+01 2.081170e+01 2.080407e+01 2.093000e+01 2.127500e+01 2.081262e+01 2.080764e+01
2.093500e+01 2.127000e+01 2.081170e+01 2.080407e+01 2.094500e+01 2.127000e+01 2.081228e+01 2.080650e+01
2.094500e+01 2.127000e+01 2.081228e+01 2.080650e+01 2.095500e+01 2.127000e+01 2.081301e+01 2.080909e+01
2.096000e+01 2.126500e+01 2.081209e+01 2.080585e+01 2.095500e+01 2.127000e+01 2.081301e+01 2.080909e+01
2.071000e+01 2.127500e+01 2.081412e+01 2.080334e+01 2.071500e+01 2.128000e+01 2.081341e+01 2.080724e+01
2.071500e+01 2.128000e+01 2.081341e+01 2.080724e+01 2.072500e+01 2.128000e+01 2.081374e+01 2.080555e+01
2.072500e+01 2.128000e+01 2.081374e+01 2.080555e+01 2.073500e+01 2.128000e+01 2.081396e+01 2.080402e+01
2.073500e+01 2.128000e+01 2.081396e+01 2.080402e+01 2.074500e+01 2.128000e+01 2.081408e+01 2.080268e+01
2.074500e+01 2.128000e+01 2.081408e+01 2.080268e+01 2.075000e+01 2.128500e+01 2.081352e+01 2.080702e+01
2.089500e+01 2.128000e+01 2.081241e+01 2.080563e+01 2.089000e+01 2.128500e+01 2.081311e+01 2.080973e+01
2.089500e+01 2.128000e+01 2.081241e+01 2.080563e+01 2.090500e+01 2.128000e+01 2.081264e+01 2.080735e+01
2.090500e+01 2.128000e+01 2.081264e+01 2.080735e+01 2.091500e+01 2.128000e+01 2.081298e+01 2.080924e+01
2.091500e+01 2.128000e+01 2.081298e+01 2.080924e+01 2.092500e+01 2.128000e+01 2.081344e+01 2.081130e+01
2.093000e+01 2.127500e+01 2.081262e+01 2.080764e+01 2.092500e+01 2.128000e+01 2.081344e+01 2.081130e+01
2.075000e+01 2.128500e+01 2.081352e+01 2.080702e+01 2.075500e+01 2.129000e+01 2.081307e+01 2.081141e+01
2.075500e+01 2.129000e+01 2.081307e+01 2.081141e+01 2.076500e+01 2.129000e+01 2.081321e+01 2.081047e+01
2.076500e+01 2.129000e+01 2.081321e+01 2.081047e+01 2.077500e+01 2.129000e+01 2.081330e+01 2.080971e+01
2.077500e+01 2.129000e+01 2.081330e+01 2.080971e+01 2.078500e+01 2.129000e+01 2.081333e+01 2.080914e+01
2.078500e+01 2.129000e+01 2.081333e+01 2.080914e+01 2.079500e+01 2.129000e+01 2.081333e+01 2.080875e+01
2.079500e+01 2.129000e+01 2.081333e+01 2.080875e+01 2.080500e+01 2.129000e+01 2.081330e+01 2.080856e+01
2.080500e+01 2.129000e+01 2.081330e+01 2.080856e+01 2.081500e+01 2.129000e+01 2.081327e+01 2.080856e+01
2.081500e+01 2.129000e+01 2.081327e+01 2.080856e+01 2.082500e+01 2.129000e+01 2.081323e+01 2.080876e+01
2.082500e+01 2.129000e+01 2.081323e+01 2.080876e+01 2.083500e+01 2.129000e+01 2.081321e+01 2.080915e+01
2.083500e+01 2.129000e+01 2.081321e+01 2.080915e+01 2.084500e+01 2.129000e+01 2.081321e+01 2.080972e+01
2.084500e+01 2.129000e+01 2.081321e+01 2.080972e+01 2.085500e+01 2.129000e+01 2.081325e+01 2.081049e+01
2.085500e+01 2.129000e+01 2.081325e+01 2.081049e+01 2.086500e+01 2.129000e+01 2.081333e+01 2.081144e+01
2.086500e+01 2.129000e+01 2.081333e+01 2.081144e+01 2.087500e+01 2.129000e+01 2.081348e+01 2.081258e+01
2.087500e+01 2.129000e+01 2.081348e+01 2.081258e+01 2.088500e+01 2.129000e+01 2.081371e+01 2.081390e+01
2.089000e+01 2.128500e+01 2.081311e+01 2.080973e+01 2.088500e+01 2.129000e+01 2.081371e+01 2.081390e+01
