2.075500e+01 2.025000e+01 2.078524e+01 2.074151e+01 2.075000e+01 2.025500e+01 2.078592e+01 2.074642e+01
2.075500e+01 2.025000e+01 2.078524e+01 2.074151e+01 2.076500e+01 2.025000e+01 2.078553e+01 2.074304e+01
2.076500e+01 2.025000e+01 2.078553e+01 2.074304e+01 2.077500e+01 2.025000e+01 2.078573e+01 2.074435e+01
2.077500e+01 2.025000e+01 2.078573e+01 2.074435e+01 2.078500e+01 2.025000e+01 2.078587e+01 2.074545e+01
2.078500e+01 2.025000e+01 2.078587e+01 2.074545e+01 2.079500e+01 2.025000e+01 2.078595e+01 2.074632e+01
2.079500e+01 2.025000e+01 2.078595e+01 2.074632e+01 2.080500e+01 2.025000e+01 2.078598e+01 2.074698e+01
2.080500e+01 2.025000e+01 2.078598e+01 2.074698e+01 2.081500e+01 2.025000e+01 2.078599e+01 2.074741e+01
2.081500e+01 2.025000e+01 2.078599e+01 2.074741e+01 2.082500e+01 2.025000e+01 2.078598e+01 2.074762e+01
2.082500e+01 2.025000e+01 2.078598e+01 2.074762e+01 2.083500e+01 2.025000e+01 2.078597e+01 2.074760e+01
2.083500e+01 2.025000e+01 2.078597e+01 2.074760e+01 2.084500e+01 2.025000e+01 2.078597e+01 2.074737e+01
2.084500e+01 2.025000e+01 2.078597e+01 2.074737e+01 2.085500e+01 2.025000e+01 2.078600e+01 2.074691e+01
2.085500e+01 2.025000e+01 2.078600e+01 2.074691e+01 2.086500e+01 2.025000e+01 2.078606e+01 2.074623e+01
2.086500e+01 2.025000e+01 2.078606e+01 2.074623e+01 2.087500e+01 2.025000e+01 2.078618e+01 2.074533e+01
2.087500e+01 2.025000e+01 2.078618e+01 2.074533e+01 2.088500e+01 2.025000e+01 2.078636e+01 2.074421e+01
2.088500e+01 2.025000e+01 2.078636e+01 2.074421e+01 2.089000e+01 2.025500e+01 2.078583e+01 2.074928e+01
2.071500e+01 2.026000e+01 2.078549e+01 2.074468e+01 2.071000e+01 2.026500e+01 2.078644e+01 2.074902e+01
2.071500e+01 2.026000e+01 2.078549e+01 2.074468e+01 2.072500e+01 2.026000e+01 2.078603e+01 2.074707e+01
2.072500e+01 2.026000e+01 2.078603e+01 2.074707e+01 2.073500e+01 2.026000e+01 2.078644e+01 2.074926e+01
2.073500e+01 2.026000e+01 2.078644e+01 2.074926e+01 2.074500e+01 2.026000e+01 2.078672e+01 2.075124e+01
2.075000e+01 2.025500e+01 2.078592e+01 2.074642e+01 2.074500e+01 2.026000e+01 2.078672e+01 2.075124e+01
2.089000e+01 2.025500e+01 2.078583e+01 2.074928e+01 2.089500e+01 2.026000e+01 2.078517e+01 2.075425e+01
2.089500e+01 2.026000e+01 2.078517e+01 2.075425e+01 2.090500e+01 2.026000e+01 2.078532e+01 2.075267e+01
2.090500e+01 2.026000e+01 2.078532e+01 2.075267e+01 2.091500e+01 2.026000e+01 2.078557e+01 2.075088e+01
2.091500e+01 2.026000e+01 2.078557e+01 2.075088e+01 2.092500e+01 2.026000e+01 2.078595e+01 2.074889e+01
2.092500e+01 2.026000e+01 2.078595e+01 2.074889e+01 2.093500e+01 2.026000e+01 2.078646e+01 2.074670e+01
2.093500e+01 2.026000e+01 2.078646e+01 2.074670e+01 2.094000e+01 2.026500e+01 2.078559e+01 2.075102e+01
2.067500e+01 2.027000e+01 2.078503e+01 2.074420e+01 2.067000e+01 2.027500e+01 2.078612e+01 2.074794e+01
2.067500e+01 2.027000e+01 2.078503e+01 2.074420e+01 2.068500e+01 2.027000e+01 2.078604e+01 2.074740e+01
2.068500e+01 2.027000e+01 2.078604e+01 2.074740e+01 2.069500e+01 2.027000e+01 2.078686e+01 2.075041e+01
2.069500e+01 2.027000e+01 2.078686e+01 2.075041e+01 2.070500e+01 2.027000e+01 2.078751e+01 2.075324e+01
2.071000e+01 2.026500e+01 2.078644e+01 2.074902e+01 2.070500e+01 2.027000e+01 2.078751e+01 2.075324e+01
2.094000e+01 2.026500e+01 2.078559e+01 2.075102e+01 2.094500e+01 2.027000e+01 2.078460e+01 2.075522e+01
2.094500e+01 2.027000e+01 2.078460e+01 2.075522e+01 2.095500e+01 2.027000e+01 2.078522e+01 2.075258e+01
2.095500e+01 2.027000e+01 2.078522e+01 2.075258e+01 2.096500e+01 2.027000e+01 2.078601e+01 2.074977e+01
2.096500e+01 2.027000e+01 2.078601e+01 2.074977e+01 2.097000e+01 2.027500e+01 2.078501e+01 2.075359e+01
2.065500e+01 2.028000e+01 2.078609e+01 2.074797e+01 2.065000e+01 2.028500e+01 2.078724e+01 2.075135e+01
2.065500e+01 2.028000e+01 2.078609e+01 2.074797e+01 2.066500e+01 2.028000e+01 2.078732e+01 2.075156e+01
2.067000e+01 2.027500e+01 2.078612e+01 2.074794e+01 2.066500e+01 2.028000e+01 2.078732e+01 2.075156e+01
2.097000e+01 2.027500e+01 2.078501e+01 2.075359e+01 2.097500e+01 2.028000e+01 2.078388e+01 2.075728e+01
2.097500e+01 2.028000e+01 2.078388e+01 2.075728e+01 2.098500e+01 2.028000e+01 2.078488e+01 2.075404e+01
2.098500e+01 2.028000e+01 2.078488e+01 2.075404e+01 2.099000e+01 2.028500e+01 2.078379e+01 2.075749e+01
2.063500e+01 2.029000e+01 2.078700e+01 2.075063e+01 2.063000e+01 2.029500e+01 2.078818e+01 2.075367e+01
2.063500e+01 2.029000e+01 2.078700e+01 2.075063e+01 2.064500e+01 2.029000e+01 2.078851e+01 2.075461e+01
2.065000e+01 2.028500e+01 2.078724e+01 2.075135e+01 2.064500e+01 2.029000e+01 2.078851e+01 2.075461e+01
2.099000e+01 2.028500e+01 2.078379e+01 2.075749e+01 2.099500e+01 2.029000e+01 2.078258e+01 2.076079e+01
2.099500e+01 2.029000e+01 2.078258e+01 2.076079e+01 2.100500e+01 2.029000e+01 2.078385e+01 2.075716e+01
2.100500e+01 2.029000e+01 2.078385e+01 2.075716e+01 2.101000e+01 2.029500e+01 2.078272e+01 2.076022e+01
2.061500e+01 2.030000e+01 2.078762e+01 2.075223e+01 2.061000e+01 2.030500e+01 2.078879e+01 2.075492e+01
2.061500e+01 2.030000e+01 2.078762e+01 2.075223e+01 2.062500e+01 2.030000e+01 2.078948e+01 2.075656e+01
2.063000e+01 2.029500e+01 2.078818e+01 2.075367e+01 2.062500e+01 2.030000e+01 2.078948e+01 2.075656e+01
2.101000e+01 2.029500e+01 2.078272e+01 2.076022e+01 2.101500e+01 2.030000e+01 2.078148e+01 2.076314e+01
2.101500e+01 2.030000e+01 2.078148e+01 2.076314e+01 2.102500e+01 2.030000e+01 2.078309e+01 2.075915e+01
2.102500e+01 2.030000e+01 2.078309e+01 2.075915e+01 2.103000e+01 2.030500e+01 2.078196e+01 2.076185e+01
2.059500e+01 2.031000e+01 2.078781e+01 2.075282e+01 2.059000e+01 2.031500e+01 2.078893e+01 2.075517e+01
2.059500e+01 2.031000e+01 2.078781e+01 2.075282e+01 2.060500e+01 2.031000e+01 2.079006e+01 2.075747e+01
2.061000e+01 2.030500e+01 2.078879e+01 2.075492e+01 2.060500e+01 2.031000e+01 2.079006e+01 2.075747e+01
2.103000e+01 2.030500e+01 2.078196e+01 2.076185e+01 2.103500e+01 2.031000e+01 2.078073e+01 2.076439e+01
2.103500e+01 2.031000e+01 2.078073e+01 2.076439e+01 2.104500e+01 2.031000e+01 2.078273e+01 2.076007e+01
2.104500e+01 2.031000e+01 2.078273e+01 2.076007e+01 2.105000e+01 2.031500e+01 2.078166e+01 2.076242e+01
2.057500e+01 2.032000e+01 2.078745e+01 2.075244e+01 2.057000e+01 2.032500e+01 2.078848e+01 2.075448e+01
2.057500e+01 2.032000e+01 2.078745e+01 2.075244e+01 2.058500e+01 2.032000e+01 2.079014e+01 2.075738e+01
2.059000e+01 2.031500e+01 2.078893e+01 2.075517e+01 2.058500e+01 2.032000e+01 2.079014e+01 2.075738e+01
2.105000e+01 2.031500e+01 2.078166e+01 2.076242e+01 2.105500e+01 2.032000e+01 2.078049e+01 2.076460e+01
2.105500e+01 2.032000e+01 2.078049e+01 2.076460e+01 2.106500e+01 2.032000e+01 2.078294e+01 2.076000e+01
2.106500e+01 2.032000e+01 2.078294e+01 2.076000e+01 2.107000e+01 2.032500e+01 2.078196e+01 2.076201e+01
2.056500e+01 2.033000e+01 2.078958e+01 2.075636e+01 2.056000e+01 2.033500e+01 2.079058e+01 2.075817e+01
2.057000e+01 2.032500e+01 2.078848e+01 2.075448e+01 2.056500e+01 2.033000e+01 2.078958e+01 2.075636e+01
2.107000e+01 2.032500e+01 2.078196e+01 2.076201e+01 2.107500e+01 2.033000e+01 2.078090e+01 2.076385e+01
2.107500e+01 2.033000e+01 2.078090e+01 2.076385e+01 2.108000e+01 2.033500e+01 2.077995e+01 2.076561e+01
2.055500e+01 2.034000e+01 2.079166e+01 2.075981e+01 2.055000e+01 2.034500e+01 2.079262e+01 2.076139e+01
2.056000e+01 2.033500e+01 2.079058e+01 2.075817e+01 2.055500e+01 2.034000e+01 2.079166e+01 2.075981e+01
2.108000e+01 2.033500e+01 2.077995e+01 2.076561e+01 2.108500e+01 2.034000e+01 2.077892e+01 2.076721e+01
2.108500e+01 2.034000e+01 2.077892e+01 2.076721e+01 2.109000e+01 2.034500e+01 2.077802e+01 2.076874e+01
2.053500e+01 2.035000e+01 2.079001e+01 2.075738e+01 2.053000e+01 2.035500e+01 2.079078e+01 2.075868e+01
2.053500e+01 2.035000e+01 2.079001e+01 2.075738e+01 2.054500e+01 2.035000e+01 2.079368e+01 2.076283e+01
2.055000e+01 2.034500e+01 2.079262e+01 2.076139e+01 2.054500e+01 2.035000e+01 2.079368e+01 2.076283e+01
2.109000e+01 2.034500e+01 2.077802e+01 2.076874e+01 2.109500e+01 2.035000e+01 2.077705e+01 2.077010e+01
2.109500e+01 2.035000e+01 2.077705e+01 2.077010e+01 2.110000e+01 2.035500e+01 2.077621e+01 2.077139e+01
2.052500e+01 2.036000e+01 2.079161e+01 2.075982e+01 2.052000e+01 2.036500e+01 2.079231e+01 2.076091e+01
2.053000e+01 2.035500e+01 2.079078e+01 2.075868e+01 2.052500e+01 2.036000e+01 2.079161e+01 2.075982e+01
2.110000e+01 2.035500e+01 2.077621e+01 2.077139e+01 2.110500e+01 2.036000e+01 2.077531e+01 2.077252e+01
2.110500e+01 2.036000e+01 2.077531e+01 2.077252e+01 2.111500e+01 2.036000e+01 2.077900e+01 2.076730e+01
2.111500e+01 2.036000e+01 2.077900e+01 2.076730e+01 2.112000e+01 2.036500e+01 2.077839e+01 2.076833e+01
2.051500e+01 2.037000e+01 2.079309e+01 2.076187e+01 2.051000e+01 2.037500e+01 2.079368e+01 2.076276e+01
2.052000e+01 2.036500e+01 2.079231e+01 2.076091e+01 2.051500e+01 2.037000e+01 2.079309e+01 2.076187e+01
2.112000e+01 2.036500e+01 2.077839e+01 2.076833e+01 2.112500e+01 2.037000e+01 2.077773e+01 2.076918e+01
2.112500e+01 2.037000e+01 2.077773e+01 2.076918e+01 2.113000e+01 2.037500e+01 2.077721e+01 2.077000e+01
2.050500e+01 2.038000e+01 2.079432e+01 2.076350e+01 2.050000e+01 2.038500e+01 2.079480e+01 2.076420e+01
2.051000e+01 2.037500e+01 2.079368e+01 2.076276e+01 2.050500e+01 2.038000e+01 2.079432e+01 2.076350e+01
2.113000e+01 2.037500e+01 2.077721e+01 2.077000e+01 2.113500e+01 2.038000e+01 2.077667e+01 2.077066e+01
2.113500e+01 2.038000e+01 2.077667e+01 2.077066e+01 2.114000e+01 2.038500e+01 2.077629e+01 2.077128e+01
2.049500e+01 2.039000e+01 2.079531e+01 2.076474e+01 2.049000e+01 2.039500e+01 2.079567e+01 2.076527e+01
2.050000e+01 2.038500e+01 2.079480e+01 2.076420e+01 2.049500e+01 2.039000e+01 2.079531e+01 2.076474e+01
2.114000e+01 2.038500e+01 2.077629e+01 2.077128e+01 2.114500e+01 2.039000e+01 2.077588e+01 2.077175e+01
2.114500e+01 2.039000e+01 2.077588e+01 2.077175e+01 2.115000e+01 2.039500e+01 2.077564e+01 2.077219e+01
2.048500e+01 2.040000e+01 2.079604e+01 2.076563e+01 2.048000e+01 2.040500e+01 2.079626e+01 2.076598e+01
2.049000e+01 2.039500e+01 2.079567e+01 2.076527e+01 2.048500e+01 2.040000e+01 2.079604e+01 2.076563e+01
2.115000e+01 2.039500e+01 2.077564e+01 2.077219e+01 2.115000e+01 2.040500e+01 2.077017e+01 2.077820e+01
2.047500e+01 2.041000e+01 2.079648e+01 2.076618e+01 2.047000e+01 2.041500e+01 2.079654e+01 2.076638e+01
2.048000e+01 2.040500e+01 2.079626e+01 2.076598e+01 2.047500e+01 2.041000e+01 2.079648e+01 2.076618e+01
2.115000e+01 2.040500e+01 2.077017e+01 2.077820e+01 2.115500e+01 2.041000e+01 2.076991e+01 2.077831e+01
2.115500e+01 2.041000e+01 2.076991e+01 2.077831e+01 2.116000e+01 2.041500e+01 2.076982e+01 2.077843e+01
2.046500e+01 2.042000e+01 2.079660e+01 2.076642e+01 2.046000e+01 2.042500e+01 2.079649e+01 2.076647e+01
2.047000e+01 2.041500e+01 2.079654e+01 2.076638e+01 2.046500e+01 2.042000e+01 2.079660e+01 2.076642e+01
2.116000e+01 2.041500e+01 2.076982e+01 2.077843e+01 2.116500e+01 2.042000e+01 2.076973e+01 2.077839e+01
2.116500e+01 2.042000e+01 2.076973e+01 2.077839e+01 2.117000e+01 2.042500e+01 2.076983e+01 2.077836e+01
2.046000e+01 2.042500e+01 2.079649e+01 2.076647e+01 2.046000e+01 2.043500e+01 2.080235e+01 2.077211e+01
2.117000e+01 2.042500e+01 2.076983e+01 2.077836e+01 2.117500e+01 2.043000e+01 2.076994e+01 2.077817e+01
2.117500e+01 2.043000e+01 2.076994e+01 2.077817e+01 2.118000e+01 2.043500e+01 2.077023e+01 2.077800e+01
2.045500e+01 2.044000e+01 2.080222e+01 2.077187e+01 2.045000e+01 2.044500e+01 2.080191e+01 2.077164e+01
2.046000e+01 2.043500e+01 2.080235e+01 2.077211e+01 2.045500e+01 2.044000e+01 2.080222e+01 2.077187e+01
2.118000e+01 2.043500e+01 2.077023e+01 2.077800e+01 2.118500e+01 2.044000e+01 2.077054e+01 2.077769e+01
2.118500e+01 2.044000e+01 2.077054e+01 2.077769e+01 2.119000e+01 2.044500e+01 2.077104e+01 2.077741e+01
2.044500e+01 2.045000e+01 2.080158e+01 2.077128e+01 2.044000e+01 2.045500e+01 2.080102e+01 2.077092e+01
2.045000e+01 2.044500e+01 2.080191e+01 2.077164e+01 2.044500e+01 2.045000e+01 2.080158e+01 2.077128e+01
2.119000e+01 2.044500e+01 2.077104e+01 2.077741e+01 2.119000e+01 2.045500e+01 2.076570e+01 2.078190e+01
2.044000e+01 2.045500e+01 2.080102e+01 2.077092e+01 2.044000e+01 2.046500e+01 2.080677e+01 2.077570e+01
2.119000e+01 2.045500e+01 2.076570e+01 2.078190e+01 2.119500e+01 2.046000e+01 2.076628e+01 2.078133e+01
2.119500e+01 2.046000e+01 2.076628e+01 2.078133e+01 2.120000e+01 2.046500e+01 2.076704e+01 2.078082e+01
2.043500e+01 2.047000e+01 2.080619e+01 2.077509e+01 2.043000e+01 2.047500e+01 2.080543e+01 2.077453e+01
2.044000e+01 2.046500e+01 2.080677e+01 2.077570e+01 2.043500e+01 2.047000e+01 2.080619e+01 2.077509e+01
2.120000e+01 2.046500e+01 2.076704e+01 2.078082e+01 2.120000e+01 2.047500e+01 2.076180e+01 2.078473e+01
2.042500e+01 2.048000e+01 2.080462e+01 2.077385e+01 2.042000e+01 2.048500e+01 2.080364e+01 2.077321e+01
2.043000e+01 2.047500e+01 2.080543e+01 2.077453e+01 2.042500e+01 2.048000e+01 2.080462e+01 2.077385e+01
2.120000e+01 2.047500e+01 2.076180e+01 2.078473e+01 2.120500e+01 2.048000e+01 2.076267e+01 2.078396e+01
2.120500e+01 2.048000e+01 2.076267e+01 2.078396e+01 2.121000e+01 2.048500e+01 2.076375e+01 2.078326e+01
2.042000e+01 2.048500e+01 2.080364e+01 2.077321e+01 2.042000e+01 2.049500e+01 2.080910e+01 2.077717e+01
2.121000e+01 2.048500e+01 2.076375e+01 2.078326e+01 2.121500e+01 2.049000e+01 2.076488e+01 2.078243e+01
2.121500e+01 2.049000e+01 2.076488e+01 2.078243e+01 2.122000e+01 2.049500e+01 2.076620e+01 2.078167e+01
2.041500e+01 2.050000e+01 2.080800e+01 2.077631e+01 2.041000e+01 2.050500e+01 2.080671e+01 2.077550e+01
2.042000e+01 2.049500e+01 2.080910e+01 2.077717e+01 2.041500e+01 2.050000e+01 2.080800e+01 2.077631e+01
2.122000e+01 2.049500e+01 2.076620e+01 2.078167e+01 2.122000e+01 2.050500e+01 2.076127e+01 2.078482e+01
2.041000e+01 2.050500e+01 2.080671e+01 2.077550e+01 2.041000e+01 2.051500e+01 2.081198e+01 2.077896e+01
2.122000e+01 2.050500e+01 2.076127e+01 2.078482e+01 2.122500e+01 2.051000e+01 2.076275e+01 2.078386e+01
2.122500e+01 2.051000e+01 2.076275e+01 2.078386e+01 2.123000e+01 2.051500e+01 2.076443e+01 2.078299e+01
2.040500e+01 2.052000e+01 2.081055e+01 2.077795e+01 2.040000e+01 2.052500e+01 2.080895e+01 2.077702e+01
2.041000e+01 2.051500e+01 2.081198e+01 2.077896e+01 2.040500e+01 2.052000e+01 2.081055e+01 2.077795e+01
2.123000e+01 2.051500e+01 2.076443e+01 2.078299e+01 2.123000e+01 2.052500e+01 2.075976e+01 2.078567e+01
2.040000e+01 2.052500e+01 2.080895e+01 2.077702e+01 2.040000e+01 2.053500e+01 2.081398e+01 2.078000e+01
2.123000e+01 2.052500e+01 2.075976e+01 2.078567e+01 2.123500e+01 2.053000e+01 2.076160e+01 2.078461e+01
2.123500e+01 2.053000e+01 2.076160e+01 2.078461e+01 2.124000e+01 2.053500e+01 2.076365e+01 2.078366e+01
2.039500e+01 2.054000e+01 2.081220e+01 2.077889e+01 2.039000e+01 2.054500e+01 2.081025e+01 2.077787e+01
2.040000e+01 2.053500e+01 2.081398e+01 2.078000e+01 2.039500e+01 2.054000e+01 2.081220e+01 2.077889e+01
2.124000e+01 2.053500e+01 2.076365e+01 2.078366e+01 2.124000e+01 2.054500e+01 2.075927e+01 2.078592e+01
2.039000e+01 2.054500e+01 2.081025e+01 2.077787e+01 2.039000e+01 2.055500e+01 2.081499e+01 2.078042e+01
2.124000e+01 2.054500e+01 2.075927e+01 2.078592e+01 2.124000e+01 2.055500e+01 2.075503e+01 2.078797e+01
2.038500e+01 2.056000e+01 2.081285e+01 2.077926e+01 2.038000e+01 2.056500e+01 2.081055e+01 2.077819e+01
2.039000e+01 2.055500e+01 2.081499e+01 2.078042e+01 2.038500e+01 2.056000e+01 2.081285e+01 2.077926e+01
2.124000e+01 2.055500e+01 2.075503e+01 2.078797e+01 2.124500e+01 2.056000e+01 2.075739e+01 2.078678e+01
2.124500e+01 2.056000e+01 2.075739e+01 2.078678e+01 2.125000e+01 2.056500e+01 2.075990e+01 2.078573e+01
2.038000e+01 2.056500e+01 2.081055e+01 2.077819e+01 2.038000e+01 2.057500e+01 2.081496e+01 2.078036e+01
2.125000e+01 2.056500e+01 2.075990e+01 2.078573e+01 2.125000e+01 2.057500e+01 2.075602e+01 2.078743e+01
2.038000e+01 2.057500e+01 2.081496e+01 2.078036e+01 2.038000e+01 2.058500e+01 2.081924e+01 2.078228e+01
2.077500e+01 2.058000e+01 2.084116e+01 2.098600e+01 2.077000e+01 2.058500e+01 2.084817e+01 2.098455e+01
2.077500e+01 2.058000e+01 2.084116e+01 2.098600e+01 2.078500e+01 2.058000e+01 2.082935e+01 2.098809e+01
2.078500e+01 2.058000e+01 2.082935e+01 2.098809e+01 2.079500e+01 2.058000e+01 2.081719e+01 2.098959e+01
2.079500e+01 2.058000e+01 2.081719e+01 2.098959e+01 2.080500e+01 2.058000e+01 2.080478e+01 2.099048e+01
2.080500e+01 2.058000e+01 2.080478e+01 2.099048e+01 2.081500e+01 2.058000e+01 2.079221e+01 2.099074e+01
2.081500e+01 2.058000e+01 2.079221e+01 2.099074e+01 2.082500e+01 2.058000e+01 2.077961e+01 2.099036e+01
2.082500e+01 2.058000e+01 2.077961e+01 2.099036e+01 2.083500e+01 2.058000e+01 2.076708e+01 2.098935e+01
2.083500e+01 2.058000e+01 2.076708e+01 2.098935e+01 2.084500e+01 2.058000e+01 2.075474e+01 2.098772e+01
2.084500e+01 2.058000e+01 2.075474e+01 2.098772e+01 2.085500e+01 2.058000e+01 2.074267e+01 2.098550e+01
2.085500e+01 2.058000e+01 2.074267e+01 2.098550e+01 2.086500e+01 2.058000e+01 2.073099e+01 2.098273e+01
2.086500e+01 2.058000e+01 2.073099e+01 2.098273e+01 2.087000e+01 2.058500e+01 2.072373e+01 2.098077e+01
2.125000e+01 2.057500e+01 2.075602e+01 2.078743e+01 2.125000e+01 2.058500e+01 2.075230e+01 2.078887e+01
2.037500e+01 2.059000e+01 2.081661e+01 2.078106e+01 2.037000e+01 2.059500e+01 2.081382e+01 2.077995e+01
2.038000e+01 2.058500e+01 2.081924e+01 2.078228e+01 2.037500e+01 2.059000e+01 2.081661e+01 2.078106e+01
2.074500e+01 2.059000e+01 2.087756e+01 2.097569e+01 2.074000e+01 2.059500e+01 2.088465e+01 2.097296e+01
2.074500e+01 2.059000e+01 2.087756e+01 2.097569e+01 2.075500e+01 2.059000e+01 2.086684e+01 2.097942e+01
2.075500e+01 2.059000e+01 2.086684e+01 2.097942e+01 2.076500e+01 2.059000e+01 2.085549e+01 2.098267e+01
2.077000e+01 2.058500e+01 2.084817e+01 2.098455e+01 2.076500e+01 2.059000e+01 2.085549e+01 2.098267e+01
2.087000e+01 2.058500e+01 2.072373e+01 2.098077e+01 2.087500e+01 2.059000e+01 2.071616e+01 2.097834e+01
2.087500e+01 2.059000e+01 2.071616e+01 2.097834e+01 2.088500e+01 2.059000e+01 2.070503e+01 2.097443e+01
2.088500e+01 2.059000e+01 2.070503e+01 2.097443e+01 2.089500e+01 2.059000e+01 2.069457e+01 2.097009e+01
2.089500e+01 2.059000e+01 2.069457e+01 2.097009e+01 2.090000e+01 2.059500e+01 2.068734e+01 2.096682e+01
2.125000e+01 2.058500e+01 2.075230e+01 2.078887e+01 2.125500e+01 2.059000e+01 2.075519e+01 2.078767e+01
2.125500e+01 2.059000e+01 2.075519e+01 2.078767e+01 2.126000e+01 2.059500e+01 2.075823e+01 2.078662e+01
2.037000e+01 2.059500e+01 2.081382e+01 2.077995e+01 2.037000e+01 2.060500e+01 2.081773e+01 2.078156e+01
2.072500e+01 2.060000e+01 2.090162e+01 2.096514e+01 2.072000e+01 2.060500e+01 2.090850e+01 2.096153e+01
2.072500e+01 2.060000e+01 2.090162e+01 2.096514e+01 2.073500e+01 2.060000e+01 2.089199e+01 2.096977e+01
2.074000e+01 2.059500e+01 2.088465e+01 2.097296e+01 2.073500e+01 2.060000e+01 2.089199e+01 2.096977e+01
2.090000e+01 2.059500e+01 2.068734e+01 2.096682e+01 2.090500e+01 2.060000e+01 2.067988e+01 2.096306e+01
2.090500e+01 2.060000e+01 2.067988e+01 2.096306e+01 2.091500e+01 2.060000e+01 2.067060e+01 2.095792e+01
2.091500e+01 2.060000e+01 2.067060e+01 2.095792e+01 2.092000e+01 2.060500e+01 2.066368e+01 2.095377e+01
2.126000e+01 2.059500e+01 2.075823e+01 2.078662e+01 2.126000e+01 2.060500e+01 2.075491e+01 2.078783e+01
2.037000e+01 2.060500e+01 2.081773e+01 2.078156e+01 2.037000e+01 2.061500e+01 2.082147e+01 2.078295e+01
2.071500e+01 2.061000e+01 2.091555e+01 2.095745e+01 2.071000e+01 2.061500e+01 2.092229e+01 2.095322e+01
2.072000e+01 2.060500e+01 2.090850e+01 2.096153e+01 2.071500e+01 2.061000e+01 2.091555e+01 2.095745e+01
2.092000e+01 2.060500e+01 2.066368e+01 2.095377e+01 2.092500e+01 2.061000e+01 2.065662e+01 2.094914e+01
2.092500e+01 2.061000e+01 2.065662e+01 2.094914e+01 2.093000e+01 2.061500e+01 2.064991e+01 2.094440e+01
2.126000e+01 2.060500e+01 2.075491e+01 2.078783e+01 2.126000e+01 2.061500e+01 2.075178e+01 2.078881e+01
2.036500e+01 2.062000e+01 2.081832e+01 2.078176e+01 2.036000e+01 2.062500e+01 2.081503e+01 2.078070e+01
2.037000e+01 2.061500e+01 2.082147e+01 2.078295e+01 2.036500e+01 2.062000e+01 2.081832e+01 2.078176e+01
2.069500e+01 2.062000e+01 2.093662e+01 2.094305e+01 2.069000e+01 2.062500e+01 2.094270e+01 2.093820e+01
2.069500e+01 2.062000e+01 2.093662e+01 2.094305e+01 2.070500e+01 2.062000e+01 2.092914e+01 2.094853e+01
2.071000e+01 2.061500e+01 2.092229e+01 2.095322e+01 2.070500e+01 2.062000e+01 2.092914e+01 2.094853e+01
2.093000e+01 2.061500e+01 2.064991e+01 2.094440e+01 2.093500e+01 2.062000e+01 2.064312e+01 2.093919e+01
2.093500e+01 2.062000e+01 2.064312e+01 2.093919e+01 2.094000e+01 2.062500e+01 2.063675e+01 2.093392e+01
2.126000e+01 2.061500e+01 2.075178e+01 2.078881e+01 2.126000e+01 2.062500e+01 2.074883e+01 2.078960e+01
2.036000e+01 2.062500e+01 2.081503e+01 2.078070e+01 2.036000e+01 2.063500e+01 2.081836e+01 2.078186e+01
2.068500e+01 2.063000e+01 2.094881e+01 2.093293e+01 2.068000e+01 2.063500e+01 2.095448e+01 2.092765e+01
2.069000e+01 2.062500e+01 2.094270e+01 2.093820e+01 2.068500e+01 2.063000e+01 2.094881e+01 2.093293e+01
2.094000e+01 2.062500e+01 2.063675e+01 2.093392e+01 2.094500e+01 2.063000e+01 2.063035e+01 2.092822e+01
2.094500e+01 2.063000e+01 2.063035e+01 2.092822e+01 2.095500e+01 2.063000e+01 2.062430e+01 2.092241e+01
2.095500e+01 2.063000e+01 2.062430e+01 2.092241e+01 2.096000e+01 2.063500e+01 2.061884e+01 2.091675e+01
2.126000e+01 2.062500e+01 2.074883e+01 2.078960e+01 2.126500e+01 2.063000e+01 2.075240e+01 2.078850e+01
2.126500e+01 2.063000e+01 2.075240e+01 2.078850e+01 2.127000e+01 2.063500e+01 2.075611e+01 2.078757e+01
2.036000e+01 2.063500e+01 2.081836e+01 2.078186e+01 2.036000e+01 2.064500e+01 2.082149e+01 2.078283e+01
2.067500e+01 2.064000e+01 2.096013e+01 2.092198e+01 2.067000e+01 2.064500e+01 2.096531e+01 2.091636e+01
2.068000e+01 2.063500e+01 2.095448e+01 2.092765e+01 2.067500e+01 2.064000e+01 2.096013e+01 2.092198e+01
2.096000e+01 2.063500e+01 2.061884e+01 2.091675e+01 2.096000e+01 2.064500e+01 2.061314e+01 2.091041e+01
2.127000e+01 2.063500e+01 2.075611e+01 2.078757e+01 2.127000e+01 2.064500e+01 2.075362e+01 2.078824e+01
2.036000e+01 2.064500e+01 2.082149e+01 2.078283e+01 2.036000e+01 2.065500e+01 2.082443e+01 2.078365e+01
2.066500e+01 2.065000e+01 2.097041e+01 2.091039e+01 2.066000e+01 2.065500e+01 2.097503e+01 2.090453e+01
2.067000e+01 2.064500e+01 2.096531e+01 2.091636e+01 2.066500e+01 2.065000e+01 2.097041e+01 2.091039e+01
2.096000e+01 2.064500e+01 2.061314e+01 2.091041e+01 2.096500e+01 2.065000e+01 2.060785e+01 2.090404e+01
2.096500e+01 2.065000e+01 2.060785e+01 2.090404e+01 2.097000e+01 2.065500e+01 2.060308e+01 2.089781e+01
2.127000e+01 2.064500e+01 2.075362e+01 2.078824e+01 2.127000e+01 2.065500e+01 2.075133e+01 2.078875e+01
2.036000e+01 2.065500e+01 2.082443e+01 2.078365e+01 2.036000e+01 2.066500e+01 2.082717e+01 2.078429e+01
2.066000e+01 2.065500e+01 2.097503e+01 2.090453e+01 2.066000e+01 2.066500e+01 2.098021e+01 2.089741e+01
2.097000e+01 2.065500e+01 2.060308e+01 2.089781e+01 2.097500e+01 2.066000e+01 2.059846e+01 2.089130e+01
2.097500e+01 2.066000e+01 2.059846e+01 2.089130e+01 2.098000e+01 2.066500e+01 2.059436e+01 2.088498e+01
2.127000e+01 2.065500e+01 2.075133e+01 2.078875e+01 2.127000e+01 2.066500e+01 2.074925e+01 2.078911e+01
2.035500e+01 2.067000e+01 2.082325e+01 2.078326e+01 2.035000e+01 2.067500e+01 2.081920e+01 2.078237e+01
2.036000e+01 2.066500e+01 2.082717e+01 2.078429e+01 2.035500e+01 2.067000e+01 2.082325e+01 2.078326e+01
2.065500e+01 2.067000e+01 2.098454e+01 2.089099e+01 2.065000e+01 2.067500e+01 2.098837e+01 2.088476e+01
2.066000e+01 2.066500e+01 2.098021e+01 2.089741e+01 2.065500e+01 2.067000e+01 2.098454e+01 2.089099e+01
2.098000e+01 2.066500e+01 2.059436e+01 2.088498e+01 2.098000e+01 2.067500e+01 2.058951e+01 2.087675e+01
2.127000e+01 2.066500e+01 2.074925e+01 2.078911e+01 2.127000e+01 2.067500e+01 2.074739e+01 2.078936e+01
2.035000e+01 2.067500e+01 2.081920e+01 2.078237e+01 2.035000e+01 2.068500e+01 2.082147e+01 2.078292e+01
2.064500e+01 2.068000e+01 2.099199e+01 2.087832e+01 2.064000e+01 2.068500e+01 2.099513e+01 2.087211e+01
2.065000e+01 2.067500e+01 2.098837e+01 2.088476e+01 2.064500e+01 2.068000e+01 2.099199e+01 2.087832e+01
2.098000e+01 2.067500e+01 2.058951e+01 2.087675e+01 2.098500e+01 2.068000e+01 2.058585e+01 2.087005e+01
2.098500e+01 2.068000e+01 2.058585e+01 2.087005e+01 2.099000e+01 2.068500e+01 2.058271e+01 2.086359e+01
2.127000e+01 2.067500e+01 2.074739e+01 2.078936e+01 2.127500e+01 2.068000e+01 2.075180e+01 2.078860e+01
2.127500e+01 2.068000e+01 2.075180e+01 2.078860e+01 2.128000e+01 2.068500e+01 2.075632e+01 2.078799e+01
2.035000e+01 2.068500e+01 2.082147e+01 2.078292e+01 2.035000e+01 2.069500e+01 2.082353e+01 2.078335e+01
2.064000e+01 2.068500e+01 2.099513e+01 2.087211e+01 2.064000e+01 2.069500e+01 2.099918e+01 2.086346e+01
2.099000e+01 2.068500e+01 2.058271e+01 2.086359e+01 2.099000e+01 2.069500e+01 2.057872e+01 2.085447e+01
2.128000e+01 2.068500e+01 2.075632e+01 2.078799e+01 2.128000e+01 2.069500e+01 2.075496e+01 2.078825e+01
2.035000e+01 2.069500e+01 2.082353e+01 2.078335e+01 2.035000e+01 2.070500e+01 2.082537e+01 2.078367e+01
2.064000e+01 2.069500e+01 2.099918e+01 2.086346e+01 2.064000e+01 2.070500e+01 2.100281e+01 2.085420e+01
2.099000e+01 2.069500e+01 2.057872e+01 2.085447e+01 2.099500e+01 2.070000e+01 2.057613e+01 2.084787e+01
2.099500e+01 2.070000e+01 2.057613e+01 2.084787e+01 2.100000e+01 2.070500e+01 2.057403e+01 2.084157e+01
2.128000e+01 2.069500e+01 2.075496e+01 2.078825e+01 2.128000e+01 2.070500e+01 2.075382e+01 2.078843e+01
2.035000e+01 2.070500e+01 2.082537e+01 2.078367e+01 2.035000e+01 2.071500e+01 2.082699e+01 2.078389e+01
2.063500e+01 2.071000e+01 2.100519e+01 2.084772e+01 2.063000e+01 2.071500e+01 2.100709e+01 2.084153e+01
2.064000e+01 2.070500e+01 2.100281e+01 2.085420e+01 2.063500e+01 2.071000e+01 2.100519e+01 2.084772e+01
2.100000e+01 2.070500e+01 2.057403e+01 2.084157e+01 2.100000e+01 2.071500e+01 2.057109e+01 2.083195e+01
2.128000e+01 2.070500e+01 2.075382e+01 2.078843e+01 2.128000e+01 2.071500e+01 2.075291e+01 2.078854e+01
2.035000e+01 2.071500e+01 2.082699e+01 2.078389e+01 2.035000e+01 2.072500e+01 2.082837e+01 2.078402e+01
2.063000e+01 2.071500e+01 2.100709e+01 2.084153e+01 2.063000e+01 2.072500e+01 2.100967e+01 2.083176e+01
2.100000e+01 2.071500e+01 2.057109e+01 2.083195e+01 2.100000e+01 2.072500e+01 2.056867e+01 2.082197e+01
2.128000e+01 2.071500e+01 2.075291e+01 2.078854e+01 2.128000e+01 2.072500e+01 2.075223e+01 2.078861e+01
2.035000e+01 2.072500e+01 2.082837e+01 2.078402e+01 2.035000e+01 2.073500e+01 2.082953e+01 2.078407e+01
2.063000e+01 2.072500e+01 2.100967e+01 2.083176e+01 2.063000e+01 2.073500e+01 2.101171e+01 2.082160e+01
2.100000e+01 2.072500e+01 2.056867e+01 2.082197e+01 2.100000e+01 2.073500e+01 2.056680e+01 2.081170e+01
2.128000e+01 2.072500e+01 2.075223e+01 2.078861e+01 2.128000e+01 2.073500e+01 2.075178e+01 2.078863e+01
2.035000e+01 2.073500e+01 2.082953e+01 2.078407e+01 2.035000e+01 2.074500e+01 2.083044e+01 2.078407e+01
2.062500e+01 2.074000e+01 2.101274e+01 2.081564e+01 2.062000e+01 2.074500e+01 2.101335e+01 2.080997e+01
2.063000e+01 2.073500e+01 2.101171e+01 2.082160e+01 2.062500e+01 2.074000e+01 2.101274e+01 2.081564e+01
2.100000e+01 2.073500e+01 2.056680e+01 2.081170e+01 2.100000e+01 2.074500e+01 2.056548e+01 2.080123e+01
2.128000e+01 2.073500e+01 2.075178e+01 2.078863e+01 2.128000e+01 2.074500e+01 2.075157e+01 2.078864e+01
2.035000e+01 2.074500e+01 2.083044e+01 2.078407e+01 2.035000e+01 2.075500e+01 2.083113e+01 2.078401e+01
2.062000e+01 2.074500e+01 2.101335e+01 2.080997e+01 2.062000e+01 2.075500e+01 2.101424e+01 2.079987e+01
2.100000e+01 2.074500e+01 2.056548e+01 2.080123e+01 2.100000e+01 2.075500e+01 2.056476e+01 2.079064e+01
2.128000e+01 2.074500e+01 2.075157e+01 2.078864e+01 2.128000e+01 2.075500e+01 2.075160e+01 2.078863e+01
2.035000e+01 2.075500e+01 2.083113e+01 2.078401e+01 2.035000e+01 2.076500e+01 2.083157e+01 2.078393e+01
2.062000e+01 2.075500e+01 2.101424e+01 2.079987e+01 2.062000e+01 2.076500e+01 2.101455e+01 2.078965e+01
2.100000e+01 2.075500e+01 2.056476e+01 2.079064e+01 2.100000e+01 2.076500e+01 2.056462e+01 2.078002e+01
2.128000e+01 2.075500e+01 2.075160e+01 2.078863e+01 2.128000e+01 2.076500e+01 2.075187e+01 2.078863e+01
2.035000e+01 2.076500e+01 2.083157e+01 2.078393e+01 2.035000e+01 2.077500e+01 2.083177e+01 2.078383e+01
2.062000e+01 2.076500e+01 2.101455e+01 2.078965e+01 2.062000e+01 2.077500e+01 2.101428e+01 2.077939e+01
2.100000e+01 2.076500e+01 2.056462e+01 2.078002e+01 2.100000e+01 2.077500e+01 2.056508e+01 2.076947e+01
2.128000e+01 2.076500e+01 2.075187e+01 2.078863e+01 2.128000e+01 2.077500e+01 2.075237e+01 2.078865e+01
2.035000e+01 2.077500e+01 2.083177e+01 2.078383e+01 2.035000e+01 2.078500e+01 2.083174e+01 2.078373e+01
2.062000e+01 2.077500e+01 2.101428e+01 2.077939e+01 2.062000e+01 2.078500e+01 2.101344e+01 2.076918e+01
2.100000e+01 2.077500e+01 2.056508e+01 2.076947e+01 2.100000e+01 2.078500e+01 2.056612e+01 2.075907e+01
2.128000e+01 2.077500e+01 2.075237e+01 2.078865e+01 2.128000e+01 2.078500e+01 2.075311e+01 2.078870e+01
2.035000e+01 2.078500e+01 2.083174e+01 2.078373e+01 2.035000e+01 2.079500e+01 2.083146e+01 2.078364e+01
2.062000e+01 2.078500e+01 2.101344e+01 2.076918e+01 2.062000e+01 2.079500e+01 2.101202e+01 2.075910e+01
2.100000e+01 2.078500e+01 2.056612e+01 2.075907e+01 2.100000e+01 2.079500e+01 2.056774e+01 2.074890e+01
2.128000e+01 2.078500e+01 2.075311e+01 2.078870e+01 2.128000e+01 2.079500e+01 2.075409e+01 2.078880e+01
2.035000e+01 2.079500e+01 2.083146e+01 2.078364e+01 2.035000e+01 2.080500e+01 2.083094e+01 2.078359e+01
2.062000e+01 2.079500e+01 2.101202e+01 2.075910e+01 2.062500e+01 2.080000e+01 2.101105e+01 2.075319e+01
2.062500e+01 2.080000e+01 2.101105e+01 2.075319e+01 2.063000e+01 2.080500e+01 2.100963e+01 2.074695e+01
2.100000e+01 2.079500e+01 2.056774e+01 2.074890e+01 2.100000e+01 2.080500e+01 2.056990e+01 2.073905e+01
2.128000e+01 2.079500e+01 2.075409e+01 2.078880e+01 2.128000e+01 2.080500e+01 2.075529e+01 2.078896e+01
2.035000e+01 2.080500e+01 2.083094e+01 2.078359e+01 2.035000e+01 2.081500e+01 2.083018e+01 2.078359e+01
2.063000e+01 2.080500e+01 2.100963e+01 2.074695e+01 2.063000e+01 2.081500e+01 2.100702e+01 2.073685e+01
2.099500e+01 2.081000e+01 2.057143e+01 2.073298e+01 2.099000e+01 2.081500e+01 2.057340e+01 2.072662e+01
2.100000e+01 2.080500e+01 2.056990e+01 2.073905e+01 2.099500e+01 2.081000e+01 2.057143e+01 2.073298e+01
2.128000e+01 2.080500e+01 2.075529e+01 2.078896e+01 2.128000e+01 2.081500e+01 2.075673e+01 2.078920e+01
2.035000e+01 2.081500e+01 2.083018e+01 2.078359e+01 2.035000e+01 2.082500e+01 2.082920e+01 2.078363e+01
2.063000e+01 2.081500e+01 2.100702e+01 2.073685e+01 2.063000e+01 2.082500e+01 2.100391e+01 2.072715e+01
2.099000e+01 2.081500e+01 2.057340e+01 2.072662e+01 2.099000e+01 2.082500e+01 2.057666e+01 2.071713e+01
2.128000e+01 2.081500e+01 2.075673e+01 2.078920e+01 2.128000e+01 2.082500e+01 2.075839e+01 2.078953e+01
2.035000e+01 2.082500e+01 2.082920e+01 2.078363e+01 2.035000e+01 2.083500e+01 2.082798e+01 2.078375e+01
2.063000e+01 2.082500e+01 2.100391e+01 2.072715e+01 2.063000e+01 2.083500e+01 2.100033e+01 2.071790e+01
2.099000e+01 2.082500e+01 2.057666e+01 2.071713e+01 2.099000e+01 2.083500e+01 2.058036e+01 2.070820e+01
2.128000e+01 2.082500e+01 2.075839e+01 2.078953e+01 2.128000e+01 2.083500e+01 2.076028e+01 2.078996e+01
2.035000e+01 2.083500e+01 2.082798e+01 2.078375e+01 2.035000e+01 2.084500e+01 2.082654e+01 2.078394e+01
2.063000e+01 2.083500e+01 2.100033e+01 2.071790e+01 2.063500e+01 2.084000e+01 2.099769e+01 2.071154e+01
2.063500e+01 2.084000e+01 2.099769e+01 2.071154e+01 2.064000e+01 2.084500e+01 2.099454e+01 2.070490e+01
2.098500e+01 2.084000e+01 2.058315e+01 2.070198e+01 2.098000e+01 2.084500e+01 2.058642e+01 2.069551e+01
2.099000e+01 2.083500e+01 2.058036e+01 2.070820e+01 2.098500e+01 2.084000e+01 2.058315e+01 2.070198e+01
2.127500e+01 2.084000e+01 2.075596e+01 2.078918e+01 2.127000e+01 2.084500e+01 2.075176e+01 2.078828e+01
2.128000e+01 2.083500e+01 2.076028e+01 2.078996e+01 2.127500e+01 2.084000e+01 2.075596e+01 2.078918e+01
2.035000e+01 2.084500e+01 2.082654e+01 2.078394e+01 2.035000e+01 2.085500e+01 2.082487e+01 2.078424e+01
2.064000e+01 2.084500e+01 2.099454e+01 2.070490e+01 2.064000e+01 2.085500e+01 2.099001e+01 2.069639e+01
2.097500e+01 2.085000e+01 2.058990e+01 2.068921e+01 2.097000e+01 2.085500e+01 2.059389e+01 2.068269e+01
2.098000e+01 2.084500e+01 2.058642e+01 2.069551e+01 2.097500e+01 2.085000e+01 2.058990e+01 2.068921e+01
2.127000e+01 2.084500e+01 2.075176e+01 2.078828e+01 2.127000e+01 2.085500e+01 2.075411e+01 2.078874e+01
2.035000e+01 2.085500e+01 2.082487e+01 2.078424e+01 2.035000e+01 2.086500e+01 2.082299e+01 2.078464e+01
2.064000e+01 2.085500e+01 2.099001e+01 2.069639e+01 2.064500e+01 2.086000e+01 2.098638e+01 2.069004e+01
2.064500e+01 2.086000e+01 2.098638e+01 2.069004e+01 2.065000e+01 2.086500e+01 2.098223e+01 2.068347e+01
2.097000e+01 2.085500e+01 2.059389e+01 2.068269e+01 2.097000e+01 2.086500e+01 2.059886e+01 2.067508e+01
2.127000e+01 2.085500e+01 2.075411e+01 2.078874e+01 2.127000e+01 2.086500e+01 2.075668e+01 2.078935e+01
2.035000e+01 2.086500e+01 2.082299e+01 2.078464e+01 2.035500e+01 2.087000e+01 2.082716e+01 2.078386e+01
2.035500e+01 2.087000e+01 2.082716e+01 2.078386e+01 2.036000e+01 2.087500e+01 2.083120e+01 2.078294e+01
2.065000e+01 2.086500e+01 2.098223e+01 2.068347e+01 2.065500e+01 2.087000e+01 2.097788e+01 2.067713e+01
2.065500e+01 2.087000e+01 2.097788e+01 2.067713e+01 2.066000e+01 2.087500e+01 2.097302e+01 2.067063e+01
2.096500e+01 2.087000e+01 2.060319e+01 2.066906e+01 2.096000e+01 2.087500e+01 2.060802e+01 2.066290e+01
2.097000e+01 2.086500e+01 2.059886e+01 2.067508e+01 2.096500e+01 2.087000e+01 2.060319e+01 2.066906e+01
2.127000e+01 2.086500e+01 2.075668e+01 2.078935e+01 2.127000e+01 2.087500e+01 2.075945e+01 2.079011e+01
2.036000e+01 2.087500e+01 2.083120e+01 2.078294e+01 2.036000e+01 2.088500e+01 2.082883e+01 2.078340e+01
2.066000e+01 2.087500e+01 2.097302e+01 2.067063e+01 2.066000e+01 2.088500e+01 2.096746e+01 2.066378e+01
2.095500e+01 2.088000e+01 2.061296e+01 2.065706e+01 2.095000e+01 2.088500e+01 2.061838e+01 2.065114e+01
2.096000e+01 2.087500e+01 2.060802e+01 2.066290e+01 2.095500e+01 2.088000e+01 2.061296e+01 2.065706e+01
2.127000e+01 2.087500e+01 2.075945e+01 2.079011e+01 2.127000e+01 2.088500e+01 2.076243e+01 2.079103e+01
2.036000e+01 2.088500e+01 2.082883e+01 2.078340e+01 2.036000e+01 2.089500e+01 2.082626e+01 2.078402e+01
2.066000e+01 2.088500e+01 2.096746e+01 2.066378e+01 2.066500e+01 2.089000e+01 2.096235e+01 2.065790e+01
2.066500e+01 2.089000e+01 2.096235e+01 2.065790e+01 2.067000e+01 2.089500e+01 2.095675e+01 2.065194e+01
2.094500e+01 2.089000e+01 2.062386e+01 2.064558e+01 2.094000e+01 2.089500e+01 2.062980e+01 2.064000e+01
2.095000e+01 2.088500e+01 2.061838e+01 2.065114e+01 2.094500e+01 2.089000e+01 2.062386e+01 2.064558e+01
2.126500e+01 2.089000e+01 2.075887e+01 2.079000e+01 2.126000e+01 2.089500e+01 2.075545e+01 2.078885e+01
2.127000e+01 2.088500e+01 2.076243e+01 2.079103e+01 2.126500e+01 2.089000e+01 2.075887e+01 2.079000e+01
2.036000e+01 2.089500e+01 2.082626e+01 2.078402e+01 2.036000e+01 2.090500e+01 2.082350e+01 2.078480e+01
2.067000e+01 2.089500e+01 2.095675e+01 2.065194e+01 2.067500e+01 2.090000e+01 2.095110e+01 2.064636e+01
2.067500e+01 2.090000e+01 2.095110e+01 2.064636e+01 2.068000e+01 2.090500e+01 2.094499e+01 2.064077e+01
2.093500e+01 2.090000e+01 2.063574e+01 2.063482e+01 2.093000e+01 2.090500e+01 2.064211e+01 2.062968e+01
2.094000e+01 2.089500e+01 2.062980e+01 2.064000e+01 2.093500e+01 2.090000e+01 2.063574e+01 2.063482e+01
2.126000e+01 2.089500e+01 2.075545e+01 2.078885e+01 2.126000e+01 2.090500e+01 2.075886e+01 2.078996e+01
2.036000e+01 2.090500e+01 2.082350e+01 2.078480e+01 2.036000e+01 2.091500e+01 2.082054e+01 2.078578e+01
2.068000e+01 2.090500e+01 2.094499e+01 2.064077e+01 2.068500e+01 2.091000e+01 2.093888e+01 2.063559e+01
2.068500e+01 2.091000e+01 2.093888e+01 2.063559e+01 2.069500e+01 2.091000e+01 2.093159e+01 2.062984e+01
2.069500e+01 2.091000e+01 2.093159e+01 2.062984e+01 2.070000e+01 2.091500e+01 2.092467e+01 2.062478e+01
2.092500e+01 2.091000e+01 2.064841e+01 2.062498e+01 2.092000e+01 2.091500e+01 2.065510e+01 2.062036e+01
2.093000e+01 2.090500e+01 2.064211e+01 2.062968e+01 2.092500e+01 2.091000e+01 2.064841e+01 2.062498e+01
2.126000e+01 2.090500e+01 2.075886e+01 2.078996e+01 2.126000e+01 2.091500e+01 2.076244e+01 2.079126e+01
2.036000e+01 2.091500e+01 2.082054e+01 2.078578e+01 2.036500e+01 2.092000e+01 2.082390e+01 2.078479e+01
2.036500e+01 2.092000e+01 2.082390e+01 2.078479e+01 2.037000e+01 2.092500e+01 2.082711e+01 2.078363e+01
2.070000e+01 2.091500e+01 2.092467e+01 2.062478e+01 2.070500e+01 2.092000e+01 2.091785e+01 2.062020e+01
2.070500e+01 2.092000e+01 2.091785e+01 2.062020e+01 2.071000e+01 2.092500e+01 2.091070e+01 2.061576e+01
2.090500e+01 2.092000e+01 2.067035e+01 2.061110e+01 2.090000e+01 2.092500e+01 2.067754e+01 2.060726e+01
2.090500e+01 2.092000e+01 2.067035e+01 2.061110e+01 2.091500e+01 2.092000e+01 2.066167e+01 2.061620e+01
2.092000e+01 2.091500e+01 2.065510e+01 2.062036e+01 2.091500e+01 2.092000e+01 2.066167e+01 2.061620e+01
2.126000e+01 2.091500e+01 2.076244e+01 2.079126e+01 2.126000e+01 2.092500e+01 2.076620e+01 2.079277e+01
2.037000e+01 2.092500e+01 2.082711e+01 2.078363e+01 2.037000e+01 2.093500e+01 2.082372e+01 2.078480e+01
2.071000e+01 2.092500e+01 2.091070e+01 2.061576e+01 2.071500e+01 2.093000e+01 2.090371e+01 2.061180e+01
2.071500e+01 2.093000e+01 2.090371e+01 2.061180e+01 2.072500e+01 2.093000e+01 2.089419e+01 2.060680e+01
2.072500e+01 2.093000e+01 2.089419e+01 2.060680e+01 2.073000e+01 2.093500e+01 2.088671e+01 2.060326e+01
2.088500e+01 2.093000e+01 2.069455e+01 2.059950e+01 2.088000e+01 2.093500e+01 2.070192e+01 2.059659e+01
2.088500e+01 2.093000e+01 2.069455e+01 2.059950e+01 2.089500e+01 2.093000e+01 2.068452e+01 2.060388e+01
2.090000e+01 2.092500e+01 2.067754e+01 2.060726e+01 2.089500e+01 2.093000e+01 2.068452e+01 2.060388e+01
2.125500e+01 2.093000e+01 2.076327e+01 2.079168e+01 2.125000e+01 2.093500e+01 2.076049e+01 2.079047e+01
2.126000e+01 2.092500e+01 2.076620e+01 2.079277e+01 2.125500e+01 2.093000e+01 2.076327e+01 2.079168e+01
2.037000e+01 2.093500e+01 2.082372e+01 2.078480e+01 2.037000e+01 2.094500e+01 2.082017e+01 2.078620e+01
2.073000e+01 2.093500e+01 2.088671e+01 2.060326e+01 2.073500e+01 2.094000e+01 2.087947e+01 2.060021e+01
2.073500e+01 2.094000e+01 2.087947e+01 2.060021e+01 2.074500e+01 2.094000e+01 2.086885e+01 2.059607e+01
2.074500e+01 2.094000e+01 2.086885e+01 2.059607e+01 2.075500e+01 2.094000e+01 2.085761e+01 2.059237e+01
2.075500e+01 2.094000e+01 2.085761e+01 2.059237e+01 2.076500e+01 2.094000e+01 2.084582e+01 2.058917e+01
2.076500e+01 2.094000e+01 2.084582e+01 2.058917e+01 2.077000e+01 2.094500e+01 2.083837e+01 2.058732e+01
2.085500e+01 2.094000e+01 2.073159e+01 2.058780e+01 2.085000e+01 2.094500e+01 2.073880e+01 2.058623e+01
2.085500e+01 2.094000e+01 2.073159e+01 2.058780e+01 2.086500e+01 2.094000e+01 2.072002e+01 2.059071e+01
2.086500e+01 2.094000e+01 2.072002e+01 2.059071e+01 2.087500e+01 2.094000e+01 2.070903e+01 2.059413e+01
2.088000e+01 2.093500e+01 2.070192e+01 2.059659e+01 2.087500e+01 2.094000e+01 2.070903e+01 2.059413e+01
2.125000e+01 2.093500e+01 2.076049e+01 2.079047e+01 2.125000e+01 2.094500e+01 2.076463e+01 2.079228e+01
2.037000e+01 2.094500e+01 2.082017e+01 2.078620e+01 2.037500e+01 2.095000e+01 2.082299e+01 2.078515e+01
2.037500e+01 2.095000e+01 2.082299e+01 2.078515e+01 2.038000e+01 2.095500e+01 2.082565e+01 2.078394e+01
2.077000e+01 2.094500e+01 2.083837e+01 2.058732e+01 2.077500e+01 2.095000e+01 2.083125e+01 2.058593e+01
2.077500e+01 2.095000e+01 2.083125e+01 2.058593e+01 2.078500e+01 2.095000e+01 2.081922e+01 2.058397e+01
2.078500e+01 2.095000e+01 2.081922e+01 2.058397e+01 2.079500e+01 2.095000e+01 2.080695e+01 2.058260e+01
2.079500e+01 2.095000e+01 2.080695e+01 2.058260e+01 2.080500e+01 2.095000e+01 2.079454e+01 2.058185e+01
2.080500e+01 2.095000e+01 2.079454e+01 2.058185e+01 2.081500e+01 2.095000e+01 2.078210e+01 2.058172e+01
2.081500e+01 2.095000e+01 2.078210e+01 2.058172e+01 2.082500e+01 2.095000e+01 2.076975e+01 2.058222e+01
2.082500e+01 2.095000e+01 2.076975e+01 2.058222e+01 2.083500e+01 2.095000e+01 2.075758e+01 2.058335e+01
2.083500e+01 2.095000e+01 2.075758e+01 2.058335e+01 2.084500e+01 2.095000e+01 2.074570e+01 2.058507e+01
2.085000e+01 2.094500e+01 2.073880e+01 2.058623e+01 2.084500e+01 2.095000e+01 2.074570e+01 2.058507e+01
2.124500e+01 2.095000e+01 2.076208e+01 2.079116e+01 2.124000e+01 2.095500e+01 2.075969e+01 2.078992e+01
2.125000e+01 2.094500e+01 2.076463e+01 2.079228e+01 2.124500e+01 2.095000e+01 2.076208e+01 2.079116e+01
2.038000e+01 2.095500e+01 2.082565e+01 2.078394e+01 2.038000e+01 2.096500e+01 2.082170e+01 2.078565e+01
2.124000e+01 2.095500e+01 2.075969e+01 2.078992e+01 2.124000e+01 2.096500e+01 2.076419e+01 2.079208e+01
2.038000e+01 2.096500e+01 2.082170e+01 2.078565e+01 2.038000e+01 2.097500e+01 2.081763e+01 2.078756e+01
2.124000e+01 2.096500e+01 2.076419e+01 2.079208e+01 2.124000e+01 2.097500e+01 2.076881e+01 2.079448e+01
2.038000e+01 2.097500e+01 2.081763e+01 2.078756e+01 2.038500e+01 2.098000e+01 2.081993e+01 2.078654e+01
2.038500e+01 2.098000e+01 2.081993e+01 2.078654e+01 2.039000e+01 2.098500e+01 2.082208e+01 2.078538e+01
2.123500e+01 2.098000e+01 2.076673e+01 2.079344e+01 2.123000e+01 2.098500e+01 2.076482e+01 2.079231e+01
2.124000e+01 2.097500e+01 2.076881e+01 2.079448e+01 2.123500e+01 2.098000e+01 2.076673e+01 2.079344e+01
2.039000e+01 2.098500e+01 2.082208e+01 2.078538e+01 2.039000e+01 2.099500e+01 2.081765e+01 2.078771e+01
2.123000e+01 2.098500e+01 2.076482e+01 2.079231e+01 2.123000e+01 2.099500e+01 2.076975e+01 2.079513e+01
2.039000e+01 2.099500e+01 2.081765e+01 2.078771e+01 2.039500e+01 2.100000e+01 2.081958e+01 2.078673e+01
2.039500e+01 2.100000e+01 2.081958e+01 2.078673e+01 2.040000e+01 2.100500e+01 2.082134e+01 2.078562e+01
2.122500e+01 2.100000e+01 2.076801e+01 2.079416e+01 2.122000e+01 2.100500e+01 2.076645e+01 2.079311e+01
2.123000e+01 2.099500e+01 2.076975e+01 2.079513e+01 2.122500e+01 2.100000e+01 2.076801e+01 2.079416e+01
2.040000e+01 2.100500e+01 2.082134e+01 2.078562e+01 2.040000e+01 2.101500e+01 2.081662e+01 2.078839e+01
2.122000e+01 2.100500e+01 2.076645e+01 2.079311e+01 2.122000e+01 2.101500e+01 2.077164e+01 2.079638e+01
2.040000e+01 2.101500e+01 2.081662e+01 2.078839e+01 2.040500e+01 2.102000e+01 2.081818e+01 2.078750e+01
2.040500e+01 2.102000e+01 2.081818e+01 2.078750e+01 2.041000e+01 2.102500e+01 2.081956e+01 2.078652e+01
2.121500e+01 2.102000e+01 2.077024e+01 2.079553e+01 2.121000e+01 2.102500e+01 2.076901e+01 2.079461e+01
2.122000e+01 2.101500e+01 2.077164e+01 2.079638e+01 2.121500e+01 2.102000e+01 2.077024e+01 2.079553e+01
2.041000e+01 2.102500e+01 2.081956e+01 2.078652e+01 2.041000e+01 2.103500e+01 2.081459e+01 2.078972e+01
2.121000e+01 2.102500e+01 2.076901e+01 2.079461e+01 2.121000e+01 2.103500e+01 2.077441e+01 2.079838e+01
2.041000e+01 2.103500e+01 2.081459e+01 2.078972e+01 2.041500e+01 2.104000e+01 2.081584e+01 2.078898e+01
2.041500e+01 2.104000e+01 2.081584e+01 2.078898e+01 2.042000e+01 2.104500e+01 2.081687e+01 2.078815e+01
2.120500e+01 2.104000e+01 2.077331e+01 2.079768e+01 2.120000e+01 2.104500e+01 2.077239e+01 2.079692e+01
2.121000e+01 2.103500e+01 2.077441e+01 2.079838e+01 2.120500e+01 2.104000e+01 2.077331e+01 2.079768e+01
2.042000e+01 2.104500e+01 2.081687e+01 2.078815e+01 2.042000e+01 2.105500e+01 2.081171e+01 2.079187e+01
2.120000e+01 2.104500e+01 2.077239e+01 2.079692e+01 2.120000e+01 2.105500e+01 2.077801e+01 2.080124e+01
2.042000e+01 2.105500e+01 2.081171e+01 2.079187e+01 2.042500e+01 2.106000e+01 2.081262e+01 2.079130e+01
2.042500e+01 2.106000e+01 2.081262e+01 2.079130e+01 2.043000e+01 2.106500e+01 2.081335e+01 2.079066e+01
2.119500e+01 2.106000e+01 2.077715e+01 2.080071e+01 2.119000e+01 2.106500e+01 2.077651e+01 2.080016e+01
2.120000e+01 2.105500e+01 2.077801e+01 2.080124e+01 2.119500e+01 2.106000e+01 2.077715e+01 2.080071e+01
2.043000e+01 2.106500e+01 2.081335e+01 2.079066e+01 2.043500e+01 2.107000e+01 2.081405e+01 2.079017e+01
2.043500e+01 2.107000e+01 2.081405e+01 2.079017e+01 2.044000e+01 2.107500e+01 2.081454e+01 2.078963e+01
2.118500e+01 2.107000e+01 2.077591e+01 2.079973e+01 2.118000e+01 2.107500e+01 2.077548e+01 2.079928e+01
2.119000e+01 2.106500e+01 2.077651e+01 2.080016e+01 2.118500e+01 2.107000e+01 2.077591e+01 2.079973e+01
2.044000e+01 2.107500e+01 2.081454e+01 2.078963e+01 2.044000e+01 2.108500e+01 2.080915e+01 2.079418e+01
2.117500e+01 2.108000e+01 2.077509e+01 2.079896e+01 2.117000e+01 2.108500e+01 2.077487e+01 2.079861e+01
2.118000e+01 2.107500e+01 2.077548e+01 2.079928e+01 2.117500e+01 2.108000e+01 2.077509e+01 2.079896e+01
2.044000e+01 2.108500e+01 2.080915e+01 2.079418e+01 2.044500e+01 2.109000e+01 2.080957e+01 2.079392e+01
2.044500e+01 2.109000e+01 2.080957e+01 2.079392e+01 2.045000e+01 2.109500e+01 2.080981e+01 2.079364e+01
2.117000e+01 2.108500e+01 2.077487e+01 2.079861e+01 2.117000e+01 2.109500e+01 2.078072e+01 2.080404e+01
2.045000e+01 2.109500e+01 2.080981e+01 2.079364e+01 2.045500e+01 2.110000e+01 2.081002e+01 2.079350e+01
2.045500e+01 2.110000e+01 2.081002e+01 2.079350e+01 2.046000e+01 2.110500e+01 2.081006e+01 2.079335e+01
2.116500e+01 2.110000e+01 2.078054e+01 2.080398e+01 2.116000e+01 2.110500e+01 2.078053e+01 2.080392e+01
2.117000e+01 2.109500e+01 2.078072e+01 2.080404e+01 2.116500e+01 2.110000e+01 2.078054e+01 2.080398e+01
2.046000e+01 2.110500e+01 2.081006e+01 2.079335e+01 2.046500e+01 2.111000e+01 2.081008e+01 2.079335e+01
2.046500e+01 2.111000e+01 2.081008e+01 2.079335e+01 2.047000e+01 2.111500e+01 2.080992e+01 2.079335e+01
2.115500e+01 2.111000e+01 2.078052e+01 2.080400e+01 2.115000e+01 2.111500e+01 2.078068e+01 2.080408e+01
2.116000e+01 2.110500e+01 2.078053e+01 2.080392e+01 2.115500e+01 2.111000e+01 2.078052e+01 2.080400e+01
2.047000e+01 2.111500e+01 2.080992e+01 2.079335e+01 2.047000e+01 2.112500e+01 2.080445e+01 2.079912e+01
2.114500e+01 2.112000e+01 2.078084e+01 2.080432e+01 2.114000e+01 2.112500e+01 2.078116e+01 2.080456e+01
2.115000e+01 2.111500e+01 2.078068e+01 2.080408e+01 2.114500e+01 2.112000e+01 2.078084e+01 2.080432e+01
2.047000e+01 2.112500e+01 2.080445e+01 2.079912e+01 2.047500e+01 2.113000e+01 2.080430e+01 2.079944e+01
2.047500e+01 2.113000e+01 2.080430e+01 2.079944e+01 2.048000e+01 2.113500e+01 2.080398e+01 2.079977e+01
2.113500e+01 2.113000e+01 2.078147e+01 2.080496e+01 2.113000e+01 2.113500e+01 2.078194e+01 2.080538e+01
2.114000e+01 2.112500e+01 2.078116e+01 2.080456e+01 2.113500e+01 2.113000e+01 2.078147e+01 2.080496e+01
2.048000e+01 2.113500e+01 2.080398e+01 2.079977e+01 2.048500e+01 2.114000e+01 2.080367e+01 2.080026e+01
2.048500e+01 2.114000e+01 2.080367e+01 2.080026e+01 2.049000e+01 2.114500e+01 2.080321e+01 2.080077e+01
2.112500e+01 2.114000e+01 2.078239e+01 2.080596e+01 2.112000e+01 2.114500e+01 2.078298e+01 2.080656e+01
2.113000e+01 2.113500e+01 2.078194e+01 2.080538e+01 2.112500e+01 2.114000e+01 2.078239e+01 2.080596e+01
2.049000e+01 2.114500e+01 2.080321e+01 2.080077e+01 2.049500e+01 2.115000e+01 2.080277e+01 2.080145e+01
2.049500e+01 2.115000e+01 2.080277e+01 2.080145e+01 2.050000e+01 2.115500e+01 2.080218e+01 2.080216e+01
2.111500e+01 2.115000e+01 2.078355e+01 2.080732e+01 2.111000e+01 2.115500e+01 2.078430e+01 2.080814e+01
2.112000e+01 2.114500e+01 2.078298e+01 2.080656e+01 2.111500e+01 2.115000e+01 2.078355e+01 2.080732e+01
2.050000e+01 2.115500e+01 2.080218e+01 2.080216e+01 2.050500e+01 2.116000e+01 2.080162e+01 2.080304e+01
2.050500e+01 2.116000e+01 2.080162e+01 2.080304e+01 2.051000e+01 2.116500e+01 2.080091e+01 2.080396e+01
2.110500e+01 2.116000e+01 2.078498e+01 2.080910e+01 2.110000e+01 2.116500e+01 2.078579e+01 2.081010e+01
2.111000e+01 2.115500e+01 2.078430e+01 2.080814e+01 2.110500e+01 2.116000e+01 2.078498e+01 2.080910e+01
2.051000e+01 2.116500e+01 2.080091e+01 2.080396e+01 2.051500e+01 2.117000e+01 2.080025e+01 2.080504e+01
2.051500e+01 2.117000e+01 2.080025e+01 2.080504e+01 2.052000e+01 2.117500e+01 2.079945e+01 2.080618e+01
2.109500e+01 2.117000e+01 2.078655e+01 2.081127e+01 2.109000e+01 2.117500e+01 2.078745e+01 2.081249e+01
2.110000e+01 2.116500e+01 2.078579e+01 2.081010e+01 2.109500e+01 2.117000e+01 2.078655e+01 2.081127e+01
2.052000e+01 2.117500e+01 2.079945e+01 2.080618e+01 2.052500e+01 2.118000e+01 2.079870e+01 2.080749e+01
2.052500e+01 2.118000e+01 2.079870e+01 2.080749e+01 2.053500e+01 2.118000e+01 2.080202e+01 2.080241e+01
2.053500e+01 2.118000e+01 2.080202e+01 2.080241e+01 2.054000e+01 2.118500e+01 2.080102e+01 2.080384e+01
2.108500e+01 2.118000e+01 2.078828e+01 2.081386e+01 2.108000e+01 2.118500e+01 2.078925e+01 2.081530e+01
2.109000e+01 2.117500e+01 2.078745e+01 2.081249e+01 2.108500e+01 2.118000e+01 2.078828e+01 2.081386e+01
2.054000e+01 2.118500e+01 2.080102e+01 2.080384e+01 2.054500e+01 2.119000e+01 2.080009e+01 2.080544e+01
2.054500e+01 2.119000e+01 2.080009e+01 2.080544e+01 2.055000e+01 2.119500e+01 2.079904e+01 2.080711e+01
2.106500e+01 2.119000e+01 2.078691e+01 2.081164e+01 2.106000e+01 2.119500e+01 2.078803e+01 2.081337e+01
2.106500e+01 2.119000e+01 2.078691e+01 2.081164e+01 2.107500e+01 2.119000e+01 2.079014e+01 2.081689e+01
2.108000e+01 2.118500e+01 2.078925e+01 2.081530e+01 2.107500e+01 2.119000e+01 2.079014e+01 2.081689e+01
2.055000e+01 2.119500e+01 2.079904e+01 2.080711e+01 2.055500e+01 2.120000e+01 2.079806e+01 2.080895e+01
2.055500e+01 2.120000e+01 2.079806e+01 2.080895e+01 2.056000e+01 2.120500e+01 2.079699e+01 2.081086e+01
2.105500e+01 2.120000e+01 2.078908e+01 2.081527e+01 2.105000e+01 2.120500e+01 2.079022e+01 2.081724e+01
2.106000e+01 2.119500e+01 2.078803e+01 2.081337e+01 2.105500e+01 2.120000e+01 2.078908e+01 2.081527e+01
2.056000e+01 2.120500e+01 2.079699e+01 2.081086e+01 2.056500e+01 2.121000e+01 2.079599e+01 2.081294e+01
2.056500e+01 2.121000e+01 2.079599e+01 2.081294e+01 2.057500e+01 2.121000e+01 2.079836e+01 2.080840e+01
2.057500e+01 2.121000e+01 2.079836e+01 2.080840e+01 2.058000e+01 2.121500e+01 2.079718e+01 2.081066e+01
2.103500e+01 2.121000e+01 2.078874e+01 2.081451e+01 2.103000e+01 2.121500e+01 2.078998e+01 2.081681e+01
2.103500e+01 2.121000e+01 2.078874e+01 2.081451e+01 2.104500e+01 2.121000e+01 2.079129e+01 2.081936e+01
2.105000e+01 2.120500e+01 2.079022e+01 2.081724e+01 2.104500e+01 2.121000e+01 2.079129e+01 2.081936e+01
2.058000e+01 2.121500e+01 2.079718e+01 2.081066e+01 2.058500e+01 2.122000e+01 2.079609e+01 2.081308e+01
2.058500e+01 2.122000e+01 2.079609e+01 2.081308e+01 2.059500e+01 2.122000e+01 2.079803e+01 2.080883e+01
2.059500e+01 2.122000e+01 2.079803e+01 2.080883e+01 2.060000e+01 2.122500e+01 2.079679e+01 2.081146e+01
2.101500e+01 2.122000e+01 2.078900e+01 2.081470e+01 2.101000e+01 2.122500e+01 2.079029e+01 2.081734e+01
2.101500e+01 2.122000e+01 2.078900e+01 2.081470e+01 2.102500e+01 2.122000e+01 2.079112e+01 2.081926e+01
2.103000e+01 2.121500e+01 2.078998e+01 2.081681e+01 2.102500e+01 2.122000e+01 2.079112e+01 2.081926e+01
2.060000e+01 2.122500e+01 2.079679e+01 2.081146e+01 2.060500e+01 2.123000e+01 2.079567e+01 2.081424e+01
2.060500e+01 2.123000e+01 2.079567e+01 2.081424e+01 2.061500e+01 2.123000e+01 2.079722e+01 2.081032e+01
2.061500e+01 2.123000e+01 2.079722e+01 2.081032e+01 2.062000e+01 2.123500e+01 2.079599e+01 2.081332e+01
2.099500e+01 2.123000e+01 2.078974e+01 2.081590e+01 2.099000e+01 2.123500e+01 2.079103e+01 2.081890e+01
2.099500e+01 2.123000e+01 2.078974e+01 2.081590e+01 2.100500e+01 2.123000e+01 2.079148e+01 2.082013e+01
2.101000e+01 2.122500e+01 2.079029e+01 2.081734e+01 2.100500e+01 2.123000e+01 2.079148e+01 2.082013e+01
2.062000e+01 2.123500e+01 2.079599e+01 2.081332e+01 2.062500e+01 2.124000e+01 2.079486e+01 2.081647e+01
2.062500e+01 2.124000e+01 2.079486e+01 2.081647e+01 2.063500e+01 2.124000e+01 2.079609e+01 2.081292e+01
2.063500e+01 2.124000e+01 2.079609e+01 2.081292e+01 2.064000e+01 2.124500e+01 2.079490e+01 2.081631e+01
2.097500e+01 2.124000e+01 2.079080e+01 2.081817e+01 2.097000e+01 2.124500e+01 2.079206e+01 2.082153e+01
2.097500e+01 2.124000e+01 2.079080e+01 2.081817e+01 2.098500e+01 2.124000e+01 2.079222e+01 2.082204e+01
2.099000e+01 2.123500e+01 2.079103e+01 2.081890e+01 2.098500e+01 2.124000e+01 2.079222e+01 2.082204e+01
2.064000e+01 2.124500e+01 2.079490e+01 2.081631e+01 2.064500e+01 2.125000e+01 2.079383e+01 2.081983e+01
2.064500e+01 2.125000e+01 2.079383e+01 2.081983e+01 2.065500e+01 2.125000e+01 2.079480e+01 2.081668e+01
2.065500e+01 2.125000e+01 2.079480e+01 2.081668e+01 2.066500e+01 2.125000e+01 2.079558e+01 2.081370e+01
2.066500e+01 2.125000e+01 2.079558e+01 2.081370e+01 2.067000e+01 2.125500e+01 2.079447e+01 2.081760e+01
2.094500e+01 2.125000e+01 2.079111e+01 2.081823e+01 2.094000e+01 2.125500e+01 2.079229e+01 2.082208e+01
2.094500e+01 2.125000e+01 2.079111e+01 2.081823e+01 2.095500e+01 2.125000e+01 2.079206e+01 2.082154e+01
2.095500e+01 2.125000e+01 2.079206e+01 2.082154e+01 2.096500e+01 2.125000e+01 2.079320e+01 2.082502e+01
2.097000e+01 2.124500e+01 2.079206e+01 2.082153e+01 2.096500e+01 2.125000e+01 2.079320e+01 2.082502e+01
2.067000e+01 2.125500e+01 2.079447e+01 2.081760e+01 2.067500e+01 2.126000e+01 2.079349e+01 2.082163e+01
2.067500e+01 2.126000e+01 2.079349e+01 2.082163e+01 2.068500e+01 2.126000e+01 2.079410e+01 2.081908e+01
2.068500e+01 2.126000e+01 2.079410e+01 2.081908e+01 2.069500e+01 2.126000e+01 2.079455e+01 2.081672e+01
2.069500e+01 2.126000e+01 2.079455e+01 2.081672e+01 2.070000e+01 2.126500e+01 2.079363e+01 2.082114e+01
2.091500e+01 2.126000e+01 2.079199e+01 2.082046e+01 2.091000e+01 2.126500e+01 2.079301e+01 2.082479e+01
2.091500e+01 2.126000e+01 2.079199e+01 2.082046e+01 2.092500e+01 2.126000e+01 2.079259e+01 2.082316e+01
2.092500e+01 2.126000e+01 2.079259e+01 2.082316e+01 2.093500e+01 2.126000e+01 2.079336e+01 2.082604e+01
2.094000e+01 2.125500e+01 2.079229e+01 2.082208e+01 2.093500e+01 2.126000e+01 2.079336e+01 2.082604e+01
2.070000e+01 2.126500e+01 2.079363e+01 2.082114e+01 2.070500e+01 2.127000e+01 2.079283e+01 2.082567e+01
2.070500e+01 2.127000e+01 2.079283e+01 2.082567e+01 2.071500e+01 2.127000e+01 2.079321e+01 2.082377e+01
2.071500e+01 2.127000e+01 2.079321e+01 2.082377e+01 2.072500e+01 2.127000e+01 2.079348e+01 2.082207e+01
2.072500e+01 2.127000e+01 2.079348e+01 2.082207e+01 2.073500e+01 2.127000e+01 2.079364e+01 2.082058e+01
2.073500e+01 2.127000e+01 2.079364e+01 2.082058e+01 2.074500e+01 2.127000e+01 2.079371e+01 2.081931e+01
2.074500e+01 2.127000e+01 2.079371e+01 2.081931e+01 2.075000e+01 2.127500e+01 2.079318e+01 2.082448e+01
2.086500e+01 2.127000e+01 2.079260e+01 2.082144e+01 2.086000e+01 2.127500e+01 2.079327e+01 2.082648e+01
2.086500e+01 2.127000e+01 2.079260e+01 2.082144e+01 2.087500e+01 2.127000e+01 2.079276e+01 2.082307e+01
2.087500e+01 2.127000e+01 2.079276e+01 2.082307e+01 2.088500e+01 2.127000e+01 2.079303e+01 2.082491e+01
2.088500e+01 2.127000e+01 2.079303e+01 2.082491e+01 2.089500e+01 2.127000e+01 2.079341e+01 2.082696e+01
2.089500e+01 2.127000e+01 2.079341e+01 2.082696e+01 2.090500e+01 2.127000e+01 2.079392e+01 2.082922e+01
2.091000e+01 2.126500e+01 2.079301e+01 2.082479e+01 2.090500e+01 2.127000e+01 2.079392e+01 2.082922e+01
2.075000e+01 2.127500e+01 2.079318e+01 2.082448e+01 2.075500e+01 2.128000e+01 2.079278e+01 2.082975e+01
2.075500e+01 2.128000e+01 2.079278e+01 2.082975e+01 2.076500e+01 2.128000e+01 2.079293e+01 2.082895e+01
2.076500e+01 2.128000e+01 2.079293e+01 2.082895e+01 2.077500e+01 2.128000e+01 2.079303e+01 2.082836e+01
2.077500e+01 2.128000e+01 2.079303e+01 2.082836e+01 2.078500e+01 2.128000e+01 2.079311e+01 2.082799e+01
2.078500e+01 2.128000e+01 2.079311e+01 2.082799e+01 2.079500e+01 2.128000e+01 2.079316e+01 2.082784e+01
2.079500e+01 2.128000e+01 2.079316e+01 2.082784e+01 2.080500e+01 2.128000e+01 2.079321e+01 2.082792e+01
2.080500e+01 2.128000e+01 2.079321e+01 2.082792e+01 2.081500e+01 2.128000e+01 2.079326e+01 2.082821e+01
2.081500e+01 2.128000e+01 2.079326e+01 2.082821e+01 2.082500e+01 2.128000e+01 2.079333e+01 2.082873e+01
2.082500e+01 2.128000e+01 2.079333e+01 2.082873e+01 2.083500e+01 2.128000e+01 2.079344e+01 2.082947e+01
2.083500e+01 2.128000e+01 2.079344e+01 2.082947e+01 2.084500e+01 2.128000e+01 2.079360e+01 2.083043e+01
2.084500e+01 2.128000e+01 2.079360e+01 2.083043e+01 2.085500e+01 2.128000e+01 2.079382e+01 2.083161e+01
2.086000e+01 2.127500e+01 2.079327e+01 2.082648e+01 2.085500e+01 2.128000e+01 2.079382e+01 2.083161e+01
