2.072500e+01 2.022000e+01 2.080174e+01 2.069229e+01 2.072000e+01 2.022500e+01 2.080237e+01 2.069648e+01
2.072500e+01 2.022000e+01 2.080174e+01 2.069229e+01 2.073500e+01 2.022000e+01 2.080204e+01 2.069375e+01
2.073500e+01 2.022000e+01 2.080204e+01 2.069375e+01 2.074500e+01 2.022000e+01 2.080225e+01 2.069503e+01
2.074500e+01 2.022000e+01 2.080225e+01 2.069503e+01 2.075500e+01 2.022000e+01 2.080241e+01 2.069612e+01
2.075500e+01 2.022000e+01 2.080241e+01 2.069612e+01 2.076500e+01 2.022000e+01 2.080251e+01 2.069702e+01
2.076500e+01 2.022000e+01 2.080251e+01 2.069702e+01 2.077500e+01 2.022000e+01 2.080256e+01 2.069773e+01
2.077500e+01 2.022000e+01 2.080256e+01 2.069773e+01 2.078500e+01 2.022000e+01 2.080259e+01 2.069825e+01
2.078500e+01 2.022000e+01 2.080259e+01 2.069825e+01 2.079500e+01 2.022000e+01 2.080260e+01 2.069857e+01
2.079500e+01 2.022000e+01 2.080260e+01 2.069857e+01 2.080500e+01 2.022000e+01 2.080260e+01 2.069870e+01
2.080500e+01 2.022000e+01 2.080260e+01 2.069870e+01 2.081500e+01 2.022000e+01 2.080261e+01 2.069863e+01
2.081500e+01 2.022000e+01 2.080261e+01 2.069863e+01 2.082500e+01 2.022000e+01 2.080264e+01 2.069837e+01
2.082500e+01 2.022000e+01 2.080264e+01 2.069837e+01 2.083500e+01 2.022000e+01 2.080269e+01 2.069791e+01
2.083500e+01 2.022000e+01 2.080269e+01 2.069791e+01 2.084500e+01 2.022000e+01 2.080278e+01 2.069726e+01
2.084500e+01 2.022000e+01 2.080278e+01 2.069726e+01 2.085500e+01 2.022000e+01 2.080293e+01 2.069643e+01
2.085500e+01 2.022000e+01 2.080293e+01 2.069643e+01 2.086000e+01 2.022500e+01 2.080252e+01 2.070099e+01
2.068500e+01 2.023000e+01 2.080188e+01 2.069449e+01 2.068000e+01 2.023500e+01 2.080273e+01 2.069815e+01
2.068500e+01 2.023000e+01 2.080188e+01 2.069449e+01 2.069500e+01 2.023000e+01 2.080241e+01 2.069670e+01
2.069500e+01 2.023000e+01 2.080241e+01 2.069670e+01 2.070500e+01 2.023000e+01 2.080282e+01 2.069874e+01
2.070500e+01 2.023000e+01 2.080282e+01 2.069874e+01 2.071500e+01 2.023000e+01 2.080312e+01 2.070061e+01
2.072000e+01 2.022500e+01 2.080237e+01 2.069648e+01 2.071500e+01 2.023000e+01 2.080312e+01 2.070061e+01
2.086000e+01 2.022500e+01 2.080252e+01 2.070099e+01 2.086500e+01 2.023000e+01 2.080200e+01 2.070552e+01
2.086500e+01 2.023000e+01 2.080200e+01 2.070552e+01 2.087500e+01 2.023000e+01 2.080209e+01 2.070427e+01
2.087500e+01 2.023000e+01 2.080209e+01 2.070427e+01 2.088500e+01 2.023000e+01 2.080227e+01 2.070284e+01
2.088500e+01 2.023000e+01 2.080227e+01 2.070284e+01 2.089500e+01 2.023000e+01 2.080255e+01 2.070122e+01
2.089500e+01 2.023000e+01 2.080255e+01 2.070122e+01 2.090500e+01 2.023000e+01 2.080293e+01 2.069943e+01
2.090500e+01 2.023000e+01 2.080293e+01 2.069943e+01 2.091000e+01 2.023500e+01 2.080221e+01 2.070339e+01
2.064500e+01 2.024000e+01 2.080130e+01 2.069347e+01 2.064000e+01 2.024500e+01 2.080226e+01 2.069660e+01
2.064500e+01 2.024000e+01 2.080130e+01 2.069347e+01 2.065500e+01 2.024000e+01 2.080226e+01 2.069637e+01
2.065500e+01 2.024000e+01 2.080226e+01 2.069637e+01 2.066500e+01 2.024000e+01 2.080306e+01 2.069913e+01
2.066500e+01 2.024000e+01 2.080306e+01 2.069913e+01 2.067500e+01 2.024000e+01 2.080370e+01 2.070173e+01
2.068000e+01 2.023500e+01 2.080273e+01 2.069815e+01 2.067500e+01 2.024000e+01 2.080370e+01 2.070173e+01
2.091000e+01 2.023500e+01 2.080221e+01 2.070339e+01 2.091500e+01 2.024000e+01 2.080136e+01 2.070728e+01
2.091500e+01 2.024000e+01 2.080136e+01 2.070728e+01 2.092500e+01 2.024000e+01 2.080182e+01 2.070509e+01
2.092500e+01 2.024000e+01 2.080182e+01 2.070509e+01 2.093500e+01 2.024000e+01 2.080243e+01 2.070273e+01
2.093500e+01 2.024000e+01 2.080243e+01 2.070273e+01 2.094000e+01 2.024500e+01 2.080155e+01 2.070628e+01
2.062500e+01 2.025000e+01 2.080215e+01 2.069637e+01 2.062000e+01 2.025500e+01 2.080316e+01 2.069918e+01
2.062500e+01 2.025000e+01 2.080215e+01 2.069637e+01 2.063500e+01 2.025000e+01 2.080332e+01 2.069963e+01
2.064000e+01 2.024500e+01 2.080226e+01 2.069660e+01 2.063500e+01 2.025000e+01 2.080332e+01 2.069963e+01
2.094000e+01 2.024500e+01 2.080155e+01 2.070628e+01 2.094500e+01 2.025000e+01 2.080055e+01 2.070974e+01
2.094500e+01 2.025000e+01 2.080055e+01 2.070974e+01 2.095500e+01 2.025000e+01 2.080131e+01 2.070700e+01
2.095500e+01 2.025000e+01 2.080131e+01 2.070700e+01 2.096500e+01 2.025000e+01 2.080224e+01 2.070412e+01
2.096500e+01 2.025000e+01 2.080224e+01 2.070412e+01 2.097000e+01 2.025500e+01 2.080129e+01 2.070724e+01
2.060500e+01 2.026000e+01 2.080284e+01 2.069830e+01 2.060000e+01 2.026500e+01 2.080386e+01 2.070080e+01
2.060500e+01 2.026000e+01 2.080284e+01 2.069830e+01 2.061500e+01 2.026000e+01 2.080428e+01 2.070189e+01
2.062000e+01 2.025500e+01 2.080316e+01 2.069918e+01 2.061500e+01 2.026000e+01 2.080428e+01 2.070189e+01
2.097000e+01 2.025500e+01 2.080129e+01 2.070724e+01 2.097500e+01 2.026000e+01 2.080022e+01 2.071028e+01
2.097500e+01 2.026000e+01 2.080022e+01 2.071028e+01 2.098500e+01 2.026000e+01 2.080138e+01 2.070704e+01
2.098500e+01 2.026000e+01 2.080138e+01 2.070704e+01 2.099000e+01 2.026500e+01 2.080038e+01 2.070985e+01
2.058500e+01 2.027000e+01 2.080323e+01 2.069930e+01 2.058000e+01 2.027500e+01 2.080423e+01 2.070149e+01
2.058500e+01 2.027000e+01 2.080323e+01 2.069930e+01 2.059500e+01 2.027000e+01 2.080499e+01 2.070319e+01
2.060000e+01 2.026500e+01 2.080386e+01 2.070080e+01 2.059500e+01 2.027000e+01 2.080499e+01 2.070319e+01
2.099000e+01 2.026500e+01 2.080038e+01 2.070985e+01 2.099500e+01 2.027000e+01 2.079927e+01 2.071256e+01
2.099500e+01 2.027000e+01 2.079927e+01 2.071256e+01 2.100500e+01 2.027000e+01 2.080072e+01 2.070899e+01
2.100500e+01 2.027000e+01 2.080072e+01 2.070899e+01 2.101000e+01 2.027500e+01 2.079971e+01 2.071150e+01
2.056500e+01 2.028000e+01 2.080320e+01 2.069940e+01 2.056000e+01 2.028500e+01 2.080413e+01 2.070130e+01
2.056500e+01 2.028000e+01 2.080320e+01 2.069940e+01 2.057500e+01 2.028000e+01 2.080532e+01 2.070357e+01
2.058000e+01 2.027500e+01 2.080423e+01 2.070149e+01 2.057500e+01 2.028000e+01 2.080532e+01 2.070357e+01
2.101000e+01 2.027500e+01 2.079971e+01 2.071150e+01 2.101500e+01 2.028000e+01 2.079860e+01 2.071389e+01
2.101500e+01 2.028000e+01 2.079860e+01 2.071389e+01 2.102500e+01 2.028000e+01 2.080038e+01 2.071002e+01
2.102500e+01 2.028000e+01 2.080038e+01 2.071002e+01 2.103000e+01 2.028500e+01 2.079940e+01 2.071222e+01
2.055500e+01 2.029000e+01 2.080516e+01 2.070308e+01 2.055000e+01 2.029500e+01 2.080609e+01 2.070477e+01
2.056000e+01 2.028500e+01 2.080413e+01 2.070130e+01 2.055500e+01 2.029000e+01 2.080516e+01 2.070308e+01
2.103000e+01 2.028500e+01 2.079940e+01 2.071222e+01 2.103500e+01 2.029000e+01 2.079833e+01 2.071430e+01
2.103500e+01 2.029000e+01 2.079833e+01 2.071430e+01 2.104000e+01 2.029500e+01 2.079734e+01 2.071630e+01
2.053500e+01 2.030000e+01 2.080436e+01 2.070179e+01 2.053000e+01 2.030500e+01 2.080517e+01 2.070321e+01
2.053500e+01 2.030000e+01 2.080436e+01 2.070179e+01 2.054500e+01 2.030000e+01 2.080709e+01 2.070634e+01
2.055000e+01 2.029500e+01 2.080609e+01 2.070477e+01 2.054500e+01 2.030000e+01 2.080709e+01 2.070634e+01
2.104000e+01 2.029500e+01 2.079734e+01 2.071630e+01 2.104500e+01 2.030000e+01 2.079626e+01 2.071817e+01
2.104500e+01 2.030000e+01 2.079626e+01 2.071817e+01 2.105500e+01 2.030000e+01 2.079858e+01 2.071385e+01
2.105500e+01 2.030000e+01 2.079858e+01 2.071385e+01 2.106000e+01 2.030500e+01 2.079769e+01 2.071556e+01
2.052500e+01 2.031000e+01 2.080604e+01 2.070450e+01 2.052000e+01 2.031500e+01 2.080679e+01 2.070573e+01
2.053000e+01 2.030500e+01 2.080517e+01 2.070321e+01 2.052500e+01 2.031000e+01 2.080604e+01 2.070450e+01
2.106000e+01 2.030500e+01 2.079769e+01 2.071556e+01 2.106500e+01 2.031000e+01 2.079671e+01 2.071713e+01
2.106500e+01 2.031000e+01 2.079671e+01 2.071713e+01 2.107000e+01 2.031500e+01 2.079584e+01 2.071864e+01
2.051500e+01 2.032000e+01 2.080761e+01 2.070682e+01 2.051000e+01 2.032500e+01 2.080830e+01 2.070786e+01
2.052000e+01 2.031500e+01 2.080679e+01 2.070573e+01 2.051500e+01 2.032000e+01 2.080761e+01 2.070682e+01
2.107000e+01 2.031500e+01 2.079584e+01 2.071864e+01 2.107500e+01 2.032000e+01 2.079489e+01 2.072001e+01
2.107500e+01 2.032000e+01 2.079489e+01 2.072001e+01 2.108500e+01 2.032000e+01 2.079788e+01 2.071535e+01
2.108500e+01 2.032000e+01 2.079788e+01 2.071535e+01 2.109000e+01 2.032500e+01 2.079717e+01 2.071659e+01
2.050500e+01 2.033000e+01 2.080904e+01 2.070876e+01 2.050000e+01 2.033500e+01 2.080965e+01 2.070962e+01
2.051000e+01 2.032500e+01 2.080830e+01 2.070786e+01 2.050500e+01 2.033000e+01 2.080904e+01 2.070876e+01
2.109000e+01 2.032500e+01 2.079717e+01 2.071659e+01 2.109500e+01 2.033000e+01 2.079639e+01 2.071770e+01
2.109500e+01 2.033000e+01 2.079639e+01 2.071770e+01 2.110000e+01 2.033500e+01 2.079574e+01 2.071875e+01
2.049500e+01 2.034000e+01 2.081031e+01 2.071034e+01 2.049000e+01 2.034500e+01 2.081082e+01 2.071102e+01
2.050000e+01 2.033500e+01 2.080965e+01 2.070962e+01 2.049500e+01 2.034000e+01 2.081031e+01 2.071034e+01
2.110000e+01 2.033500e+01 2.079574e+01 2.071875e+01 2.110500e+01 2.034000e+01 2.079504e+01 2.071966e+01
2.110500e+01 2.034000e+01 2.079504e+01 2.071966e+01 2.111000e+01 2.034500e+01 2.079447e+01 2.072053e+01
2.048500e+01 2.035000e+01 2.081137e+01 2.071156e+01 2.048000e+01 2.035500e+01 2.081178e+01 2.071207e+01
2.049000e+01 2.034500e+01 2.081082e+01 2.071102e+01 2.048500e+01 2.035000e+01 2.081137e+01 2.071156e+01
2.111000e+01 2.034500e+01 2.079447e+01 2.072053e+01 2.111500e+01 2.035000e+01 2.079386e+01 2.072126e+01
2.111500e+01 2.035000e+01 2.079386e+01 2.072126e+01 2.112000e+01 2.035500e+01 2.079339e+01 2.072196e+01
2.047500e+01 2.036000e+01 2.081221e+01 2.071244e+01 2.047000e+01 2.036500e+01 2.081249e+01 2.071280e+01
2.048000e+01 2.035500e+01 2.081178e+01 2.071207e+01 2.047500e+01 2.036000e+01 2.081221e+01 2.071244e+01
2.112000e+01 2.035500e+01 2.079339e+01 2.072196e+01 2.112500e+01 2.036000e+01 2.079289e+01 2.072251e+01
2.112500e+01 2.036000e+01 2.079289e+01 2.072251e+01 2.113000e+01 2.036500e+01 2.079253e+01 2.072304e+01
2.046500e+01 2.037000e+01 2.081278e+01 2.071302e+01 2.046000e+01 2.037500e+01 2.081293e+01 2.071323e+01
2.047000e+01 2.036500e+01 2.081249e+01 2.071280e+01 2.046500e+01 2.037000e+01 2.081278e+01 2.071302e+01
2.113000e+01 2.036500e+01 2.079253e+01 2.072304e+01 2.113500e+01 2.037000e+01 2.079215e+01 2.072342e+01
2.113500e+01 2.037000e+01 2.079215e+01 2.072342e+01 2.114000e+01 2.037500e+01 2.079192e+01 2.072379e+01
2.045500e+01 2.038000e+01 2.081307e+01 2.071330e+01 2.045000e+01 2.038500e+01 2.081306e+01 2.071338e+01
2.046000e+01 2.037500e+01 2.081293e+01 2.071323e+01 2.045500e+01 2.038000e+01 2.081307e+01 2.071330e+01
2.114000e+01 2.037500e+01 2.079192e+01 2.072379e+01 2.114500e+01 2.038000e+01 2.079168e+01 2.072402e+01
2.114500e+01 2.038000e+01 2.079168e+01 2.072402e+01 2.115000e+01 2.038500e+01 2.079159e+01 2.072425e+01
2.044500e+01 2.039000e+01 2.081304e+01 2.071333e+01 2.044000e+01 2.039500e+01 2.081286e+01 2.071329e+01
2.045000e+01 2.038500e+01 2.081306e+01 2.071338e+01 2.044500e+01 2.039000e+01 2.081304e+01 2.071333e+01
2.115000e+01 2.038500e+01 2.079159e+01 2.072425e+01 2.115000e+01 2.039500e+01 2.078647e+01 2.072955e+01
2.044000e+01 2.039500e+01 2.081286e+01 2.071329e+01 2.044000e+01 2.040500e+01 2.081797e+01 2.071806e+01
2.115000e+01 2.039500e+01 2.078647e+01 2.072955e+01 2.115500e+01 2.040000e+01 2.078639e+01 2.072950e+01
2.115500e+01 2.040000e+01 2.078639e+01 2.072950e+01 2.116000e+01 2.040500e+01 2.078646e+01 2.072946e+01
2.043500e+01 2.041000e+01 2.081775e+01 2.071776e+01 2.043000e+01 2.041500e+01 2.081737e+01 2.071749e+01
2.044000e+01 2.040500e+01 2.081797e+01 2.071806e+01 2.043500e+01 2.041000e+01 2.081775e+01 2.071776e+01
2.116000e+01 2.040500e+01 2.078646e+01 2.072946e+01 2.116500e+01 2.041000e+01 2.078656e+01 2.072928e+01
2.116500e+01 2.041000e+01 2.078656e+01 2.072928e+01 2.117000e+01 2.041500e+01 2.078682e+01 2.072912e+01
2.042500e+01 2.042000e+01 2.081695e+01 2.071710e+01 2.042000e+01 2.042500e+01 2.081637e+01 2.071675e+01
2.043000e+01 2.041500e+01 2.081737e+01 2.071749e+01 2.042500e+01 2.042000e+01 2.081695e+01 2.071710e+01
2.117000e+01 2.041500e+01 2.078682e+01 2.072912e+01 2.117500e+01 2.042000e+01 2.078710e+01 2.072884e+01
2.117500e+01 2.042000e+01 2.078710e+01 2.072884e+01 2.118000e+01 2.042500e+01 2.078755e+01 2.072858e+01
2.042000e+01 2.042500e+01 2.081637e+01 2.071675e+01 2.042000e+01 2.043500e+01 2.082137e+01 2.072081e+01
2.118000e+01 2.042500e+01 2.078755e+01 2.072858e+01 2.118000e+01 2.043500e+01 2.078251e+01 2.073286e+01
2.041500e+01 2.044000e+01 2.082069e+01 2.072022e+01 2.041000e+01 2.044500e+01 2.081986e+01 2.071969e+01
2.042000e+01 2.043500e+01 2.082137e+01 2.072081e+01 2.041500e+01 2.044000e+01 2.082069e+01 2.072022e+01
2.118000e+01 2.043500e+01 2.078251e+01 2.073286e+01 2.118500e+01 2.044000e+01 2.078304e+01 2.073236e+01
2.118500e+01 2.044000e+01 2.078304e+01 2.073236e+01 2.119000e+01 2.044500e+01 2.078374e+01 2.073191e+01
2.041000e+01 2.044500e+01 2.081986e+01 2.071969e+01 2.041000e+01 2.045500e+01 2.082474e+01 2.072330e+01
2.119000e+01 2.044500e+01 2.078374e+01 2.073191e+01 2.119000e+01 2.045500e+01 2.077880e+01 2.073571e+01
2.040500e+01 2.046000e+01 2.082378e+01 2.072256e+01 2.040000e+01 2.046500e+01 2.082265e+01 2.072189e+01
2.041000e+01 2.045500e+01 2.082474e+01 2.072330e+01 2.040500e+01 2.046000e+01 2.082378e+01 2.072256e+01
2.119000e+01 2.045500e+01 2.077880e+01 2.073571e+01 2.119500e+01 2.046000e+01 2.077960e+01 2.073503e+01
2.119500e+01 2.046000e+01 2.077960e+01 2.073503e+01 2.120000e+01 2.046500e+01 2.078058e+01 2.073441e+01
2.040000e+01 2.046500e+01 2.082265e+01 2.072189e+01 2.040000e+01 2.047500e+01 2.082737e+01 2.072507e+01
2.120000e+01 2.046500e+01 2.078058e+01 2.073441e+01 2.120000e+01 2.047500e+01 2.077579e+01 2.073776e+01
2.040000e+01 2.047500e+01 2.082737e+01 2.072507e+01 2.040000e+01 2.048500e+01 2.083204e+01 2.072803e+01
2.120000e+01 2.047500e+01 2.077579e+01 2.073776e+01 2.120500e+01 2.048000e+01 2.077691e+01 2.073694e+01
2.120500e+01 2.048000e+01 2.077691e+01 2.073694e+01 2.121000e+01 2.048500e+01 2.077820e+01 2.073619e+01
2.039500e+01 2.049000e+01 2.083067e+01 2.072708e+01 2.039000e+01 2.049500e+01 2.082915e+01 2.072623e+01
2.040000e+01 2.048500e+01 2.083204e+01 2.072803e+01 2.039500e+01 2.049000e+01 2.083067e+01 2.072708e+01
2.121000e+01 2.048500e+01 2.077820e+01 2.073619e+01 2.121000e+01 2.049500e+01 2.077360e+01 2.073912e+01
2.039000e+01 2.049500e+01 2.082915e+01 2.072623e+01 2.039000e+01 2.050500e+01 2.083358e+01 2.072880e+01
2.121000e+01 2.049500e+01 2.077360e+01 2.073912e+01 2.121000e+01 2.050500e+01 2.076907e+01 2.074182e+01
2.039000e+01 2.050500e+01 2.083358e+01 2.072880e+01 2.039000e+01 2.051500e+01 2.083794e+01 2.073116e+01
2.121000e+01 2.050500e+01 2.076907e+01 2.074182e+01 2.121500e+01 2.051000e+01 2.077063e+01 2.074083e+01
2.121500e+01 2.051000e+01 2.077063e+01 2.074083e+01 2.122000e+01 2.051500e+01 2.077235e+01 2.073993e+01
2.038500e+01 2.052000e+01 2.083611e+01 2.073009e+01 2.038000e+01 2.052500e+01 2.083414e+01 2.072914e+01
2.039000e+01 2.051500e+01 2.083794e+01 2.073116e+01 2.038500e+01 2.052000e+01 2.083611e+01 2.073009e+01
2.122000e+01 2.051500e+01 2.077235e+01 2.073993e+01 2.122000e+01 2.052500e+01 2.076809e+01 2.074226e+01
2.038000e+01 2.052500e+01 2.083414e+01 2.072914e+01 2.038000e+01 2.053500e+01 2.083819e+01 2.073117e+01
2.122000e+01 2.052500e+01 2.076809e+01 2.074226e+01 2.122000e+01 2.053500e+01 2.076393e+01 2.074437e+01
2.038000e+01 2.053500e+01 2.083819e+01 2.073117e+01 2.038000e+01 2.054500e+01 2.084213e+01 2.073300e+01
2.122000e+01 2.053500e+01 2.076393e+01 2.074437e+01 2.122500e+01 2.054000e+01 2.076598e+01 2.074329e+01
2.122500e+01 2.054000e+01 2.076598e+01 2.074329e+01 2.123000e+01 2.054500e+01 2.076819e+01 2.074233e+01
2.038000e+01 2.054500e+01 2.084213e+01 2.073300e+01 2.038000e+01 2.055500e+01 2.084596e+01 2.073464e+01
2.123000e+01 2.054500e+01 2.076819e+01 2.074233e+01 2.123000e+01 2.055500e+01 2.076437e+01 2.074415e+01
2.037500e+01 2.056000e+01 2.084351e+01 2.073352e+01 2.037000e+01 2.056500e+01 2.084093e+01 2.073252e+01
2.038000e+01 2.055500e+01 2.084596e+01 2.073464e+01 2.037500e+01 2.056000e+01 2.084351e+01 2.073352e+01
2.123000e+01 2.055500e+01 2.076437e+01 2.074415e+01 2.123000e+01 2.056500e+01 2.076067e+01 2.074577e+01
2.037000e+01 2.056500e+01 2.084093e+01 2.073252e+01 2.037000e+01 2.057500e+01 2.084437e+01 2.073394e+01
2.123000e+01 2.056500e+01 2.076067e+01 2.074577e+01 2.123000e+01 2.057500e+01 2.075712e+01 2.074721e+01
2.037000e+01 2.057500e+01 2.084437e+01 2.073394e+01 2.037000e+01 2.058500e+01 2.084767e+01 2.073518e+01
2.123000e+01 2.057500e+01 2.075712e+01 2.074721e+01 2.123000e+01 2.058500e+01 2.075371e+01 2.074847e+01
2.037000e+01 2.058500e+01 2.084767e+01 2.073518e+01 2.037000e+01 2.059500e+01 2.085081e+01 2.073627e+01
2.123000e+01 2.058500e+01 2.075371e+01 2.074847e+01 2.123000e+01 2.059500e+01 2.075045e+01 2.074955e+01
2.037000e+01 2.059500e+01 2.085081e+01 2.073627e+01 2.037000e+01 2.060500e+01 2.085379e+01 2.073722e+01
2.123000e+01 2.059500e+01 2.075045e+01 2.074955e+01 2.123500e+01 2.060000e+01 2.075345e+01 2.074848e+01
2.123500e+01 2.060000e+01 2.075345e+01 2.074848e+01 2.124000e+01 2.060500e+01 2.075656e+01 2.074754e+01
2.037000e+01 2.060500e+01 2.085379e+01 2.073722e+01 2.037000e+01 2.061500e+01 2.085659e+01 2.073802e+01
2.077500e+01 2.061000e+01 2.086527e+01 2.098089e+01 2.077000e+01 2.061500e+01 2.087683e+01 2.097820e+01
2.077500e+01 2.061000e+01 2.086527e+01 2.098089e+01 2.078500e+01 2.061000e+01 2.084607e+01 2.098439e+01
2.078500e+01 2.061000e+01 2.084607e+01 2.098439e+01 2.079500e+01 2.061000e+01 2.082638e+01 2.098663e+01
2.079500e+01 2.061000e+01 2.082638e+01 2.098663e+01 2.080500e+01 2.061000e+01 2.080649e+01 2.098753e+01
2.080500e+01 2.061000e+01 2.080649e+01 2.098753e+01 2.081500e+01 2.061000e+01 2.078672e+01 2.098709e+01
2.081500e+01 2.061000e+01 2.078672e+01 2.098709e+01 2.082500e+01 2.061000e+01 2.076735e+01 2.098535e+01
2.082500e+01 2.061000e+01 2.076735e+01 2.098535e+01 2.083500e+01 2.061000e+01 2.074865e+01 2.098240e+01
2.083500e+01 2.061000e+01 2.074865e+01 2.098240e+01 2.084500e+01 2.061000e+01 2.073084e+01 2.097836e+01
2.084500e+01 2.061000e+01 2.073084e+01 2.097836e+01 2.085000e+01 2.061500e+01 2.071997e+01 2.097541e+01
2.124000e+01 2.060500e+01 2.075656e+01 2.074754e+01 2.124000e+01 2.061500e+01 2.075376e+01 2.074849e+01
2.037000e+01 2.061500e+01 2.085659e+01 2.073802e+01 2.037000e+01 2.062500e+01 2.085922e+01 2.073869e+01
2.074500e+01 2.062000e+01 2.092470e+01 2.096151e+01 2.074000e+01 2.062500e+01 2.093642e+01 2.095600e+01
2.074500e+01 2.062000e+01 2.092470e+01 2.096151e+01 2.075500e+01 2.062000e+01 2.090760e+01 2.096860e+01
2.075500e+01 2.062000e+01 2.090760e+01 2.096860e+01 2.076500e+01 2.062000e+01 2.088916e+01 2.097477e+01
2.077000e+01 2.061500e+01 2.087683e+01 2.097820e+01 2.076500e+01 2.062000e+01 2.088916e+01 2.097477e+01
2.085000e+01 2.061500e+01 2.071997e+01 2.097541e+01 2.085500e+01 2.062000e+01 2.070846e+01 2.097171e+01
2.085500e+01 2.062000e+01 2.070846e+01 2.097171e+01 2.086500e+01 2.062000e+01 2.069212e+01 2.096552e+01
2.086500e+01 2.062000e+01 2.069212e+01 2.096552e+01 2.087000e+01 2.062500e+01 2.068121e+01 2.096069e+01
2.124000e+01 2.061500e+01 2.075376e+01 2.074849e+01 2.124000e+01 2.062500e+01 2.075114e+01 2.074932e+01
2.037000e+01 2.062500e+01 2.085922e+01 2.073869e+01 2.037000e+01 2.063500e+01 2.086165e+01 2.073925e+01
2.073500e+01 2.063000e+01 2.094869e+01 2.094957e+01 2.073000e+01 2.063500e+01 2.096034e+01 2.094265e+01
2.074000e+01 2.062500e+01 2.093642e+01 2.095600e+01 2.073500e+01 2.063000e+01 2.094869e+01 2.094957e+01
2.087000e+01 2.062500e+01 2.068121e+01 2.096069e+01 2.087500e+01 2.063000e+01 2.066983e+01 2.095500e+01
2.087500e+01 2.063000e+01 2.066983e+01 2.095500e+01 2.088500e+01 2.063000e+01 2.065582e+01 2.094728e+01
2.088500e+01 2.063000e+01 2.065582e+01 2.094728e+01 2.089000e+01 2.063500e+01 2.064553e+01 2.094083e+01
2.124000e+01 2.062500e+01 2.075114e+01 2.074932e+01 2.124000e+01 2.063500e+01 2.074871e+01 2.075002e+01
2.037000e+01 2.063500e+01 2.086165e+01 2.073925e+01 2.037000e+01 2.064500e+01 2.086389e+01 2.073970e+01
2.071500e+01 2.064000e+01 2.098540e+01 2.092524e+01 2.071000e+01 2.064500e+01 2.099576e+01 2.091681e+01
2.071500e+01 2.064000e+01 2.098540e+01 2.092524e+01 2.072500e+01 2.064000e+01 2.097241e+01 2.093474e+01
2.073000e+01 2.063500e+01 2.096034e+01 2.094265e+01 2.072500e+01 2.064000e+01 2.097241e+01 2.093474e+01
2.089000e+01 2.063500e+01 2.064553e+01 2.094083e+01 2.089500e+01 2.064000e+01 2.063497e+01 2.093353e+01
2.089500e+01 2.064000e+01 2.063497e+01 2.093353e+01 2.090500e+01 2.064000e+01 2.062376e+01 2.092498e+01
2.090500e+01 2.064000e+01 2.062376e+01 2.092498e+01 2.091000e+01 2.064500e+01 2.061459e+01 2.091733e+01
2.124000e+01 2.063500e+01 2.074871e+01 2.075002e+01 2.124000e+01 2.064500e+01 2.074647e+01 2.075061e+01
2.037000e+01 2.064500e+01 2.086389e+01 2.073970e+01 2.037000e+01 2.065500e+01 2.086593e+01 2.074005e+01
2.070500e+01 2.065000e+01 2.100621e+01 2.090748e+01 2.070000e+01 2.065500e+01 2.101566e+01 2.089814e+01
2.071000e+01 2.064500e+01 2.099576e+01 2.091681e+01 2.070500e+01 2.065000e+01 2.100621e+01 2.090748e+01
2.091000e+01 2.064500e+01 2.061459e+01 2.091733e+01 2.091500e+01 2.065000e+01 2.060534e+01 2.090889e+01
2.091500e+01 2.065000e+01 2.060534e+01 2.090889e+01 2.092000e+01 2.065500e+01 2.059686e+01 2.090043e+01
2.124000e+01 2.064500e+01 2.074647e+01 2.075061e+01 2.124000e+01 2.065500e+01 2.074444e+01 2.075110e+01
2.037000e+01 2.065500e+01 2.086593e+01 2.074005e+01 2.037000e+01 2.066500e+01 2.086776e+01 2.074032e+01
2.070000e+01 2.065500e+01 2.101566e+01 2.089814e+01 2.070000e+01 2.066500e+01 2.102536e+01 2.088753e+01
2.092000e+01 2.065500e+01 2.059686e+01 2.090043e+01 2.092500e+01 2.066000e+01 2.058844e+01 2.089124e+01
2.092500e+01 2.066000e+01 2.058844e+01 2.089124e+01 2.093000e+01 2.066500e+01 2.058085e+01 2.088217e+01
2.124000e+01 2.065500e+01 2.074444e+01 2.075110e+01 2.124000e+01 2.066500e+01 2.074262e+01 2.075151e+01
2.037000e+01 2.066500e+01 2.086776e+01 2.074032e+01 2.037000e+01 2.067500e+01 2.086937e+01 2.074053e+01
2.069500e+01 2.067000e+01 2.103448e+01 2.087657e+01 2.069000e+01 2.067500e+01 2.104245e+01 2.086595e+01
2.070000e+01 2.066500e+01 2.102536e+01 2.088753e+01 2.069500e+01 2.067000e+01 2.103448e+01 2.087657e+01
2.093000e+01 2.066500e+01 2.058085e+01 2.088217e+01 2.093000e+01 2.067500e+01 2.057243e+01 2.087114e+01
2.124000e+01 2.066500e+01 2.074262e+01 2.075151e+01 2.124000e+01 2.067500e+01 2.074101e+01 2.075184e+01
2.037000e+01 2.067500e+01 2.086937e+01 2.074053e+01 2.037000e+01 2.068500e+01 2.087077e+01 2.074068e+01
2.068500e+01 2.068000e+01 2.105000e+01 2.085471e+01 2.068000e+01 2.068500e+01 2.105642e+01 2.084398e+01
2.069000e+01 2.067500e+01 2.104245e+01 2.086595e+01 2.068500e+01 2.068000e+01 2.105000e+01 2.085471e+01
2.093000e+01 2.067500e+01 2.057243e+01 2.087114e+01 2.093500e+01 2.068000e+01 2.056527e+01 2.086080e+01
2.093500e+01 2.068000e+01 2.056527e+01 2.086080e+01 2.094000e+01 2.068500e+01 2.055905e+01 2.085078e+01
2.124000e+01 2.067500e+01 2.074101e+01 2.075184e+01 2.124000e+01 2.068500e+01 2.073961e+01 2.075211e+01
2.037000e+01 2.068500e+01 2.087077e+01 2.074068e+01 2.037000e+01 2.069500e+01 2.087195e+01 2.074078e+01
2.068000e+01 2.068500e+01 2.105642e+01 2.084398e+01 2.068000e+01 2.069500e+01 2.106410e+01 2.082942e+01
2.094000e+01 2.068500e+01 2.055905e+01 2.085078e+01 2.094000e+01 2.069500e+01 2.055163e+01 2.083723e+01
2.124000e+01 2.068500e+01 2.073961e+01 2.075211e+01 2.124000e+01 2.069500e+01 2.073843e+01 2.075233e+01
2.037000e+01 2.069500e+01 2.087195e+01 2.074078e+01 2.037000e+01 2.070500e+01 2.087290e+01 2.074086e+01
2.067500e+01 2.070000e+01 2.106926e+01 2.081807e+01 2.067000e+01 2.070500e+01 2.107338e+01 2.080746e+01
2.068000e+01 2.069500e+01 2.106410e+01 2.082942e+01 2.067500e+01 2.070000e+01 2.106926e+01 2.081807e+01
2.094000e+01 2.069500e+01 2.055163e+01 2.083723e+01 2.094500e+01 2.070000e+01 2.054630e+01 2.082636e+01
2.094500e+01 2.070000e+01 2.054630e+01 2.082636e+01 2.095000e+01 2.070500e+01 2.054200e+01 2.081607e+01
2.124000e+01 2.069500e+01 2.073843e+01 2.075233e+01 2.124000e+01 2.070500e+01 2.073747e+01 2.075252e+01
2.037000e+01 2.070500e+01 2.087290e+01 2.074086e+01 2.037000e+01 2.071500e+01 2.087363e+01 2.074091e+01
2.067000e+01 2.070500e+01 2.107338e+01 2.080746e+01 2.067000e+01 2.071500e+01 2.107870e+01 2.079157e+01
2.095000e+01 2.070500e+01 2.054200e+01 2.081607e+01 2.095000e+01 2.071500e+01 2.053641e+01 2.080074e+01
2.124000e+01 2.070500e+01 2.073747e+01 2.075252e+01 2.124000e+01 2.071500e+01 2.073674e+01 2.075268e+01
2.037000e+01 2.071500e+01 2.087363e+01 2.074091e+01 2.037000e+01 2.072500e+01 2.087414e+01 2.074097e+01
2.067000e+01 2.071500e+01 2.107870e+01 2.079157e+01 2.067000e+01 2.072500e+01 2.108287e+01 2.077495e+01
2.095000e+01 2.071500e+01 2.053641e+01 2.080074e+01 2.095000e+01 2.072500e+01 2.053181e+01 2.078445e+01
2.123500e+01 2.072000e+01 2.073149e+01 2.075301e+01 2.123000e+01 2.072500e+01 2.072627e+01 2.075323e+01
2.124000e+01 2.071500e+01 2.073674e+01 2.075268e+01 2.123500e+01 2.072000e+01 2.073149e+01 2.075301e+01
2.037000e+01 2.072500e+01 2.087414e+01 2.074097e+01 2.037000e+01 2.073500e+01 2.087442e+01 2.074103e+01
2.067000e+01 2.072500e+01 2.108287e+01 2.077495e+01 2.067000e+01 2.073500e+01 2.108574e+01 2.075786e+01
2.095000e+01 2.072500e+01 2.053181e+01 2.078445e+01 2.095000e+01 2.073500e+01 2.052838e+01 2.076741e+01
2.123000e+01 2.072500e+01 2.072627e+01 2.075323e+01 2.123000e+01 2.073500e+01 2.072597e+01 2.075315e+01
2.037000e+01 2.073500e+01 2.087442e+01 2.074103e+01 2.037000e+01 2.074500e+01 2.087448e+01 2.074112e+01
2.067000e+01 2.073500e+01 2.108574e+01 2.075786e+01 2.067000e+01 2.074500e+01 2.108718e+01 2.074061e+01
2.095000e+01 2.073500e+01 2.052838e+01 2.076741e+01 2.095000e+01 2.074500e+01 2.052635e+01 2.074993e+01
2.123000e+01 2.073500e+01 2.072597e+01 2.075315e+01 2.123000e+01 2.074500e+01 2.072589e+01 2.075307e+01
2.037000e+01 2.074500e+01 2.087448e+01 2.074112e+01 2.037500e+01 2.075000e+01 2.087942e+01 2.074110e+01
2.037500e+01 2.075000e+01 2.087942e+01 2.074110e+01 2.038000e+01 2.075500e+01 2.088431e+01 2.074096e+01
2.067000e+01 2.074500e+01 2.108718e+01 2.074061e+01 2.067000e+01 2.075500e+01 2.108712e+01 2.072357e+01
2.094500e+01 2.075000e+01 2.052591e+01 2.074138e+01 2.094000e+01 2.075500e+01 2.052595e+01 2.073223e+01
2.095000e+01 2.074500e+01 2.052635e+01 2.074993e+01 2.094500e+01 2.075000e+01 2.052591e+01 2.074138e+01
2.123000e+01 2.074500e+01 2.072589e+01 2.075307e+01 2.123000e+01 2.075500e+01 2.072604e+01 2.075300e+01
2.038000e+01 2.075500e+01 2.088431e+01 2.074096e+01 2.038000e+01 2.076500e+01 2.088391e+01 2.074090e+01
2.067000e+01 2.075500e+01 2.108712e+01 2.072357e+01 2.067500e+01 2.076000e+01 2.108646e+01 2.071455e+01
2.067500e+01 2.076000e+01 2.108646e+01 2.071455e+01 2.068000e+01 2.076500e+01 2.108524e+01 2.070474e+01
2.094000e+01 2.075500e+01 2.052595e+01 2.073223e+01 2.094000e+01 2.076500e+01 2.052687e+01 2.071330e+01
2.123000e+01 2.075500e+01 2.072604e+01 2.075300e+01 2.123000e+01 2.076500e+01 2.072641e+01 2.075296e+01
2.038000e+01 2.076500e+01 2.088391e+01 2.074090e+01 2.038000e+01 2.077500e+01 2.088330e+01 2.074090e+01
2.068000e+01 2.076500e+01 2.108524e+01 2.070474e+01 2.068000e+01 2.077500e+01 2.108204e+01 2.068774e+01
2.093500e+01 2.077000e+01 2.052842e+01 2.070284e+01 2.093000e+01 2.077500e+01 2.053053e+01 2.069145e+01
2.094000e+01 2.076500e+01 2.052687e+01 2.071330e+01 2.093500e+01 2.077000e+01 2.052842e+01 2.070284e+01
2.123000e+01 2.076500e+01 2.072641e+01 2.075296e+01 2.123000e+01 2.077500e+01 2.072699e+01 2.075295e+01
2.038000e+01 2.077500e+01 2.088330e+01 2.074090e+01 2.038000e+01 2.078500e+01 2.088246e+01 2.074096e+01
2.068000e+01 2.077500e+01 2.108204e+01 2.068774e+01 2.068500e+01 2.078000e+01 2.107911e+01 2.067763e+01
2.068500e+01 2.078000e+01 2.107911e+01 2.067763e+01 2.069000e+01 2.078500e+01 2.107537e+01 2.066660e+01
2.083500e+01 2.078000e+01 2.069341e+01 2.062770e+01 2.083000e+01 2.078500e+01 2.070543e+01 2.060923e+01
2.083500e+01 2.078000e+01 2.069341e+01 2.062770e+01 2.084000e+01 2.078500e+01 2.069437e+01 2.062230e+01
2.092500e+01 2.078000e+01 2.053368e+01 2.067977e+01 2.092000e+01 2.078500e+01 2.053746e+01 2.066694e+01
2.093000e+01 2.077500e+01 2.053053e+01 2.069145e+01 2.092500e+01 2.078000e+01 2.053368e+01 2.067977e+01
2.123000e+01 2.077500e+01 2.072699e+01 2.075295e+01 2.123000e+01 2.078500e+01 2.072779e+01 2.075298e+01
2.038000e+01 2.078500e+01 2.088246e+01 2.074096e+01 2.038000e+01 2.079500e+01 2.088141e+01 2.074110e+01
2.069000e+01 2.078500e+01 2.107537e+01 2.066660e+01 2.069000e+01 2.079500e+01 2.106889e+01 2.065167e+01
2.083000e+01 2.078500e+01 2.070543e+01 2.060923e+01 2.083000e+01 2.079500e+01 2.071210e+01 2.058813e+01
2.084000e+01 2.078500e+01 2.069437e+01 2.062230e+01 2.084500e+01 2.079000e+01 2.069883e+01 2.062159e+01
2.084500e+01 2.079000e+01 2.069883e+01 2.062159e+01 2.085000e+01 2.079500e+01 2.068911e+01 2.061914e+01
2.091500e+01 2.079000e+01 2.054254e+01 2.065428e+01 2.091000e+01 2.079500e+01 2.054832e+01 2.064016e+01
2.092000e+01 2.078500e+01 2.053746e+01 2.066694e+01 2.091500e+01 2.079000e+01 2.054254e+01 2.065428e+01
2.123000e+01 2.078500e+01 2.072779e+01 2.075298e+01 2.123000e+01 2.079500e+01 2.072879e+01 2.075305e+01
2.038000e+01 2.079500e+01 2.088141e+01 2.074110e+01 2.038000e+01 2.080500e+01 2.088015e+01 2.074133e+01
2.069000e+01 2.079500e+01 2.106889e+01 2.065167e+01 2.069500e+01 2.080000e+01 2.106338e+01 2.064164e+01
2.069500e+01 2.080000e+01 2.106338e+01 2.064164e+01 2.070500e+01 2.080000e+01 2.105838e+01 2.063346e+01
2.070500e+01 2.080000e+01 2.105838e+01 2.063346e+01 2.071000e+01 2.080500e+01 2.105051e+01 2.062176e+01
2.082500e+01 2.080000e+01 2.070361e+01 2.058064e+01 2.082000e+01 2.080500e+01 2.071844e+01 2.057918e+01
2.083000e+01 2.079500e+01 2.071210e+01 2.058813e+01 2.082500e+01 2.080000e+01 2.070361e+01 2.058064e+01
2.085000e+01 2.079500e+01 2.068911e+01 2.061914e+01 2.085000e+01 2.080500e+01 2.069980e+01 2.060167e+01
2.089500e+01 2.080000e+01 2.056173e+01 2.061665e+01 2.089000e+01 2.080500e+01 2.057040e+01 2.059974e+01
2.089500e+01 2.080000e+01 2.056173e+01 2.061665e+01 2.090500e+01 2.080000e+01 2.055577e+01 2.062711e+01
2.091000e+01 2.079500e+01 2.054832e+01 2.064016e+01 2.090500e+01 2.080000e+01 2.055577e+01 2.062711e+01
2.123000e+01 2.079500e+01 2.072879e+01 2.075305e+01 2.123000e+01 2.080500e+01 2.073001e+01 2.075316e+01
2.038000e+01 2.080500e+01 2.088015e+01 2.074133e+01 2.038500e+01 2.081000e+01 2.088430e+01 2.074076e+01
2.038500e+01 2.081000e+01 2.088430e+01 2.074076e+01 2.039000e+01 2.081500e+01 2.088837e+01 2.074006e+01
2.071000e+01 2.080500e+01 2.105051e+01 2.062176e+01 2.071500e+01 2.081000e+01 2.104188e+01 2.061146e+01
2.071500e+01 2.081000e+01 2.104188e+01 2.061146e+01 2.072500e+01 2.081000e+01 2.103227e+01 2.060095e+01
2.072500e+01 2.081000e+01 2.103227e+01 2.060095e+01 2.073500e+01 2.081000e+01 2.102033e+01 2.058955e+01
2.073500e+01 2.081000e+01 2.102033e+01 2.058955e+01 2.074500e+01 2.081000e+01 2.100576e+01 2.057728e+01
2.074500e+01 2.081000e+01 2.100576e+01 2.057728e+01 2.075500e+01 2.081000e+01 2.098823e+01 2.056435e+01
2.075500e+01 2.081000e+01 2.098823e+01 2.056435e+01 2.076000e+01 2.081500e+01 2.097123e+01 2.055034e+01
2.082000e+01 2.080500e+01 2.071844e+01 2.057918e+01 2.082000e+01 2.081500e+01 2.071738e+01 2.057156e+01
2.084500e+01 2.081000e+01 2.073884e+01 2.059680e+01 2.084000e+01 2.081500e+01 2.075082e+01 2.057605e+01
2.085000e+01 2.080500e+01 2.069980e+01 2.060167e+01 2.084500e+01 2.081000e+01 2.073884e+01 2.059680e+01
2.087500e+01 2.081000e+01 2.059155e+01 2.057230e+01 2.087000e+01 2.081500e+01 2.060162e+01 2.055198e+01
2.087500e+01 2.081000e+01 2.059155e+01 2.057230e+01 2.088500e+01 2.081000e+01 2.058158e+01 2.058515e+01
2.089000e+01 2.080500e+01 2.057040e+01 2.059974e+01 2.088500e+01 2.081000e+01 2.058158e+01 2.058515e+01
2.123000e+01 2.080500e+01 2.073001e+01 2.075316e+01 2.123000e+01 2.081500e+01 2.073142e+01 2.075333e+01
2.039000e+01 2.081500e+01 2.088837e+01 2.074006e+01 2.039000e+01 2.082500e+01 2.088665e+01 2.074028e+01
2.076000e+01 2.081500e+01 2.097123e+01 2.055034e+01 2.076500e+01 2.082000e+01 2.095365e+01 2.054159e+01
2.076500e+01 2.082000e+01 2.095365e+01 2.054159e+01 2.077500e+01 2.082000e+01 2.092984e+01 2.052733e+01
2.077500e+01 2.082000e+01 2.092984e+01 2.052733e+01 2.078500e+01 2.082000e+01 2.090386e+01 2.051327e+01
2.078500e+01 2.082000e+01 2.090386e+01 2.051327e+01 2.079500e+01 2.082000e+01 2.087622e+01 2.050164e+01
2.079500e+01 2.082000e+01 2.087622e+01 2.050164e+01 2.080000e+01 2.082500e+01 2.086098e+01 2.048273e+01
2.082000e+01 2.081500e+01 2.071738e+01 2.057156e+01 2.082000e+01 2.082500e+01 2.074761e+01 2.053943e+01
2.084000e+01 2.081500e+01 2.075082e+01 2.057605e+01 2.084000e+01 2.082500e+01 2.074826e+01 2.054768e+01
2.085500e+01 2.082000e+01 2.063393e+01 2.052638e+01 2.085000e+01 2.082500e+01 2.065353e+01 2.051724e+01
2.085500e+01 2.082000e+01 2.063393e+01 2.052638e+01 2.086500e+01 2.082000e+01 2.061694e+01 2.053564e+01
2.087000e+01 2.081500e+01 2.060162e+01 2.055198e+01 2.086500e+01 2.082000e+01 2.061694e+01 2.053564e+01
2.123000e+01 2.081500e+01 2.073142e+01 2.075333e+01 2.123000e+01 2.082500e+01 2.073303e+01 2.075355e+01
2.039000e+01 2.082500e+01 2.088665e+01 2.074028e+01 2.039000e+01 2.083500e+01 2.088473e+01 2.074062e+01
2.080000e+01 2.082500e+01 2.086098e+01 2.048273e+01 2.080500e+01 2.083000e+01 2.083714e+01 2.049149e+01
2.080500e+01 2.083000e+01 2.083714e+01 2.049149e+01 2.081500e+01 2.083000e+01 2.081166e+01 2.047978e+01
2.082000e+01 2.082500e+01 2.074761e+01 2.053943e+01 2.081500e+01 2.083000e+01 2.081166e+01 2.047978e+01
2.084000e+01 2.082500e+01 2.074826e+01 2.054768e+01 2.084500e+01 2.083000e+01 2.068010e+01 2.050148e+01
2.085000e+01 2.082500e+01 2.065353e+01 2.051724e+01 2.084500e+01 2.083000e+01 2.068010e+01 2.050148e+01
2.123000e+01 2.082500e+01 2.073303e+01 2.075355e+01 2.123000e+01 2.083500e+01 2.073483e+01 2.075383e+01
2.036500e+01 2.084000e+01 2.085967e+01 2.074298e+01 2.036000e+01 2.084500e+01 2.085380e+01 2.074157e+01
2.036500e+01 2.084000e+01 2.085967e+01 2.074298e+01 2.037500e+01 2.084000e+01 2.086934e+01 2.074095e+01
2.037500e+01 2.084000e+01 2.086934e+01 2.074095e+01 2.038500e+01 2.084000e+01 2.087890e+01 2.073885e+01
2.039000e+01 2.083500e+01 2.088473e+01 2.074062e+01 2.038500e+01 2.084000e+01 2.087890e+01 2.073885e+01
2.073500e+01 2.084000e+01 2.098692e+01 2.055844e+01 2.073000e+01 2.084500e+01 2.098863e+01 2.054739e+01
2.073500e+01 2.084000e+01 2.098692e+01 2.055844e+01 2.074500e+01 2.084000e+01 2.097055e+01 2.054806e+01
2.074500e+01 2.084000e+01 2.097055e+01 2.054806e+01 2.075000e+01 2.084500e+01 2.095568e+01 2.052472e+01
2.084500e+01 2.084000e+01 2.069350e+01 2.049772e+01 2.084000e+01 2.084500e+01 2.062802e+01 2.054774e+01
2.084500e+01 2.084000e+01 2.069350e+01 2.049772e+01 2.085500e+01 2.084000e+01 2.067165e+01 2.059125e+01
2.085500e+01 2.084000e+01 2.067165e+01 2.059125e+01 2.086500e+01 2.084000e+01 2.065615e+01 2.059933e+01
2.086500e+01 2.084000e+01 2.065615e+01 2.059933e+01 2.087500e+01 2.084000e+01 2.064024e+01 2.060185e+01
2.087500e+01 2.084000e+01 2.064024e+01 2.060185e+01 2.088500e+01 2.084000e+01 2.062563e+01 2.060568e+01
2.088500e+01 2.084000e+01 2.062563e+01 2.060568e+01 2.089500e+01 2.084000e+01 2.061293e+01 2.061091e+01
2.089500e+01 2.084000e+01 2.061293e+01 2.061091e+01 2.090500e+01 2.084000e+01 2.060222e+01 2.061703e+01
2.090500e+01 2.084000e+01 2.060222e+01 2.061703e+01 2.091000e+01 2.084500e+01 2.060099e+01 2.062018e+01
2.123000e+01 2.083500e+01 2.073483e+01 2.075383e+01 2.123000e+01 2.084500e+01 2.073683e+01 2.075418e+01
2.036000e+01 2.084500e+01 2.085380e+01 2.074157e+01 2.036500e+01 2.085000e+01 2.085755e+01 2.074078e+01
2.036500e+01 2.085000e+01 2.085755e+01 2.074078e+01 2.037000e+01 2.085500e+01 2.086120e+01 2.073986e+01
2.073000e+01 2.084500e+01 2.098863e+01 2.054739e+01 2.073500e+01 2.085000e+01 2.097629e+01 2.053914e+01
2.073500e+01 2.085000e+01 2.097629e+01 2.053914e+01 2.074500e+01 2.085000e+01 2.095987e+01 2.052852e+01
2.075000e+01 2.084500e+01 2.095568e+01 2.052472e+01 2.074500e+01 2.085000e+01 2.095987e+01 2.052852e+01
2.082500e+01 2.085000e+01 2.082553e+01 2.058840e+01 2.082000e+01 2.085500e+01 2.082425e+01 2.055660e+01
2.082500e+01 2.085000e+01 2.082553e+01 2.058840e+01 2.083000e+01 2.085500e+01 2.071621e+01 2.053399e+01
2.084000e+01 2.084500e+01 2.062802e+01 2.054774e+01 2.084500e+01 2.085000e+01 2.075494e+01 2.050490e+01
2.084500e+01 2.085000e+01 2.075494e+01 2.050490e+01 2.085000e+01 2.085500e+01 2.076066e+01 2.048848e+01
2.091000e+01 2.084500e+01 2.060099e+01 2.062018e+01 2.091500e+01 2.085000e+01 2.059974e+01 2.061925e+01
2.091500e+01 2.085000e+01 2.059974e+01 2.061925e+01 2.092500e+01 2.085000e+01 2.059295e+01 2.062563e+01
2.092500e+01 2.085000e+01 2.059295e+01 2.062563e+01 2.093000e+01 2.085500e+01 2.059348e+01 2.062560e+01
2.123000e+01 2.084500e+01 2.073683e+01 2.075418e+01 2.123000e+01 2.085500e+01 2.073901e+01 2.075460e+01
2.037000e+01 2.085500e+01 2.086120e+01 2.073986e+01 2.037000e+01 2.086500e+01 2.085874e+01 2.074049e+01
2.081500e+01 2.086000e+01 2.084143e+01 2.055905e+01 2.081000e+01 2.086500e+01 2.084638e+01 2.054675e+01
2.082000e+01 2.085500e+01 2.082425e+01 2.055660e+01 2.081500e+01 2.086000e+01 2.084143e+01 2.055905e+01
2.083000e+01 2.085500e+01 2.071621e+01 2.053399e+01 2.083000e+01 2.086500e+01 2.070879e+01 2.051434e+01
2.085000e+01 2.085500e+01 2.076066e+01 2.048848e+01 2.085500e+01 2.086000e+01 2.073653e+01 2.049786e+01
2.085500e+01 2.086000e+01 2.073653e+01 2.049786e+01 2.086500e+01 2.086000e+01 2.068800e+01 2.053375e+01
2.086500e+01 2.086000e+01 2.068800e+01 2.053375e+01 2.087000e+01 2.086500e+01 2.068829e+01 2.052693e+01
2.093000e+01 2.085500e+01 2.059348e+01 2.062560e+01 2.093000e+01 2.086500e+01 2.060083e+01 2.061584e+01
2.123000e+01 2.085500e+01 2.073901e+01 2.075460e+01 2.123500e+01 2.086000e+01 2.074486e+01 2.075603e+01
2.123500e+01 2.086000e+01 2.074486e+01 2.075603e+01 2.124000e+01 2.086500e+01 2.075072e+01 2.075751e+01
2.037000e+01 2.086500e+01 2.085874e+01 2.074049e+01 2.037500e+01 2.087000e+01 2.086213e+01 2.073957e+01
2.037500e+01 2.087000e+01 2.086213e+01 2.073957e+01 2.038000e+01 2.087500e+01 2.086542e+01 2.073853e+01
2.079500e+01 2.087000e+01 2.086570e+01 2.053885e+01 2.079000e+01 2.087500e+01 2.087580e+01 2.053806e+01
2.079500e+01 2.087000e+01 2.086570e+01 2.053885e+01 2.080500e+01 2.087000e+01 2.085399e+01 2.054346e+01
2.081000e+01 2.086500e+01 2.084638e+01 2.054675e+01 2.080500e+01 2.087000e+01 2.085399e+01 2.054346e+01
2.082500e+01 2.087000e+01 2.074057e+01 2.050531e+01 2.082000e+01 2.087500e+01 2.077330e+01 2.051103e+01
2.083000e+01 2.086500e+01 2.070879e+01 2.051434e+01 2.082500e+01 2.087000e+01 2.074057e+01 2.050531e+01
2.087000e+01 2.086500e+01 2.068829e+01 2.052693e+01 2.087500e+01 2.087000e+01 2.068193e+01 2.053160e+01
2.087500e+01 2.087000e+01 2.068193e+01 2.053160e+01 2.088000e+01 2.087500e+01 2.068033e+01 2.053162e+01
2.091500e+01 2.087000e+01 2.061609e+01 2.059555e+01 2.091000e+01 2.087500e+01 2.062696e+01 2.058170e+01
2.091500e+01 2.087000e+01 2.061609e+01 2.059555e+01 2.092500e+01 2.087000e+01 2.060835e+01 2.060557e+01
2.093000e+01 2.086500e+01 2.060083e+01 2.061584e+01 2.092500e+01 2.087000e+01 2.060835e+01 2.060557e+01
2.124000e+01 2.086500e+01 2.075072e+01 2.075751e+01 2.124000e+01 2.087500e+01 2.075318e+01 2.075826e+01
2.038000e+01 2.087500e+01 2.086542e+01 2.073853e+01 2.038000e+01 2.088500e+01 2.086252e+01 2.073938e+01
2.078500e+01 2.088000e+01 2.088273e+01 2.053592e+01 2.078000e+01 2.088500e+01 2.089047e+01 2.053587e+01
2.079000e+01 2.087500e+01 2.087580e+01 2.053806e+01 2.078500e+01 2.088000e+01 2.088273e+01 2.053592e+01
2.082000e+01 2.087500e+01 2.077330e+01 2.051103e+01 2.082000e+01 2.088500e+01 2.076716e+01 2.050699e+01
2.088000e+01 2.087500e+01 2.068033e+01 2.053162e+01 2.088500e+01 2.088000e+01 2.067563e+01 2.053594e+01
2.088500e+01 2.088000e+01 2.067563e+01 2.053594e+01 2.089500e+01 2.088000e+01 2.065536e+01 2.055274e+01
2.089500e+01 2.088000e+01 2.065536e+01 2.055274e+01 2.090500e+01 2.088000e+01 2.063976e+01 2.056806e+01
2.091000e+01 2.087500e+01 2.062696e+01 2.058170e+01 2.090500e+01 2.088000e+01 2.063976e+01 2.056806e+01
2.124000e+01 2.087500e+01 2.075318e+01 2.075826e+01 2.124000e+01 2.088500e+01 2.075582e+01 2.075910e+01
2.038000e+01 2.088500e+01 2.086252e+01 2.073938e+01 2.038000e+01 2.089500e+01 2.085947e+01 2.074044e+01
2.077500e+01 2.089000e+01 2.089664e+01 2.053567e+01 2.077000e+01 2.089500e+01 2.090275e+01 2.053660e+01
2.078000e+01 2.088500e+01 2.089047e+01 2.053587e+01 2.077500e+01 2.089000e+01 2.089664e+01 2.053567e+01
2.081500e+01 2.089000e+01 2.079022e+01 2.050750e+01 2.081000e+01 2.089500e+01 2.080698e+01 2.051028e+01
2.082000e+01 2.088500e+01 2.076716e+01 2.050699e+01 2.081500e+01 2.089000e+01 2.079022e+01 2.050750e+01
2.085500e+01 2.089000e+01 2.073128e+01 2.052014e+01 2.085000e+01 2.089500e+01 2.072548e+01 2.052274e+01
2.085500e+01 2.089000e+01 2.073128e+01 2.052014e+01 2.086000e+01 2.089500e+01 2.072761e+01 2.052096e+01
2.124000e+01 2.088500e+01 2.075582e+01 2.075910e+01 2.124000e+01 2.089500e+01 2.075862e+01 2.076003e+01
2.038000e+01 2.089500e+01 2.085947e+01 2.074044e+01 2.038500e+01 2.090000e+01 2.086238e+01 2.073948e+01
2.038500e+01 2.090000e+01 2.086238e+01 2.073948e+01 2.039000e+01 2.090500e+01 2.086516e+01 2.073840e+01
2.077000e+01 2.089500e+01 2.090275e+01 2.053660e+01 2.077000e+01 2.090500e+01 2.089910e+01 2.053529e+01
2.080500e+01 2.090000e+01 2.082322e+01 2.051273e+01 2.080000e+01 2.090500e+01 2.083441e+01 2.051513e+01
2.081000e+01 2.089500e+01 2.080698e+01 2.051028e+01 2.080500e+01 2.090000e+01 2.082322e+01 2.051273e+01
2.085000e+01 2.089500e+01 2.072548e+01 2.052274e+01 2.085000e+01 2.090500e+01 2.072674e+01 2.052402e+01
2.086000e+01 2.089500e+01 2.072761e+01 2.052096e+01 2.086000e+01 2.090500e+01 2.072627e+01 2.052472e+01
2.124000e+01 2.089500e+01 2.075862e+01 2.076003e+01 2.124000e+01 2.090500e+01 2.076159e+01 2.076106e+01
2.039000e+01 2.090500e+01 2.086516e+01 2.073840e+01 2.039000e+01 2.091500e+01 2.086173e+01 2.073977e+01
2.077000e+01 2.090500e+01 2.089910e+01 2.053529e+01 2.077500e+01 2.091000e+01 2.088882e+01 2.053185e+01
2.077500e+01 2.091000e+01 2.088882e+01 2.053185e+01 2.078500e+01 2.091000e+01 2.086996e+01 2.052538e+01
2.078500e+01 2.091000e+01 2.086996e+01 2.052538e+01 2.079500e+01 2.091000e+01 2.084598e+01 2.051795e+01
2.080000e+01 2.090500e+01 2.083441e+01 2.051513e+01 2.079500e+01 2.091000e+01 2.084598e+01 2.051795e+01
2.085000e+01 2.090500e+01 2.072674e+01 2.052402e+01 2.085500e+01 2.091000e+01 2.072768e+01 2.052606e+01
2.086000e+01 2.090500e+01 2.072627e+01 2.052472e+01 2.085500e+01 2.091000e+01 2.072768e+01 2.052606e+01
2.124000e+01 2.090500e+01 2.076159e+01 2.076106e+01 2.124000e+01 2.091500e+01 2.076472e+01 2.076220e+01
2.039000e+01 2.091500e+01 2.086173e+01 2.073977e+01 2.039500e+01 2.092000e+01 2.086428e+01 2.073880e+01
2.039500e+01 2.092000e+01 2.086428e+01 2.073880e+01 2.040000e+01 2.092500e+01 2.086669e+01 2.073771e+01
2.124000e+01 2.091500e+01 2.076472e+01 2.076220e+01 2.124000e+01 2.092500e+01 2.076800e+01 2.076346e+01
2.040000e+01 2.092500e+01 2.086669e+01 2.073771e+01 2.040000e+01 2.093500e+01 2.086292e+01 2.073945e+01
2.124000e+01 2.092500e+01 2.076800e+01 2.076346e+01 2.124000e+01 2.093500e+01 2.077144e+01 2.076485e+01
2.040000e+01 2.093500e+01 2.086292e+01 2.073945e+01 2.040500e+01 2.094000e+01 2.086511e+01 2.073851e+01
2.040500e+01 2.094000e+01 2.086511e+01 2.073851e+01 2.041000e+01 2.094500e+01 2.086717e+01 2.073746e+01
2.124000e+01 2.093500e+01 2.077144e+01 2.076485e+01 2.124000e+01 2.094500e+01 2.077501e+01 2.076638e+01
2.041000e+01 2.094500e+01 2.086717e+01 2.073746e+01 2.041500e+01 2.095000e+01 2.086912e+01 2.073649e+01
2.041500e+01 2.095000e+01 2.086912e+01 2.073649e+01 2.042000e+01 2.095500e+01 2.087092e+01 2.073543e+01
2.124000e+01 2.094500e+01 2.077501e+01 2.076638e+01 2.124000e+01 2.095500e+01 2.077872e+01 2.076806e+01
2.042000e+01 2.095500e+01 2.087092e+01 2.073543e+01 2.042000e+01 2.096500e+01 2.086666e+01 2.073775e+01
2.124000e+01 2.095500e+01 2.077872e+01 2.076806e+01 2.124000e+01 2.096500e+01 2.078256e+01 2.076989e+01
2.042000e+01 2.096500e+01 2.086666e+01 2.073775e+01 2.042500e+01 2.097000e+01 2.086828e+01 2.073688e+01
2.042500e+01 2.097000e+01 2.086828e+01 2.073688e+01 2.043000e+01 2.097500e+01 2.086975e+01 2.073592e+01
2.124000e+01 2.096500e+01 2.078256e+01 2.076989e+01 2.124000e+01 2.097500e+01 2.078652e+01 2.077189e+01
2.043000e+01 2.097500e+01 2.086975e+01 2.073592e+01 2.043000e+01 2.098500e+01 2.086526e+01 2.073870e+01
2.123500e+01 2.098000e+01 2.078447e+01 2.077094e+01 2.123000e+01 2.098500e+01 2.078256e+01 2.076988e+01
2.124000e+01 2.097500e+01 2.078652e+01 2.077189e+01 2.123500e+01 2.098000e+01 2.078447e+01 2.077094e+01
2.043000e+01 2.098500e+01 2.086526e+01 2.073870e+01 2.043500e+01 2.099000e+01 2.086657e+01 2.073795e+01
2.043500e+01 2.099000e+01 2.086657e+01 2.073795e+01 2.044000e+01 2.099500e+01 2.086772e+01 2.073712e+01
2.123000e+01 2.098500e+01 2.078256e+01 2.076988e+01 2.123000e+01 2.099500e+01 2.078685e+01 2.077213e+01
2.044000e+01 2.099500e+01 2.086772e+01 2.073712e+01 2.044000e+01 2.100500e+01 2.086306e+01 2.074036e+01
2.123000e+01 2.099500e+01 2.078685e+01 2.077213e+01 2.123000e+01 2.100500e+01 2.079124e+01 2.077459e+01
2.044000e+01 2.100500e+01 2.086306e+01 2.074036e+01 2.044500e+01 2.101000e+01 2.086407e+01 2.073975e+01
2.044500e+01 2.101000e+01 2.086407e+01 2.073975e+01 2.045000e+01 2.101500e+01 2.086493e+01 2.073909e+01
2.123000e+01 2.100500e+01 2.079124e+01 2.077459e+01 2.123000e+01 2.101500e+01 2.079571e+01 2.077725e+01
2.045000e+01 2.101500e+01 2.086493e+01 2.073909e+01 2.045500e+01 2.102000e+01 2.086572e+01 2.073854e+01
2.045500e+01 2.102000e+01 2.086572e+01 2.073854e+01 2.046000e+01 2.102500e+01 2.086635e+01 2.073794e+01
2.122500e+01 2.102000e+01 2.079422e+01 2.077641e+01 2.122000e+01 2.102500e+01 2.079290e+01 2.077548e+01
2.123000e+01 2.101500e+01 2.079571e+01 2.077725e+01 2.122500e+01 2.102000e+01 2.079422e+01 2.077641e+01
2.046000e+01 2.102500e+01 2.086635e+01 2.073794e+01 2.046000e+01 2.103500e+01 2.086146e+01 2.074185e+01
2.122000e+01 2.102500e+01 2.079290e+01 2.077548e+01 2.122000e+01 2.103500e+01 2.079762e+01 2.077851e+01
2.046000e+01 2.103500e+01 2.086146e+01 2.074185e+01 2.046500e+01 2.104000e+01 2.086199e+01 2.074148e+01
2.046500e+01 2.104000e+01 2.086199e+01 2.074148e+01 2.047000e+01 2.104500e+01 2.086236e+01 2.074107e+01
2.122000e+01 2.103500e+01 2.079762e+01 2.077851e+01 2.122000e+01 2.104500e+01 2.080238e+01 2.078177e+01
2.047000e+01 2.104500e+01 2.086236e+01 2.074107e+01 2.047000e+01 2.105500e+01 2.085740e+01 2.074544e+01
2.121500e+01 2.105000e+01 2.080131e+01 2.078111e+01 2.121000e+01 2.105500e+01 2.080039e+01 2.078038e+01
2.122000e+01 2.104500e+01 2.080238e+01 2.078177e+01 2.121500e+01 2.105000e+01 2.080131e+01 2.078111e+01
2.047000e+01 2.105500e+01 2.085740e+01 2.074544e+01 2.047500e+01 2.106000e+01 2.085769e+01 2.074525e+01
2.047500e+01 2.106000e+01 2.085769e+01 2.074525e+01 2.048000e+01 2.106500e+01 2.085782e+01 2.074504e+01
2.121000e+01 2.105500e+01 2.080039e+01 2.078038e+01 2.121000e+01 2.106500e+01 2.080533e+01 2.078407e+01
2.048000e+01 2.106500e+01 2.085782e+01 2.074504e+01 2.048000e+01 2.107500e+01 2.085281e+01 2.074985e+01
2.120500e+01 2.107000e+01 2.080454e+01 2.078356e+01 2.120000e+01 2.107500e+01 2.080392e+01 2.078299e+01
2.121000e+01 2.106500e+01 2.080533e+01 2.078407e+01 2.120500e+01 2.107000e+01 2.080454e+01 2.078356e+01
2.048000e+01 2.107500e+01 2.085281e+01 2.074985e+01 2.048500e+01 2.108000e+01 2.085289e+01 2.074986e+01
2.048500e+01 2.108000e+01 2.085289e+01 2.074986e+01 2.049000e+01 2.108500e+01 2.085280e+01 2.074986e+01
2.120000e+01 2.107500e+01 2.080392e+01 2.078299e+01 2.120000e+01 2.108500e+01 2.080897e+01 2.078716e+01
2.049000e+01 2.108500e+01 2.085280e+01 2.074986e+01 2.049000e+01 2.109500e+01 2.084778e+01 2.075511e+01
2.119500e+01 2.109000e+01 2.080844e+01 2.078684e+01 2.119000e+01 2.109500e+01 2.080807e+01 2.078649e+01
2.120000e+01 2.108500e+01 2.080897e+01 2.078716e+01 2.119500e+01 2.109000e+01 2.080844e+01 2.078684e+01
2.049000e+01 2.109500e+01 2.084778e+01 2.075511e+01 2.049500e+01 2.110000e+01 2.084766e+01 2.075534e+01
2.049500e+01 2.110000e+01 2.084766e+01 2.075534e+01 2.050000e+01 2.110500e+01 2.084737e+01 2.075556e+01
2.118500e+01 2.110000e+01 2.080773e+01 2.078628e+01 2.118000e+01 2.110500e+01 2.080754e+01 2.078604e+01
2.119000e+01 2.109500e+01 2.080807e+01 2.078649e+01 2.118500e+01 2.110000e+01 2.080773e+01 2.078628e+01
2.050000e+01 2.110500e+01 2.084737e+01 2.075556e+01 2.050000e+01 2.111500e+01 2.084238e+01 2.076123e+01
2.117500e+01 2.111000e+01 2.080738e+01 2.078595e+01 2.117000e+01 2.111500e+01 2.080737e+01 2.078584e+01
2.118000e+01 2.110500e+01 2.080754e+01 2.078604e+01 2.117500e+01 2.111000e+01 2.080738e+01 2.078595e+01
2.050000e+01 2.111500e+01 2.084238e+01 2.076123e+01 2.050500e+01 2.112000e+01 2.084208e+01 2.076169e+01
2.050500e+01 2.112000e+01 2.084208e+01 2.076169e+01 2.051000e+01 2.112500e+01 2.084163e+01 2.076215e+01
2.116500e+01 2.112000e+01 2.080737e+01 2.078588e+01 2.116000e+01 2.112500e+01 2.080752e+01 2.078593e+01
2.117000e+01 2.111500e+01 2.080737e+01 2.078584e+01 2.116500e+01 2.112000e+01 2.080737e+01 2.078588e+01
2.051000e+01 2.112500e+01 2.084163e+01 2.076215e+01 2.051000e+01 2.113500e+01 2.083668e+01 2.076825e+01
2.115500e+01 2.113000e+01 2.080766e+01 2.078613e+01 2.115000e+01 2.113500e+01 2.080795e+01 2.078634e+01
2.116000e+01 2.112500e+01 2.080752e+01 2.078593e+01 2.115500e+01 2.113000e+01 2.080766e+01 2.078613e+01
2.051000e+01 2.113500e+01 2.083668e+01 2.076825e+01 2.051500e+01 2.114000e+01 2.083624e+01 2.076895e+01
2.051500e+01 2.114000e+01 2.083624e+01 2.076895e+01 2.052000e+01 2.114500e+01 2.083564e+01 2.076966e+01
2.114500e+01 2.114000e+01 2.080822e+01 2.078671e+01 2.114000e+01 2.114500e+01 2.080863e+01 2.078710e+01
2.115000e+01 2.113500e+01 2.080795e+01 2.078634e+01 2.114500e+01 2.114000e+01 2.080822e+01 2.078671e+01
2.052000e+01 2.114500e+01 2.083564e+01 2.076966e+01 2.052500e+01 2.115000e+01 2.083506e+01 2.077049e+01
2.052500e+01 2.115000e+01 2.083506e+01 2.077049e+01 2.053000e+01 2.115500e+01 2.083432e+01 2.077134e+01
2.113500e+01 2.115000e+01 2.080901e+01 2.078765e+01 2.113000e+01 2.115500e+01 2.080951e+01 2.078823e+01
2.114000e+01 2.114500e+01 2.080863e+01 2.078710e+01 2.113500e+01 2.115000e+01 2.080901e+01 2.078765e+01
2.053000e+01 2.115500e+01 2.083432e+01 2.077134e+01 2.053000e+01 2.116500e+01 2.082951e+01 2.077811e+01
2.111500e+01 2.116000e+01 2.080620e+01 2.078401e+01 2.111000e+01 2.116500e+01 2.080691e+01 2.078485e+01
2.111500e+01 2.116000e+01 2.080620e+01 2.078401e+01 2.112500e+01 2.116000e+01 2.080998e+01 2.078897e+01
2.113000e+01 2.115500e+01 2.080951e+01 2.078823e+01 2.112500e+01 2.116000e+01 2.080998e+01 2.078897e+01
2.053000e+01 2.116500e+01 2.082951e+01 2.077811e+01 2.053500e+01 2.117000e+01 2.082883e+01 2.077921e+01
2.053500e+01 2.117000e+01 2.082883e+01 2.077921e+01 2.054000e+01 2.117500e+01 2.082801e+01 2.078035e+01
2.109500e+01 2.117000e+01 2.080426e+01 2.078103e+01 2.109000e+01 2.117500e+01 2.080512e+01 2.078215e+01
2.109500e+01 2.117000e+01 2.080426e+01 2.078103e+01 2.110500e+01 2.117000e+01 2.080756e+01 2.078584e+01
2.111000e+01 2.116500e+01 2.080691e+01 2.078485e+01 2.110500e+01 2.117000e+01 2.080756e+01 2.078584e+01
2.054000e+01 2.117500e+01 2.082801e+01 2.078035e+01 2.054500e+01 2.118000e+01 2.082723e+01 2.078161e+01
2.054500e+01 2.118000e+01 2.082723e+01 2.078161e+01 2.055000e+01 2.118500e+01 2.082630e+01 2.078291e+01
2.108500e+01 2.118000e+01 2.080592e+01 2.078342e+01 2.108000e+01 2.118500e+01 2.080680e+01 2.078477e+01
2.109000e+01 2.117500e+01 2.080512e+01 2.078215e+01 2.108500e+01 2.118000e+01 2.080592e+01 2.078342e+01
2.055000e+01 2.118500e+01 2.082630e+01 2.078291e+01 2.055000e+01 2.119500e+01 2.082173e+01 2.079034e+01
2.105500e+01 2.119000e+01 2.080248e+01 2.077738e+01 2.105000e+01 2.119500e+01 2.080353e+01 2.077913e+01
2.105500e+01 2.119000e+01 2.080248e+01 2.077738e+01 2.106500e+01 2.119000e+01 2.080493e+01 2.078179e+01
2.106500e+01 2.119000e+01 2.080493e+01 2.078179e+01 2.107500e+01 2.119000e+01 2.080761e+01 2.078625e+01
2.108000e+01 2.118500e+01 2.080680e+01 2.078477e+01 2.107500e+01 2.119000e+01 2.080761e+01 2.078625e+01
2.055000e+01 2.119500e+01 2.082173e+01 2.079034e+01 2.055500e+01 2.120000e+01 2.082091e+01 2.079188e+01
2.055500e+01 2.120000e+01 2.082091e+01 2.079188e+01 2.056000e+01 2.120500e+01 2.081996e+01 2.079349e+01
2.103500e+01 2.120000e+01 2.080240e+01 2.077686e+01 2.103000e+01 2.120500e+01 2.080349e+01 2.077892e+01
2.103500e+01 2.120000e+01 2.080240e+01 2.077686e+01 2.104500e+01 2.120000e+01 2.080449e+01 2.078100e+01
2.105000e+01 2.119500e+01 2.080353e+01 2.077913e+01 2.104500e+01 2.120000e+01 2.080449e+01 2.078100e+01
2.056000e+01 2.120500e+01 2.081996e+01 2.079349e+01 2.056500e+01 2.121000e+01 2.081907e+01 2.079521e+01
2.056500e+01 2.121000e+01 2.081907e+01 2.079521e+01 2.057000e+01 2.121500e+01 2.081806e+01 2.079700e+01
2.101500e+01 2.121000e+01 2.080271e+01 2.077724e+01 2.101000e+01 2.121500e+01 2.080381e+01 2.077962e+01
2.101500e+01 2.121000e+01 2.080271e+01 2.077724e+01 2.102500e+01 2.121000e+01 2.080448e+01 2.078110e+01
2.103000e+01 2.120500e+01 2.080349e+01 2.077892e+01 2.102500e+01 2.121000e+01 2.080448e+01 2.078110e+01
2.057000e+01 2.121500e+01 2.081806e+01 2.079700e+01 2.057500e+01 2.122000e+01 2.081712e+01 2.079891e+01
2.057500e+01 2.122000e+01 2.081712e+01 2.079891e+01 2.058000e+01 2.122500e+01 2.081607e+01 2.080090e+01
2.098500e+01 2.122000e+01 2.080204e+01 2.077512e+01 2.098000e+01 2.122500e+01 2.080314e+01 2.077791e+01
2.098500e+01 2.122000e+01 2.080204e+01 2.077512e+01 2.099500e+01 2.122000e+01 2.080332e+01 2.077856e+01
2.099500e+01 2.122000e+01 2.080332e+01 2.077856e+01 2.100500e+01 2.122000e+01 2.080480e+01 2.078211e+01
2.101000e+01 2.121500e+01 2.080381e+01 2.077962e+01 2.100500e+01 2.122000e+01 2.080480e+01 2.078211e+01
2.058000e+01 2.122500e+01 2.081607e+01 2.080090e+01 2.058500e+01 2.123000e+01 2.081510e+01 2.080300e+01
2.058500e+01 2.123000e+01 2.081510e+01 2.080300e+01 2.059000e+01 2.123500e+01 2.081404e+01 2.080518e+01
2.096500e+01 2.123000e+01 2.080311e+01 2.077770e+01 2.096000e+01 2.123500e+01 2.080417e+01 2.078080e+01
2.096500e+01 2.123000e+01 2.080311e+01 2.077770e+01 2.097500e+01 2.123000e+01 2.080415e+01 2.078080e+01
2.098000e+01 2.122500e+01 2.080314e+01 2.077791e+01 2.097500e+01 2.123000e+01 2.080415e+01 2.078080e+01
2.059000e+01 2.123500e+01 2.081404e+01 2.080518e+01 2.059500e+01 2.124000e+01 2.081306e+01 2.080747e+01
2.059500e+01 2.124000e+01 2.081306e+01 2.080747e+01 2.060500e+01 2.124000e+01 2.081476e+01 2.080363e+01
2.060500e+01 2.124000e+01 2.081476e+01 2.080363e+01 2.061000e+01 2.124500e+01 2.081362e+01 2.080610e+01
2.094500e+01 2.124000e+01 2.080431e+01 2.078122e+01 2.094000e+01 2.124500e+01 2.080529e+01 2.078462e+01
2.094500e+01 2.124000e+01 2.080431e+01 2.078122e+01 2.095500e+01 2.124000e+01 2.080512e+01 2.078398e+01
2.096000e+01 2.123500e+01 2.080417e+01 2.078080e+01 2.095500e+01 2.124000e+01 2.080512e+01 2.078398e+01
2.061000e+01 2.124500e+01 2.081362e+01 2.080610e+01 2.061500e+01 2.125000e+01 2.081257e+01 2.080869e+01
2.061500e+01 2.125000e+01 2.081257e+01 2.080869e+01 2.062000e+01 2.125500e+01 2.081145e+01 2.081137e+01
2.092500e+01 2.125000e+01 2.080555e+01 2.078569e+01 2.092000e+01 2.125500e+01 2.080644e+01 2.078938e+01
2.092500e+01 2.125000e+01 2.080555e+01 2.078569e+01 2.093500e+01 2.125000e+01 2.080618e+01 2.078810e+01
2.094000e+01 2.124500e+01 2.080529e+01 2.078462e+01 2.093500e+01 2.125000e+01 2.080618e+01 2.078810e+01
2.062000e+01 2.125500e+01 2.081145e+01 2.081137e+01 2.062500e+01 2.126000e+01 2.081043e+01 2.081416e+01
2.062500e+01 2.126000e+01 2.081043e+01 2.081416e+01 2.063500e+01 2.126000e+01 2.081164e+01 2.081082e+01
2.063500e+01 2.126000e+01 2.081164e+01 2.081082e+01 2.064000e+01 2.126500e+01 2.081052e+01 2.081382e+01
2.089500e+01 2.126000e+01 2.080643e+01 2.078922e+01 2.089000e+01 2.126500e+01 2.080720e+01 2.079331e+01
2.089500e+01 2.126000e+01 2.080643e+01 2.078922e+01 2.090500e+01 2.126000e+01 2.080676e+01 2.079110e+01
2.090500e+01 2.126000e+01 2.080676e+01 2.079110e+01 2.091500e+01 2.126000e+01 2.080723e+01 2.079314e+01
2.092000e+01 2.125500e+01 2.080644e+01 2.078938e+01 2.091500e+01 2.126000e+01 2.080723e+01 2.079314e+01
2.064000e+01 2.126500e+01 2.081052e+01 2.081382e+01 2.064500e+01 2.127000e+01 2.080952e+01 2.081692e+01
2.064500e+01 2.127000e+01 2.080952e+01 2.081692e+01 2.065500e+01 2.127000e+01 2.081044e+01 2.081393e+01
2.065500e+01 2.127000e+01 2.081044e+01 2.081393e+01 2.066000e+01 2.127500e+01 2.080938e+01 2.081725e+01
2.087500e+01 2.127000e+01 2.080763e+01 2.079597e+01 2.087000e+01 2.127500e+01 2.080823e+01 2.080035e+01
2.087500e+01 2.127000e+01 2.080763e+01 2.079597e+01 2.088500e+01 2.127000e+01 2.080785e+01 2.079747e+01
2.089000e+01 2.126500e+01 2.080720e+01 2.079331e+01 2.088500e+01 2.127000e+01 2.080785e+01 2.079747e+01
2.066000e+01 2.127500e+01 2.080938e+01 2.081725e+01 2.066500e+01 2.128000e+01 2.080844e+01 2.082067e+01
2.066500e+01 2.128000e+01 2.080844e+01 2.082067e+01 2.067500e+01 2.128000e+01 2.080915e+01 2.081806e+01
2.067500e+01 2.128000e+01 2.080915e+01 2.081806e+01 2.068500e+01 2.128000e+01 2.080970e+01 2.081561e+01
2.068500e+01 2.128000e+01 2.080970e+01 2.081561e+01 2.069000e+01 2.128500e+01 2.080876e+01 2.081938e+01
2.083500e+01 2.128000e+01 2.080848e+01 2.080204e+01 2.083000e+01 2.128500e+01 2.080879e+01 2.080690e+01
2.083500e+01 2.128000e+01 2.080848e+01 2.080204e+01 2.084500e+01 2.128000e+01 2.080847e+01 2.080276e+01
2.084500e+01 2.128000e+01 2.080847e+01 2.080276e+01 2.085500e+01 2.128000e+01 2.080855e+01 2.080367e+01
2.085500e+01 2.128000e+01 2.080855e+01 2.080367e+01 2.086500e+01 2.128000e+01 2.080873e+01 2.080477e+01
2.087000e+01 2.127500e+01 2.080823e+01 2.080035e+01 2.086500e+01 2.128000e+01 2.080873e+01 2.080477e+01
2.069000e+01 2.128500e+01 2.080876e+01 2.081938e+01 2.069500e+01 2.129000e+01 2.080794e+01 2.082322e+01
2.069500e+01 2.129000e+01 2.080794e+01 2.082322e+01 2.070500e+01 2.129000e+01 2.080838e+01 2.082118e+01
2.070500e+01 2.129000e+01 2.080838e+01 2.082118e+01 2.071500e+01 2.129000e+01 2.080871e+01 2.081932e+01
2.071500e+01 2.129000e+01 2.080871e+01 2.081932e+01 2.072500e+01 2.129000e+01 2.080894e+01 2.081765e+01
2.072500e+01 2.129000e+01 2.080894e+01 2.081765e+01 2.073500e+01 2.129000e+01 2.080908e+01 2.081616e+01
2.073500e+01 2.129000e+01 2.080908e+01 2.081616e+01 2.074500e+01 2.129000e+01 2.080915e+01 2.081487e+01
2.074500e+01 2.129000e+01 2.080915e+01 2.081487e+01 2.075000e+01 2.129500e+01 2.080861e+01 2.081944e+01
2.076500e+01 2.129000e+01 2.080914e+01 2.081289e+01 2.076000e+01 2.129500e+01 2.080871e+01 2.081847e+01
2.076500e+01 2.129000e+01 2.080914e+01 2.081289e+01 2.077500e+01 2.129000e+01 2.080909e+01 2.081220e+01
2.077500e+01 2.129000e+01 2.080909e+01 2.081220e+01 2.078500e+01 2.129000e+01 2.080903e+01 2.081172e+01
2.078500e+01 2.129000e+01 2.080903e+01 2.081172e+01 2.079500e+01 2.129000e+01 2.080897e+01 2.081144e+01
2.079500e+01 2.129000e+01 2.080897e+01 2.081144e+01 2.080500e+01 2.129000e+01 2.080894e+01 2.081136e+01
2.080500e+01 2.129000e+01 2.080894e+01 2.081136e+01 2.081500e+01 2.129000e+01 2.080894e+01 2.081148e+01
2.081500e+01 2.129000e+01 2.080894e+01 2.081148e+01 2.082500e+01 2.129000e+01 2.080899e+01 2.081179e+01
2.083000e+01 2.128500e+01 2.080879e+01 2.080690e+01 2.082500e+01 2.129000e+01 2.080899e+01 2.081179e+01
2.075000e+01 2.129500e+01 2.080861e+01 2.081944e+01 2.075500e+01 2.130000e+01 2.080819e+01 2.082405e+01
2.076000e+01 2.129500e+01 2.080871e+01 2.081847e+01 2.075500e+01 2.130000e+01 2.080819e+01 2.082405e+01
2.083392e+01 2.083845e+01 2.072149e+01 2.084230e+01 2.083392e+01 2.083845e+01 2.069528e+01 2.091387e+01
2.083392e+01 2.083845e+01 2.069528e+01 2.091387e+01 2.083392e+01 2.083845e+01 2.066396e+01 2.094851e+01
2.083392e+01 2.083845e+01 2.066396e+01 2.094851e+01 2.083392e+01 2.083845e+01 2.063566e+01 2.094305e+01
2.083392e+01 2.083845e+01 2.063566e+01 2.094305e+01 2.083392e+01 2.083845e+01 2.061838e+01 2.089891e+01
2.083392e+01 2.083845e+01 2.061838e+01 2.089891e+01 2.083392e+01 2.083845e+01 2.061865e+01 2.082187e+01
2.083392e+01 2.083845e+01 2.090296e+01 2.032226e+01 2.083392e+01 2.083845e+01 2.097602e+01 2.027462e+01
2.083392e+01 2.083845e+01 2.097602e+01 2.027462e+01 2.083392e+01 2.083845e+01 2.103200e+01 2.025821e+01
2.083392e+01 2.083845e+01 2.103200e+01 2.025821e+01 2.083392e+01 2.083845e+01 2.106186e+01 2.027139e+01
2.083392e+01 2.083845e+01 2.106186e+01 2.027139e+01 2.083392e+01 2.083845e+01 2.105932e+01 2.030890e+01
2.083392e+01 2.083845e+01 2.105932e+01 2.030890e+01 2.083392e+01 2.083845e+01 2.102181e+01 2.036276e+01
2.083392e+01 2.083845e+01 2.102181e+01 2.036276e+01 2.083392e+01 2.083845e+01 2.095106e+01 2.042348e+01
2.083392e+01 2.083845e+01 2.095106e+01 2.042348e+01 2.083392e+01 2.083845e+01 2.085296e+01 2.048154e+01
2.083392e+01 2.083845e+01 2.085296e+01 2.048154e+01 2.083392e+01 2.083845e+01 2.073707e+01 2.052873e+01
2.083392e+01 2.083845e+01 2.073707e+01 2.052873e+01 2.083392e+01 2.083845e+01 2.061543e+01 2.055928e+01
2.083392e+01 2.083845e+01 2.061543e+01 2.055928e+01 2.083392e+01 2.083845e+01 2.050118e+01 2.057064e+01
2.083392e+01 2.083845e+01 2.050118e+01 2.057064e+01 2.083392e+01 2.083845e+01 2.040692e+01 2.056371e+01
2.083392e+01 2.083845e+01 2.040692e+01 2.056371e+01 2.083392e+01 2.083845e+01 2.034318e+01 2.054260e+01
2.083392e+01 2.083845e+01 2.034318e+01 2.054260e+01 2.083392e+01 2.083845e+01 2.031710e+01 2.051391e+01
2.083392e+01 2.083845e+01 2.031710e+01 2.051391e+01 2.083392e+01 2.083845e+01 2.033152e+01 2.048556e+01
2.083392e+01 2.083845e+01 2.033152e+01 2.048556e+01 2.083392e+01 2.083845e+01 2.038465e+01 2.046555e+01
2.083392e+01 2.083845e+01 2.038465e+01 2.046555e+01 2.083392e+01 2.083845e+01 2.047035e+01 2.046058e+01
2.083392e+01 2.083845e+01 2.047035e+01 2.046058e+01 2.083392e+01 2.083845e+01 2.057884e+01 2.047494e+01
2.083392e+01 2.083845e+01 2.099545e+01 2.069646e+01 2.083392e+01 2.083845e+01 2.104255e+01 2.075942e+01
2.083392e+01 2.083845e+01 2.104255e+01 2.075942e+01 2.083392e+01 2.083845e+01 2.105619e+01 2.080647e+01
2.083392e+01 2.083845e+01 2.105619e+01 2.080647e+01 2.083392e+01 2.083845e+01 2.103807e+01 2.082897e+01
2.083392e+01 2.083845e+01 2.103807e+01 2.082897e+01 2.083392e+01 2.083845e+01 2.099367e+01 2.082092e+01
2.083392e+01 2.083845e+01 2.099367e+01 2.082092e+01 2.083392e+01 2.083845e+01 2.093132e+01 2.077994e+01
2.083392e+01 2.083845e+01 2.093132e+01 2.077994e+01 2.083392e+01 2.083845e+01 2.086095e+01 2.070778e+01
2.083392e+01 2.083845e+01 2.086095e+01 2.070778e+01 2.083392e+01 2.083845e+01 2.079265e+01 2.061031e+01
2.083392e+01 2.083845e+01 2.079265e+01 2.061031e+01 2.083392e+01 2.083845e+01 2.073526e+01 2.049689e+01
2.083392e+01 2.083845e+01 2.073526e+01 2.049689e+01 2.083392e+01 2.083845e+01 2.069518e+01 2.037935e+01
2.083392e+01 2.083845e+01 2.069518e+01 2.037935e+01 2.083392e+01 2.083845e+01 2.067559e+01 2.027056e+01
2.083392e+01 2.083845e+01 2.067559e+01 2.027056e+01 2.083392e+01 2.083845e+01 2.067611e+01 2.018281e+01
2.083392e+01 2.083845e+01 2.067611e+01 2.018281e+01 2.083392e+01 2.083845e+01 2.069305e+01 2.012629e+01
2.083392e+01 2.083845e+01 2.069305e+01 2.012629e+01 2.083392e+01 2.083845e+01 2.072010e+01 2.010778e+01
2.083392e+01 2.083845e+01 2.072010e+01 2.010778e+01 2.083392e+01 2.083845e+01 2.074942e+01 2.012979e+01
2.083392e+01 2.083845e+01 2.074942e+01 2.012979e+01 2.083392e+01 2.083845e+01 2.075002e+01 2.051809e+01
2.083392e+01 2.083845e+01 2.075002e+01 2.051809e+01 2.083392e+01 2.083845e+01 2.076803e+01 2.039397e+01
2.083392e+01 2.083845e+01 2.076803e+01 2.039397e+01 2.083392e+01 2.083845e+01 2.080064e+01 2.028524e+01
2.083392e+01 2.083845e+01 2.080064e+01 2.028524e+01 2.083392e+01 2.083845e+01 2.084206e+01 2.020299e+01
2.083392e+01 2.083845e+01 2.084206e+01 2.020299e+01 2.083392e+01 2.083845e+01 2.088441e+01 2.015507e+01
2.083392e+01 2.083845e+01 2.088441e+01 2.015507e+01 2.083392e+01 2.083845e+01 2.091893e+01 2.014519e+01
2.083392e+01 2.083845e+01 2.091893e+01 2.014519e+01 2.083392e+01 2.083845e+01 2.093730e+01 2.017256e+01
2.083392e+01 2.083845e+01 2.093730e+01 2.017256e+01 2.083392e+01 2.083845e+01 2.093304e+01 2.023213e+01
2.083392e+01 2.083845e+01 2.093304e+01 2.023213e+01 2.083392e+01 2.083845e+01 2.090254e+01 2.031536e+01
2.083392e+01 2.083845e+01 2.057416e+01 2.066427e+01 2.083392e+01 2.083845e+01 2.048208e+01 2.070818e+01
2.083392e+01 2.083845e+01 2.048208e+01 2.070818e+01 2.083392e+01 2.083845e+01 2.040817e+01 2.072547e+01
2.083392e+01 2.083845e+01 2.040817e+01 2.072547e+01 2.083392e+01 2.083845e+01 2.036236e+01 2.071793e+01
2.083392e+01 2.083845e+01 2.036236e+01 2.071793e+01 2.083392e+01 2.083845e+01 2.035165e+01 2.069064e+01
2.083392e+01 2.083845e+01 2.035165e+01 2.069064e+01 2.083392e+01 2.083845e+01 2.037912e+01 2.065113e+01
2.083392e+01 2.083845e+01 2.037912e+01 2.065113e+01 2.083392e+01 2.083845e+01 2.044341e+01 2.060809e+01
2.083392e+01 2.083845e+01 2.044341e+01 2.060809e+01 2.083392e+01 2.083845e+01 2.053876e+01 2.057003e+01
2.083392e+01 2.083845e+01 2.053876e+01 2.057003e+01 2.083392e+01 2.083845e+01 2.065562e+01 2.054394e+01
2.083392e+01 2.083845e+01 2.065562e+01 2.054394e+01 2.083392e+01 2.083845e+01 2.078180e+01 2.053426e+01
2.083392e+01 2.083845e+01 2.078180e+01 2.053426e+01 2.083392e+01 2.083845e+01 2.090388e+01 2.054221e+01
2.083392e+01 2.083845e+01 2.090388e+01 2.054221e+01 2.083392e+01 2.083845e+01 2.100887e+01 2.056565e+01
2.083392e+01 2.083845e+01 2.100887e+01 2.056565e+01 2.083392e+01 2.083845e+01 2.108579e+01 2.059938e+01
2.083392e+01 2.083845e+01 2.108579e+01 2.059938e+01 2.083392e+01 2.083845e+01 2.112696e+01 2.063604e+01
2.083392e+01 2.083845e+01 2.112696e+01 2.063604e+01 2.083392e+01 2.083845e+01 2.112891e+01 2.066721e+01
2.083392e+01 2.083845e+01 2.112891e+01 2.066721e+01 2.083392e+01 2.083845e+01 2.109273e+01 2.068478e+01
2.083392e+01 2.083845e+01 2.109273e+01 2.068478e+01 2.083392e+01 2.083845e+01 2.102384e+01 2.068228e+01
2.083392e+01 2.083845e+01 2.102384e+01 2.068228e+01 2.083392e+01 2.083845e+01 2.093121e+01 2.065598e+01
2.083392e+01 2.083845e+01 2.050636e+01 2.027961e+01 2.083392e+01 2.083845e+01 2.048852e+01 2.021562e+01
2.083392e+01 2.083845e+01 2.048852e+01 2.021562e+01 2.083392e+01 2.083845e+01 2.049802e+01 2.017896e+01
2.083392e+01 2.083845e+01 2.049802e+01 2.017896e+01 2.083392e+01 2.083845e+01 2.052973e+01 2.017624e+01
2.083392e+01 2.083845e+01 2.052973e+01 2.017624e+01 2.083392e+01 2.083845e+01 2.057592e+01 2.021025e+01
2.083392e+01 2.083845e+01 2.057592e+01 2.021025e+01 2.083392e+01 2.083845e+01 2.062755e+01 2.027942e+01
2.083392e+01 2.083845e+01 2.062755e+01 2.027942e+01 2.083392e+01 2.083845e+01 2.067562e+01 2.037784e+01
2.083392e+01 2.083845e+01 2.067562e+01 2.037784e+01 2.083392e+01 2.083845e+01 2.071253e+01 2.049593e+01
2.083392e+01 2.083845e+01 2.071253e+01 2.049593e+01 2.083392e+01 2.083845e+01 2.073318e+01 2.062151e+01
2.083392e+01 2.083845e+01 2.073318e+01 2.062151e+01 2.083392e+01 2.083845e+01 2.073566e+01 2.074125e+01
2.083392e+01 2.083845e+01 2.073566e+01 2.074125e+01 2.083392e+01 2.083845e+01 2.072149e+01 2.084230e+01
