3.000000e-02 1.515969e+01
3.077000e-02 1.474823e+01
3.154000e-02 1.445230e+01
3.231000e-02 1.427087e+01
3.308000e-02 1.424417e+01
3.385000e-02 1.436871e+01
3.462000e-02 1.354259e+01
3.539000e-02 1.311597e+01
3.616000e-02 1.279327e+01
3.693000e-02 1.254013e+01
3.770000e-02 1.231964e+01
3.847000e-02 1.215025e+01
3.924000e-02 1.204226e+01
4.001000e-02 1.205844e+01
4.078000e-02 1.220089e+01
4.155000e-02 1.153791e+01
4.232000e-02 1.119693e+01
4.309000e-02 1.094287e+01
4.386000e-02 1.071999e+01
4.463000e-02 1.052037e+01
4.540000e-02 1.034799e+01
4.617000e-02 1.019508e+01
4.694000e-02 1.006099e+01
4.771000e-02 9.947146e+00
4.848000e-02 9.857078e+00
4.925000e-02 9.807742e+00
5.002000e-02 9.853331e+00
5.079000e-02 9.909681e+00
5.156000e-02 9.469904e+00
5.233000e-02 9.228592e+00
5.310000e-02 9.030116e+00
5.387000e-02 8.864072e+00
5.464000e-02 8.715932e+00
5.541000e-02 8.580741e+00
5.618000e-02 8.455956e+00
5.695000e-02 8.338997e+00
5.772000e-02 8.231109e+00
5.849000e-02 8.130483e+00
5.926000e-02 8.036831e+00
6.003000e-02 7.953120e+00
6.080000e-02 7.870540e+00
6.157000e-02 7.801734e+00
6.234000e-02 7.736477e+00
6.311000e-02 7.548334e+00
6.388000e-02 7.656771e+00
6.465000e-02 7.670340e+00
6.542000e-02 7.899027e+00
6.619000e-02 7.541930e+00
6.696000e-02 7.347434e+00
6.773000e-02 7.207374e+00
6.850000e-02 7.088726e+00
6.927000e-02 6.983889e+00
7.004000e-02 6.887864e+00
7.081000e-02 6.798438e+00
7.158000e-02 6.714380e+00
7.235000e-02 6.634774e+00
7.312000e-02 6.559027e+00
7.389000e-02 6.486708e+00
7.466000e-02 6.417464e+00
7.543000e-02 6.351083e+00
7.620000e-02 6.287374e+00
7.697000e-02 6.226173e+00
7.774000e-02 6.169541e+00
7.851000e-02 6.112138e+00
7.928000e-02 6.057991e+00
8.005000e-02 6.005881e+00
8.082000e-02 5.956006e+00
8.159000e-02 5.908405e+00
8.236000e-02 5.863132e+00
8.313000e-02 5.824230e+00
8.390000e-02 5.784164e+00
8.467000e-02 5.747215e+00
8.544000e-02 5.713402e+00
8.621000e-02 5.681953e+00
8.698000e-02 5.660868e+00
8.775000e-02 5.651017e+00
8.852000e-02 5.667280e+00
8.929000e-02 5.847935e+00
9.006000e-02 5.597299e+00
9.083000e-02 5.480059e+00
9.160000e-02 5.395963e+00
9.237000e-02 5.325293e+00
9.314000e-02 5.262280e+00
9.391000e-02 5.204309e+00
9.468000e-02 5.150052e+00
9.545000e-02 5.098693e+00
9.622000e-02 5.049682e+00
9.699000e-02 5.002731e+00
9.776000e-02 4.957504e+00
9.853000e-02 4.913819e+00
9.930000e-02 4.873109e+00
1.000700e-01 4.830480e+00
1.008400e-01 4.790627e+00
1.016100e-01 4.752768e+00
1.023800e-01 4.714943e+00
1.031500e-01 4.678078e+00
1.039200e-01 4.642121e+00
1.046900e-01 4.607027e+00
1.054600e-01 4.572757e+00
1.062300e-01 4.539277e+00
1.070000e-01 4.506555e+00
1.077700e-01 4.474565e+00
1.085400e-01 4.443282e+00
1.093100e-01 4.412686e+00
1.100800e-01 4.382758e+00
1.108500e-01 4.353022e+00
1.116200e-01 4.324377e+00
1.123900e-01 4.296386e+00
1.131600e-01 4.269007e+00
1.139300e-01 4.244670e+00
1.147000e-01 4.218427e+00
1.154700e-01 4.192776e+00
1.162400e-01 4.167716e+00
1.170100e-01 4.141108e+00
1.177800e-01 4.117325e+00
1.185500e-01 4.094155e+00
1.193200e-01 4.071612e+00
1.200900e-01 4.049695e+00
1.208600e-01 4.028476e+00
1.216300e-01 4.007971e+00
1.224000e-01 3.988241e+00
1.231700e-01 3.969338e+00
1.239400e-01 3.951364e+00
1.247100e-01 3.934453e+00
1.254800e-01 3.918797e+00
1.262500e-01 3.904684e+00
1.270200e-01 3.892581e+00
1.277900e-01 3.883302e+00
1.285600e-01 3.878249e+00
1.293300e-01 3.881229e+00
1.301000e-01 3.905072e+00
1.308700e-01 3.965857e+00
1.316400e-01 3.840037e+00
1.324100e-01 3.784390e+00
1.331800e-01 3.742371e+00
1.339500e-01 3.706575e+00
1.347200e-01 3.674401e+00
1.354900e-01 3.645679e+00
1.362600e-01 3.616704e+00
1.370300e-01 3.590113e+00
1.378000e-01 3.565257e+00
1.385700e-01 3.540680e+00
1.393400e-01 3.516899e+00
1.401100e-01 3.493815e+00
1.408800e-01 3.471336e+00
1.416500e-01 3.449433e+00
1.424200e-01 3.428035e+00
1.431900e-01 3.407104e+00
1.439600e-01 3.386604e+00
1.447300e-01 3.366508e+00
1.455000e-01 3.346791e+00
1.462700e-01 3.327432e+00
1.470400e-01 3.308411e+00
1.478100e-01 3.289713e+00
1.485800e-01 3.271327e+00
1.493500e-01 3.253229e+00
1.501200e-01 3.235414e+00
1.508900e-01 3.217575e+00
1.516600e-01 3.200306e+00
1.524300e-01 3.183289e+00
1.532000e-01 3.166594e+00
1.539700e-01 3.150060e+00
1.547400e-01 3.134632e+00
1.555100e-01 3.117674e+00
1.562800e-01 3.101808e+00
1.570500e-01 3.086162e+00
1.578200e-01 3.070713e+00
1.585900e-01 3.055465e+00
1.593600e-01 3.040413e+00
1.601300e-01 3.025551e+00
1.609000e-01 3.010876e+00
1.616700e-01 2.996384e+00
1.624400e-01 2.982071e+00
1.632100e-01 2.967902e+00
1.639800e-01 2.953938e+00
1.647500e-01 2.940142e+00
1.655200e-01 2.926510e+00
1.662900e-01 2.914469e+00
1.670600e-01 2.901134e+00
1.678300e-01 2.887954e+00
1.686000e-01 2.874925e+00
1.693700e-01 2.861919e+00
1.701400e-01 2.849185e+00
1.709100e-01 2.836596e+00
1.716800e-01 2.822925e+00
1.724500e-01 2.810654e+00
1.732200e-01 2.798522e+00
1.739900e-01 2.786532e+00
1.747600e-01 2.774675e+00
1.755300e-01 2.762953e+00
1.763000e-01 2.751364e+00
1.770700e-01 2.739907e+00
1.778400e-01 2.728580e+00
1.786100e-01 2.717381e+00
1.793800e-01 2.706307e+00
1.801500e-01 2.695362e+00
1.809200e-01 2.684542e+00
1.816900e-01 2.673849e+00
1.824600e-01 2.663277e+00
1.832300e-01 2.652828e+00
1.840000e-01 2.642501e+00
1.847700e-01 2.632295e+00
1.855400e-01 2.622211e+00
1.863100e-01 2.612247e+00
1.870800e-01 2.602405e+00
1.878500e-01 2.592683e+00
1.886200e-01 2.583082e+00
1.893900e-01 2.573603e+00
1.901600e-01 2.564246e+00
1.909300e-01 2.555012e+00
1.917000e-01 2.545907e+00
1.924700e-01 2.536919e+00
1.932400e-01 2.528060e+00
1.940100e-01 2.519329e+00
1.947800e-01 2.510742e+00
1.955500e-01 2.502283e+00
1.963200e-01 2.493964e+00
1.970900e-01 2.485788e+00
1.978600e-01 2.478369e+00
1.986300e-01 2.470476e+00
1.994000e-01 2.462193e+00
2.001700e-01 2.454664e+00
2.009400e-01 2.447320e+00
2.017100e-01 2.440536e+00
2.024800e-01 2.433601e+00
2.032500e-01 2.426909e+00
2.040200e-01 2.395759e+00
2.047900e-01 2.414377e+00
2.055600e-01 2.408627e+00
2.063300e-01 2.403309e+00
2.071000e-01 2.398530e+00
2.078700e-01 2.394442e+00
2.086400e-01 2.391200e+00
2.094100e-01 2.389313e+00
2.101800e-01 2.389492e+00
2.109500e-01 2.393544e+00
2.117200e-01 2.407982e+00
2.124900e-01 2.439580e+00
2.132600e-01 2.380228e+00
2.140300e-01 2.354938e+00
2.148000e-01 2.336299e+00
2.155700e-01 2.320639e+00
2.163400e-01 2.306695e+00
2.171100e-01 2.293895e+00
2.178800e-01 2.281902e+00
2.186500e-01 2.270524e+00
2.194200e-01 2.259631e+00
2.201900e-01 2.248959e+00
2.209600e-01 2.238804e+00
2.217300e-01 2.228929e+00
2.225000e-01 2.219303e+00
2.232700e-01 2.209898e+00
2.240400e-01 2.200689e+00
2.248100e-01 2.191657e+00
2.255800e-01 2.182792e+00
2.263500e-01 2.174073e+00
2.271200e-01 2.165492e+00
2.278900e-01 2.157041e+00
2.286600e-01 2.148704e+00
2.294300e-01 2.140489e+00
2.302000e-01 2.132382e+00
2.309700e-01 2.124378e+00
2.317400e-01 2.116470e+00
2.325100e-01 2.108656e+00
2.332800e-01 2.100931e+00
2.340500e-01 2.093291e+00
2.348200e-01 2.085734e+00
2.355900e-01 2.078257e+00
2.363600e-01 2.070856e+00
2.371300e-01 2.063530e+00
2.379000e-01 2.056276e+00
2.386700e-01 2.049084e+00
2.394400e-01 2.041969e+00
2.402100e-01 2.034920e+00
2.409800e-01 2.027938e+00
2.417500e-01 2.021016e+00
2.425200e-01 2.014155e+00
2.432900e-01 2.007355e+00
2.440600e-01 2.000613e+00
2.448300e-01 1.993929e+00
2.456000e-01 1.987301e+00
2.463700e-01 1.980728e+00
2.471400e-01 1.974210e+00
2.479100e-01 1.967744e+00
2.486800e-01 1.961330e+00
2.494500e-01 1.954968e+00
2.502200e-01 1.948658e+00
2.509900e-01 1.942847e+00
2.517600e-01 1.936595e+00
2.525300e-01 1.930013e+00
2.533000e-01 1.923893e+00
2.540700e-01 1.917819e+00
2.548400e-01 1.911790e+00
2.556100e-01 1.905806e+00
2.563800e-01 1.899866e+00
2.571500e-01 1.893969e+00
2.579200e-01 1.888116e+00
2.586900e-01 1.882304e+00
2.594600e-01 1.876534e+00
2.602300e-01 1.870805e+00
2.610000e-01 1.865116e+00
2.617700e-01 1.859467e+00
2.625400e-01 1.853858e+00
2.633100e-01 1.848288e+00
2.640800e-01 1.842756e+00
2.648500e-01 1.837253e+00
2.656200e-01 1.831797e+00
2.663900e-01 1.826378e+00
2.671600e-01 1.820995e+00
2.679300e-01 1.815648e+00
2.687000e-01 1.810337e+00
2.694700e-01 1.805776e+00
2.702400e-01 1.800528e+00
2.710100e-01 1.795313e+00
2.717800e-01 1.790133e+00
2.725500e-01 1.784985e+00
2.733200e-01 1.779871e+00
2.740900e-01 1.774789e+00
2.748600e-01 1.769739e+00
2.756300e-01 1.764722e+00
2.764000e-01 1.759736e+00
2.771700e-01 1.754781e+00
2.779400e-01 1.749238e+00
2.787100e-01 1.744355e+00
2.794800e-01 1.739503e+00
2.802500e-01 1.734681e+00
2.810200e-01 1.729889e+00
2.817900e-01 1.725128e+00
2.825600e-01 1.720395e+00
2.833300e-01 1.715691e+00
2.841000e-01 1.711015e+00
2.848700e-01 1.706368e+00
2.856400e-01 1.701749e+00
2.864100e-01 1.697158e+00
2.871800e-01 1.692594e+00
2.879500e-01 1.688058e+00
2.887200e-01 1.683549e+00
2.894900e-01 1.679067e+00
2.902600e-01 1.674612e+00
2.910300e-01 1.670183e+00
2.918000e-01 1.665780e+00
2.925700e-01 1.661403e+00
2.933400e-01 1.657051e+00
2.941100e-01 1.652725e+00
2.948800e-01 1.648425e+00
2.956500e-01 1.644149e+00
2.964200e-01 1.639898e+00
2.971900e-01 1.635672e+00
2.979600e-01 1.631470e+00
2.987300e-01 1.627292e+00
2.995000e-01 1.623138e+00
3.002700e-01 1.619007e+00
3.010400e-01 1.614901e+00
3.018100e-01 1.610817e+00
3.025800e-01 1.606757e+00
3.033500e-01 1.602722e+00
3.041200e-01 1.598708e+00
3.048900e-01 1.594716e+00
3.056600e-01 1.590746e+00
3.064300e-01 1.586799e+00
3.072000e-01 1.582873e+00
3.079700e-01 1.578970e+00
3.087400e-01 1.575088e+00
3.095100e-01 1.571228e+00
3.102800e-01 1.567389e+00
3.110500e-01 1.563571e+00
3.118200e-01 1.559774e+00
3.125900e-01 1.555998e+00
3.133600e-01 1.552243e+00
3.141300e-01 1.548508e+00
3.149000e-01 1.544794e+00
3.156700e-01 1.541100e+00
3.164400e-01 1.537426e+00
3.172100e-01 1.533772e+00
3.179800e-01 1.530138e+00
3.187500e-01 1.526523e+00
3.195200e-01 1.522928e+00
3.202900e-01 1.519352e+00
3.210600e-01 1.516098e+00
3.218300e-01 1.512553e+00
3.226000e-01 1.509027e+00
3.233700e-01 1.505242e+00
3.241400e-01 1.501761e+00
3.249100e-01 1.498299e+00
3.256800e-01 1.494855e+00
3.264500e-01 1.491429e+00
3.272200e-01 1.488202e+00
3.279900e-01 1.484809e+00
3.287600e-01 1.481435e+00
3.295300e-01 1.478078e+00
3.303000e-01 1.474739e+00
3.310700e-01 1.471418e+00
3.318400e-01 1.468114e+00
3.326100e-01 1.464828e+00
3.333800e-01 1.461559e+00
3.341500e-01 1.458308e+00
3.349200e-01 1.455074e+00
3.356900e-01 1.451857e+00
3.364600e-01 1.448656e+00
3.372300e-01 1.445473e+00
3.380000e-01 1.442307e+00
3.387700e-01 1.439157e+00
3.395400e-01 1.436024e+00
3.403100e-01 1.432908e+00
3.410800e-01 1.429807e+00
3.418500e-01 1.426724e+00
3.426200e-01 1.423656e+00
3.433900e-01 1.420605e+00
3.441600e-01 1.417569e+00
3.449300e-01 1.414550e+00
3.457000e-01 1.411547e+00
3.464700e-01 1.408558e+00
3.472400e-01 1.405586e+00
3.480100e-01 1.402630e+00
3.487800e-01 1.399690e+00
3.495500e-01 1.396766e+00
3.503200e-01 1.393857e+00
3.510900e-01 1.390963e+00
3.518600e-01 1.388085e+00
3.526300e-01 1.385223e+00
3.534000e-01 1.382375e+00
3.541700e-01 1.379544e+00
3.549400e-01 1.376727e+00
3.557100e-01 1.373926e+00
3.564800e-01 1.371139e+00
3.572500e-01 1.368368e+00
3.580200e-01 1.365526e+00
3.587900e-01 1.362787e+00
3.595600e-01 1.360063e+00
3.603300e-01 1.357353e+00
3.611000e-01 1.354659e+00
3.618700e-01 1.351980e+00
3.626400e-01 1.349316e+00
3.634100e-01 1.346667e+00
3.641800e-01 1.344033e+00
3.649500e-01 1.341414e+00
3.657200e-01 1.338811e+00
3.664900e-01 1.336222e+00
3.672600e-01 1.333648e+00
3.680300e-01 1.331090e+00
3.688000e-01 1.328547e+00
3.695700e-01 1.326019e+00
3.703400e-01 1.323506e+00
3.711100e-01 1.321009e+00
3.718800e-01 1.318527e+00
3.726500e-01 1.316061e+00
3.734200e-01 1.313610e+00
3.741900e-01 1.311175e+00
3.749600e-01 1.308756e+00
3.757300e-01 1.306353e+00
3.765000e-01 1.303966e+00
3.772700e-01 1.301596e+00
3.780400e-01 1.299242e+00
3.788100e-01 1.296905e+00
3.795800e-01 1.294585e+00
3.803500e-01 1.292284e+00
3.811200e-01 1.289998e+00
3.818900e-01 1.287730e+00
3.826600e-01 1.285483e+00
3.834300e-01 1.283252e+00
3.842000e-01 1.281040e+00
3.849700e-01 1.278847e+00
3.857400e-01 1.276674e+00
3.865100e-01 1.274522e+00
3.872800e-01 1.272387e+00
3.880500e-01 1.270277e+00
3.888200e-01 1.268190e+00
3.895900e-01 1.266127e+00
3.903600e-01 1.264088e+00
3.911300e-01 1.262074e+00
3.919000e-01 1.260087e+00
3.926700e-01 1.258129e+00
3.934400e-01 1.256200e+00
3.942100e-01 1.244939e+00
3.949800e-01 1.242618e+00
3.957500e-01 1.250611e+00
3.965200e-01 1.248822e+00
3.972900e-01 1.247076e+00
3.980600e-01 1.245377e+00
3.988300e-01 1.243729e+00
3.996000e-01 1.242139e+00
4.003700e-01 1.240614e+00
4.011400e-01 1.239165e+00
4.019100e-01 1.237788e+00
4.026800e-01 1.236518e+00
4.034500e-01 1.235365e+00
4.042200e-01 1.234366e+00
4.049900e-01 1.233545e+00
4.057600e-01 1.232963e+00
4.065300e-01 1.232706e+00
4.073000e-01 1.232924e+00
4.080700e-01 1.233905e+00
4.088400e-01 1.236343e+00
4.096100e-01 1.242571e+00
4.103800e-01 1.256872e+00
4.111500e-01 1.234261e+00
4.119200e-01 1.225502e+00
4.126900e-01 1.219272e+00
4.134600e-01 1.214168e+00
4.142300e-01 1.209704e+00
4.150000e-01 1.205652e+00
4.157700e-01 1.201893e+00
4.165400e-01 1.198353e+00
4.173100e-01 1.194983e+00
4.180800e-01 1.191746e+00
4.188500e-01 1.188625e+00
4.196200e-01 1.185598e+00
4.203900e-01 1.182652e+00
4.211600e-01 1.179775e+00
4.219300e-01 1.176960e+00
4.227000e-01 1.174199e+00
4.234700e-01 1.171488e+00
4.242400e-01 1.168820e+00
4.250100e-01 1.166194e+00
4.257800e-01 1.163604e+00
4.265500e-01 1.161050e+00
4.273200e-01 1.158526e+00
4.280900e-01 1.156031e+00
4.288600e-01 1.153564e+00
4.296300e-01 1.151123e+00
4.304000e-01 1.148707e+00
4.311700e-01 1.146313e+00
4.319400e-01 1.143942e+00
4.327100e-01 1.141592e+00
4.334800e-01 1.139261e+00
4.342500e-01 1.136950e+00
4.350200e-01 1.134657e+00
4.357900e-01 1.132382e+00
4.365600e-01 1.130124e+00
4.373300e-01 1.127882e+00
4.381000e-01 1.125656e+00
4.388700e-01 1.123445e+00
4.396400e-01 1.121248e+00
4.404100e-01 1.119067e+00
4.411800e-01 1.116899e+00
4.419500e-01 1.114742e+00
4.427200e-01 1.112601e+00
4.434900e-01 1.110473e+00
4.442600e-01 1.108358e+00
4.450300e-01 1.106254e+00
4.458000e-01 1.104163e+00
4.465700e-01 1.102083e+00
4.473400e-01 1.100015e+00
4.481100e-01 1.097958e+00
4.488800e-01 1.095912e+00
4.496500e-01 1.093877e+00
4.504200e-01 1.091852e+00
4.511900e-01 1.089838e+00
4.519600e-01 1.087806e+00
4.527300e-01 1.085812e+00
4.535000e-01 1.083827e+00
4.542700e-01 1.081852e+00
4.550400e-01 1.079887e+00
4.558100e-01 1.077931e+00
4.565800e-01 1.075985e+00
4.573500e-01 1.074047e+00
4.581200e-01 1.072119e+00
4.588900e-01 1.070201e+00
4.596600e-01 1.068290e+00
4.604300e-01 1.066388e+00
4.612000e-01 1.064494e+00
4.619700e-01 1.062609e+00
4.627400e-01 1.060732e+00
4.635100e-01 1.058863e+00
4.642800e-01 1.057002e+00
4.650500e-01 1.055151e+00
4.658200e-01 1.053306e+00
4.665900e-01 1.051469e+00
4.673600e-01 1.049640e+00
4.681300e-01 1.047819e+00
4.689000e-01 1.046005e+00
4.696700e-01 1.044198e+00
4.704400e-01 1.042399e+00
4.712100e-01 1.040608e+00
4.719800e-01 1.038824e+00
4.727500e-01 1.037047e+00
4.735200e-01 1.035277e+00
4.742900e-01 1.033514e+00
4.750600e-01 1.031758e+00
4.758300e-01 1.030009e+00
4.766000e-01 1.028267e+00
4.773700e-01 1.026532e+00
4.781400e-01 1.024804e+00
4.789100e-01 1.023082e+00
4.796800e-01 1.021367e+00
4.804500e-01 1.019659e+00
4.812200e-01 1.017957e+00
4.819900e-01 1.016262e+00
4.827600e-01 1.014573e+00
4.835300e-01 1.012890e+00
4.843000e-01 1.011391e+00
4.850700e-01 1.009713e+00
4.858400e-01 1.008042e+00
4.866100e-01 1.006377e+00
4.873800e-01 1.004719e+00
4.881500e-01 1.002926e+00
4.889200e-01 1.001286e+00
4.896900e-01 9.996531e-01
4.904600e-01 9.980258e-01
4.912300e-01 9.964043e-01
4.920000e-01 9.947887e-01
4.927700e-01 9.931789e-01
4.935400e-01 9.915749e-01
4.943100e-01 9.899766e-01
4.950800e-01 9.883841e-01
4.958500e-01 9.867971e-01
4.966200e-01 9.852158e-01
4.973900e-01 9.836401e-01
4.981600e-01 9.820700e-01
4.989300e-01 9.805053e-01
4.997000e-01 9.789461e-01
5.004700e-01 9.773923e-01
5.012400e-01 9.758440e-01
5.020100e-01 9.743009e-01
5.027800e-01 9.727633e-01
5.035500e-01 9.712309e-01
5.043200e-01 9.697038e-01
5.050900e-01 9.681818e-01
5.058600e-01 9.666651e-01
5.066300e-01 9.651536e-01
5.074000e-01 9.636472e-01
5.081700e-01 9.621458e-01
5.089400e-01 9.606496e-01
5.097100e-01 9.591584e-01
5.104800e-01 9.576721e-01
5.112500e-01 9.561898e-01
5.120200e-01 9.547132e-01
5.127900e-01 9.532416e-01
5.135600e-01 9.517748e-01
5.143300e-01 9.503129e-01
5.151000e-01 9.488558e-01
5.158700e-01 9.474035e-01
5.166400e-01 9.459560e-01
5.174100e-01 9.445132e-01
5.181800e-01 9.430751e-01
5.189500e-01 9.416417e-01
5.197200e-01 9.402130e-01
5.204900e-01 9.390614e-01
5.212600e-01 9.376409e-01
5.220300e-01 9.362250e-01
5.228000e-01 9.348136e-01
5.235700e-01 9.334067e-01
5.243400e-01 9.320042e-01
5.251100e-01 9.306062e-01
5.258800e-01 9.292125e-01
5.266500e-01 9.278233e-01
5.274200e-01 9.264385e-01
5.281900e-01 9.250580e-01
5.289600e-01 9.236819e-01
5.297300e-01 9.223100e-01
5.305000e-01 9.209425e-01
5.312700e-01 9.195792e-01
5.320400e-01 9.182202e-01
5.328100e-01 9.168654e-01
5.335800e-01 9.155148e-01
5.343500e-01 9.141684e-01
5.351200e-01 9.128261e-01
5.358900e-01 9.114880e-01
5.366600e-01 9.099193e-01
5.374300e-01 9.085913e-01
5.382000e-01 9.072674e-01
5.389700e-01 9.059476e-01
5.397400e-01 9.046319e-01
5.405100e-01 9.033202e-01
5.412800e-01 9.020125e-01
5.420500e-01 9.007088e-01
5.428200e-01 8.994090e-01
5.435900e-01 8.981133e-01
5.443600e-01 8.968214e-01
5.451300e-01 8.955334e-01
5.459000e-01 8.942494e-01
5.466700e-01 8.929692e-01
5.474400e-01 8.916929e-01
5.482100e-01 8.904204e-01
5.489800e-01 8.891517e-01
5.497500e-01 8.878868e-01
5.505200e-01 8.866257e-01
5.512900e-01 8.853684e-01
5.520600e-01 8.841148e-01
5.528300e-01 8.828649e-01
5.536000e-01 8.816187e-01
5.543700e-01 8.803763e-01
5.551400e-01 8.791375e-01
5.559100e-01 8.779023e-01
5.566800e-01 8.766708e-01
5.574500e-01 8.754429e-01
5.582200e-01 8.742186e-01
5.589900e-01 8.729978e-01
5.597600e-01 8.717807e-01
5.605300e-01 8.705671e-01
5.613000e-01 8.693570e-01
5.620700e-01 8.681505e-01
5.628400e-01 8.669474e-01
5.636100e-01 8.657478e-01
5.643800e-01 8.645517e-01
5.651500e-01 8.633591e-01
5.659200e-01 8.621699e-01
5.666900e-01 8.609841e-01
5.674600e-01 8.598017e-01
5.682300e-01 8.586227e-01
5.690000e-01 8.574471e-01
5.697700e-01 8.562748e-01
5.705400e-01 8.551059e-01
5.713100e-01 8.539414e-01
5.720800e-01 8.527791e-01
5.728500e-01 8.516202e-01
5.736200e-01 8.504645e-01
5.743900e-01 8.493120e-01
5.751600e-01 8.481628e-01
5.759300e-01 8.470169e-01
5.767000e-01 8.458742e-01
5.774700e-01 8.447347e-01
5.782400e-01 8.435984e-01
5.790100e-01 8.424652e-01
5.797800e-01 8.413353e-01
5.805500e-01 8.402085e-01
5.813200e-01 8.390848e-01
5.820900e-01 8.379643e-01
5.828600e-01 8.368469e-01
5.836300e-01 8.357325e-01
5.844000e-01 8.346213e-01
5.851700e-01 8.335131e-01
5.859400e-01 8.324080e-01
5.867100e-01 8.313059e-01
5.874800e-01 8.302069e-01
5.882500e-01 8.291109e-01
5.890200e-01 8.280179e-01
5.897900e-01 8.269279e-01
5.905600e-01 8.258409e-01
5.913300e-01 8.247566e-01
5.921000e-01 8.236755e-01
5.928700e-01 8.225974e-01
5.936400e-01 8.215221e-01
5.944100e-01 8.204498e-01
5.951800e-01 8.193804e-01
5.959500e-01 8.183139e-01
5.967200e-01 8.172502e-01
5.974900e-01 8.161895e-01
5.982600e-01 8.151315e-01
5.990300e-01 8.140765e-01
5.998000e-01 8.130242e-01
6.005700e-01 8.119748e-01
6.013400e-01 8.109282e-01
6.021100e-01 8.098844e-01
6.028800e-01 8.088434e-01
6.036500e-01 8.078051e-01
6.044200e-01 8.067696e-01
6.051900e-01 8.057369e-01
6.059600e-01 8.047069e-01
6.067300e-01 8.036797e-01
6.075000e-01 8.026551e-01
6.082700e-01 8.016333e-01
6.090400e-01 8.006141e-01
6.098100e-01 7.995977e-01
6.105800e-01 7.985839e-01
6.113500e-01 7.975728e-01
6.121200e-01 7.965643e-01
6.128900e-01 7.955585e-01
6.136600e-01 7.945553e-01
6.144300e-01 7.935547e-01
6.152000e-01 7.925567e-01
6.159700e-01 7.915613e-01
6.167400e-01 7.905686e-01
6.175100e-01 7.895784e-01
6.182800e-01 7.885907e-01
6.190500e-01 7.876056e-01
6.198200e-01 7.866231e-01
6.205900e-01 7.857567e-01
6.213600e-01 7.847778e-01
6.221300e-01 7.838014e-01
6.229000e-01 7.828274e-01
6.236700e-01 7.818560e-01
6.244400e-01 7.807809e-01
6.252100e-01 7.798159e-01
6.259800e-01 7.788534e-01
6.267500e-01 7.778933e-01
6.275200e-01 7.769357e-01
6.282900e-01 7.759805e-01
6.290600e-01 7.750278e-01
6.298300e-01 7.740775e-01
6.306000e-01 7.731296e-01
6.313700e-01 7.721841e-01
6.321400e-01 7.713090e-01
6.329100e-01 7.703676e-01
6.336800e-01 7.694286e-01
6.344500e-01 7.684919e-01
6.352200e-01 7.675577e-01
6.359900e-01 7.666257e-01
6.367600e-01 7.656961e-01
6.375300e-01 7.647689e-01
6.383000e-01 7.638439e-01
6.390700e-01 7.629213e-01
6.398400e-01 7.620010e-01
6.406100e-01 7.610830e-01
6.413800e-01 7.601673e-01
6.421500e-01 7.592538e-01
6.429200e-01 7.583427e-01
6.436900e-01 7.574338e-01
6.444600e-01 7.565271e-01
6.452300e-01 7.556227e-01
6.460000e-01 7.547206e-01
6.467700e-01 7.538207e-01
6.475400e-01 7.529230e-01
6.483100e-01 7.520275e-01
6.490800e-01 7.511342e-01
6.498500e-01 7.502431e-01
6.506200e-01 7.493542e-01
6.513900e-01 7.484675e-01
6.521600e-01 7.475830e-01
6.529300e-01 7.467006e-01
6.537000e-01 7.458204e-01
6.544700e-01 7.449423e-01
6.552400e-01 7.440663e-01
6.560100e-01 7.431925e-01
6.567800e-01 7.423209e-01
6.575500e-01 7.414513e-01
6.583200e-01 7.405839e-01
6.590900e-01 7.397185e-01
6.598600e-01 7.388553e-01
6.606300e-01 7.379941e-01
6.614000e-01 7.371350e-01
6.621700e-01 7.362780e-01
6.629400e-01 7.354230e-01
6.637100e-01 7.345701e-01
6.644800e-01 7.337193e-01
6.652500e-01 7.328704e-01
6.660200e-01 7.320237e-01
6.667900e-01 7.311789e-01
6.675600e-01 7.303362e-01
6.683300e-01 7.294954e-01
6.691000e-01 7.286567e-01
6.698700e-01 7.278200e-01
6.706400e-01 7.269852e-01
6.714100e-01 7.261525e-01
6.721800e-01 7.253217e-01
6.729500e-01 7.244929e-01
6.737200e-01 7.236660e-01
6.744900e-01 7.228411e-01
6.752600e-01 7.220182e-01
6.760300e-01 7.211972e-01
6.768000e-01 7.203781e-01
6.775700e-01 7.195609e-01
6.783400e-01 7.187457e-01
6.791100e-01 7.179324e-01
6.798800e-01 7.171210e-01
6.806500e-01 7.163114e-01
6.814200e-01 7.155038e-01
6.821900e-01 7.146981e-01
6.829600e-01 7.138942e-01
6.837300e-01 7.130922e-01
6.845000e-01 7.122921e-01
6.852700e-01 7.114938e-01
6.860400e-01 7.106974e-01
6.868100e-01 7.099029e-01
6.875800e-01 7.091101e-01
6.883500e-01 7.083192e-01
6.891200e-01 7.075302e-01
6.898900e-01 7.067429e-01
6.906600e-01 7.059575e-01
6.914300e-01 7.051410e-01
6.922000e-01 7.043595e-01
6.929700e-01 7.035798e-01
6.937400e-01 7.028018e-01
6.945100e-01 7.020256e-01
6.952800e-01 7.012512e-01
6.960500e-01 7.004786e-01
6.968200e-01 6.997077e-01
6.975900e-01 6.989386e-01
6.983600e-01 6.981713e-01
6.991300e-01 6.974056e-01
6.999000e-01 6.966418e-01
7.006700e-01 6.958796e-01
7.014400e-01 6.951192e-01
7.022100e-01 6.943605e-01
7.029800e-01 6.936035e-01
7.037500e-01 6.928482e-01
7.045200e-01 6.920946e-01
7.052900e-01 6.913427e-01
7.060600e-01 6.905925e-01
7.068300e-01 6.898440e-01
7.076000e-01 6.890972e-01
7.083700e-01 6.883521e-01
7.091400e-01 6.876086e-01
7.099100e-01 6.868668e-01
7.106800e-01 6.861266e-01
7.114500e-01 6.853881e-01
7.122200e-01 6.846512e-01
7.129900e-01 6.839160e-01
7.137600e-01 6.831824e-01
7.145300e-01 6.824505e-01
7.153000e-01 6.817201e-01
7.160700e-01 6.809914e-01
7.168400e-01 6.802643e-01
7.176100e-01 6.795388e-01
7.183800e-01 6.788150e-01
7.191500e-01 6.780927e-01
7.199200e-01 6.773720e-01
7.206900e-01 6.766529e-01
7.214600e-01 6.759354e-01
7.222300e-01 6.752194e-01
7.230000e-01 6.745051e-01
7.237700e-01 6.737923e-01
7.245400e-01 6.730810e-01
7.253100e-01 6.723713e-01
7.260800e-01 6.716632e-01
7.268500e-01 6.709566e-01
7.276200e-01 6.702516e-01
7.283900e-01 6.695481e-01
7.291600e-01 6.688461e-01
7.299300e-01 6.681457e-01
7.307000e-01 6.674467e-01
7.314700e-01 6.667493e-01
7.322400e-01 6.660534e-01
7.330100e-01 6.653590e-01
7.337800e-01 6.646662e-01
7.345500e-01 6.639748e-01
7.353200e-01 6.632849e-01
7.360900e-01 6.625965e-01
7.368600e-01 6.619096e-01
7.376300e-01 6.612241e-01
7.384000e-01 6.605401e-01
7.391700e-01 6.598576e-01
7.399400e-01 6.591774e-01
7.407100e-01 6.584978e-01
7.414800e-01 6.578197e-01
7.422500e-01 6.571430e-01
7.430200e-01 6.564678e-01
7.437900e-01 6.557940e-01
7.445600e-01 6.551217e-01
7.453300e-01 6.544508e-01
7.461000e-01 6.537813e-01
7.468700e-01 6.531132e-01
7.476400e-01 6.524466e-01
7.484100e-01 6.517798e-01
7.491800e-01 6.511160e-01
7.499500e-01 6.504536e-01
7.507200e-01 6.497926e-01
7.514900e-01 6.491330e-01
7.522600e-01 6.484748e-01
7.530300e-01 6.478180e-01
7.538000e-01 6.471626e-01
7.545700e-01 6.465085e-01
7.553400e-01 6.458558e-01
7.561100e-01 6.452045e-01
7.568800e-01 6.445546e-01
7.576500e-01 6.439060e-01
7.584200e-01 6.432588e-01
7.591900e-01 6.426130e-01
7.599600e-01 6.419685e-01
7.607300e-01 6.413253e-01
7.615000e-01 6.406835e-01
7.622700e-01 6.400430e-01
7.630400e-01 6.394039e-01
7.638100e-01 6.387660e-01
7.645800e-01 6.381296e-01
7.653500e-01 6.374944e-01
7.661200e-01 6.368605e-01
7.668900e-01 6.362280e-01
7.676600e-01 6.355968e-01
7.684300e-01 6.349669e-01
7.692000e-01 6.343383e-01
7.699700e-01 6.337109e-01
7.707400e-01 6.330849e-01
7.715100e-01 6.324602e-01
7.722800e-01 6.318367e-01
7.730500e-01 6.312146e-01
7.738200e-01 6.305937e-01
7.745900e-01 6.299741e-01
7.753600e-01 6.293558e-01
7.761300e-01 6.287387e-01
7.769000e-01 6.281229e-01
7.776700e-01 6.275083e-01
7.784400e-01 6.268950e-01
7.792100e-01 6.262830e-01
7.799800e-01 6.256722e-01
7.807500e-01 6.250627e-01
7.815200e-01 6.244544e-01
7.822900e-01 6.238473e-01
7.830600e-01 6.232415e-01
7.838300e-01 6.226369e-01
7.846000e-01 6.220335e-01
7.853700e-01 6.214314e-01
7.861400e-01 6.208304e-01
7.869100e-01 6.202307e-01
7.876800e-01 6.196322e-01
7.884500e-01 6.190349e-01
7.892200e-01 6.184388e-01
7.899900e-01 6.178440e-01
7.907600e-01 6.172503e-01
7.915300e-01 6.166578e-01
7.923000e-01 6.160665e-01
7.930700e-01 6.154764e-01
7.938400e-01 6.148875e-01
7.946100e-01 6.142997e-01
7.953800e-01 6.137132e-01
7.961500e-01 6.131278e-01
7.969200e-01 6.125435e-01
7.976900e-01 6.119605e-01
7.984600e-01 6.113786e-01
7.992300e-01 6.107979e-01
8.000000e-01 6.102183e-01
