2.080500e+01 2.025000e+01 2.081560e+01 2.072654e+01 2.080000e+01 2.025500e+01 2.081582e+01 2.073130e+01
2.080500e+01 2.025000e+01 2.081560e+01 2.072654e+01 2.081500e+01 2.025000e+01 2.081570e+01 2.072694e+01
2.081500e+01 2.025000e+01 2.081570e+01 2.072694e+01 2.082500e+01 2.025000e+01 2.081579e+01 2.072715e+01
2.082500e+01 2.025000e+01 2.081579e+01 2.072715e+01 2.083500e+01 2.025000e+01 2.081587e+01 2.072717e+01
2.083500e+01 2.025000e+01 2.081587e+01 2.072717e+01 2.084500e+01 2.025000e+01 2.081597e+01 2.072700e+01
2.084500e+01 2.025000e+01 2.081597e+01 2.072700e+01 2.085000e+01 2.025500e+01 2.081584e+01 2.073185e+01
2.073500e+01 2.026000e+01 2.081528e+01 2.072846e+01 2.073000e+01 2.026500e+01 2.081600e+01 2.073244e+01
2.073500e+01 2.026000e+01 2.081528e+01 2.072846e+01 2.074500e+01 2.026000e+01 2.081563e+01 2.073019e+01
2.074500e+01 2.026000e+01 2.081563e+01 2.073019e+01 2.075500e+01 2.026000e+01 2.081588e+01 2.073173e+01
2.075500e+01 2.026000e+01 2.081588e+01 2.073173e+01 2.076500e+01 2.026000e+01 2.081605e+01 2.073309e+01
2.076500e+01 2.026000e+01 2.081605e+01 2.073309e+01 2.077500e+01 2.026000e+01 2.081614e+01 2.073427e+01
2.077500e+01 2.026000e+01 2.081614e+01 2.073427e+01 2.078500e+01 2.026000e+01 2.081617e+01 2.073526e+01
2.078500e+01 2.026000e+01 2.081617e+01 2.073526e+01 2.079500e+01 2.026000e+01 2.081615e+01 2.073605e+01
2.080000e+01 2.025500e+01 2.081582e+01 2.073130e+01 2.079500e+01 2.026000e+01 2.081615e+01 2.073605e+01
2.085000e+01 2.025500e+01 2.081584e+01 2.073185e+01 2.085500e+01 2.026000e+01 2.081561e+01 2.073668e+01
2.085500e+01 2.026000e+01 2.081561e+01 2.073668e+01 2.086500e+01 2.026000e+01 2.081556e+01 2.073610e+01
2.086500e+01 2.026000e+01 2.081556e+01 2.073610e+01 2.087500e+01 2.026000e+01 2.081556e+01 2.073532e+01
2.087500e+01 2.026000e+01 2.081556e+01 2.073532e+01 2.088500e+01 2.026000e+01 2.081561e+01 2.073436e+01
2.088500e+01 2.026000e+01 2.081561e+01 2.073436e+01 2.089500e+01 2.026000e+01 2.081573e+01 2.073321e+01
2.089500e+01 2.026000e+01 2.081573e+01 2.073321e+01 2.090500e+01 2.026000e+01 2.081593e+01 2.073188e+01
2.090500e+01 2.026000e+01 2.081593e+01 2.073188e+01 2.091500e+01 2.026000e+01 2.081622e+01 2.073038e+01
2.091500e+01 2.026000e+01 2.081622e+01 2.073038e+01 2.092000e+01 2.026500e+01 2.081558e+01 2.073438e+01
2.069500e+01 2.027000e+01 2.081525e+01 2.072952e+01 2.069000e+01 2.027500e+01 2.081614e+01 2.073299e+01
2.069500e+01 2.027000e+01 2.081525e+01 2.072952e+01 2.070500e+01 2.027000e+01 2.081591e+01 2.073197e+01
2.070500e+01 2.027000e+01 2.081591e+01 2.073197e+01 2.071500e+01 2.027000e+01 2.081644e+01 2.073426e+01
2.071500e+01 2.027000e+01 2.081644e+01 2.073426e+01 2.072500e+01 2.027000e+01 2.081684e+01 2.073638e+01
2.073000e+01 2.026500e+01 2.081600e+01 2.073244e+01 2.072500e+01 2.027000e+01 2.081684e+01 2.073638e+01
2.092000e+01 2.026500e+01 2.081558e+01 2.073438e+01 2.092500e+01 2.027000e+01 2.081481e+01 2.073834e+01
2.092500e+01 2.027000e+01 2.081481e+01 2.073834e+01 2.093500e+01 2.027000e+01 2.081515e+01 2.073642e+01
2.093500e+01 2.027000e+01 2.081515e+01 2.073642e+01 2.094500e+01 2.027000e+01 2.081560e+01 2.073434e+01
2.094500e+01 2.027000e+01 2.081560e+01 2.073434e+01 2.095500e+01 2.027000e+01 2.081619e+01 2.073211e+01
2.095500e+01 2.027000e+01 2.081619e+01 2.073211e+01 2.096000e+01 2.027500e+01 2.081537e+01 2.073557e+01
2.066500e+01 2.028000e+01 2.081535e+01 2.073061e+01 2.066000e+01 2.028500e+01 2.081633e+01 2.073367e+01
2.066500e+01 2.028000e+01 2.081535e+01 2.073061e+01 2.067500e+01 2.028000e+01 2.081634e+01 2.073357e+01
2.067500e+01 2.028000e+01 2.081634e+01 2.073357e+01 2.068500e+01 2.028000e+01 2.081715e+01 2.073640e+01
2.069000e+01 2.027500e+01 2.081614e+01 2.073299e+01 2.068500e+01 2.028000e+01 2.081715e+01 2.073640e+01
2.096000e+01 2.027500e+01 2.081537e+01 2.073557e+01 2.096500e+01 2.028000e+01 2.081442e+01 2.073896e+01
2.096500e+01 2.028000e+01 2.081442e+01 2.073896e+01 2.097500e+01 2.028000e+01 2.081516e+01 2.073634e+01
2.097500e+01 2.028000e+01 2.081516e+01 2.073634e+01 2.098000e+01 2.028500e+01 2.081424e+01 2.073949e+01
2.064500e+01 2.029000e+01 2.081620e+01 2.073335e+01 2.064000e+01 2.029500e+01 2.081722e+01 2.073612e+01
2.064500e+01 2.029000e+01 2.081620e+01 2.073335e+01 2.065500e+01 2.029000e+01 2.081741e+01 2.073667e+01
2.066000e+01 2.028500e+01 2.081633e+01 2.073367e+01 2.065500e+01 2.029000e+01 2.081741e+01 2.073667e+01
2.098000e+01 2.028500e+01 2.081424e+01 2.073949e+01 2.098500e+01 2.029000e+01 2.081319e+01 2.074255e+01
2.098500e+01 2.029000e+01 2.081319e+01 2.074255e+01 2.099500e+01 2.029000e+01 2.081415e+01 2.073956e+01
2.099500e+01 2.029000e+01 2.081415e+01 2.073956e+01 2.100500e+01 2.029000e+01 2.081528e+01 2.073645e+01
2.100500e+01 2.029000e+01 2.081528e+01 2.073645e+01 2.101000e+01 2.029500e+01 2.081433e+01 2.073916e+01
2.062500e+01 2.030000e+01 2.081686e+01 2.073515e+01 2.062000e+01 2.030500e+01 2.081789e+01 2.073762e+01
2.062500e+01 2.030000e+01 2.081686e+01 2.073515e+01 2.063500e+01 2.030000e+01 2.081835e+01 2.073880e+01
2.064000e+01 2.029500e+01 2.081722e+01 2.073612e+01 2.063500e+01 2.030000e+01 2.081835e+01 2.073880e+01
2.101000e+01 2.029500e+01 2.081433e+01 2.073916e+01 2.101500e+01 2.030000e+01 2.081327e+01 2.074177e+01
2.101500e+01 2.030000e+01 2.081327e+01 2.074177e+01 2.102500e+01 2.030000e+01 2.081469e+01 2.073834e+01
2.102500e+01 2.030000e+01 2.081469e+01 2.073834e+01 2.103000e+01 2.030500e+01 2.081374e+01 2.074074e+01
2.060500e+01 2.031000e+01 2.081721e+01 2.073605e+01 2.060000e+01 2.031500e+01 2.081821e+01 2.073823e+01
2.060500e+01 2.031000e+01 2.081721e+01 2.073605e+01 2.061500e+01 2.031000e+01 2.081902e+01 2.074000e+01
2.062000e+01 2.030500e+01 2.081789e+01 2.073762e+01 2.061500e+01 2.031000e+01 2.081902e+01 2.074000e+01
2.103000e+01 2.030500e+01 2.081374e+01 2.074074e+01 2.103500e+01 2.031000e+01 2.081269e+01 2.074302e+01
2.103500e+01 2.031000e+01 2.081269e+01 2.074302e+01 2.104500e+01 2.031000e+01 2.081444e+01 2.073930e+01
2.104500e+01 2.031000e+01 2.081444e+01 2.073930e+01 2.105000e+01 2.031500e+01 2.081352e+01 2.074139e+01
2.058500e+01 2.032000e+01 2.081713e+01 2.073609e+01 2.058000e+01 2.032500e+01 2.081807e+01 2.073798e+01
2.058500e+01 2.032000e+01 2.081713e+01 2.073609e+01 2.059500e+01 2.032000e+01 2.081931e+01 2.074030e+01
2.060000e+01 2.031500e+01 2.081821e+01 2.073823e+01 2.059500e+01 2.032000e+01 2.081931e+01 2.074030e+01
2.105000e+01 2.031500e+01 2.081352e+01 2.074139e+01 2.105500e+01 2.032000e+01 2.081252e+01 2.074336e+01
2.105500e+01 2.032000e+01 2.081252e+01 2.074336e+01 2.106000e+01 2.032500e+01 2.081160e+01 2.074523e+01
2.057500e+01 2.033000e+01 2.081909e+01 2.073975e+01 2.057000e+01 2.033500e+01 2.082002e+01 2.074145e+01
2.058000e+01 2.032500e+01 2.081807e+01 2.073798e+01 2.057500e+01 2.033000e+01 2.081909e+01 2.073975e+01
2.106000e+01 2.032500e+01 2.081160e+01 2.074523e+01 2.106500e+01 2.033000e+01 2.081059e+01 2.074698e+01
2.106500e+01 2.033000e+01 2.081059e+01 2.074698e+01 2.107500e+01 2.033000e+01 2.081289e+01 2.074284e+01
2.107500e+01 2.033000e+01 2.081289e+01 2.074284e+01 2.108000e+01 2.033500e+01 2.081207e+01 2.074443e+01
2.055500e+01 2.034000e+01 2.081826e+01 2.073844e+01 2.055000e+01 2.034500e+01 2.081907e+01 2.073986e+01
2.055500e+01 2.034000e+01 2.081826e+01 2.073844e+01 2.056500e+01 2.034000e+01 2.082103e+01 2.074302e+01
2.057000e+01 2.033500e+01 2.082002e+01 2.074145e+01 2.056500e+01 2.034000e+01 2.082103e+01 2.074302e+01
2.108000e+01 2.033500e+01 2.081207e+01 2.074443e+01 2.108500e+01 2.034000e+01 2.081118e+01 2.074588e+01
2.108500e+01 2.034000e+01 2.081118e+01 2.074588e+01 2.109000e+01 2.034500e+01 2.081040e+01 2.074726e+01
2.054500e+01 2.035000e+01 2.081994e+01 2.074117e+01 2.054000e+01 2.035500e+01 2.082070e+01 2.074240e+01
2.055000e+01 2.034500e+01 2.081907e+01 2.073986e+01 2.054500e+01 2.035000e+01 2.081994e+01 2.074117e+01
2.109000e+01 2.034500e+01 2.081040e+01 2.074726e+01 2.109500e+01 2.035000e+01 2.080954e+01 2.074850e+01
2.109500e+01 2.035000e+01 2.080954e+01 2.074850e+01 2.110000e+01 2.035500e+01 2.080881e+01 2.074968e+01
2.053500e+01 2.036000e+01 2.082153e+01 2.074351e+01 2.053000e+01 2.036500e+01 2.082223e+01 2.074456e+01
2.054000e+01 2.035500e+01 2.082070e+01 2.074240e+01 2.053500e+01 2.036000e+01 2.082153e+01 2.074351e+01
2.110000e+01 2.035500e+01 2.080881e+01 2.074968e+01 2.110500e+01 2.036000e+01 2.080801e+01 2.075072e+01
2.110500e+01 2.036000e+01 2.080801e+01 2.075072e+01 2.111000e+01 2.036500e+01 2.080734e+01 2.075170e+01
2.052500e+01 2.037000e+01 2.082298e+01 2.074548e+01 2.052000e+01 2.037500e+01 2.082361e+01 2.074635e+01
2.053000e+01 2.036500e+01 2.082223e+01 2.074456e+01 2.052500e+01 2.037000e+01 2.082298e+01 2.074548e+01
2.111000e+01 2.036500e+01 2.080734e+01 2.075170e+01 2.111500e+01 2.037000e+01 2.080662e+01 2.075254e+01
2.111500e+01 2.037000e+01 2.080662e+01 2.075254e+01 2.112500e+01 2.037000e+01 2.081009e+01 2.074789e+01
2.112500e+01 2.037000e+01 2.081009e+01 2.074789e+01 2.113000e+01 2.037500e+01 2.080963e+01 2.074865e+01
2.050500e+01 2.038000e+01 2.082035e+01 2.074206e+01 2.050000e+01 2.038500e+01 2.082076e+01 2.074272e+01
2.050500e+01 2.038000e+01 2.082035e+01 2.074206e+01 2.051500e+01 2.038000e+01 2.082429e+01 2.074708e+01
2.052000e+01 2.037500e+01 2.082361e+01 2.074635e+01 2.051500e+01 2.038000e+01 2.082429e+01 2.074708e+01
2.113000e+01 2.037500e+01 2.080963e+01 2.074865e+01 2.113500e+01 2.038000e+01 2.080914e+01 2.074926e+01
2.113500e+01 2.038000e+01 2.080914e+01 2.074926e+01 2.114000e+01 2.038500e+01 2.080879e+01 2.074985e+01
2.049500e+01 2.039000e+01 2.082120e+01 2.074325e+01 2.049000e+01 2.039500e+01 2.082151e+01 2.074375e+01
2.050000e+01 2.038500e+01 2.082076e+01 2.074272e+01 2.049500e+01 2.039000e+01 2.082120e+01 2.074325e+01
2.114000e+01 2.038500e+01 2.080879e+01 2.074985e+01 2.114500e+01 2.039000e+01 2.080841e+01 2.075029e+01
2.114500e+01 2.039000e+01 2.080841e+01 2.075029e+01 2.115000e+01 2.039500e+01 2.080818e+01 2.075071e+01
2.048500e+01 2.040000e+01 2.082183e+01 2.074412e+01 2.048000e+01 2.040500e+01 2.082202e+01 2.074447e+01
2.049000e+01 2.039500e+01 2.082151e+01 2.074375e+01 2.048500e+01 2.040000e+01 2.082183e+01 2.074412e+01
2.115000e+01 2.039500e+01 2.080818e+01 2.075071e+01 2.115000e+01 2.040500e+01 2.080337e+01 2.075607e+01
2.048000e+01 2.040500e+01 2.082202e+01 2.074447e+01 2.048000e+01 2.041500e+01 2.082717e+01 2.075006e+01
2.115000e+01 2.040500e+01 2.080337e+01 2.075607e+01 2.115500e+01 2.041000e+01 2.080312e+01 2.075620e+01
2.115500e+01 2.041000e+01 2.080312e+01 2.075620e+01 2.116000e+01 2.041500e+01 2.080302e+01 2.075633e+01
2.047500e+01 2.042000e+01 2.082737e+01 2.075014e+01 2.047000e+01 2.042500e+01 2.082742e+01 2.075022e+01
2.048000e+01 2.041500e+01 2.082717e+01 2.075006e+01 2.047500e+01 2.042000e+01 2.082737e+01 2.075014e+01
2.116000e+01 2.041500e+01 2.080302e+01 2.075633e+01 2.116500e+01 2.042000e+01 2.080292e+01 2.075632e+01
2.116500e+01 2.042000e+01 2.080292e+01 2.075632e+01 2.117000e+01 2.042500e+01 2.080297e+01 2.075631e+01
2.046500e+01 2.043000e+01 2.082747e+01 2.075016e+01 2.046000e+01 2.043500e+01 2.082737e+01 2.075011e+01
2.047000e+01 2.042500e+01 2.082742e+01 2.075022e+01 2.046500e+01 2.043000e+01 2.082747e+01 2.075016e+01
2.117000e+01 2.042500e+01 2.080297e+01 2.075631e+01 2.117500e+01 2.043000e+01 2.080304e+01 2.075616e+01
2.117500e+01 2.043000e+01 2.080304e+01 2.075616e+01 2.118000e+01 2.043500e+01 2.080327e+01 2.075603e+01
2.045500e+01 2.044000e+01 2.082726e+01 2.074993e+01 2.045000e+01 2.044500e+01 2.082700e+01 2.074976e+01
2.046000e+01 2.043500e+01 2.082737e+01 2.075011e+01 2.045500e+01 2.044000e+01 2.082726e+01 2.074993e+01
2.118000e+01 2.043500e+01 2.080327e+01 2.075603e+01 2.118500e+01 2.044000e+01 2.080352e+01 2.075577e+01
2.118500e+01 2.044000e+01 2.080352e+01 2.075577e+01 2.119000e+01 2.044500e+01 2.080392e+01 2.075553e+01
2.044500e+01 2.045000e+01 2.082671e+01 2.074947e+01 2.044000e+01 2.045500e+01 2.082628e+01 2.074921e+01
2.045000e+01 2.044500e+01 2.082700e+01 2.074976e+01 2.044500e+01 2.045000e+01 2.082671e+01 2.074947e+01
2.119000e+01 2.044500e+01 2.080392e+01 2.075553e+01 2.119000e+01 2.045500e+01 2.079917e+01 2.075956e+01
2.044000e+01 2.045500e+01 2.082628e+01 2.074921e+01 2.044000e+01 2.046500e+01 2.083137e+01 2.075351e+01
2.119000e+01 2.045500e+01 2.079917e+01 2.075956e+01 2.119500e+01 2.046000e+01 2.079965e+01 2.075906e+01
2.119500e+01 2.046000e+01 2.079965e+01 2.075906e+01 2.120000e+01 2.046500e+01 2.080029e+01 2.075861e+01
2.043500e+01 2.047000e+01 2.083086e+01 2.075299e+01 2.043000e+01 2.047500e+01 2.083021e+01 2.075252e+01
2.044000e+01 2.046500e+01 2.083137e+01 2.075351e+01 2.043500e+01 2.047000e+01 2.083086e+01 2.075299e+01
2.120000e+01 2.046500e+01 2.080029e+01 2.075861e+01 2.120500e+01 2.047000e+01 2.080098e+01 2.075804e+01
2.120500e+01 2.047000e+01 2.080098e+01 2.075804e+01 2.121000e+01 2.047500e+01 2.080183e+01 2.075752e+01
2.042500e+01 2.048000e+01 2.082950e+01 2.075193e+01 2.042000e+01 2.048500e+01 2.082866e+01 2.075139e+01
2.043000e+01 2.047500e+01 2.083021e+01 2.075252e+01 2.042500e+01 2.048000e+01 2.082950e+01 2.075193e+01
2.121000e+01 2.047500e+01 2.080183e+01 2.075752e+01 2.121000e+01 2.048500e+01 2.079727e+01 2.076081e+01
2.042000e+01 2.048500e+01 2.082866e+01 2.075139e+01 2.042000e+01 2.049500e+01 2.083355e+01 2.075498e+01
2.121000e+01 2.048500e+01 2.079727e+01 2.076081e+01 2.121500e+01 2.049000e+01 2.079825e+01 2.076007e+01
2.121500e+01 2.049000e+01 2.079825e+01 2.076007e+01 2.122000e+01 2.049500e+01 2.079937e+01 2.075939e+01
2.041500e+01 2.050000e+01 2.083258e+01 2.075421e+01 2.041000e+01 2.050500e+01 2.083147e+01 2.075352e+01
2.042000e+01 2.049500e+01 2.083355e+01 2.075498e+01 2.041500e+01 2.050000e+01 2.083258e+01 2.075421e+01
2.122000e+01 2.049500e+01 2.079937e+01 2.075939e+01 2.122000e+01 2.050500e+01 2.079497e+01 2.076223e+01
2.041000e+01 2.050500e+01 2.083147e+01 2.075352e+01 2.041000e+01 2.051500e+01 2.083622e+01 2.075666e+01
2.122000e+01 2.050500e+01 2.079497e+01 2.076223e+01 2.122500e+01 2.051000e+01 2.079626e+01 2.076135e+01
2.122500e+01 2.051000e+01 2.079626e+01 2.076135e+01 2.123000e+01 2.051500e+01 2.079769e+01 2.076056e+01
2.040500e+01 2.052000e+01 2.083496e+01 2.075576e+01 2.040000e+01 2.052500e+01 2.083356e+01 2.075494e+01
2.041000e+01 2.051500e+01 2.083622e+01 2.075666e+01 2.040500e+01 2.052000e+01 2.083496e+01 2.075576e+01
2.123000e+01 2.051500e+01 2.079769e+01 2.076056e+01 2.123000e+01 2.052500e+01 2.079350e+01 2.076298e+01
2.040000e+01 2.052500e+01 2.083356e+01 2.075494e+01 2.040000e+01 2.053500e+01 2.083810e+01 2.075766e+01
2.123000e+01 2.052500e+01 2.079350e+01 2.076298e+01 2.123500e+01 2.053000e+01 2.079512e+01 2.076201e+01
2.123500e+01 2.053000e+01 2.079512e+01 2.076201e+01 2.124000e+01 2.053500e+01 2.079688e+01 2.076114e+01
2.039500e+01 2.054000e+01 2.083653e+01 2.075666e+01 2.039000e+01 2.054500e+01 2.083483e+01 2.075575e+01
2.040000e+01 2.053500e+01 2.083810e+01 2.075766e+01 2.039500e+01 2.054000e+01 2.083653e+01 2.075666e+01
2.124000e+01 2.053500e+01 2.079688e+01 2.076114e+01 2.124000e+01 2.054500e+01 2.079295e+01 2.076317e+01
2.039000e+01 2.054500e+01 2.083483e+01 2.075575e+01 2.039000e+01 2.055500e+01 2.083913e+01 2.075808e+01
2.124000e+01 2.054500e+01 2.079295e+01 2.076317e+01 2.124500e+01 2.055000e+01 2.079492e+01 2.076215e+01
2.124500e+01 2.055000e+01 2.079492e+01 2.076215e+01 2.125000e+01 2.055500e+01 2.079702e+01 2.076125e+01
2.038500e+01 2.056000e+01 2.083723e+01 2.075702e+01 2.038000e+01 2.056500e+01 2.083522e+01 2.075606e+01
2.039000e+01 2.055500e+01 2.083913e+01 2.075808e+01 2.038500e+01 2.056000e+01 2.083723e+01 2.075702e+01
2.125000e+01 2.055500e+01 2.079702e+01 2.076125e+01 2.125000e+01 2.056500e+01 2.079340e+01 2.076294e+01
2.038000e+01 2.056500e+01 2.083522e+01 2.075606e+01 2.038000e+01 2.057500e+01 2.083922e+01 2.075803e+01
2.125000e+01 2.056500e+01 2.079340e+01 2.076294e+01 2.125000e+01 2.057500e+01 2.078989e+01 2.076442e+01
2.038000e+01 2.057500e+01 2.083922e+01 2.075803e+01 2.038000e+01 2.058500e+01 2.084312e+01 2.075979e+01
2.125000e+01 2.057500e+01 2.078989e+01 2.076442e+01 2.125500e+01 2.058000e+01 2.079234e+01 2.076336e+01
2.125500e+01 2.058000e+01 2.079234e+01 2.076336e+01 2.126000e+01 2.058500e+01 2.079490e+01 2.076243e+01
2.037500e+01 2.059000e+01 2.084077e+01 2.075866e+01 2.037000e+01 2.059500e+01 2.083832e+01 2.075766e+01
2.038000e+01 2.058500e+01 2.084312e+01 2.075979e+01 2.037500e+01 2.059000e+01 2.084077e+01 2.075866e+01
2.126000e+01 2.058500e+01 2.079490e+01 2.076243e+01 2.126000e+01 2.059500e+01 2.079175e+01 2.076364e+01
2.037000e+01 2.059500e+01 2.083832e+01 2.075766e+01 2.037000e+01 2.060500e+01 2.084188e+01 2.075912e+01
2.126000e+01 2.059500e+01 2.079175e+01 2.076364e+01 2.126000e+01 2.060500e+01 2.078873e+01 2.076467e+01
2.037000e+01 2.060500e+01 2.084188e+01 2.075912e+01 2.037000e+01 2.061500e+01 2.084531e+01 2.076039e+01
2.126000e+01 2.060500e+01 2.078873e+01 2.076467e+01 2.126500e+01 2.061000e+01 2.079168e+01 2.076366e+01
2.126500e+01 2.061000e+01 2.079168e+01 2.076366e+01 2.127000e+01 2.061500e+01 2.079473e+01 2.076279e+01
2.036500e+01 2.062000e+01 2.084249e+01 2.075928e+01 2.036000e+01 2.062500e+01 2.083959e+01 2.075830e+01
2.037000e+01 2.061500e+01 2.084531e+01 2.076039e+01 2.036500e+01 2.062000e+01 2.084249e+01 2.075928e+01
2.127000e+01 2.061500e+01 2.079473e+01 2.076279e+01 2.127000e+01 2.062500e+01 2.079212e+01 2.076363e+01
2.036000e+01 2.062500e+01 2.083959e+01 2.075830e+01 2.036000e+01 2.063500e+01 2.084263e+01 2.075935e+01
2.127000e+01 2.062500e+01 2.079212e+01 2.076363e+01 2.127000e+01 2.063500e+01 2.078967e+01 2.076431e+01
2.036000e+01 2.063500e+01 2.084263e+01 2.075935e+01 2.036000e+01 2.064500e+01 2.084552e+01 2.076023e+01
2.127000e+01 2.063500e+01 2.078967e+01 2.076431e+01 2.127000e+01 2.064500e+01 2.078738e+01 2.076486e+01
2.036000e+01 2.064500e+01 2.084552e+01 2.076023e+01 2.036000e+01 2.065500e+01 2.084824e+01 2.076095e+01
2.127000e+01 2.064500e+01 2.078738e+01 2.076486e+01 2.127000e+01 2.065500e+01 2.078528e+01 2.076527e+01
2.035500e+01 2.066000e+01 2.084482e+01 2.075996e+01 2.035000e+01 2.066500e+01 2.084135e+01 2.075910e+01
2.036000e+01 2.065500e+01 2.084824e+01 2.076095e+01 2.035500e+01 2.066000e+01 2.084482e+01 2.075996e+01
2.127000e+01 2.065500e+01 2.078528e+01 2.076527e+01 2.127500e+01 2.066000e+01 2.078900e+01 2.076445e+01
2.127500e+01 2.066000e+01 2.078900e+01 2.076445e+01 2.128000e+01 2.066500e+01 2.079278e+01 2.076376e+01
2.035000e+01 2.066500e+01 2.084135e+01 2.075910e+01 2.035000e+01 2.067500e+01 2.084364e+01 2.075970e+01
2.128000e+01 2.066500e+01 2.079278e+01 2.076376e+01 2.128000e+01 2.067500e+01 2.079113e+01 2.076412e+01
2.035000e+01 2.067500e+01 2.084364e+01 2.075970e+01 2.035000e+01 2.068500e+01 2.084574e+01 2.076018e+01
2.128000e+01 2.067500e+01 2.079113e+01 2.076412e+01 2.128000e+01 2.068500e+01 2.078967e+01 2.076439e+01
2.035000e+01 2.068500e+01 2.084574e+01 2.076018e+01 2.035000e+01 2.069500e+01 2.084766e+01 2.076054e+01
2.128000e+01 2.068500e+01 2.078967e+01 2.076439e+01 2.128000e+01 2.069500e+01 2.078841e+01 2.076456e+01
2.035000e+01 2.069500e+01 2.084766e+01 2.076054e+01 2.035000e+01 2.070500e+01 2.084938e+01 2.076080e+01
2.128000e+01 2.069500e+01 2.078841e+01 2.076456e+01 2.128000e+01 2.070500e+01 2.078735e+01 2.076467e+01
2.035000e+01 2.070500e+01 2.084938e+01 2.076080e+01 2.035000e+01 2.071500e+01 2.085090e+01 2.076096e+01
2.128000e+01 2.070500e+01 2.078735e+01 2.076467e+01 2.128000e+01 2.071500e+01 2.078650e+01 2.076471e+01
2.035000e+01 2.071500e+01 2.085090e+01 2.076096e+01 2.035000e+01 2.072500e+01 2.085221e+01 2.076103e+01
2.128000e+01 2.071500e+01 2.078650e+01 2.076471e+01 2.128000e+01 2.072500e+01 2.078586e+01 2.076470e+01
2.034500e+01 2.073000e+01 2.084785e+01 2.076049e+01 2.034000e+01 2.073500e+01 2.084346e+01 2.076006e+01
2.035000e+01 2.072500e+01 2.085221e+01 2.076103e+01 2.034500e+01 2.073000e+01 2.084785e+01 2.076049e+01
2.128000e+01 2.072500e+01 2.078586e+01 2.076470e+01 2.128000e+01 2.073500e+01 2.078543e+01 2.076466e+01
2.034000e+01 2.073500e+01 2.084346e+01 2.076006e+01 2.034000e+01 2.074500e+01 2.084433e+01 2.076022e+01
2.128000e+01 2.073500e+01 2.078543e+01 2.076466e+01 2.128000e+01 2.074500e+01 2.078522e+01 2.076459e+01
2.034000e+01 2.074500e+01 2.084433e+01 2.076022e+01 2.034000e+01 2.075500e+01 2.084498e+01 2.076034e+01
2.128000e+01 2.074500e+01 2.078522e+01 2.076459e+01 2.128000e+01 2.075500e+01 2.078523e+01 2.076452e+01
2.034000e+01 2.075500e+01 2.084498e+01 2.076034e+01 2.034000e+01 2.076500e+01 2.084543e+01 2.076042e+01
2.128000e+01 2.075500e+01 2.078523e+01 2.076452e+01 2.128000e+01 2.076500e+01 2.078545e+01 2.076444e+01
2.034000e+01 2.076500e+01 2.084543e+01 2.076042e+01 2.034000e+01 2.077500e+01 2.084566e+01 2.076049e+01
2.128000e+01 2.076500e+01 2.078545e+01 2.076444e+01 2.128000e+01 2.077500e+01 2.078589e+01 2.076439e+01
2.034000e+01 2.077500e+01 2.084566e+01 2.076049e+01 2.034000e+01 2.078500e+01 2.084568e+01 2.076056e+01
2.128000e+01 2.077500e+01 2.078589e+01 2.076439e+01 2.128000e+01 2.078500e+01 2.078655e+01 2.076437e+01
2.034000e+01 2.078500e+01 2.084568e+01 2.076056e+01 2.034000e+01 2.079500e+01 2.084549e+01 2.076063e+01
2.128000e+01 2.078500e+01 2.078655e+01 2.076437e+01 2.128000e+01 2.079500e+01 2.078743e+01 2.076439e+01
2.034000e+01 2.079500e+01 2.084549e+01 2.076063e+01 2.034000e+01 2.080500e+01 2.084509e+01 2.076073e+01
2.128000e+01 2.079500e+01 2.078743e+01 2.076439e+01 2.128000e+01 2.080500e+01 2.078851e+01 2.076447e+01
2.034000e+01 2.080500e+01 2.084509e+01 2.076073e+01 2.034000e+01 2.081500e+01 2.084448e+01 2.076086e+01
2.128000e+01 2.080500e+01 2.078851e+01 2.076447e+01 2.128000e+01 2.081500e+01 2.078981e+01 2.076461e+01
2.034000e+01 2.081500e+01 2.084448e+01 2.076086e+01 2.034500e+01 2.082000e+01 2.084895e+01 2.076054e+01
2.034500e+01 2.082000e+01 2.084895e+01 2.076054e+01 2.035000e+01 2.082500e+01 2.085339e+01 2.076009e+01
2.128000e+01 2.081500e+01 2.078981e+01 2.076461e+01 2.128000e+01 2.082500e+01 2.079131e+01 2.076484e+01
2.035000e+01 2.082500e+01 2.085339e+01 2.076009e+01 2.035000e+01 2.083500e+01 2.085232e+01 2.076012e+01
2.128000e+01 2.082500e+01 2.079131e+01 2.076484e+01 2.128000e+01 2.083500e+01 2.079301e+01 2.076516e+01
2.035000e+01 2.083500e+01 2.085232e+01 2.076012e+01 2.035000e+01 2.084500e+01 2.085104e+01 2.076023e+01
2.128000e+01 2.083500e+01 2.079301e+01 2.076516e+01 2.128000e+01 2.084500e+01 2.079490e+01 2.076558e+01
2.035000e+01 2.084500e+01 2.085104e+01 2.076023e+01 2.035000e+01 2.085500e+01 2.084956e+01 2.076042e+01
2.128000e+01 2.084500e+01 2.079490e+01 2.076558e+01 2.128000e+01 2.085500e+01 2.079697e+01 2.076612e+01
2.035000e+01 2.085500e+01 2.084956e+01 2.076042e+01 2.035000e+01 2.086500e+01 2.084789e+01 2.076072e+01
2.127500e+01 2.086000e+01 2.079335e+01 2.076533e+01 2.127000e+01 2.086500e+01 2.078978e+01 2.076440e+01
2.128000e+01 2.085500e+01 2.079697e+01 2.076612e+01 2.127500e+01 2.086000e+01 2.079335e+01 2.076533e+01
2.035000e+01 2.086500e+01 2.084789e+01 2.076072e+01 2.035000e+01 2.087500e+01 2.084603e+01 2.076112e+01
2.127000e+01 2.086500e+01 2.078978e+01 2.076440e+01 2.127000e+01 2.087500e+01 2.079229e+01 2.076502e+01
2.035000e+01 2.087500e+01 2.084603e+01 2.076112e+01 2.035000e+01 2.088500e+01 2.084398e+01 2.076164e+01
2.127000e+01 2.087500e+01 2.079229e+01 2.076502e+01 2.127000e+01 2.088500e+01 2.079498e+01 2.076580e+01
2.035000e+01 2.088500e+01 2.084398e+01 2.076164e+01 2.035500e+01 2.089000e+01 2.084748e+01 2.076086e+01
2.035500e+01 2.089000e+01 2.084748e+01 2.076086e+01 2.036000e+01 2.089500e+01 2.085090e+01 2.075995e+01
2.127000e+01 2.088500e+01 2.079498e+01 2.076580e+01 2.127000e+01 2.089500e+01 2.079783e+01 2.076673e+01
2.036000e+01 2.089500e+01 2.085090e+01 2.075995e+01 2.036000e+01 2.090500e+01 2.084842e+01 2.076057e+01
2.126500e+01 2.090000e+01 2.079477e+01 2.076577e+01 2.126000e+01 2.090500e+01 2.079180e+01 2.076470e+01
2.127000e+01 2.089500e+01 2.079783e+01 2.076673e+01 2.126500e+01 2.090000e+01 2.079477e+01 2.076577e+01
2.036000e+01 2.090500e+01 2.084842e+01 2.076057e+01 2.036000e+01 2.091500e+01 2.084578e+01 2.076136e+01
2.126000e+01 2.090500e+01 2.079180e+01 2.076470e+01 2.126000e+01 2.091500e+01 2.079505e+01 2.076582e+01
2.036000e+01 2.091500e+01 2.084578e+01 2.076136e+01 2.036000e+01 2.092500e+01 2.084298e+01 2.076231e+01
2.126000e+01 2.091500e+01 2.079505e+01 2.076582e+01 2.126000e+01 2.092500e+01 2.079843e+01 2.076713e+01
2.036000e+01 2.092500e+01 2.084298e+01 2.076231e+01 2.036500e+01 2.093000e+01 2.084587e+01 2.076140e+01
2.036500e+01 2.093000e+01 2.084587e+01 2.076140e+01 2.037000e+01 2.093500e+01 2.084865e+01 2.076036e+01
2.125500e+01 2.093000e+01 2.079583e+01 2.076612e+01 2.125000e+01 2.093500e+01 2.079332e+01 2.076499e+01
2.126000e+01 2.092500e+01 2.079843e+01 2.076713e+01 2.125500e+01 2.093000e+01 2.079583e+01 2.076612e+01
2.037000e+01 2.093500e+01 2.084865e+01 2.076036e+01 2.037000e+01 2.094500e+01 2.084546e+01 2.076153e+01
2.125000e+01 2.093500e+01 2.079332e+01 2.076499e+01 2.125000e+01 2.094500e+01 2.079707e+01 2.076657e+01
2.037000e+01 2.094500e+01 2.084546e+01 2.076153e+01 2.037000e+01 2.095500e+01 2.084215e+01 2.076288e+01
2.125000e+01 2.094500e+01 2.079707e+01 2.076657e+01 2.125000e+01 2.095500e+01 2.080093e+01 2.076836e+01
2.037000e+01 2.095500e+01 2.084215e+01 2.076288e+01 2.037500e+01 2.096000e+01 2.084455e+01 2.076194e+01
2.037500e+01 2.096000e+01 2.084455e+01 2.076194e+01 2.038000e+01 2.096500e+01 2.084684e+01 2.076089e+01
2.124500e+01 2.096000e+01 2.079877e+01 2.076738e+01 2.124000e+01 2.096500e+01 2.079673e+01 2.076629e+01
2.125000e+01 2.095500e+01 2.080093e+01 2.076836e+01 2.124500e+01 2.096000e+01 2.079877e+01 2.076738e+01
2.038000e+01 2.096500e+01 2.084684e+01 2.076089e+01 2.038000e+01 2.097500e+01 2.084318e+01 2.076254e+01
2.124000e+01 2.096500e+01 2.079673e+01 2.076629e+01 2.124000e+01 2.097500e+01 2.080090e+01 2.076841e+01
2.038000e+01 2.097500e+01 2.084318e+01 2.076254e+01 2.038500e+01 2.098000e+01 2.084524e+01 2.076160e+01
2.038500e+01 2.098000e+01 2.084524e+01 2.076160e+01 2.039000e+01 2.098500e+01 2.084717e+01 2.076054e+01
2.124000e+01 2.097500e+01 2.080090e+01 2.076841e+01 2.124000e+01 2.098500e+01 2.080514e+01 2.077076e+01
2.039000e+01 2.098500e+01 2.084717e+01 2.076054e+01 2.039000e+01 2.099500e+01 2.084319e+01 2.076254e+01
2.123500e+01 2.099000e+01 2.080340e+01 2.076988e+01 2.123000e+01 2.099500e+01 2.080178e+01 2.076891e+01
2.124000e+01 2.098500e+01 2.080514e+01 2.077076e+01 2.123500e+01 2.099000e+01 2.080340e+01 2.076988e+01
2.039000e+01 2.099500e+01 2.084319e+01 2.076254e+01 2.039000e+01 2.100500e+01 2.083916e+01 2.076476e+01
2.123000e+01 2.099500e+01 2.080178e+01 2.076891e+01 2.123000e+01 2.100500e+01 2.080628e+01 2.077164e+01
2.039000e+01 2.100500e+01 2.083916e+01 2.076476e+01 2.039500e+01 2.101000e+01 2.084077e+01 2.076394e+01
2.039500e+01 2.101000e+01 2.084077e+01 2.076394e+01 2.040000e+01 2.101500e+01 2.084225e+01 2.076302e+01
2.122500e+01 2.101000e+01 2.080484e+01 2.077085e+01 2.122000e+01 2.101500e+01 2.080353e+01 2.076997e+01
2.123000e+01 2.100500e+01 2.080628e+01 2.077164e+01 2.122500e+01 2.101000e+01 2.080484e+01 2.077085e+01
2.040000e+01 2.101500e+01 2.084225e+01 2.076302e+01 2.040000e+01 2.102500e+01 2.083797e+01 2.076565e+01
2.121500e+01 2.102000e+01 2.080230e+01 2.076919e+01 2.121000e+01 2.102500e+01 2.080121e+01 2.076834e+01
2.122000e+01 2.101500e+01 2.080353e+01 2.076997e+01 2.121500e+01 2.102000e+01 2.080230e+01 2.076919e+01
2.040000e+01 2.102500e+01 2.083797e+01 2.076565e+01 2.040500e+01 2.103000e+01 2.083927e+01 2.076492e+01
2.040500e+01 2.103000e+01 2.083927e+01 2.076492e+01 2.041000e+01 2.103500e+01 2.084042e+01 2.076411e+01
2.121000e+01 2.102500e+01 2.080121e+01 2.076834e+01 2.121000e+01 2.103500e+01 2.080605e+01 2.077170e+01
2.041000e+01 2.103500e+01 2.084042e+01 2.076411e+01 2.041000e+01 2.104500e+01 2.083596e+01 2.076717e+01
2.120500e+01 2.104000e+01 2.080510e+01 2.077106e+01 2.120000e+01 2.104500e+01 2.080429e+01 2.077037e+01
2.121000e+01 2.103500e+01 2.080605e+01 2.077170e+01 2.120500e+01 2.104000e+01 2.080510e+01 2.077106e+01
2.041000e+01 2.104500e+01 2.083596e+01 2.076717e+01 2.041500e+01 2.105000e+01 2.083697e+01 2.076658e+01
2.041500e+01 2.105000e+01 2.083697e+01 2.076658e+01 2.042000e+01 2.105500e+01 2.083782e+01 2.076592e+01
2.120000e+01 2.104500e+01 2.080429e+01 2.077037e+01 2.120000e+01 2.105500e+01 2.080926e+01 2.077419e+01
2.042000e+01 2.105500e+01 2.083782e+01 2.076592e+01 2.042500e+01 2.106000e+01 2.083862e+01 2.076538e+01
2.042500e+01 2.106000e+01 2.083862e+01 2.076538e+01 2.043000e+01 2.106500e+01 2.083926e+01 2.076479e+01
2.119500e+01 2.106000e+01 2.080856e+01 2.077373e+01 2.119000e+01 2.106500e+01 2.080800e+01 2.077322e+01
2.120000e+01 2.105500e+01 2.080926e+01 2.077419e+01 2.119500e+01 2.106000e+01 2.080856e+01 2.077373e+01
2.043000e+01 2.106500e+01 2.083926e+01 2.076479e+01 2.043000e+01 2.107500e+01 2.083455e+01 2.076855e+01
2.118500e+01 2.107000e+01 2.080748e+01 2.077284e+01 2.118000e+01 2.107500e+01 2.080711e+01 2.077243e+01
2.119000e+01 2.106500e+01 2.080800e+01 2.077322e+01 2.118500e+01 2.107000e+01 2.080748e+01 2.077284e+01
2.043000e+01 2.107500e+01 2.083455e+01 2.076855e+01 2.043500e+01 2.108000e+01 2.083509e+01 2.076821e+01
2.043500e+01 2.108000e+01 2.083509e+01 2.076821e+01 2.044000e+01 2.108500e+01 2.083548e+01 2.076783e+01
2.118000e+01 2.107500e+01 2.080711e+01 2.077243e+01 2.118000e+01 2.108500e+01 2.081223e+01 2.077697e+01
2.044000e+01 2.108500e+01 2.083548e+01 2.076783e+01 2.044500e+01 2.109000e+01 2.083583e+01 2.076758e+01
2.044500e+01 2.109000e+01 2.083583e+01 2.076758e+01 2.045000e+01 2.109500e+01 2.083603e+01 2.076730e+01
2.117500e+01 2.109000e+01 2.081192e+01 2.077681e+01 2.117000e+01 2.109500e+01 2.081175e+01 2.077663e+01
2.118000e+01 2.108500e+01 2.081223e+01 2.077697e+01 2.117500e+01 2.109000e+01 2.081192e+01 2.077681e+01
2.045000e+01 2.109500e+01 2.083603e+01 2.076730e+01 2.045500e+01 2.110000e+01 2.083620e+01 2.076717e+01
2.045500e+01 2.110000e+01 2.083620e+01 2.076717e+01 2.046000e+01 2.110500e+01 2.083622e+01 2.076701e+01
2.116500e+01 2.110000e+01 2.081160e+01 2.077658e+01 2.116000e+01 2.110500e+01 2.081160e+01 2.077652e+01
2.117000e+01 2.109500e+01 2.081175e+01 2.077663e+01 2.116500e+01 2.110000e+01 2.081160e+01 2.077658e+01
2.046000e+01 2.110500e+01 2.083622e+01 2.076701e+01 2.046000e+01 2.111500e+01 2.083138e+01 2.077182e+01
2.115500e+01 2.111000e+01 2.081161e+01 2.077660e+01 2.115000e+01 2.111500e+01 2.081176e+01 2.077667e+01
2.116000e+01 2.110500e+01 2.081160e+01 2.077652e+01 2.115500e+01 2.111000e+01 2.081161e+01 2.077660e+01
2.046000e+01 2.111500e+01 2.083138e+01 2.077182e+01 2.046500e+01 2.112000e+01 2.083138e+01 2.077195e+01
2.046500e+01 2.112000e+01 2.083138e+01 2.077195e+01 2.047000e+01 2.112500e+01 2.083123e+01 2.077207e+01
2.114500e+01 2.112000e+01 2.081190e+01 2.077689e+01 2.114000e+01 2.112500e+01 2.081219e+01 2.077711e+01
2.115000e+01 2.111500e+01 2.081176e+01 2.077667e+01 2.114500e+01 2.112000e+01 2.081190e+01 2.077689e+01
2.047000e+01 2.112500e+01 2.083123e+01 2.077207e+01 2.047500e+01 2.113000e+01 2.083108e+01 2.077234e+01
2.047500e+01 2.113000e+01 2.083108e+01 2.077234e+01 2.048000e+01 2.113500e+01 2.083078e+01 2.077262e+01
2.113500e+01 2.113000e+01 2.081247e+01 2.077746e+01 2.113000e+01 2.113500e+01 2.081289e+01 2.077784e+01
2.114000e+01 2.112500e+01 2.081219e+01 2.077711e+01 2.113500e+01 2.113000e+01 2.081247e+01 2.077746e+01
2.048000e+01 2.113500e+01 2.083078e+01 2.077262e+01 2.048500e+01 2.114000e+01 2.083050e+01 2.077304e+01
2.048500e+01 2.114000e+01 2.083050e+01 2.077304e+01 2.049000e+01 2.114500e+01 2.083007e+01 2.077349e+01
2.112500e+01 2.114000e+01 2.081328e+01 2.077836e+01 2.112000e+01 2.114500e+01 2.081381e+01 2.077890e+01
2.113000e+01 2.113500e+01 2.081289e+01 2.077784e+01 2.112500e+01 2.114000e+01 2.081328e+01 2.077836e+01
2.049000e+01 2.114500e+01 2.083007e+01 2.077349e+01 2.049500e+01 2.115000e+01 2.082967e+01 2.077408e+01
2.049500e+01 2.115000e+01 2.082967e+01 2.077408e+01 2.050000e+01 2.115500e+01 2.082913e+01 2.077470e+01
2.111500e+01 2.115000e+01 2.081431e+01 2.077958e+01 2.111000e+01 2.115500e+01 2.081494e+01 2.078030e+01
2.112000e+01 2.114500e+01 2.081381e+01 2.077890e+01 2.111500e+01 2.115000e+01 2.081431e+01 2.077958e+01
2.050000e+01 2.115500e+01 2.082913e+01 2.077470e+01 2.050500e+01 2.116000e+01 2.082863e+01 2.077546e+01
2.050500e+01 2.116000e+01 2.082863e+01 2.077546e+01 2.051000e+01 2.116500e+01 2.082800e+01 2.077627e+01
2.110500e+01 2.116000e+01 2.081553e+01 2.078115e+01 2.110000e+01 2.116500e+01 2.081624e+01 2.078205e+01
2.111000e+01 2.115500e+01 2.081494e+01 2.078030e+01 2.110500e+01 2.116000e+01 2.081553e+01 2.078115e+01
2.051000e+01 2.116500e+01 2.082800e+01 2.077627e+01 2.051500e+01 2.117000e+01 2.082741e+01 2.077722e+01
2.051500e+01 2.117000e+01 2.082741e+01 2.077722e+01 2.052000e+01 2.117500e+01 2.082669e+01 2.077821e+01
2.109500e+01 2.117000e+01 2.081691e+01 2.078308e+01 2.109000e+01 2.117500e+01 2.081769e+01 2.078416e+01
2.110000e+01 2.116500e+01 2.081624e+01 2.078205e+01 2.109500e+01 2.117000e+01 2.081691e+01 2.078308e+01
2.052000e+01 2.117500e+01 2.082669e+01 2.077821e+01 2.052500e+01 2.118000e+01 2.082603e+01 2.077935e+01
2.052500e+01 2.118000e+01 2.082603e+01 2.077935e+01 2.053500e+01 2.118000e+01 2.082892e+01 2.077491e+01
2.053500e+01 2.118000e+01 2.082892e+01 2.077491e+01 2.054000e+01 2.118500e+01 2.082802e+01 2.077617e+01
2.107500e+01 2.118000e+01 2.081536e+01 2.078064e+01 2.107000e+01 2.118500e+01 2.081630e+01 2.078199e+01
2.107500e+01 2.118000e+01 2.081536e+01 2.078064e+01 2.108500e+01 2.118000e+01 2.081841e+01 2.078538e+01
2.109000e+01 2.117500e+01 2.081769e+01 2.078416e+01 2.108500e+01 2.118000e+01 2.081841e+01 2.078538e+01
2.054000e+01 2.118500e+01 2.082802e+01 2.077617e+01 2.054500e+01 2.119000e+01 2.082720e+01 2.077757e+01
2.054500e+01 2.119000e+01 2.082720e+01 2.077757e+01 2.055000e+01 2.119500e+01 2.082627e+01 2.077905e+01
2.106500e+01 2.119000e+01 2.081718e+01 2.078346e+01 2.106000e+01 2.119500e+01 2.081815e+01 2.078500e+01
2.107000e+01 2.118500e+01 2.081630e+01 2.078199e+01 2.106500e+01 2.119000e+01 2.081718e+01 2.078346e+01
2.055000e+01 2.119500e+01 2.082627e+01 2.077905e+01 2.055500e+01 2.120000e+01 2.082541e+01 2.078065e+01
2.055500e+01 2.120000e+01 2.082541e+01 2.078065e+01 2.056000e+01 2.120500e+01 2.082446e+01 2.078234e+01
2.104500e+01 2.120000e+01 2.081663e+01 2.078226e+01 2.104000e+01 2.120500e+01 2.081771e+01 2.078409e+01
2.104500e+01 2.120000e+01 2.081663e+01 2.078226e+01 2.105500e+01 2.120000e+01 2.081905e+01 2.078666e+01
2.106000e+01 2.119500e+01 2.081815e+01 2.078500e+01 2.105500e+01 2.120000e+01 2.081905e+01 2.078666e+01
2.056000e+01 2.120500e+01 2.082446e+01 2.078234e+01 2.056500e+01 2.121000e+01 2.082360e+01 2.078416e+01
2.056500e+01 2.121000e+01 2.082360e+01 2.078416e+01 2.057500e+01 2.121000e+01 2.082564e+01 2.078020e+01
2.057500e+01 2.121000e+01 2.082564e+01 2.078020e+01 2.058000e+01 2.121500e+01 2.082461e+01 2.078220e+01
2.103500e+01 2.121000e+01 2.081871e+01 2.078604e+01 2.103000e+01 2.121500e+01 2.081978e+01 2.078807e+01
2.104000e+01 2.120500e+01 2.081771e+01 2.078409e+01 2.103500e+01 2.121000e+01 2.081871e+01 2.078604e+01
2.058000e+01 2.121500e+01 2.082461e+01 2.078220e+01 2.058500e+01 2.122000e+01 2.082367e+01 2.078432e+01
2.058500e+01 2.122000e+01 2.082367e+01 2.078432e+01 2.059500e+01 2.122000e+01 2.082534e+01 2.078062e+01
2.059500e+01 2.122000e+01 2.082534e+01 2.078062e+01 2.060000e+01 2.122500e+01 2.082426e+01 2.078294e+01
2.101500e+01 2.122000e+01 2.081888e+01 2.078624e+01 2.101000e+01 2.122500e+01 2.081999e+01 2.078857e+01
2.101500e+01 2.122000e+01 2.081888e+01 2.078624e+01 2.102500e+01 2.122000e+01 2.082076e+01 2.079021e+01
2.103000e+01 2.121500e+01 2.081978e+01 2.078807e+01 2.102500e+01 2.122000e+01 2.082076e+01 2.079021e+01
2.060000e+01 2.122500e+01 2.082426e+01 2.078294e+01 2.060500e+01 2.123000e+01 2.082329e+01 2.078537e+01
2.060500e+01 2.123000e+01 2.082329e+01 2.078537e+01 2.061500e+01 2.123000e+01 2.082464e+01 2.078196e+01
2.061500e+01 2.123000e+01 2.082464e+01 2.078196e+01 2.062000e+01 2.123500e+01 2.082356e+01 2.078461e+01
2.099500e+01 2.123000e+01 2.081945e+01 2.078732e+01 2.099000e+01 2.123500e+01 2.082056e+01 2.078997e+01
2.099500e+01 2.123000e+01 2.081945e+01 2.078732e+01 2.100500e+01 2.123000e+01 2.082100e+01 2.079101e+01
2.101000e+01 2.122500e+01 2.081999e+01 2.078857e+01 2.100500e+01 2.123000e+01 2.082100e+01 2.079101e+01
2.062000e+01 2.123500e+01 2.082356e+01 2.078461e+01 2.062500e+01 2.124000e+01 2.082260e+01 2.078736e+01
2.062500e+01 2.124000e+01 2.082260e+01 2.078736e+01 2.063500e+01 2.124000e+01 2.082367e+01 2.078429e+01
2.063500e+01 2.124000e+01 2.082367e+01 2.078429e+01 2.064000e+01 2.124500e+01 2.082263e+01 2.078727e+01
2.097500e+01 2.124000e+01 2.082030e+01 2.078933e+01 2.097000e+01 2.124500e+01 2.082138e+01 2.079229e+01
2.097500e+01 2.124000e+01 2.082030e+01 2.078933e+01 2.098500e+01 2.124000e+01 2.082157e+01 2.079270e+01
2.099000e+01 2.123500e+01 2.082056e+01 2.078997e+01 2.098500e+01 2.124000e+01 2.082157e+01 2.079270e+01
2.064000e+01 2.124500e+01 2.082263e+01 2.078727e+01 2.064500e+01 2.125000e+01 2.082172e+01 2.079033e+01
2.064500e+01 2.125000e+01 2.082172e+01 2.079033e+01 2.065500e+01 2.125000e+01 2.082256e+01 2.078762e+01
2.065500e+01 2.125000e+01 2.082256e+01 2.078762e+01 2.066500e+01 2.125000e+01 2.082325e+01 2.078505e+01
2.066500e+01 2.125000e+01 2.082325e+01 2.078505e+01 2.067000e+01 2.125500e+01 2.082230e+01 2.078848e+01
2.094500e+01 2.125000e+01 2.082044e+01 2.078942e+01 2.094000e+01 2.125500e+01 2.082145e+01 2.079279e+01
2.094500e+01 2.125000e+01 2.082044e+01 2.078942e+01 2.095500e+01 2.125000e+01 2.082131e+01 2.079230e+01
2.095500e+01 2.125000e+01 2.082131e+01 2.079230e+01 2.096500e+01 2.125000e+01 2.082234e+01 2.079531e+01
2.097000e+01 2.124500e+01 2.082138e+01 2.079229e+01 2.096500e+01 2.125000e+01 2.082234e+01 2.079531e+01
2.067000e+01 2.125500e+01 2.082230e+01 2.078848e+01 2.067500e+01 2.126000e+01 2.082147e+01 2.079198e+01
2.067500e+01 2.126000e+01 2.082147e+01 2.079198e+01 2.068500e+01 2.126000e+01 2.082201e+01 2.078980e+01
2.068500e+01 2.126000e+01 2.082201e+01 2.078980e+01 2.069500e+01 2.126000e+01 2.082242e+01 2.078777e+01
2.069500e+01 2.126000e+01 2.082242e+01 2.078777e+01 2.070500e+01 2.126000e+01 2.082271e+01 2.078591e+01
2.070500e+01 2.126000e+01 2.082271e+01 2.078591e+01 2.071000e+01 2.126500e+01 2.082195e+01 2.078990e+01
2.090500e+01 2.126000e+01 2.082063e+01 2.078919e+01 2.090000e+01 2.126500e+01 2.082148e+01 2.079309e+01
2.090500e+01 2.126000e+01 2.082063e+01 2.078919e+01 2.091500e+01 2.126000e+01 2.082107e+01 2.079137e+01
2.091500e+01 2.126000e+01 2.082107e+01 2.079137e+01 2.092500e+01 2.126000e+01 2.082164e+01 2.079372e+01
2.092500e+01 2.126000e+01 2.082164e+01 2.079372e+01 2.093500e+01 2.126000e+01 2.082235e+01 2.079622e+01
2.094000e+01 2.125500e+01 2.082145e+01 2.079279e+01 2.093500e+01 2.126000e+01 2.082235e+01 2.079622e+01
2.071000e+01 2.126500e+01 2.082195e+01 2.078990e+01 2.071500e+01 2.127000e+01 2.082132e+01 2.079395e+01
2.071500e+01 2.127000e+01 2.082132e+01 2.079395e+01 2.072500e+01 2.127000e+01 2.082157e+01 2.079250e+01
2.072500e+01 2.127000e+01 2.082157e+01 2.079250e+01 2.073500e+01 2.127000e+01 2.082174e+01 2.079124e+01
2.073500e+01 2.127000e+01 2.082174e+01 2.079124e+01 2.074500e+01 2.127000e+01 2.082183e+01 2.079015e+01
2.074500e+01 2.127000e+01 2.082183e+01 2.079015e+01 2.075500e+01 2.127000e+01 2.082186e+01 2.078925e+01
2.075500e+01 2.127000e+01 2.082186e+01 2.078925e+01 2.076500e+01 2.127000e+01 2.082183e+01 2.078854e+01
2.076500e+01 2.127000e+01 2.082183e+01 2.078854e+01 2.077500e+01 2.127000e+01 2.082177e+01 2.078802e+01
2.077500e+01 2.127000e+01 2.082177e+01 2.078802e+01 2.078000e+01 2.127500e+01 2.082156e+01 2.079289e+01
2.083500e+01 2.127000e+01 2.082121e+01 2.078905e+01 2.083000e+01 2.127500e+01 2.082157e+01 2.079377e+01
2.083500e+01 2.127000e+01 2.082121e+01 2.078905e+01 2.084500e+01 2.127000e+01 2.082120e+01 2.078991e+01
2.084500e+01 2.127000e+01 2.082120e+01 2.078991e+01 2.085500e+01 2.127000e+01 2.082125e+01 2.079097e+01
2.085500e+01 2.127000e+01 2.082125e+01 2.079097e+01 2.086500e+01 2.127000e+01 2.082136e+01 2.079221e+01
2.086500e+01 2.127000e+01 2.082136e+01 2.079221e+01 2.087500e+01 2.127000e+01 2.082155e+01 2.079364e+01
2.087500e+01 2.127000e+01 2.082155e+01 2.079364e+01 2.088500e+01 2.127000e+01 2.082183e+01 2.079524e+01
2.088500e+01 2.127000e+01 2.082183e+01 2.079524e+01 2.089500e+01 2.127000e+01 2.082221e+01 2.079702e+01
2.090000e+01 2.126500e+01 2.082148e+01 2.079309e+01 2.089500e+01 2.127000e+01 2.082221e+01 2.079702e+01
2.078000e+01 2.127500e+01 2.082156e+01 2.079289e+01 2.078500e+01 2.128000e+01 2.082146e+01 2.079778e+01
2.078500e+01 2.128000e+01 2.082146e+01 2.079778e+01 2.079500e+01 2.128000e+01 2.082155e+01 2.079767e+01
2.079500e+01 2.128000e+01 2.082155e+01 2.079767e+01 2.080500e+01 2.128000e+01 2.082163e+01 2.079775e+01
2.080500e+01 2.128000e+01 2.082163e+01 2.079775e+01 2.081500e+01 2.128000e+01 2.082172e+01 2.079803e+01
2.081500e+01 2.128000e+01 2.082172e+01 2.079803e+01 2.082500e+01 2.128000e+01 2.082183e+01 2.079849e+01
2.083000e+01 2.127500e+01 2.082157e+01 2.079377e+01 2.082500e+01 2.128000e+01 2.082183e+01 2.079849e+01
2.081329e+01 2.076512e+01 2.032869e+01 2.074890e+01 2.081329e+01 2.076512e+01 2.032984e+01 2.071623e+01
2.081329e+01 2.076512e+01 2.032984e+01 2.071623e+01 2.081329e+01 2.076512e+01 2.033326e+01 2.068388e+01
2.081329e+01 2.076512e+01 2.033326e+01 2.068388e+01 2.081329e+01 2.076512e+01 2.033889e+01 2.065199e+01
2.081329e+01 2.076512e+01 2.033889e+01 2.065199e+01 2.081329e+01 2.076512e+01 2.034671e+01 2.062067e+01
2.081329e+01 2.076512e+01 2.034671e+01 2.062067e+01 2.081329e+01 2.076512e+01 2.035667e+01 2.059005e+01
2.081329e+01 2.076512e+01 2.035667e+01 2.059005e+01 2.081329e+01 2.076512e+01 2.036872e+01 2.056025e+01
2.081329e+01 2.076512e+01 2.036872e+01 2.056025e+01 2.081329e+01 2.076512e+01 2.038281e+01 2.053138e+01
2.081329e+01 2.076512e+01 2.038281e+01 2.053138e+01 2.081329e+01 2.076512e+01 2.039889e+01 2.050356e+01
2.081329e+01 2.076512e+01 2.039889e+01 2.050356e+01 2.081329e+01 2.076512e+01 2.041688e+01 2.047690e+01
2.081329e+01 2.076512e+01 2.041688e+01 2.047690e+01 2.081329e+01 2.076512e+01 2.043673e+01 2.045151e+01
2.081329e+01 2.076512e+01 2.043673e+01 2.045151e+01 2.081329e+01 2.076512e+01 2.045836e+01 2.042749e+01
2.081329e+01 2.076512e+01 2.045836e+01 2.042749e+01 2.081329e+01 2.076512e+01 2.048170e+01 2.040496e+01
2.081329e+01 2.076512e+01 2.048170e+01 2.040496e+01 2.081329e+01 2.076512e+01 2.050667e+01 2.038401e+01
2.081329e+01 2.076512e+01 2.050667e+01 2.038401e+01 2.081329e+01 2.076512e+01 2.053318e+01 2.036475e+01
2.081329e+01 2.076512e+01 2.053318e+01 2.036475e+01 2.081329e+01 2.076512e+01 2.056113e+01 2.034728e+01
2.081329e+01 2.076512e+01 2.056113e+01 2.034728e+01 2.081329e+01 2.076512e+01 2.059042e+01 2.033170e+01
2.081329e+01 2.076512e+01 2.059042e+01 2.033170e+01 2.081329e+01 2.076512e+01 2.062094e+01 2.031812e+01
2.081329e+01 2.076512e+01 2.062094e+01 2.031812e+01 2.081329e+01 2.076512e+01 2.065255e+01 2.030660e+01
2.081329e+01 2.076512e+01 2.065255e+01 2.030660e+01 2.081329e+01 2.076512e+01 2.068513e+01 2.029726e+01
2.081329e+01 2.076512e+01 2.068513e+01 2.029726e+01 2.081329e+01 2.076512e+01 2.071852e+01 2.029015e+01
2.081329e+01 2.076512e+01 2.071852e+01 2.029015e+01 2.081329e+01 2.076512e+01 2.075258e+01 2.028535e+01
2.081329e+01 2.076512e+01 2.075258e+01 2.028535e+01 2.081329e+01 2.076512e+01 2.078713e+01 2.028293e+01
2.081329e+01 2.076512e+01 2.078713e+01 2.028293e+01 2.081329e+01 2.076512e+01 2.082200e+01 2.028292e+01
2.081329e+01 2.076512e+01 2.082200e+01 2.028292e+01 2.081329e+01 2.076512e+01 2.085700e+01 2.028535e+01
2.081329e+01 2.076512e+01 2.085700e+01 2.028535e+01 2.081329e+01 2.076512e+01 2.089193e+01 2.029025e+01
2.081329e+01 2.076512e+01 2.089193e+01 2.029025e+01 2.081329e+01 2.076512e+01 2.092659e+01 2.029761e+01
2.081329e+01 2.076512e+01 2.092659e+01 2.029761e+01 2.081329e+01 2.076512e+01 2.096078e+01 2.030740e+01
2.081329e+01 2.076512e+01 2.096078e+01 2.030740e+01 2.081329e+01 2.076512e+01 2.099428e+01 2.031958e+01
2.081329e+01 2.076512e+01 2.099428e+01 2.031958e+01 2.081329e+01 2.076512e+01 2.102691e+01 2.033410e+01
2.081329e+01 2.076512e+01 2.102691e+01 2.033410e+01 2.081329e+01 2.076512e+01 2.105845e+01 2.035086e+01
2.081329e+01 2.076512e+01 2.105845e+01 2.035086e+01 2.081329e+01 2.076512e+01 2.108872e+01 2.036976e+01
2.081329e+01 2.076512e+01 2.108872e+01 2.036976e+01 2.081329e+01 2.076512e+01 2.111754e+01 2.039069e+01
2.081329e+01 2.076512e+01 2.111754e+01 2.039069e+01 2.081329e+01 2.076512e+01 2.114475e+01 2.041352e+01
2.081329e+01 2.076512e+01 2.114475e+01 2.041352e+01 2.081329e+01 2.076512e+01 2.117020e+01 2.043808e+01
2.081329e+01 2.076512e+01 2.117020e+01 2.043808e+01 2.081329e+01 2.076512e+01 2.119376e+01 2.046424e+01
2.081329e+01 2.076512e+01 2.119376e+01 2.046424e+01 2.081329e+01 2.076512e+01 2.121530e+01 2.049181e+01
2.081329e+01 2.076512e+01 2.121530e+01 2.049181e+01 2.081329e+01 2.076512e+01 2.123475e+01 2.052065e+01
2.081329e+01 2.076512e+01 2.123475e+01 2.052065e+01 2.081329e+01 2.076512e+01 2.125202e+01 2.055056e+01
2.081329e+01 2.076512e+01 2.125202e+01 2.055056e+01 2.081329e+01 2.076512e+01 2.126705e+01 2.058138e+01
2.081329e+01 2.076512e+01 2.126705e+01 2.058138e+01 2.081329e+01 2.076512e+01 2.127980e+01 2.061294e+01
2.081329e+01 2.076512e+01 2.127980e+01 2.061294e+01 2.081329e+01 2.076512e+01 2.129023e+01 2.064508e+01
2.081329e+01 2.076512e+01 2.129023e+01 2.064508e+01 2.081329e+01 2.076512e+01 2.129834e+01 2.067763e+01
2.081329e+01 2.076512e+01 2.129834e+01 2.067763e+01 2.081329e+01 2.076512e+01 2.130412e+01 2.071043e+01
2.081329e+01 2.076512e+01 2.130412e+01 2.071043e+01 2.081329e+01 2.076512e+01 2.130756e+01 2.074333e+01
2.081329e+01 2.076512e+01 2.130756e+01 2.074333e+01 2.081329e+01 2.076512e+01 2.130870e+01 2.077619e+01
2.081329e+01 2.076512e+01 2.130870e+01 2.077619e+01 2.081329e+01 2.076512e+01 2.130755e+01 2.080886e+01
2.081329e+01 2.076512e+01 2.130755e+01 2.080886e+01 2.081329e+01 2.076512e+01 2.130414e+01 2.084121e+01
2.081329e+01 2.076512e+01 2.130414e+01 2.084121e+01 2.081329e+01 2.076512e+01 2.129850e+01 2.087310e+01
2.081329e+01 2.076512e+01 2.129850e+01 2.087310e+01 2.081329e+01 2.076512e+01 2.129068e+01 2.090442e+01
2.081329e+01 2.076512e+01 2.129068e+01 2.090442e+01 2.081329e+01 2.076512e+01 2.128072e+01 2.093504e+01
2.081329e+01 2.076512e+01 2.128072e+01 2.093504e+01 2.081329e+01 2.076512e+01 2.126867e+01 2.096484e+01
2.081329e+01 2.076512e+01 2.126867e+01 2.096484e+01 2.081329e+01 2.076512e+01 2.125458e+01 2.099371e+01
2.081329e+01 2.076512e+01 2.125458e+01 2.099371e+01 2.081329e+01 2.076512e+01 2.123851e+01 2.102153e+01
2.081329e+01 2.076512e+01 2.123851e+01 2.102153e+01 2.081329e+01 2.076512e+01 2.122051e+01 2.104819e+01
2.081329e+01 2.076512e+01 2.122051e+01 2.104819e+01 2.081329e+01 2.076512e+01 2.120067e+01 2.107358e+01
2.081329e+01 2.076512e+01 2.120067e+01 2.107358e+01 2.081329e+01 2.076512e+01 2.117903e+01 2.109760e+01
2.081329e+01 2.076512e+01 2.117903e+01 2.109760e+01 2.081329e+01 2.076512e+01 2.115569e+01 2.112014e+01
2.081329e+01 2.076512e+01 2.115569e+01 2.112014e+01 2.081329e+01 2.076512e+01 2.113072e+01 2.114108e+01
2.081329e+01 2.076512e+01 2.113072e+01 2.114108e+01 2.081329e+01 2.076512e+01 2.110421e+01 2.116034e+01
2.081329e+01 2.076512e+01 2.110421e+01 2.116034e+01 2.081329e+01 2.076512e+01 2.107626e+01 2.117781e+01
2.081329e+01 2.076512e+01 2.107626e+01 2.117781e+01 2.081329e+01 2.076512e+01 2.104697e+01 2.119339e+01
2.081329e+01 2.076512e+01 2.104697e+01 2.119339e+01 2.081329e+01 2.076512e+01 2.101646e+01 2.120697e+01
2.081329e+01 2.076512e+01 2.101646e+01 2.120697e+01 2.081329e+01 2.076512e+01 2.098484e+01 2.121849e+01
2.081329e+01 2.076512e+01 2.098484e+01 2.121849e+01 2.081329e+01 2.076512e+01 2.095227e+01 2.122783e+01
2.081329e+01 2.076512e+01 2.095227e+01 2.122783e+01 2.081329e+01 2.076512e+01 2.091887e+01 2.123494e+01
2.081329e+01 2.076512e+01 2.091887e+01 2.123494e+01 2.081329e+01 2.076512e+01 2.088481e+01 2.123974e+01
2.081329e+01 2.076512e+01 2.088481e+01 2.123974e+01 2.081329e+01 2.076512e+01 2.085026e+01 2.124216e+01
2.081329e+01 2.076512e+01 2.085026e+01 2.124216e+01 2.081329e+01 2.076512e+01 2.081539e+01 2.124217e+01
2.081329e+01 2.076512e+01 2.081539e+01 2.124217e+01 2.081329e+01 2.076512e+01 2.078039e+01 2.123974e+01
2.081329e+01 2.076512e+01 2.078039e+01 2.123974e+01 2.081329e+01 2.076512e+01 2.074546e+01 2.123484e+01
2.081329e+01 2.076512e+01 2.074546e+01 2.123484e+01 2.081329e+01 2.076512e+01 2.071080e+01 2.122748e+01
2.081329e+01 2.076512e+01 2.071080e+01 2.122748e+01 2.081329e+01 2.076512e+01 2.067662e+01 2.121769e+01
2.081329e+01 2.076512e+01 2.067662e+01 2.121769e+01 2.081329e+01 2.076512e+01 2.064311e+01 2.120551e+01
2.081329e+01 2.076512e+01 2.064311e+01 2.120551e+01 2.081329e+01 2.076512e+01 2.061049e+01 2.119099e+01
2.081329e+01 2.076512e+01 2.061049e+01 2.119099e+01 2.081329e+01 2.076512e+01 2.057894e+01 2.117423e+01
2.081329e+01 2.076512e+01 2.057894e+01 2.117423e+01 2.081329e+01 2.076512e+01 2.054867e+01 2.115533e+01
2.081329e+01 2.076512e+01 2.054867e+01 2.115533e+01 2.081329e+01 2.076512e+01 2.051985e+01 2.113440e+01
2.081329e+01 2.076512e+01 2.051985e+01 2.113440e+01 2.081329e+01 2.076512e+01 2.049264e+01 2.111158e+01
2.081329e+01 2.076512e+01 2.049264e+01 2.111158e+01 2.081329e+01 2.076512e+01 2.046719e+01 2.108701e+01
2.081329e+01 2.076512e+01 2.046719e+01 2.108701e+01 2.081329e+01 2.076512e+01 2.044364e+01 2.106085e+01
2.081329e+01 2.076512e+01 2.044364e+01 2.106085e+01 2.081329e+01 2.076512e+01 2.042209e+01 2.103328e+01
2.081329e+01 2.076512e+01 2.042209e+01 2.103328e+01 2.081329e+01 2.076512e+01 2.040264e+01 2.100444e+01
2.081329e+01 2.076512e+01 2.040264e+01 2.100444e+01 2.081329e+01 2.076512e+01 2.038537e+01 2.097453e+01
2.081329e+01 2.076512e+01 2.038537e+01 2.097453e+01 2.081329e+01 2.076512e+01 2.037034e+01 2.094371e+01
2.081329e+01 2.076512e+01 2.037034e+01 2.094371e+01 2.081329e+01 2.076512e+01 2.035760e+01 2.091215e+01
2.081329e+01 2.076512e+01 2.035760e+01 2.091215e+01 2.081329e+01 2.076512e+01 2.034716e+01 2.088001e+01
2.081329e+01 2.076512e+01 2.034716e+01 2.088001e+01 2.081329e+01 2.076512e+01 2.033905e+01 2.084746e+01
2.081329e+01 2.076512e+01 2.033905e+01 2.084746e+01 2.081329e+01 2.076512e+01 2.033328e+01 2.081466e+01
2.081329e+01 2.076512e+01 2.033328e+01 2.081466e+01 2.081329e+01 2.076512e+01 2.032983e+01 2.078176e+01
2.081329e+01 2.076512e+01 2.032983e+01 2.078176e+01 2.081329e+01 2.076512e+01 2.032869e+01 2.074890e+01
