2.077500e+01 2.025000e+01 2.081021e+01 2.072720e+01 2.077000e+01 2.025500e+01 2.081056e+01 2.073179e+01
2.077500e+01 2.025000e+01 2.081021e+01 2.072720e+01 2.078500e+01 2.025000e+01 2.081033e+01 2.072790e+01
2.078500e+01 2.025000e+01 2.081033e+01 2.072790e+01 2.079500e+01 2.025000e+01 2.081041e+01 2.072841e+01
2.079500e+01 2.025000e+01 2.081041e+01 2.072841e+01 2.080500e+01 2.025000e+01 2.081048e+01 2.072872e+01
2.080500e+01 2.025000e+01 2.081048e+01 2.072872e+01 2.081500e+01 2.025000e+01 2.081054e+01 2.072885e+01
2.081500e+01 2.025000e+01 2.081054e+01 2.072885e+01 2.082500e+01 2.025000e+01 2.081059e+01 2.072879e+01
2.082500e+01 2.025000e+01 2.081059e+01 2.072879e+01 2.083500e+01 2.025000e+01 2.081066e+01 2.072854e+01
2.083500e+01 2.025000e+01 2.081066e+01 2.072854e+01 2.084500e+01 2.025000e+01 2.081076e+01 2.072810e+01
2.084500e+01 2.025000e+01 2.081076e+01 2.072810e+01 2.085000e+01 2.025500e+01 2.081051e+01 2.073282e+01
2.071500e+01 2.026000e+01 2.081004e+01 2.072903e+01 2.071000e+01 2.026500e+01 2.081079e+01 2.073292e+01
2.071500e+01 2.026000e+01 2.081004e+01 2.072903e+01 2.072500e+01 2.026000e+01 2.081042e+01 2.073085e+01
2.072500e+01 2.026000e+01 2.081042e+01 2.073085e+01 2.073500e+01 2.026000e+01 2.081070e+01 2.073250e+01
2.073500e+01 2.026000e+01 2.081070e+01 2.073250e+01 2.074500e+01 2.026000e+01 2.081089e+01 2.073397e+01
2.074500e+01 2.026000e+01 2.081089e+01 2.073397e+01 2.075500e+01 2.026000e+01 2.081099e+01 2.073526e+01
2.075500e+01 2.026000e+01 2.081099e+01 2.073526e+01 2.076500e+01 2.026000e+01 2.081103e+01 2.073637e+01
2.077000e+01 2.025500e+01 2.081056e+01 2.073179e+01 2.076500e+01 2.026000e+01 2.081103e+01 2.073637e+01
2.085000e+01 2.025500e+01 2.081051e+01 2.073282e+01 2.085500e+01 2.026000e+01 2.081015e+01 2.073753e+01
2.085500e+01 2.026000e+01 2.081015e+01 2.073753e+01 2.086500e+01 2.026000e+01 2.081014e+01 2.073668e+01
2.086500e+01 2.026000e+01 2.081014e+01 2.073668e+01 2.087500e+01 2.026000e+01 2.081019e+01 2.073564e+01
2.087500e+01 2.026000e+01 2.081019e+01 2.073564e+01 2.088500e+01 2.026000e+01 2.081031e+01 2.073442e+01
2.088500e+01 2.026000e+01 2.081031e+01 2.073442e+01 2.089500e+01 2.026000e+01 2.081052e+01 2.073301e+01
2.089500e+01 2.026000e+01 2.081052e+01 2.073301e+01 2.090500e+01 2.026000e+01 2.081082e+01 2.073144e+01
2.090500e+01 2.026000e+01 2.081082e+01 2.073144e+01 2.091000e+01 2.026500e+01 2.081015e+01 2.073545e+01
2.067500e+01 2.027000e+01 2.080990e+01 2.072962e+01 2.067000e+01 2.027500e+01 2.081080e+01 2.073298e+01
2.067500e+01 2.027000e+01 2.080990e+01 2.072962e+01 2.068500e+01 2.027000e+01 2.081062e+01 2.073215e+01
2.068500e+01 2.027000e+01 2.081062e+01 2.073215e+01 2.069500e+01 2.027000e+01 2.081121e+01 2.073453e+01
2.069500e+01 2.027000e+01 2.081121e+01 2.073453e+01 2.070500e+01 2.027000e+01 2.081166e+01 2.073675e+01
2.071000e+01 2.026500e+01 2.081079e+01 2.073292e+01 2.070500e+01 2.027000e+01 2.081166e+01 2.073675e+01
2.091000e+01 2.026500e+01 2.081015e+01 2.073545e+01 2.091500e+01 2.027000e+01 2.080936e+01 2.073941e+01
2.091500e+01 2.027000e+01 2.080936e+01 2.073941e+01 2.092500e+01 2.027000e+01 2.080971e+01 2.073742e+01
2.092500e+01 2.027000e+01 2.080971e+01 2.073742e+01 2.093500e+01 2.027000e+01 2.081019e+01 2.073527e+01
2.093500e+01 2.027000e+01 2.081019e+01 2.073527e+01 2.094500e+01 2.027000e+01 2.081080e+01 2.073297e+01
2.094500e+01 2.027000e+01 2.081080e+01 2.073297e+01 2.095000e+01 2.027500e+01 2.080996e+01 2.073645e+01
2.065500e+01 2.028000e+01 2.081091e+01 2.073337e+01 2.065000e+01 2.028500e+01 2.081189e+01 2.073643e+01
2.065500e+01 2.028000e+01 2.081091e+01 2.073337e+01 2.066500e+01 2.028000e+01 2.081181e+01 2.073627e+01
2.067000e+01 2.027500e+01 2.081080e+01 2.073298e+01 2.066500e+01 2.028000e+01 2.081181e+01 2.073627e+01
2.095000e+01 2.027500e+01 2.080996e+01 2.073645e+01 2.095500e+01 2.028000e+01 2.080900e+01 2.073987e+01
2.095500e+01 2.028000e+01 2.080900e+01 2.073987e+01 2.096500e+01 2.028000e+01 2.080977e+01 2.073718e+01
2.096500e+01 2.028000e+01 2.080977e+01 2.073718e+01 2.097000e+01 2.028500e+01 2.080883e+01 2.074036e+01
2.062500e+01 2.029000e+01 2.081056e+01 2.073278e+01 2.062000e+01 2.029500e+01 2.081154e+01 2.073543e+01
2.062500e+01 2.029000e+01 2.081056e+01 2.073278e+01 2.063500e+01 2.029000e+01 2.081187e+01 2.073615e+01
2.063500e+01 2.029000e+01 2.081187e+01 2.073615e+01 2.064500e+01 2.029000e+01 2.081299e+01 2.073941e+01
2.065000e+01 2.028500e+01 2.081189e+01 2.073643e+01 2.064500e+01 2.029000e+01 2.081299e+01 2.073941e+01
2.097000e+01 2.028500e+01 2.080883e+01 2.074036e+01 2.097500e+01 2.029000e+01 2.080777e+01 2.074345e+01
2.097500e+01 2.029000e+01 2.080777e+01 2.074345e+01 2.098500e+01 2.029000e+01 2.080876e+01 2.074040e+01
2.098500e+01 2.029000e+01 2.080876e+01 2.074040e+01 2.099500e+01 2.029000e+01 2.080993e+01 2.073723e+01
2.099500e+01 2.029000e+01 2.080993e+01 2.073723e+01 2.100000e+01 2.029500e+01 2.080897e+01 2.073999e+01
2.060500e+01 2.030000e+01 2.081103e+01 2.073430e+01 2.060000e+01 2.030500e+01 2.081201e+01 2.073665e+01
2.060500e+01 2.030000e+01 2.081103e+01 2.073430e+01 2.061500e+01 2.030000e+01 2.081264e+01 2.073798e+01
2.062000e+01 2.029500e+01 2.081154e+01 2.073543e+01 2.061500e+01 2.030000e+01 2.081264e+01 2.073798e+01
2.100000e+01 2.029500e+01 2.080897e+01 2.073999e+01 2.100500e+01 2.030000e+01 2.080790e+01 2.074264e+01
2.100500e+01 2.030000e+01 2.080790e+01 2.074264e+01 2.101500e+01 2.030000e+01 2.080936e+01 2.073915e+01
2.101500e+01 2.030000e+01 2.080936e+01 2.073915e+01 2.102000e+01 2.030500e+01 2.080839e+01 2.074160e+01
2.058500e+01 2.031000e+01 2.081115e+01 2.073493e+01 2.058000e+01 2.031500e+01 2.081208e+01 2.073699e+01
2.058500e+01 2.031000e+01 2.081115e+01 2.073493e+01 2.059500e+01 2.031000e+01 2.081309e+01 2.073889e+01
2.060000e+01 2.030500e+01 2.081201e+01 2.073665e+01 2.059500e+01 2.031000e+01 2.081309e+01 2.073889e+01
2.102000e+01 2.030500e+01 2.080839e+01 2.074160e+01 2.102500e+01 2.031000e+01 2.080733e+01 2.074394e+01
2.102500e+01 2.031000e+01 2.080733e+01 2.074394e+01 2.103000e+01 2.031500e+01 2.080633e+01 2.074618e+01
2.057500e+01 2.032000e+01 2.081310e+01 2.073893e+01 2.057000e+01 2.032500e+01 2.081404e+01 2.074078e+01
2.058000e+01 2.031500e+01 2.081208e+01 2.073699e+01 2.057500e+01 2.032000e+01 2.081310e+01 2.073893e+01
2.103000e+01 2.031500e+01 2.080633e+01 2.074618e+01 2.103500e+01 2.032000e+01 2.080524e+01 2.074830e+01
2.103500e+01 2.032000e+01 2.080524e+01 2.074830e+01 2.104500e+01 2.032000e+01 2.080718e+01 2.074433e+01
2.104500e+01 2.032000e+01 2.080718e+01 2.074433e+01 2.105000e+01 2.032500e+01 2.080624e+01 2.074627e+01
2.055500e+01 2.033000e+01 2.081257e+01 2.073815e+01 2.055000e+01 2.033500e+01 2.081340e+01 2.073973e+01
2.055500e+01 2.033000e+01 2.081257e+01 2.073815e+01 2.056500e+01 2.033000e+01 2.081507e+01 2.074252e+01
2.057000e+01 2.032500e+01 2.081404e+01 2.074078e+01 2.056500e+01 2.033000e+01 2.081507e+01 2.074252e+01
2.105000e+01 2.032500e+01 2.080624e+01 2.074627e+01 2.105500e+01 2.033000e+01 2.080522e+01 2.074809e+01
2.105500e+01 2.033000e+01 2.080522e+01 2.074809e+01 2.106000e+01 2.033500e+01 2.080428e+01 2.074982e+01
2.054500e+01 2.034000e+01 2.081431e+01 2.074118e+01 2.054000e+01 2.034500e+01 2.081511e+01 2.074257e+01
2.055000e+01 2.033500e+01 2.081340e+01 2.073973e+01 2.054500e+01 2.034000e+01 2.081431e+01 2.074118e+01
2.106000e+01 2.033500e+01 2.080428e+01 2.074982e+01 2.106500e+01 2.034000e+01 2.080327e+01 2.075142e+01
2.106500e+01 2.034000e+01 2.080327e+01 2.075142e+01 2.107500e+01 2.034000e+01 2.080581e+01 2.074706e+01
2.107500e+01 2.034000e+01 2.080581e+01 2.074706e+01 2.108000e+01 2.034500e+01 2.080500e+01 2.074852e+01
2.053500e+01 2.035000e+01 2.081598e+01 2.074382e+01 2.053000e+01 2.035500e+01 2.081673e+01 2.074501e+01
2.054000e+01 2.034500e+01 2.081511e+01 2.074257e+01 2.053500e+01 2.035000e+01 2.081598e+01 2.074382e+01
2.108000e+01 2.034500e+01 2.080500e+01 2.074852e+01 2.108500e+01 2.035000e+01 2.080413e+01 2.074984e+01
2.108500e+01 2.035000e+01 2.080413e+01 2.074984e+01 2.109000e+01 2.035500e+01 2.080337e+01 2.075109e+01
2.052500e+01 2.036000e+01 2.081754e+01 2.074607e+01 2.052000e+01 2.036500e+01 2.081823e+01 2.074707e+01
2.053000e+01 2.035500e+01 2.081673e+01 2.074501e+01 2.052500e+01 2.036000e+01 2.081754e+01 2.074607e+01
2.109000e+01 2.035500e+01 2.080337e+01 2.075109e+01 2.109500e+01 2.036000e+01 2.080254e+01 2.075221e+01
2.109500e+01 2.036000e+01 2.080254e+01 2.075221e+01 2.110000e+01 2.036500e+01 2.080184e+01 2.075327e+01
2.050500e+01 2.037000e+01 2.081533e+01 2.074308e+01 2.050000e+01 2.037500e+01 2.081581e+01 2.074386e+01
2.050500e+01 2.037000e+01 2.081533e+01 2.074308e+01 2.051500e+01 2.037000e+01 2.081897e+01 2.074794e+01
2.052000e+01 2.036500e+01 2.081823e+01 2.074707e+01 2.051500e+01 2.037000e+01 2.081897e+01 2.074794e+01
2.110000e+01 2.036500e+01 2.080184e+01 2.075327e+01 2.110500e+01 2.037000e+01 2.080109e+01 2.075419e+01
2.110500e+01 2.037000e+01 2.080109e+01 2.075419e+01 2.111000e+01 2.037500e+01 2.080047e+01 2.075507e+01
2.049500e+01 2.038000e+01 2.081633e+01 2.074451e+01 2.049000e+01 2.038500e+01 2.081671e+01 2.074513e+01
2.050000e+01 2.037500e+01 2.081581e+01 2.074386e+01 2.049500e+01 2.038000e+01 2.081633e+01 2.074451e+01
2.111000e+01 2.037500e+01 2.080047e+01 2.075507e+01 2.111500e+01 2.038000e+01 2.079980e+01 2.075580e+01
2.111500e+01 2.038000e+01 2.079980e+01 2.075580e+01 2.112000e+01 2.038500e+01 2.079927e+01 2.075649e+01
2.048500e+01 2.039000e+01 2.081712e+01 2.074560e+01 2.048000e+01 2.039500e+01 2.081739e+01 2.074606e+01
2.049000e+01 2.038500e+01 2.081671e+01 2.074513e+01 2.048500e+01 2.039000e+01 2.081712e+01 2.074560e+01
2.112000e+01 2.038500e+01 2.079927e+01 2.075649e+01 2.112500e+01 2.039000e+01 2.079871e+01 2.075704e+01
2.112500e+01 2.039000e+01 2.079871e+01 2.075704e+01 2.113000e+01 2.039500e+01 2.079829e+01 2.075756e+01
2.048000e+01 2.039500e+01 2.081739e+01 2.074606e+01 2.048000e+01 2.040500e+01 2.082241e+01 2.075173e+01
2.113000e+01 2.039500e+01 2.079829e+01 2.075756e+01 2.113500e+01 2.040000e+01 2.079785e+01 2.075793e+01
2.113500e+01 2.040000e+01 2.079785e+01 2.075793e+01 2.114000e+01 2.040500e+01 2.079755e+01 2.075829e+01
2.047500e+01 2.041000e+01 2.082271e+01 2.075191e+01 2.047000e+01 2.041500e+01 2.082285e+01 2.075208e+01
2.048000e+01 2.040500e+01 2.082241e+01 2.075173e+01 2.047500e+01 2.041000e+01 2.082271e+01 2.075191e+01
2.114000e+01 2.040500e+01 2.079755e+01 2.075829e+01 2.114500e+01 2.041000e+01 2.079724e+01 2.075850e+01
2.114500e+01 2.041000e+01 2.079724e+01 2.075850e+01 2.115000e+01 2.041500e+01 2.079708e+01 2.075871e+01
2.046500e+01 2.042000e+01 2.082300e+01 2.075211e+01 2.046000e+01 2.042500e+01 2.082300e+01 2.075215e+01
2.047000e+01 2.041500e+01 2.082285e+01 2.075208e+01 2.046500e+01 2.042000e+01 2.082300e+01 2.075211e+01
2.115000e+01 2.041500e+01 2.079708e+01 2.075871e+01 2.115500e+01 2.042000e+01 2.079691e+01 2.075877e+01
2.115500e+01 2.042000e+01 2.079691e+01 2.075877e+01 2.116000e+01 2.042500e+01 2.079690e+01 2.075883e+01
2.045500e+01 2.043000e+01 2.082300e+01 2.075205e+01 2.045000e+01 2.043500e+01 2.082284e+01 2.075197e+01
2.046000e+01 2.042500e+01 2.082300e+01 2.075215e+01 2.045500e+01 2.043000e+01 2.082300e+01 2.075205e+01
2.116000e+01 2.042500e+01 2.079690e+01 2.075883e+01 2.116500e+01 2.043000e+01 2.079690e+01 2.075876e+01
2.116500e+01 2.043000e+01 2.079690e+01 2.075876e+01 2.117000e+01 2.043500e+01 2.079705e+01 2.075869e+01
2.044500e+01 2.044000e+01 2.082266e+01 2.075175e+01 2.044000e+01 2.044500e+01 2.082233e+01 2.075156e+01
2.045000e+01 2.043500e+01 2.082284e+01 2.075197e+01 2.044500e+01 2.044000e+01 2.082266e+01 2.075175e+01
2.117000e+01 2.043500e+01 2.079705e+01 2.075869e+01 2.117500e+01 2.044000e+01 2.079722e+01 2.075849e+01
2.117500e+01 2.044000e+01 2.079722e+01 2.075849e+01 2.118000e+01 2.044500e+01 2.079754e+01 2.075832e+01
2.044000e+01 2.044500e+01 2.082233e+01 2.075156e+01 2.044000e+01 2.045500e+01 2.082733e+01 2.075592e+01
2.118000e+01 2.044500e+01 2.079754e+01 2.075832e+01 2.118000e+01 2.045500e+01 2.079265e+01 2.076260e+01
2.043500e+01 2.046000e+01 2.082694e+01 2.075546e+01 2.043000e+01 2.046500e+01 2.082639e+01 2.075505e+01
2.044000e+01 2.045500e+01 2.082733e+01 2.075592e+01 2.043500e+01 2.046000e+01 2.082694e+01 2.075546e+01
2.118000e+01 2.045500e+01 2.079265e+01 2.076260e+01 2.118500e+01 2.046000e+01 2.079304e+01 2.076216e+01
2.118500e+01 2.046000e+01 2.079304e+01 2.076216e+01 2.119000e+01 2.046500e+01 2.079359e+01 2.076176e+01
2.042500e+01 2.047000e+01 2.082580e+01 2.075452e+01 2.042000e+01 2.047500e+01 2.082506e+01 2.075403e+01
2.043000e+01 2.046500e+01 2.082639e+01 2.075505e+01 2.042500e+01 2.047000e+01 2.082580e+01 2.075452e+01
2.119000e+01 2.046500e+01 2.079359e+01 2.076176e+01 2.119500e+01 2.047000e+01 2.079418e+01 2.076124e+01
2.119500e+01 2.047000e+01 2.079418e+01 2.076124e+01 2.120000e+01 2.047500e+01 2.079492e+01 2.076076e+01
2.042000e+01 2.047500e+01 2.082506e+01 2.075403e+01 2.042000e+01 2.048500e+01 2.082990e+01 2.075767e+01
2.120000e+01 2.047500e+01 2.079492e+01 2.076076e+01 2.120000e+01 2.048500e+01 2.079019e+01 2.076430e+01
2.041500e+01 2.049000e+01 2.082904e+01 2.075695e+01 2.041000e+01 2.049500e+01 2.082804e+01 2.075629e+01
2.042000e+01 2.048500e+01 2.082990e+01 2.075767e+01 2.041500e+01 2.049000e+01 2.082904e+01 2.075695e+01
2.120000e+01 2.048500e+01 2.079019e+01 2.076430e+01 2.120500e+01 2.049000e+01 2.079105e+01 2.076359e+01
2.120500e+01 2.049000e+01 2.079105e+01 2.076359e+01 2.121000e+01 2.049500e+01 2.079207e+01 2.076295e+01
2.041000e+01 2.049500e+01 2.082804e+01 2.075629e+01 2.041000e+01 2.050500e+01 2.083274e+01 2.075947e+01
2.121000e+01 2.049500e+01 2.079207e+01 2.076295e+01 2.121000e+01 2.050500e+01 2.078748e+01 2.076602e+01
2.040500e+01 2.051000e+01 2.083159e+01 2.075860e+01 2.040000e+01 2.051500e+01 2.083030e+01 2.075782e+01
2.041000e+01 2.050500e+01 2.083274e+01 2.075947e+01 2.040500e+01 2.051000e+01 2.083159e+01 2.075860e+01
2.121000e+01 2.050500e+01 2.078748e+01 2.076602e+01 2.121500e+01 2.051000e+01 2.078864e+01 2.076516e+01
2.121500e+01 2.051000e+01 2.078864e+01 2.076516e+01 2.122000e+01 2.051500e+01 2.078995e+01 2.076438e+01
2.040000e+01 2.051500e+01 2.083030e+01 2.075782e+01 2.040000e+01 2.052500e+01 2.083481e+01 2.076056e+01
2.122000e+01 2.051500e+01 2.078995e+01 2.076438e+01 2.122000e+01 2.052500e+01 2.078556e+01 2.076701e+01
2.039500e+01 2.053000e+01 2.083334e+01 2.075959e+01 2.039000e+01 2.053500e+01 2.083175e+01 2.075870e+01
2.040000e+01 2.052500e+01 2.083481e+01 2.076056e+01 2.039500e+01 2.053000e+01 2.083334e+01 2.075959e+01
2.122000e+01 2.052500e+01 2.078556e+01 2.076701e+01 2.122500e+01 2.053000e+01 2.078704e+01 2.076604e+01
2.122500e+01 2.053000e+01 2.078704e+01 2.076604e+01 2.123000e+01 2.053500e+01 2.078867e+01 2.076516e+01
2.039000e+01 2.053500e+01 2.083175e+01 2.075870e+01 2.039000e+01 2.054500e+01 2.083601e+01 2.076104e+01
2.123000e+01 2.053500e+01 2.078867e+01 2.076516e+01 2.123000e+01 2.054500e+01 2.078452e+01 2.076739e+01
2.038500e+01 2.055000e+01 2.083422e+01 2.076000e+01 2.038000e+01 2.055500e+01 2.083230e+01 2.075907e+01
2.039000e+01 2.054500e+01 2.083601e+01 2.076104e+01 2.038500e+01 2.055000e+01 2.083422e+01 2.076000e+01
2.123000e+01 2.054500e+01 2.078452e+01 2.076739e+01 2.123500e+01 2.055000e+01 2.078635e+01 2.076635e+01
2.123500e+01 2.055000e+01 2.078635e+01 2.076635e+01 2.124000e+01 2.055500e+01 2.078830e+01 2.076542e+01
2.038000e+01 2.055500e+01 2.083230e+01 2.075907e+01 2.038000e+01 2.056500e+01 2.083628e+01 2.076104e+01
2.124000e+01 2.055500e+01 2.078830e+01 2.076542e+01 2.124000e+01 2.056500e+01 2.078445e+01 2.076728e+01
2.037500e+01 2.057000e+01 2.083415e+01 2.075998e+01 2.037000e+01 2.057500e+01 2.083190e+01 2.075903e+01
2.038000e+01 2.056500e+01 2.083628e+01 2.076104e+01 2.037500e+01 2.057000e+01 2.083415e+01 2.075998e+01
2.124000e+01 2.056500e+01 2.078445e+01 2.076728e+01 2.124500e+01 2.057000e+01 2.078663e+01 2.076622e+01
2.124500e+01 2.057000e+01 2.078663e+01 2.076622e+01 2.125000e+01 2.057500e+01 2.078892e+01 2.076528e+01
2.037000e+01 2.057500e+01 2.083190e+01 2.075903e+01 2.037000e+01 2.058500e+01 2.083555e+01 2.076069e+01
2.125000e+01 2.057500e+01 2.078892e+01 2.076528e+01 2.125000e+01 2.058500e+01 2.078540e+01 2.076683e+01
2.037000e+01 2.058500e+01 2.083555e+01 2.076069e+01 2.037000e+01 2.059500e+01 2.083910e+01 2.076215e+01
2.125000e+01 2.058500e+01 2.078540e+01 2.076683e+01 2.125000e+01 2.059500e+01 2.078200e+01 2.076817e+01
2.036500e+01 2.060000e+01 2.083649e+01 2.076107e+01 2.036000e+01 2.060500e+01 2.083379e+01 2.076012e+01
2.037000e+01 2.059500e+01 2.083910e+01 2.076215e+01 2.036500e+01 2.060000e+01 2.083649e+01 2.076107e+01
2.125000e+01 2.059500e+01 2.078200e+01 2.076817e+01 2.125500e+01 2.060000e+01 2.078466e+01 2.076710e+01
2.125500e+01 2.060000e+01 2.078466e+01 2.076710e+01 2.126000e+01 2.060500e+01 2.078742e+01 2.076616e+01
2.036000e+01 2.060500e+01 2.083379e+01 2.076012e+01 2.036000e+01 2.061500e+01 2.083696e+01 2.076133e+01
2.126000e+01 2.060500e+01 2.078742e+01 2.076616e+01 2.126000e+01 2.061500e+01 2.078440e+01 2.076726e+01
2.036000e+01 2.061500e+01 2.083696e+01 2.076133e+01 2.036000e+01 2.062500e+01 2.083998e+01 2.076237e+01
2.126000e+01 2.061500e+01 2.078440e+01 2.076726e+01 2.126000e+01 2.062500e+01 2.078152e+01 2.076818e+01
2.036000e+01 2.062500e+01 2.083998e+01 2.076237e+01 2.036000e+01 2.063500e+01 2.084286e+01 2.076324e+01
2.126000e+01 2.062500e+01 2.078152e+01 2.076818e+01 2.126000e+01 2.063500e+01 2.077881e+01 2.076893e+01
2.035500e+01 2.064000e+01 2.083964e+01 2.076223e+01 2.035000e+01 2.064500e+01 2.083635e+01 2.076136e+01
2.036000e+01 2.063500e+01 2.084286e+01 2.076324e+01 2.035500e+01 2.064000e+01 2.083964e+01 2.076223e+01
2.126000e+01 2.063500e+01 2.077881e+01 2.076893e+01 2.126500e+01 2.064000e+01 2.078209e+01 2.076795e+01
2.126500e+01 2.064000e+01 2.078209e+01 2.076795e+01 2.127000e+01 2.064500e+01 2.078545e+01 2.076711e+01
2.035000e+01 2.064500e+01 2.083635e+01 2.076136e+01 2.035000e+01 2.065500e+01 2.083880e+01 2.076209e+01
2.127000e+01 2.064500e+01 2.078545e+01 2.076711e+01 2.127000e+01 2.065500e+01 2.078317e+01 2.076772e+01
2.035000e+01 2.065500e+01 2.083880e+01 2.076209e+01 2.035000e+01 2.066500e+01 2.084108e+01 2.076268e+01
2.127000e+01 2.065500e+01 2.078317e+01 2.076772e+01 2.127000e+01 2.066500e+01 2.078106e+01 2.076821e+01
2.035000e+01 2.066500e+01 2.084108e+01 2.076268e+01 2.035000e+01 2.067500e+01 2.084318e+01 2.076314e+01
2.127000e+01 2.066500e+01 2.078106e+01 2.076821e+01 2.127000e+01 2.067500e+01 2.077914e+01 2.076856e+01
2.035000e+01 2.067500e+01 2.084318e+01 2.076314e+01 2.035000e+01 2.068500e+01 2.084508e+01 2.076348e+01
2.127000e+01 2.067500e+01 2.077914e+01 2.076856e+01 2.127000e+01 2.068500e+01 2.077741e+01 2.076881e+01
2.035000e+01 2.068500e+01 2.084508e+01 2.076348e+01 2.035000e+01 2.069500e+01 2.084680e+01 2.076372e+01
2.127000e+01 2.068500e+01 2.077741e+01 2.076881e+01 2.127500e+01 2.069000e+01 2.078145e+01 2.076811e+01
2.127500e+01 2.069000e+01 2.078145e+01 2.076811e+01 2.128000e+01 2.069500e+01 2.078552e+01 2.076755e+01
2.035000e+01 2.069500e+01 2.084680e+01 2.076372e+01 2.035000e+01 2.070500e+01 2.084831e+01 2.076386e+01
2.128000e+01 2.069500e+01 2.078552e+01 2.076755e+01 2.128000e+01 2.070500e+01 2.078426e+01 2.076780e+01
2.034500e+01 2.071000e+01 2.084410e+01 2.076324e+01 2.034000e+01 2.071500e+01 2.083986e+01 2.076274e+01
2.035000e+01 2.070500e+01 2.084831e+01 2.076386e+01 2.034500e+01 2.071000e+01 2.084410e+01 2.076324e+01
2.128000e+01 2.070500e+01 2.078426e+01 2.076780e+01 2.128000e+01 2.071500e+01 2.078319e+01 2.076798e+01
2.034000e+01 2.071500e+01 2.083986e+01 2.076274e+01 2.034000e+01 2.072500e+01 2.084091e+01 2.076294e+01
2.128000e+01 2.071500e+01 2.078319e+01 2.076798e+01 2.128000e+01 2.072500e+01 2.078233e+01 2.076809e+01
2.034000e+01 2.072500e+01 2.084091e+01 2.076294e+01 2.034000e+01 2.073500e+01 2.084176e+01 2.076308e+01
2.128000e+01 2.072500e+01 2.078233e+01 2.076809e+01 2.128000e+01 2.073500e+01 2.078168e+01 2.076816e+01
2.034000e+01 2.073500e+01 2.084176e+01 2.076308e+01 2.034000e+01 2.074500e+01 2.084240e+01 2.076318e+01
2.128000e+01 2.073500e+01 2.078168e+01 2.076816e+01 2.128000e+01 2.074500e+01 2.078124e+01 2.076819e+01
2.034000e+01 2.074500e+01 2.084240e+01 2.076318e+01 2.034000e+01 2.075500e+01 2.084282e+01 2.076326e+01
2.128000e+01 2.074500e+01 2.078124e+01 2.076819e+01 2.128000e+01 2.075500e+01 2.078102e+01 2.076820e+01
2.034000e+01 2.075500e+01 2.084282e+01 2.076326e+01 2.034000e+01 2.076500e+01 2.084304e+01 2.076331e+01
2.128000e+01 2.075500e+01 2.078102e+01 2.076820e+01 2.128000e+01 2.076500e+01 2.078101e+01 2.076819e+01
2.034000e+01 2.076500e+01 2.084304e+01 2.076331e+01 2.034000e+01 2.077500e+01 2.084303e+01 2.076336e+01
2.128000e+01 2.076500e+01 2.078101e+01 2.076819e+01 2.128000e+01 2.077500e+01 2.078122e+01 2.076819e+01
2.034000e+01 2.077500e+01 2.084303e+01 2.076336e+01 2.034000e+01 2.078500e+01 2.084282e+01 2.076343e+01
2.128000e+01 2.077500e+01 2.078122e+01 2.076819e+01 2.128000e+01 2.078500e+01 2.078165e+01 2.076821e+01
2.034000e+01 2.078500e+01 2.084282e+01 2.076343e+01 2.034000e+01 2.079500e+01 2.084239e+01 2.076351e+01
2.128000e+01 2.078500e+01 2.078165e+01 2.076821e+01 2.128000e+01 2.079500e+01 2.078229e+01 2.076825e+01
2.034000e+01 2.079500e+01 2.084239e+01 2.076351e+01 2.034000e+01 2.080500e+01 2.084175e+01 2.076363e+01
2.128000e+01 2.079500e+01 2.078229e+01 2.076825e+01 2.128000e+01 2.080500e+01 2.078314e+01 2.076834e+01
2.034000e+01 2.080500e+01 2.084175e+01 2.076363e+01 2.034000e+01 2.081500e+01 2.084091e+01 2.076380e+01
2.128000e+01 2.080500e+01 2.078314e+01 2.076834e+01 2.128000e+01 2.081500e+01 2.078420e+01 2.076848e+01
2.034000e+01 2.081500e+01 2.084091e+01 2.076380e+01 2.034500e+01 2.082000e+01 2.084525e+01 2.076339e+01
2.034500e+01 2.082000e+01 2.084525e+01 2.076339e+01 2.035000e+01 2.082500e+01 2.084957e+01 2.076286e+01
2.128000e+01 2.081500e+01 2.078420e+01 2.076848e+01 2.128000e+01 2.082500e+01 2.078546e+01 2.076869e+01
2.035000e+01 2.082500e+01 2.084957e+01 2.076286e+01 2.035000e+01 2.083500e+01 2.084826e+01 2.076296e+01
2.128000e+01 2.082500e+01 2.078546e+01 2.076869e+01 2.128000e+01 2.083500e+01 2.078693e+01 2.076898e+01
2.035000e+01 2.083500e+01 2.084826e+01 2.076296e+01 2.035000e+01 2.084500e+01 2.084675e+01 2.076315e+01
2.128000e+01 2.083500e+01 2.078693e+01 2.076898e+01 2.128000e+01 2.084500e+01 2.078859e+01 2.076936e+01
2.035000e+01 2.084500e+01 2.084675e+01 2.076315e+01 2.035000e+01 2.085500e+01 2.084504e+01 2.076344e+01
2.127500e+01 2.085000e+01 2.078474e+01 2.076867e+01 2.127000e+01 2.085500e+01 2.078093e+01 2.076786e+01
2.128000e+01 2.084500e+01 2.078859e+01 2.076936e+01 2.127500e+01 2.085000e+01 2.078474e+01 2.076867e+01
2.035000e+01 2.085500e+01 2.084504e+01 2.076344e+01 2.035000e+01 2.086500e+01 2.084315e+01 2.076385e+01
2.127000e+01 2.085500e+01 2.078093e+01 2.076786e+01 2.127000e+01 2.086500e+01 2.078305e+01 2.076827e+01
2.035000e+01 2.086500e+01 2.084315e+01 2.076385e+01 2.035000e+01 2.087500e+01 2.084107e+01 2.076437e+01
2.127000e+01 2.086500e+01 2.078305e+01 2.076827e+01 2.127000e+01 2.087500e+01 2.078535e+01 2.076881e+01
2.035000e+01 2.087500e+01 2.084107e+01 2.076437e+01 2.035500e+01 2.088000e+01 2.084458e+01 2.076358e+01
2.035500e+01 2.088000e+01 2.084458e+01 2.076358e+01 2.036000e+01 2.088500e+01 2.084803e+01 2.076264e+01
2.127000e+01 2.087500e+01 2.078535e+01 2.076881e+01 2.127000e+01 2.088500e+01 2.078782e+01 2.076948e+01
2.036000e+01 2.088500e+01 2.084803e+01 2.076264e+01 2.036000e+01 2.089500e+01 2.084550e+01 2.076328e+01
2.127000e+01 2.088500e+01 2.078782e+01 2.076948e+01 2.127000e+01 2.089500e+01 2.079045e+01 2.077031e+01
2.036000e+01 2.089500e+01 2.084550e+01 2.076328e+01 2.036000e+01 2.090500e+01 2.084281e+01 2.076407e+01
2.126500e+01 2.090000e+01 2.078731e+01 2.076940e+01 2.126000e+01 2.090500e+01 2.078425e+01 2.076836e+01
2.127000e+01 2.089500e+01 2.079045e+01 2.077031e+01 2.126500e+01 2.090000e+01 2.078731e+01 2.076940e+01
2.036000e+01 2.090500e+01 2.084281e+01 2.076407e+01 2.036000e+01 2.091500e+01 2.083997e+01 2.076503e+01
2.126000e+01 2.090500e+01 2.078425e+01 2.076836e+01 2.126000e+01 2.091500e+01 2.078730e+01 2.076936e+01
2.036000e+01 2.091500e+01 2.083997e+01 2.076503e+01 2.036500e+01 2.092000e+01 2.084289e+01 2.076410e+01
2.036500e+01 2.092000e+01 2.084289e+01 2.076410e+01 2.037000e+01 2.092500e+01 2.084571e+01 2.076304e+01
2.126000e+01 2.091500e+01 2.078730e+01 2.076936e+01 2.126000e+01 2.092500e+01 2.079050e+01 2.077053e+01
2.037000e+01 2.092500e+01 2.084571e+01 2.076304e+01 2.037000e+01 2.093500e+01 2.084247e+01 2.076422e+01
2.125500e+01 2.093000e+01 2.078782e+01 2.076954e+01 2.125000e+01 2.093500e+01 2.078523e+01 2.076843e+01
2.126000e+01 2.092500e+01 2.079050e+01 2.077053e+01 2.125500e+01 2.093000e+01 2.078782e+01 2.076954e+01
2.037000e+01 2.093500e+01 2.084247e+01 2.076422e+01 2.037000e+01 2.094500e+01 2.083910e+01 2.076559e+01
2.125000e+01 2.093500e+01 2.078523e+01 2.076843e+01 2.125000e+01 2.094500e+01 2.078881e+01 2.076986e+01
2.037000e+01 2.094500e+01 2.083910e+01 2.076559e+01 2.037500e+01 2.095000e+01 2.084154e+01 2.076463e+01
2.037500e+01 2.095000e+01 2.084154e+01 2.076463e+01 2.038000e+01 2.095500e+01 2.084387e+01 2.076355e+01
2.125000e+01 2.094500e+01 2.078881e+01 2.076986e+01 2.125000e+01 2.095500e+01 2.079250e+01 2.077148e+01
2.038000e+01 2.095500e+01 2.084387e+01 2.076355e+01 2.038000e+01 2.096500e+01 2.084015e+01 2.076522e+01
2.124500e+01 2.096000e+01 2.079027e+01 2.077050e+01 2.124000e+01 2.096500e+01 2.078817e+01 2.076941e+01
2.125000e+01 2.095500e+01 2.079250e+01 2.077148e+01 2.124500e+01 2.096000e+01 2.079027e+01 2.077050e+01
2.038000e+01 2.096500e+01 2.084015e+01 2.076522e+01 2.038000e+01 2.097500e+01 2.083634e+01 2.076710e+01
2.124000e+01 2.096500e+01 2.078817e+01 2.076941e+01 2.124000e+01 2.097500e+01 2.079218e+01 2.077136e+01
2.038000e+01 2.097500e+01 2.083634e+01 2.076710e+01 2.038500e+01 2.098000e+01 2.083832e+01 2.076619e+01
2.038500e+01 2.098000e+01 2.083832e+01 2.076619e+01 2.039000e+01 2.098500e+01 2.084019e+01 2.076518e+01
2.124000e+01 2.097500e+01 2.079218e+01 2.077136e+01 2.124000e+01 2.098500e+01 2.079628e+01 2.077352e+01
2.039000e+01 2.098500e+01 2.084019e+01 2.076518e+01 2.039000e+01 2.099500e+01 2.083608e+01 2.076742e+01
2.123500e+01 2.099000e+01 2.079449e+01 2.077263e+01 2.123000e+01 2.099500e+01 2.079283e+01 2.077164e+01
2.124000e+01 2.098500e+01 2.079628e+01 2.077352e+01 2.123500e+01 2.099000e+01 2.079449e+01 2.077263e+01
2.039000e+01 2.099500e+01 2.083608e+01 2.076742e+01 2.039500e+01 2.100000e+01 2.083774e+01 2.076657e+01
2.039500e+01 2.100000e+01 2.083774e+01 2.076657e+01 2.040000e+01 2.100500e+01 2.083926e+01 2.076562e+01
2.123000e+01 2.099500e+01 2.079283e+01 2.077164e+01 2.123000e+01 2.100500e+01 2.079719e+01 2.077418e+01
2.040000e+01 2.100500e+01 2.083926e+01 2.076562e+01 2.040000e+01 2.101500e+01 2.083491e+01 2.076826e+01
2.122500e+01 2.101000e+01 2.079572e+01 2.077337e+01 2.122000e+01 2.101500e+01 2.079438e+01 2.077246e+01
2.123000e+01 2.100500e+01 2.079719e+01 2.077418e+01 2.122500e+01 2.101000e+01 2.079572e+01 2.077337e+01
2.040000e+01 2.101500e+01 2.083491e+01 2.076826e+01 2.040500e+01 2.102000e+01 2.083625e+01 2.076750e+01
2.040500e+01 2.102000e+01 2.083625e+01 2.076750e+01 2.041000e+01 2.102500e+01 2.083746e+01 2.076666e+01
2.122000e+01 2.101500e+01 2.079438e+01 2.077246e+01 2.122000e+01 2.102500e+01 2.079895e+01 2.077542e+01
2.041000e+01 2.102500e+01 2.083746e+01 2.076666e+01 2.041000e+01 2.103500e+01 2.083291e+01 2.076974e+01
2.121500e+01 2.103000e+01 2.079778e+01 2.077471e+01 2.121000e+01 2.103500e+01 2.079674e+01 2.077393e+01
2.122000e+01 2.102500e+01 2.079895e+01 2.077542e+01 2.121500e+01 2.103000e+01 2.079778e+01 2.077471e+01
2.041000e+01 2.103500e+01 2.083291e+01 2.076974e+01 2.041500e+01 2.104000e+01 2.083396e+01 2.076911e+01
2.041500e+01 2.104000e+01 2.083396e+01 2.076911e+01 2.042000e+01 2.104500e+01 2.083486e+01 2.076841e+01
2.121000e+01 2.103500e+01 2.079674e+01 2.077393e+01 2.121000e+01 2.104500e+01 2.080149e+01 2.077733e+01
2.042000e+01 2.104500e+01 2.083486e+01 2.076841e+01 2.042500e+01 2.105000e+01 2.083570e+01 2.076783e+01
2.042500e+01 2.105000e+01 2.083570e+01 2.076783e+01 2.043000e+01 2.105500e+01 2.083639e+01 2.076719e+01
2.120500e+01 2.105000e+01 2.080059e+01 2.077677e+01 2.120000e+01 2.105500e+01 2.079983e+01 2.077615e+01
2.121000e+01 2.104500e+01 2.080149e+01 2.077733e+01 2.120500e+01 2.105000e+01 2.080059e+01 2.077677e+01
2.043000e+01 2.105500e+01 2.083639e+01 2.076719e+01 2.043000e+01 2.106500e+01 2.083158e+01 2.077097e+01
2.119500e+01 2.106000e+01 2.079913e+01 2.077565e+01 2.119000e+01 2.106500e+01 2.079858e+01 2.077509e+01
2.120000e+01 2.105500e+01 2.079983e+01 2.077615e+01 2.119500e+01 2.106000e+01 2.079913e+01 2.077565e+01
2.043000e+01 2.106500e+01 2.083158e+01 2.077097e+01 2.043500e+01 2.107000e+01 2.083217e+01 2.077058e+01
2.043500e+01 2.107000e+01 2.083217e+01 2.077058e+01 2.044000e+01 2.107500e+01 2.083260e+01 2.077015e+01
2.119000e+01 2.106500e+01 2.079858e+01 2.077509e+01 2.119000e+01 2.107500e+01 2.080353e+01 2.077920e+01
2.044000e+01 2.107500e+01 2.083260e+01 2.077015e+01 2.044500e+01 2.108000e+01 2.083299e+01 2.076985e+01
2.044500e+01 2.108000e+01 2.083299e+01 2.076985e+01 2.045000e+01 2.108500e+01 2.083323e+01 2.076951e+01
2.118500e+01 2.108000e+01 2.080306e+01 2.077890e+01 2.118000e+01 2.108500e+01 2.080274e+01 2.077857e+01
2.119000e+01 2.107500e+01 2.080353e+01 2.077920e+01 2.118500e+01 2.108000e+01 2.080306e+01 2.077890e+01
2.045000e+01 2.108500e+01 2.083323e+01 2.076951e+01 2.045000e+01 2.109500e+01 2.082831e+01 2.077405e+01
2.117500e+01 2.109000e+01 2.080246e+01 2.077837e+01 2.117000e+01 2.109500e+01 2.080232e+01 2.077814e+01
2.118000e+01 2.108500e+01 2.080274e+01 2.077857e+01 2.117500e+01 2.109000e+01 2.080246e+01 2.077837e+01
2.045000e+01 2.109500e+01 2.082831e+01 2.077405e+01 2.045500e+01 2.110000e+01 2.082850e+01 2.077399e+01
2.045500e+01 2.110000e+01 2.082850e+01 2.077399e+01 2.046000e+01 2.110500e+01 2.082854e+01 2.077391e+01
2.116500e+01 2.110000e+01 2.080220e+01 2.077805e+01 2.116000e+01 2.110500e+01 2.080223e+01 2.077794e+01
2.117000e+01 2.109500e+01 2.080232e+01 2.077814e+01 2.116500e+01 2.110000e+01 2.080220e+01 2.077805e+01
2.046000e+01 2.110500e+01 2.082854e+01 2.077391e+01 2.046500e+01 2.111000e+01 2.082857e+01 2.077398e+01
2.046500e+01 2.111000e+01 2.082857e+01 2.077398e+01 2.047000e+01 2.111500e+01 2.082844e+01 2.077404e+01
2.116000e+01 2.110500e+01 2.080223e+01 2.077794e+01 2.116000e+01 2.111500e+01 2.080728e+01 2.078307e+01
2.047000e+01 2.111500e+01 2.082844e+01 2.077404e+01 2.047500e+01 2.112000e+01 2.082832e+01 2.077424e+01
2.047500e+01 2.112000e+01 2.082832e+01 2.077424e+01 2.048000e+01 2.112500e+01 2.082805e+01 2.077444e+01
2.115500e+01 2.112000e+01 2.080732e+01 2.078324e+01 2.115000e+01 2.112500e+01 2.080751e+01 2.078341e+01
2.116000e+01 2.111500e+01 2.080728e+01 2.078307e+01 2.115500e+01 2.112000e+01 2.080732e+01 2.078324e+01
2.048000e+01 2.112500e+01 2.082805e+01 2.077444e+01 2.048500e+01 2.113000e+01 2.082779e+01 2.077479e+01
2.048500e+01 2.113000e+01 2.082779e+01 2.077479e+01 2.049000e+01 2.113500e+01 2.082738e+01 2.077516e+01
2.114500e+01 2.113000e+01 2.080769e+01 2.078372e+01 2.114000e+01 2.113500e+01 2.080802e+01 2.078404e+01
2.115000e+01 2.112500e+01 2.080751e+01 2.078341e+01 2.114500e+01 2.113000e+01 2.080769e+01 2.078372e+01
2.049000e+01 2.113500e+01 2.082738e+01 2.077516e+01 2.049500e+01 2.114000e+01 2.082700e+01 2.077567e+01
2.049500e+01 2.114000e+01 2.082700e+01 2.077567e+01 2.050000e+01 2.114500e+01 2.082647e+01 2.077621e+01
2.113500e+01 2.114000e+01 2.080832e+01 2.078450e+01 2.113000e+01 2.114500e+01 2.080877e+01 2.078499e+01
2.114000e+01 2.113500e+01 2.080802e+01 2.078404e+01 2.113500e+01 2.114000e+01 2.080832e+01 2.078450e+01
2.050000e+01 2.114500e+01 2.082647e+01 2.077621e+01 2.050500e+01 2.115000e+01 2.082598e+01 2.077689e+01
2.050500e+01 2.115000e+01 2.082598e+01 2.077689e+01 2.051000e+01 2.115500e+01 2.082535e+01 2.077761e+01
2.112500e+01 2.115000e+01 2.080919e+01 2.078561e+01 2.112000e+01 2.115500e+01 2.080974e+01 2.078626e+01
2.113000e+01 2.114500e+01 2.080877e+01 2.078499e+01 2.112500e+01 2.115000e+01 2.080919e+01 2.078561e+01
2.051000e+01 2.115500e+01 2.082535e+01 2.077761e+01 2.051500e+01 2.116000e+01 2.082476e+01 2.077847e+01
2.051500e+01 2.116000e+01 2.082476e+01 2.077847e+01 2.052000e+01 2.116500e+01 2.082404e+01 2.077937e+01
2.111500e+01 2.116000e+01 2.081026e+01 2.078705e+01 2.111000e+01 2.116500e+01 2.081090e+01 2.078788e+01
2.112000e+01 2.115500e+01 2.080974e+01 2.078626e+01 2.111500e+01 2.116000e+01 2.081026e+01 2.078705e+01
2.052000e+01 2.116500e+01 2.082404e+01 2.077937e+01 2.052500e+01 2.117000e+01 2.082337e+01 2.078042e+01
2.052500e+01 2.117000e+01 2.082337e+01 2.078042e+01 2.053000e+01 2.117500e+01 2.082258e+01 2.078152e+01
2.110500e+01 2.117000e+01 2.081150e+01 2.078885e+01 2.110000e+01 2.117500e+01 2.081222e+01 2.078986e+01
2.111000e+01 2.116500e+01 2.081090e+01 2.078788e+01 2.110500e+01 2.117000e+01 2.081150e+01 2.078885e+01
2.053000e+01 2.117500e+01 2.082258e+01 2.078152e+01 2.053500e+01 2.118000e+01 2.082185e+01 2.078275e+01
2.053500e+01 2.118000e+01 2.082185e+01 2.078275e+01 2.054000e+01 2.118500e+01 2.082100e+01 2.078406e+01
2.108500e+01 2.118000e+01 2.080980e+01 2.078635e+01 2.108000e+01 2.118500e+01 2.081070e+01 2.078762e+01
2.108500e+01 2.118000e+01 2.080980e+01 2.078635e+01 2.109500e+01 2.118000e+01 2.081289e+01 2.079101e+01
2.110000e+01 2.117500e+01 2.081222e+01 2.078986e+01 2.109500e+01 2.118000e+01 2.081289e+01 2.079101e+01
2.054000e+01 2.118500e+01 2.082100e+01 2.078406e+01 2.054500e+01 2.119000e+01 2.082022e+01 2.078549e+01
2.054500e+01 2.119000e+01 2.082022e+01 2.078549e+01 2.055500e+01 2.119000e+01 2.082282e+01 2.078112e+01
2.055500e+01 2.119000e+01 2.082282e+01 2.078112e+01 2.056000e+01 2.119500e+01 2.082183e+01 2.078270e+01
2.107500e+01 2.119000e+01 2.081153e+01 2.078902e+01 2.107000e+01 2.119500e+01 2.081246e+01 2.079048e+01
2.108000e+01 2.118500e+01 2.081070e+01 2.078762e+01 2.107500e+01 2.119000e+01 2.081153e+01 2.078902e+01
2.056000e+01 2.119500e+01 2.082183e+01 2.078270e+01 2.056500e+01 2.120000e+01 2.082093e+01 2.078441e+01
2.056500e+01 2.120000e+01 2.082093e+01 2.078441e+01 2.057000e+01 2.120500e+01 2.081992e+01 2.078620e+01
2.105500e+01 2.120000e+01 2.081089e+01 2.078772e+01 2.105000e+01 2.120500e+01 2.081194e+01 2.078948e+01
2.105500e+01 2.120000e+01 2.081089e+01 2.078772e+01 2.106500e+01 2.120000e+01 2.081333e+01 2.079208e+01
2.107000e+01 2.119500e+01 2.081246e+01 2.079048e+01 2.106500e+01 2.120000e+01 2.081333e+01 2.079208e+01
2.057000e+01 2.120500e+01 2.081992e+01 2.078620e+01 2.057500e+01 2.121000e+01 2.081901e+01 2.078811e+01
2.057500e+01 2.121000e+01 2.081901e+01 2.078811e+01 2.058500e+01 2.121000e+01 2.082100e+01 2.078412e+01
2.058500e+01 2.121000e+01 2.082100e+01 2.078412e+01 2.059000e+01 2.121500e+01 2.081993e+01 2.078622e+01
2.104500e+01 2.121000e+01 2.081290e+01 2.079135e+01 2.104000e+01 2.121500e+01 2.081395e+01 2.079332e+01
2.105000e+01 2.120500e+01 2.081194e+01 2.078948e+01 2.104500e+01 2.121000e+01 2.081290e+01 2.079135e+01
2.059000e+01 2.121500e+01 2.081993e+01 2.078622e+01 2.059500e+01 2.122000e+01 2.081895e+01 2.078843e+01
2.059500e+01 2.122000e+01 2.081895e+01 2.078843e+01 2.060500e+01 2.122000e+01 2.082058e+01 2.078470e+01
2.060500e+01 2.122000e+01 2.082058e+01 2.078470e+01 2.061000e+01 2.122500e+01 2.081946e+01 2.078712e+01
2.102500e+01 2.122000e+01 2.081302e+01 2.079145e+01 2.102000e+01 2.122500e+01 2.081412e+01 2.079372e+01
2.102500e+01 2.122000e+01 2.081302e+01 2.079145e+01 2.103500e+01 2.122000e+01 2.081490e+01 2.079539e+01
2.104000e+01 2.121500e+01 2.081395e+01 2.079332e+01 2.103500e+01 2.122000e+01 2.081490e+01 2.079539e+01
2.061000e+01 2.122500e+01 2.081946e+01 2.078712e+01 2.061500e+01 2.123000e+01 2.081846e+01 2.078964e+01
2.061500e+01 2.123000e+01 2.081846e+01 2.078964e+01 2.062500e+01 2.123000e+01 2.081976e+01 2.078622e+01
2.062500e+01 2.123000e+01 2.081976e+01 2.078622e+01 2.063000e+01 2.123500e+01 2.081866e+01 2.078896e+01
2.100500e+01 2.123000e+01 2.081357e+01 2.079243e+01 2.100000e+01 2.123500e+01 2.081467e+01 2.079501e+01
2.100500e+01 2.123000e+01 2.081357e+01 2.079243e+01 2.101500e+01 2.123000e+01 2.081512e+01 2.079609e+01
2.102000e+01 2.122500e+01 2.081412e+01 2.079372e+01 2.101500e+01 2.123000e+01 2.081512e+01 2.079609e+01
2.063000e+01 2.123500e+01 2.081866e+01 2.078896e+01 2.063500e+01 2.124000e+01 2.081767e+01 2.079179e+01
2.063500e+01 2.124000e+01 2.081767e+01 2.079179e+01 2.064500e+01 2.124000e+01 2.081870e+01 2.078870e+01
2.064500e+01 2.124000e+01 2.081870e+01 2.078870e+01 2.065000e+01 2.124500e+01 2.081765e+01 2.079177e+01
2.098500e+01 2.124000e+01 2.081441e+01 2.079434e+01 2.098000e+01 2.124500e+01 2.081549e+01 2.079723e+01
2.098500e+01 2.124000e+01 2.081441e+01 2.079434e+01 2.099500e+01 2.124000e+01 2.081567e+01 2.079768e+01
2.100000e+01 2.123500e+01 2.081467e+01 2.079501e+01 2.099500e+01 2.124000e+01 2.081567e+01 2.079768e+01
2.065000e+01 2.124500e+01 2.081765e+01 2.079177e+01 2.065500e+01 2.125000e+01 2.081671e+01 2.079491e+01
2.065500e+01 2.125000e+01 2.081671e+01 2.079491e+01 2.066500e+01 2.125000e+01 2.081752e+01 2.079219e+01
2.066500e+01 2.125000e+01 2.081752e+01 2.079219e+01 2.067500e+01 2.125000e+01 2.081818e+01 2.078960e+01
2.067500e+01 2.125000e+01 2.081818e+01 2.078960e+01 2.068000e+01 2.125500e+01 2.081721e+01 2.079310e+01
2.095500e+01 2.125000e+01 2.081459e+01 2.079434e+01 2.095000e+01 2.125500e+01 2.081561e+01 2.079766e+01
2.095500e+01 2.125000e+01 2.081459e+01 2.079434e+01 2.096500e+01 2.125000e+01 2.081544e+01 2.079721e+01
2.096500e+01 2.125000e+01 2.081544e+01 2.079721e+01 2.097500e+01 2.125000e+01 2.081646e+01 2.080021e+01
2.098000e+01 2.124500e+01 2.081549e+01 2.079723e+01 2.097500e+01 2.125000e+01 2.081646e+01 2.080021e+01
2.068000e+01 2.125500e+01 2.081721e+01 2.079310e+01 2.068500e+01 2.126000e+01 2.081636e+01 2.079667e+01
2.068500e+01 2.126000e+01 2.081636e+01 2.079667e+01 2.069500e+01 2.126000e+01 2.081688e+01 2.079448e+01
2.069500e+01 2.126000e+01 2.081688e+01 2.079448e+01 2.070500e+01 2.126000e+01 2.081726e+01 2.079245e+01
2.070500e+01 2.126000e+01 2.081726e+01 2.079245e+01 2.071000e+01 2.126500e+01 2.081646e+01 2.079638e+01
2.092500e+01 2.126000e+01 2.081528e+01 2.079622e+01 2.092000e+01 2.126500e+01 2.081616e+01 2.079996e+01
2.092500e+01 2.126000e+01 2.081528e+01 2.079622e+01 2.093500e+01 2.126000e+01 2.081582e+01 2.079856e+01
2.093500e+01 2.126000e+01 2.081582e+01 2.079856e+01 2.094500e+01 2.126000e+01 2.081651e+01 2.080105e+01
2.095000e+01 2.125500e+01 2.081561e+01 2.079766e+01 2.094500e+01 2.126000e+01 2.081651e+01 2.080105e+01
2.071000e+01 2.126500e+01 2.081646e+01 2.079638e+01 2.071500e+01 2.127000e+01 2.081578e+01 2.080036e+01
2.071500e+01 2.127000e+01 2.081578e+01 2.080036e+01 2.072500e+01 2.127000e+01 2.081610e+01 2.079873e+01
2.072500e+01 2.127000e+01 2.081610e+01 2.079873e+01 2.073500e+01 2.127000e+01 2.081633e+01 2.079728e+01
2.073500e+01 2.127000e+01 2.081633e+01 2.079728e+01 2.074500e+01 2.127000e+01 2.081647e+01 2.079601e+01
2.074500e+01 2.127000e+01 2.081647e+01 2.079601e+01 2.075500e+01 2.127000e+01 2.081653e+01 2.079492e+01
2.075500e+01 2.127000e+01 2.081653e+01 2.079492e+01 2.076500e+01 2.127000e+01 2.081653e+01 2.079402e+01
2.076500e+01 2.127000e+01 2.081653e+01 2.079402e+01 2.077000e+01 2.127500e+01 2.081615e+01 2.079870e+01
2.086500e+01 2.127000e+01 2.081563e+01 2.079577e+01 2.086000e+01 2.127500e+01 2.081615e+01 2.080026e+01
2.086500e+01 2.127000e+01 2.081563e+01 2.079577e+01 2.087500e+01 2.127000e+01 2.081571e+01 2.079701e+01
2.087500e+01 2.127000e+01 2.081571e+01 2.079701e+01 2.088500e+01 2.127000e+01 2.081587e+01 2.079844e+01
2.088500e+01 2.127000e+01 2.081587e+01 2.079844e+01 2.089500e+01 2.127000e+01 2.081612e+01 2.080004e+01
2.089500e+01 2.127000e+01 2.081612e+01 2.080004e+01 2.090500e+01 2.127000e+01 2.081647e+01 2.080182e+01
2.090500e+01 2.127000e+01 2.081647e+01 2.080182e+01 2.091500e+01 2.127000e+01 2.081693e+01 2.080376e+01
2.092000e+01 2.126500e+01 2.081616e+01 2.079996e+01 2.091500e+01 2.127000e+01 2.081693e+01 2.080376e+01
2.077000e+01 2.127500e+01 2.081615e+01 2.079870e+01 2.077500e+01 2.128000e+01 2.081588e+01 2.080339e+01
2.077500e+01 2.128000e+01 2.081588e+01 2.080339e+01 2.078500e+01 2.128000e+01 2.081598e+01 2.080290e+01
2.078500e+01 2.128000e+01 2.081598e+01 2.080290e+01 2.079500e+01 2.128000e+01 2.081605e+01 2.080260e+01
2.079500e+01 2.128000e+01 2.081605e+01 2.080260e+01 2.080500e+01 2.128000e+01 2.081611e+01 2.080249e+01
2.080500e+01 2.128000e+01 2.081611e+01 2.080249e+01 2.081500e+01 2.128000e+01 2.081616e+01 2.080256e+01
2.081500e+01 2.128000e+01 2.081616e+01 2.080256e+01 2.082500e+01 2.128000e+01 2.081622e+01 2.080283e+01
2.082500e+01 2.128000e+01 2.081622e+01 2.080283e+01 2.083500e+01 2.128000e+01 2.081630e+01 2.080329e+01
2.083500e+01 2.128000e+01 2.081630e+01 2.080329e+01 2.084500e+01 2.128000e+01 2.081640e+01 2.080394e+01
2.084500e+01 2.128000e+01 2.081640e+01 2.080394e+01 2.085500e+01 2.128000e+01 2.081655e+01 2.080477e+01
2.086000e+01 2.127500e+01 2.081615e+01 2.080026e+01 2.085500e+01 2.128000e+01 2.081655e+01 2.080477e+01
2.081132e+01 2.076509e+01 2.032326e+01 2.076340e+01 2.081132e+01 2.076509e+01 2.032441e+01 2.073064e+01
2.081132e+01 2.076509e+01 2.032441e+01 2.073064e+01 2.081132e+01 2.076509e+01 2.032784e+01 2.069806e+01
2.081132e+01 2.076509e+01 2.032784e+01 2.069806e+01 2.081132e+01 2.076509e+01 2.033353e+01 2.066578e+01
2.081132e+01 2.076509e+01 2.033353e+01 2.066578e+01 2.081132e+01 2.076509e+01 2.034147e+01 2.063396e+01
2.081132e+01 2.076509e+01 2.034147e+01 2.063396e+01 2.081132e+01 2.076509e+01 2.035163e+01 2.060273e+01
2.081132e+01 2.076509e+01 2.035163e+01 2.060273e+01 2.081132e+01 2.076509e+01 2.036396e+01 2.057222e+01
2.081132e+01 2.076509e+01 2.036396e+01 2.057222e+01 2.081132e+01 2.076509e+01 2.037843e+01 2.054258e+01
2.081132e+01 2.076509e+01 2.037843e+01 2.054258e+01 2.081132e+01 2.076509e+01 2.039497e+01 2.051393e+01
2.081132e+01 2.076509e+01 2.039497e+01 2.051393e+01 2.081132e+01 2.076509e+01 2.041354e+01 2.048641e+01
2.081132e+01 2.076509e+01 2.041354e+01 2.048641e+01 2.081132e+01 2.076509e+01 2.043406e+01 2.046015e+01
2.081132e+01 2.076509e+01 2.043406e+01 2.046015e+01 2.081132e+01 2.076509e+01 2.045646e+01 2.043529e+01
2.081132e+01 2.076509e+01 2.045646e+01 2.043529e+01 2.081132e+01 2.076509e+01 2.048063e+01 2.041195e+01
2.081132e+01 2.076509e+01 2.048063e+01 2.041195e+01 2.081132e+01 2.076509e+01 2.050649e+01 2.039026e+01
2.081132e+01 2.076509e+01 2.050649e+01 2.039026e+01 2.081132e+01 2.076509e+01 2.053393e+01 2.037033e+01
2.081132e+01 2.076509e+01 2.053393e+01 2.037033e+01 2.081132e+01 2.076509e+01 2.056282e+01 2.035228e+01
2.081132e+01 2.076509e+01 2.056282e+01 2.035228e+01 2.081132e+01 2.076509e+01 2.059303e+01 2.033622e+01
2.081132e+01 2.076509e+01 2.059303e+01 2.033622e+01 2.081132e+01 2.076509e+01 2.062442e+01 2.032225e+01
2.081132e+01 2.076509e+01 2.062442e+01 2.032225e+01 2.081132e+01 2.076509e+01 2.065684e+01 2.031045e+01
2.081132e+01 2.076509e+01 2.065684e+01 2.031045e+01 2.081132e+01 2.076509e+01 2.069012e+01 2.030090e+01
2.081132e+01 2.076509e+01 2.069012e+01 2.030090e+01 2.081132e+01 2.076509e+01 2.072410e+01 2.029368e+01
2.081132e+01 2.076509e+01 2.072410e+01 2.029368e+01 2.081132e+01 2.076509e+01 2.075859e+01 2.028883e+01
2.081132e+01 2.076509e+01 2.075859e+01 2.028883e+01 2.081132e+01 2.076509e+01 2.079340e+01 2.028640e+01
2.081132e+01 2.076509e+01 2.079340e+01 2.028640e+01 2.081132e+01 2.076509e+01 2.082835e+01 2.028639e+01
2.081132e+01 2.076509e+01 2.082835e+01 2.028639e+01 2.081132e+01 2.076509e+01 2.086324e+01 2.028883e+01
2.081132e+01 2.076509e+01 2.086324e+01 2.028883e+01 2.081132e+01 2.076509e+01 2.089787e+01 2.029369e+01
2.081132e+01 2.076509e+01 2.089787e+01 2.029369e+01 2.081132e+01 2.076509e+01 2.093207e+01 2.030096e+01
2.081132e+01 2.076509e+01 2.093207e+01 2.030096e+01 2.081132e+01 2.076509e+01 2.096564e+01 2.031057e+01
2.081132e+01 2.076509e+01 2.096564e+01 2.031057e+01 2.081132e+01 2.076509e+01 2.099839e+01 2.032249e+01
2.081132e+01 2.076509e+01 2.099839e+01 2.032249e+01 2.081132e+01 2.076509e+01 2.103015e+01 2.033662e+01
2.081132e+01 2.076509e+01 2.103015e+01 2.033662e+01 2.081132e+01 2.076509e+01 2.106076e+01 2.035289e+01
2.081132e+01 2.076509e+01 2.106076e+01 2.035289e+01 2.081132e+01 2.076509e+01 2.109005e+01 2.037119e+01
2.081132e+01 2.076509e+01 2.109005e+01 2.037119e+01 2.081132e+01 2.076509e+01 2.111789e+01 2.039141e+01
2.081132e+01 2.076509e+01 2.111789e+01 2.039141e+01 2.081132e+01 2.076509e+01 2.114414e+01 2.041343e+01
2.081132e+01 2.076509e+01 2.114414e+01 2.041343e+01 2.081132e+01 2.076509e+01 2.116869e+01 2.043712e+01
2.081132e+01 2.076509e+01 2.116869e+01 2.043712e+01 2.081132e+01 2.076509e+01 2.119141e+01 2.046235e+01
2.081132e+01 2.076509e+01 2.119141e+01 2.046235e+01 2.081132e+01 2.076509e+01 2.121223e+01 2.048899e+01
2.081132e+01 2.076509e+01 2.121223e+01 2.048899e+01 2.081132e+01 2.076509e+01 2.123105e+01 2.051689e+01
2.081132e+01 2.076509e+01 2.123105e+01 2.051689e+01 2.081132e+01 2.076509e+01 2.124781e+01 2.054590e+01
2.081132e+01 2.076509e+01 2.124781e+01 2.054590e+01 2.081132e+01 2.076509e+01 2.126243e+01 2.057589e+01
2.081132e+01 2.076509e+01 2.126243e+01 2.057589e+01 2.081132e+01 2.076509e+01 2.127489e+01 2.060670e+01
2.081132e+01 2.076509e+01 2.127489e+01 2.060670e+01 2.081132e+01 2.076509e+01 2.128512e+01 2.063820e+01
2.081132e+01 2.076509e+01 2.128512e+01 2.063820e+01 2.081132e+01 2.076509e+01 2.129311e+01 2.067024e+01
2.081132e+01 2.076509e+01 2.129311e+01 2.067024e+01 2.081132e+01 2.076509e+01 2.129882e+01 2.070267e+01
2.081132e+01 2.076509e+01 2.129882e+01 2.070267e+01 2.081132e+01 2.076509e+01 2.130226e+01 2.073535e+01
2.081132e+01 2.076509e+01 2.130226e+01 2.073535e+01 2.081132e+01 2.076509e+01 2.130340e+01 2.076814e+01
2.081132e+01 2.076509e+01 2.130340e+01 2.076814e+01 2.081132e+01 2.076509e+01 2.130225e+01 2.080089e+01
2.081132e+01 2.076509e+01 2.130225e+01 2.080089e+01 2.081132e+01 2.076509e+01 2.129882e+01 2.083348e+01
2.081132e+01 2.076509e+01 2.129882e+01 2.083348e+01 2.081132e+01 2.076509e+01 2.129313e+01 2.086575e+01
2.081132e+01 2.076509e+01 2.129313e+01 2.086575e+01 2.081132e+01 2.076509e+01 2.128519e+01 2.089757e+01
2.081132e+01 2.076509e+01 2.128519e+01 2.089757e+01 2.081132e+01 2.076509e+01 2.127503e+01 2.092880e+01
2.081132e+01 2.076509e+01 2.127503e+01 2.092880e+01 2.081132e+01 2.076509e+01 2.126270e+01 2.095931e+01
2.081132e+01 2.076509e+01 2.126270e+01 2.095931e+01 2.081132e+01 2.076509e+01 2.124823e+01 2.098895e+01
2.081132e+01 2.076509e+01 2.124823e+01 2.098895e+01 2.081132e+01 2.076509e+01 2.123169e+01 2.101760e+01
2.081132e+01 2.076509e+01 2.123169e+01 2.101760e+01 2.081132e+01 2.076509e+01 2.121312e+01 2.104512e+01
2.081132e+01 2.076509e+01 2.121312e+01 2.104512e+01 2.081132e+01 2.076509e+01 2.119260e+01 2.107138e+01
2.081132e+01 2.076509e+01 2.119260e+01 2.107138e+01 2.081132e+01 2.076509e+01 2.117020e+01 2.109624e+01
2.081132e+01 2.076509e+01 2.117020e+01 2.109624e+01 2.081132e+01 2.076509e+01 2.114603e+01 2.111958e+01
2.081132e+01 2.076509e+01 2.114603e+01 2.111958e+01 2.081132e+01 2.076509e+01 2.112017e+01 2.114127e+01
2.081132e+01 2.076509e+01 2.112017e+01 2.114127e+01 2.081132e+01 2.076509e+01 2.109273e+01 2.116120e+01
2.081132e+01 2.076509e+01 2.109273e+01 2.116120e+01 2.081132e+01 2.076509e+01 2.106384e+01 2.117925e+01
2.081132e+01 2.076509e+01 2.106384e+01 2.117925e+01 2.081132e+01 2.076509e+01 2.103363e+01 2.119531e+01
2.081132e+01 2.076509e+01 2.103363e+01 2.119531e+01 2.081132e+01 2.076509e+01 2.100224e+01 2.120928e+01
2.081132e+01 2.076509e+01 2.100224e+01 2.120928e+01 2.081132e+01 2.076509e+01 2.096982e+01 2.122108e+01
2.081132e+01 2.076509e+01 2.096982e+01 2.122108e+01 2.081132e+01 2.076509e+01 2.093653e+01 2.123063e+01
2.081132e+01 2.076509e+01 2.093653e+01 2.123063e+01 2.081132e+01 2.076509e+01 2.090256e+01 2.123785e+01
2.081132e+01 2.076509e+01 2.090256e+01 2.123785e+01 2.081132e+01 2.076509e+01 2.086807e+01 2.124270e+01
2.081132e+01 2.076509e+01 2.086807e+01 2.124270e+01 2.081132e+01 2.076509e+01 2.083326e+01 2.124513e+01
2.081132e+01 2.076509e+01 2.083326e+01 2.124513e+01 2.081132e+01 2.076509e+01 2.079831e+01 2.124514e+01
2.081132e+01 2.076509e+01 2.079831e+01 2.124514e+01 2.081132e+01 2.076509e+01 2.076342e+01 2.124270e+01
2.081132e+01 2.076509e+01 2.076342e+01 2.124270e+01 2.081132e+01 2.076509e+01 2.072878e+01 2.123784e+01
2.081132e+01 2.076509e+01 2.072878e+01 2.123784e+01 2.081132e+01 2.076509e+01 2.069459e+01 2.123058e+01
2.081132e+01 2.076509e+01 2.069459e+01 2.123058e+01 2.081132e+01 2.076509e+01 2.066102e+01 2.122096e+01
2.081132e+01 2.076509e+01 2.066102e+01 2.122096e+01 2.081132e+01 2.076509e+01 2.062827e+01 2.120904e+01
2.081132e+01 2.076509e+01 2.062827e+01 2.120904e+01 2.081132e+01 2.076509e+01 2.059651e+01 2.119491e+01
2.081132e+01 2.076509e+01 2.059651e+01 2.119491e+01 2.081132e+01 2.076509e+01 2.056590e+01 2.117864e+01
2.081132e+01 2.076509e+01 2.056590e+01 2.117864e+01 2.081132e+01 2.076509e+01 2.053661e+01 2.116034e+01
2.081132e+01 2.076509e+01 2.053661e+01 2.116034e+01 2.081132e+01 2.076509e+01 2.050877e+01 2.114012e+01
2.081132e+01 2.076509e+01 2.050877e+01 2.114012e+01 2.081132e+01 2.076509e+01 2.048251e+01 2.111810e+01
2.081132e+01 2.076509e+01 2.048251e+01 2.111810e+01 2.081132e+01 2.076509e+01 2.045797e+01 2.109441e+01
2.081132e+01 2.076509e+01 2.045797e+01 2.109441e+01 2.081132e+01 2.076509e+01 2.043524e+01 2.106918e+01
2.081132e+01 2.076509e+01 2.043524e+01 2.106918e+01 2.081132e+01 2.076509e+01 2.041443e+01 2.104254e+01
2.081132e+01 2.076509e+01 2.041443e+01 2.104254e+01 2.081132e+01 2.076509e+01 2.039561e+01 2.101464e+01
2.081132e+01 2.076509e+01 2.039561e+01 2.101464e+01 2.081132e+01 2.076509e+01 2.037885e+01 2.098563e+01
2.081132e+01 2.076509e+01 2.037885e+01 2.098563e+01 2.081132e+01 2.076509e+01 2.036423e+01 2.095564e+01
2.081132e+01 2.076509e+01 2.036423e+01 2.095564e+01 2.081132e+01 2.076509e+01 2.035177e+01 2.092483e+01
2.081132e+01 2.076509e+01 2.035177e+01 2.092483e+01 2.081132e+01 2.076509e+01 2.034154e+01 2.089333e+01
2.081132e+01 2.076509e+01 2.034154e+01 2.089333e+01 2.081132e+01 2.076509e+01 2.033355e+01 2.086129e+01
2.081132e+01 2.076509e+01 2.033355e+01 2.086129e+01 2.081132e+01 2.076509e+01 2.032784e+01 2.082886e+01
2.081132e+01 2.076509e+01 2.032784e+01 2.082886e+01 2.081132e+01 2.076509e+01 2.032440e+01 2.079618e+01
2.081132e+01 2.076509e+01 2.032440e+01 2.079618e+01 2.081132e+01 2.076509e+01 2.032326e+01 2.076340e+01
