2.080500e+01 2.023000e+01 2.081301e+01 2.070860e+01 2.080000e+01 2.023500e+01 2.081322e+01 2.071315e+01
2.080500e+01 2.023000e+01 2.081301e+01 2.070860e+01 2.081500e+01 2.023000e+01 2.081311e+01 2.070895e+01
2.081500e+01 2.023000e+01 2.081311e+01 2.070895e+01 2.082500e+01 2.023000e+01 2.081319e+01 2.070912e+01
2.082500e+01 2.023000e+01 2.081319e+01 2.070912e+01 2.083500e+01 2.023000e+01 2.081327e+01 2.070910e+01
2.083500e+01 2.023000e+01 2.081327e+01 2.070910e+01 2.084000e+01 2.023500e+01 2.081322e+01 2.071380e+01
2.073500e+01 2.024000e+01 2.081277e+01 2.071065e+01 2.073000e+01 2.024500e+01 2.081344e+01 2.071446e+01
2.073500e+01 2.024000e+01 2.081277e+01 2.071065e+01 2.074500e+01 2.024000e+01 2.081308e+01 2.071226e+01
2.074500e+01 2.024000e+01 2.081308e+01 2.071226e+01 2.075500e+01 2.024000e+01 2.081331e+01 2.071370e+01
2.075500e+01 2.024000e+01 2.081331e+01 2.071370e+01 2.076500e+01 2.024000e+01 2.081346e+01 2.071497e+01
2.076500e+01 2.024000e+01 2.081346e+01 2.071497e+01 2.077500e+01 2.024000e+01 2.081353e+01 2.071605e+01
2.077500e+01 2.024000e+01 2.081353e+01 2.071605e+01 2.078500e+01 2.024000e+01 2.081355e+01 2.071696e+01
2.078500e+01 2.024000e+01 2.081355e+01 2.071696e+01 2.079500e+01 2.024000e+01 2.081352e+01 2.071768e+01
2.080000e+01 2.023500e+01 2.081322e+01 2.071315e+01 2.079500e+01 2.024000e+01 2.081352e+01 2.071768e+01
2.084000e+01 2.023500e+01 2.081322e+01 2.071380e+01 2.084500e+01 2.024000e+01 2.081306e+01 2.071849e+01
2.084500e+01 2.024000e+01 2.081306e+01 2.071849e+01 2.085500e+01 2.024000e+01 2.081299e+01 2.071809e+01
2.085500e+01 2.024000e+01 2.081299e+01 2.071809e+01 2.086500e+01 2.024000e+01 2.081296e+01 2.071751e+01
2.086500e+01 2.024000e+01 2.081296e+01 2.071751e+01 2.087500e+01 2.024000e+01 2.081297e+01 2.071674e+01
2.087500e+01 2.024000e+01 2.081297e+01 2.071674e+01 2.088500e+01 2.024000e+01 2.081304e+01 2.071579e+01
2.088500e+01 2.024000e+01 2.081304e+01 2.071579e+01 2.089500e+01 2.024000e+01 2.081318e+01 2.071467e+01
2.089500e+01 2.024000e+01 2.081318e+01 2.071467e+01 2.090500e+01 2.024000e+01 2.081340e+01 2.071338e+01
2.090500e+01 2.024000e+01 2.081340e+01 2.071338e+01 2.091000e+01 2.024500e+01 2.081283e+01 2.071730e+01
2.069500e+01 2.025000e+01 2.081275e+01 2.071179e+01 2.069000e+01 2.025500e+01 2.081359e+01 2.071512e+01
2.069500e+01 2.025000e+01 2.081275e+01 2.071179e+01 2.070500e+01 2.025000e+01 2.081337e+01 2.071409e+01
2.070500e+01 2.025000e+01 2.081337e+01 2.071409e+01 2.071500e+01 2.025000e+01 2.081386e+01 2.071624e+01
2.071500e+01 2.025000e+01 2.081386e+01 2.071624e+01 2.072500e+01 2.025000e+01 2.081423e+01 2.071823e+01
2.073000e+01 2.024500e+01 2.081344e+01 2.071446e+01 2.072500e+01 2.025000e+01 2.081423e+01 2.071823e+01
2.091000e+01 2.024500e+01 2.081283e+01 2.071730e+01 2.091500e+01 2.025000e+01 2.081214e+01 2.072118e+01
2.091500e+01 2.025000e+01 2.081214e+01 2.072118e+01 2.092500e+01 2.025000e+01 2.081239e+01 2.071949e+01
2.092500e+01 2.025000e+01 2.081239e+01 2.071949e+01 2.093500e+01 2.025000e+01 2.081275e+01 2.071765e+01
2.093500e+01 2.025000e+01 2.081275e+01 2.071765e+01 2.094500e+01 2.025000e+01 2.081324e+01 2.071565e+01
2.094500e+01 2.025000e+01 2.081324e+01 2.071565e+01 2.095000e+01 2.025500e+01 2.081247e+01 2.071906e+01
2.066500e+01 2.026000e+01 2.081284e+01 2.071293e+01 2.066000e+01 2.026500e+01 2.081376e+01 2.071588e+01
2.066500e+01 2.026000e+01 2.081284e+01 2.071293e+01 2.067500e+01 2.026000e+01 2.081377e+01 2.071573e+01
2.067500e+01 2.026000e+01 2.081377e+01 2.071573e+01 2.068500e+01 2.026000e+01 2.081454e+01 2.071839e+01
2.069000e+01 2.025500e+01 2.081359e+01 2.071512e+01 2.068500e+01 2.026000e+01 2.081454e+01 2.071839e+01
2.095000e+01 2.025500e+01 2.081247e+01 2.071906e+01 2.095500e+01 2.026000e+01 2.081160e+01 2.072241e+01
2.095500e+01 2.026000e+01 2.081160e+01 2.072241e+01 2.096500e+01 2.026000e+01 2.081222e+01 2.072004e+01
2.096500e+01 2.026000e+01 2.081222e+01 2.072004e+01 2.097000e+01 2.026500e+01 2.081136e+01 2.072315e+01
2.064500e+01 2.027000e+01 2.081362e+01 2.071563e+01 2.064000e+01 2.027500e+01 2.081458e+01 2.071830e+01
2.064500e+01 2.027000e+01 2.081362e+01 2.071563e+01 2.065500e+01 2.027000e+01 2.081477e+01 2.071876e+01
2.066000e+01 2.026500e+01 2.081376e+01 2.071588e+01 2.065500e+01 2.027000e+01 2.081477e+01 2.071876e+01
2.097000e+01 2.026500e+01 2.081136e+01 2.072315e+01 2.097500e+01 2.027000e+01 2.081038e+01 2.072619e+01
2.097500e+01 2.027000e+01 2.081038e+01 2.072619e+01 2.098500e+01 2.027000e+01 2.081119e+01 2.072347e+01
2.098500e+01 2.027000e+01 2.081119e+01 2.072347e+01 2.099500e+01 2.027000e+01 2.081218e+01 2.072062e+01
2.099500e+01 2.027000e+01 2.081218e+01 2.072062e+01 2.100000e+01 2.027500e+01 2.081129e+01 2.072333e+01
2.062500e+01 2.028000e+01 2.081421e+01 2.071745e+01 2.062000e+01 2.028500e+01 2.081517e+01 2.071984e+01
2.062500e+01 2.028000e+01 2.081421e+01 2.071745e+01 2.063500e+01 2.028000e+01 2.081563e+01 2.072089e+01
2.064000e+01 2.027500e+01 2.081458e+01 2.071830e+01 2.063500e+01 2.028000e+01 2.081563e+01 2.072089e+01
2.100000e+01 2.027500e+01 2.081129e+01 2.072333e+01 2.100500e+01 2.028000e+01 2.081029e+01 2.072595e+01
2.100500e+01 2.028000e+01 2.081029e+01 2.072595e+01 2.101500e+01 2.028000e+01 2.081155e+01 2.072278e+01
2.101500e+01 2.028000e+01 2.081155e+01 2.072278e+01 2.102000e+01 2.028500e+01 2.081064e+01 2.072520e+01
2.060500e+01 2.029000e+01 2.081450e+01 2.071841e+01 2.060000e+01 2.029500e+01 2.081543e+01 2.072053e+01
2.060500e+01 2.029000e+01 2.081450e+01 2.071841e+01 2.061500e+01 2.029000e+01 2.081623e+01 2.072214e+01
2.062000e+01 2.028500e+01 2.081517e+01 2.071984e+01 2.061500e+01 2.029000e+01 2.081623e+01 2.072214e+01
2.102000e+01 2.028500e+01 2.081064e+01 2.072520e+01 2.102500e+01 2.029000e+01 2.080964e+01 2.072751e+01
2.102500e+01 2.029000e+01 2.080964e+01 2.072751e+01 2.103000e+01 2.029500e+01 2.080870e+01 2.072972e+01
2.059500e+01 2.030000e+01 2.081644e+01 2.072254e+01 2.059000e+01 2.030500e+01 2.081739e+01 2.072447e+01
2.060000e+01 2.029500e+01 2.081543e+01 2.072053e+01 2.059500e+01 2.030000e+01 2.081644e+01 2.072254e+01
2.103000e+01 2.029500e+01 2.080870e+01 2.072972e+01 2.103500e+01 2.030000e+01 2.080767e+01 2.073183e+01
2.103500e+01 2.030000e+01 2.080767e+01 2.073183e+01 2.104500e+01 2.030000e+01 2.080938e+01 2.072819e+01
2.104500e+01 2.030000e+01 2.080938e+01 2.072819e+01 2.105000e+01 2.030500e+01 2.080849e+01 2.073012e+01
2.057500e+01 2.031000e+01 2.081617e+01 2.072216e+01 2.057000e+01 2.031500e+01 2.081703e+01 2.072383e+01
2.057500e+01 2.031000e+01 2.081617e+01 2.072216e+01 2.058500e+01 2.031000e+01 2.081842e+01 2.072630e+01
2.059000e+01 2.030500e+01 2.081739e+01 2.072447e+01 2.058500e+01 2.031000e+01 2.081842e+01 2.072630e+01
2.105000e+01 2.030500e+01 2.080849e+01 2.073012e+01 2.105500e+01 2.031000e+01 2.080752e+01 2.073193e+01
2.105500e+01 2.031000e+01 2.080752e+01 2.073193e+01 2.106000e+01 2.031500e+01 2.080664e+01 2.073365e+01
2.056500e+01 2.032000e+01 2.081796e+01 2.072538e+01 2.056000e+01 2.032500e+01 2.081879e+01 2.072686e+01
2.057000e+01 2.031500e+01 2.081703e+01 2.072383e+01 2.056500e+01 2.032000e+01 2.081796e+01 2.072538e+01
2.106000e+01 2.031500e+01 2.080664e+01 2.073365e+01 2.106500e+01 2.032000e+01 2.080567e+01 2.073526e+01
2.106500e+01 2.032000e+01 2.080567e+01 2.073526e+01 2.107500e+01 2.032000e+01 2.080796e+01 2.073124e+01
2.107500e+01 2.032000e+01 2.080796e+01 2.073124e+01 2.108000e+01 2.032500e+01 2.080720e+01 2.073270e+01
2.055500e+01 2.033000e+01 2.081969e+01 2.072823e+01 2.055000e+01 2.033500e+01 2.082049e+01 2.072953e+01
2.056000e+01 2.032500e+01 2.081879e+01 2.072686e+01 2.055500e+01 2.033000e+01 2.081969e+01 2.072823e+01
2.108000e+01 2.032500e+01 2.080720e+01 2.073270e+01 2.108500e+01 2.033000e+01 2.080637e+01 2.073403e+01
2.108500e+01 2.033000e+01 2.080637e+01 2.073403e+01 2.109000e+01 2.033500e+01 2.080564e+01 2.073530e+01
2.053500e+01 2.034000e+01 2.081828e+01 2.072614e+01 2.053000e+01 2.034500e+01 2.081891e+01 2.072721e+01
2.053500e+01 2.034000e+01 2.081828e+01 2.072614e+01 2.054500e+01 2.034000e+01 2.082135e+01 2.073071e+01
2.055000e+01 2.033500e+01 2.082049e+01 2.072953e+01 2.054500e+01 2.034000e+01 2.082135e+01 2.073071e+01
2.109000e+01 2.033500e+01 2.080564e+01 2.073530e+01 2.109500e+01 2.034000e+01 2.080486e+01 2.073645e+01
2.109500e+01 2.034000e+01 2.080486e+01 2.073645e+01 2.110000e+01 2.034500e+01 2.080420e+01 2.073753e+01
2.052500e+01 2.035000e+01 2.081960e+01 2.072816e+01 2.052000e+01 2.035500e+01 2.082016e+01 2.072907e+01
2.053000e+01 2.034500e+01 2.081891e+01 2.072721e+01 2.052500e+01 2.035000e+01 2.081960e+01 2.072816e+01
2.110000e+01 2.034500e+01 2.080420e+01 2.073753e+01 2.110500e+01 2.035000e+01 2.080349e+01 2.073849e+01
2.110500e+01 2.035000e+01 2.080349e+01 2.073849e+01 2.111000e+01 2.035500e+01 2.080290e+01 2.073939e+01
2.051500e+01 2.036000e+01 2.082077e+01 2.072985e+01 2.051000e+01 2.036500e+01 2.082125e+01 2.073059e+01
2.052000e+01 2.035500e+01 2.082016e+01 2.072907e+01 2.051500e+01 2.036000e+01 2.082077e+01 2.072985e+01
2.111000e+01 2.035500e+01 2.080290e+01 2.073939e+01 2.111500e+01 2.036000e+01 2.080226e+01 2.074017e+01
2.111500e+01 2.036000e+01 2.080226e+01 2.074017e+01 2.112000e+01 2.036500e+01 2.080176e+01 2.074090e+01
2.050500e+01 2.037000e+01 2.082176e+01 2.073121e+01 2.050000e+01 2.037500e+01 2.082214e+01 2.073179e+01
2.051000e+01 2.036500e+01 2.082125e+01 2.073059e+01 2.050500e+01 2.037000e+01 2.082176e+01 2.073121e+01
2.112000e+01 2.036500e+01 2.080176e+01 2.074090e+01 2.112500e+01 2.037000e+01 2.080123e+01 2.074150e+01
2.112500e+01 2.037000e+01 2.080123e+01 2.074150e+01 2.113000e+01 2.037500e+01 2.080084e+01 2.074207e+01
2.049500e+01 2.038000e+01 2.082255e+01 2.073226e+01 2.049000e+01 2.038500e+01 2.082282e+01 2.073270e+01
2.050000e+01 2.037500e+01 2.082214e+01 2.073179e+01 2.049500e+01 2.038000e+01 2.082255e+01 2.073226e+01
2.113000e+01 2.037500e+01 2.080084e+01 2.074207e+01 2.113500e+01 2.038000e+01 2.080042e+01 2.074251e+01
2.113500e+01 2.038000e+01 2.080042e+01 2.074251e+01 2.114000e+01 2.038500e+01 2.080014e+01 2.074292e+01
2.048500e+01 2.039000e+01 2.082311e+01 2.073301e+01 2.048000e+01 2.039500e+01 2.082326e+01 2.073332e+01
2.049000e+01 2.038500e+01 2.082282e+01 2.073270e+01 2.048500e+01 2.039000e+01 2.082311e+01 2.073301e+01
2.114000e+01 2.038500e+01 2.080014e+01 2.074292e+01 2.114500e+01 2.039000e+01 2.079986e+01 2.074321e+01
2.114500e+01 2.039000e+01 2.079986e+01 2.074321e+01 2.115000e+01 2.039500e+01 2.079971e+01 2.074348e+01
2.048000e+01 2.039500e+01 2.082326e+01 2.073332e+01 2.048000e+01 2.040500e+01 2.082820e+01 2.073861e+01
2.115000e+01 2.039500e+01 2.079971e+01 2.074348e+01 2.115000e+01 2.040500e+01 2.079506e+01 2.074842e+01
2.047500e+01 2.041000e+01 2.082835e+01 2.073866e+01 2.047000e+01 2.041500e+01 2.082837e+01 2.073871e+01
2.048000e+01 2.040500e+01 2.082820e+01 2.073861e+01 2.047500e+01 2.041000e+01 2.082835e+01 2.073866e+01
2.115000e+01 2.040500e+01 2.079506e+01 2.074842e+01 2.115500e+01 2.041000e+01 2.079492e+01 2.074842e+01
2.115500e+01 2.041000e+01 2.079492e+01 2.074842e+01 2.116000e+01 2.041500e+01 2.079493e+01 2.074843e+01
2.046500e+01 2.042000e+01 2.082837e+01 2.073863e+01 2.046000e+01 2.042500e+01 2.082823e+01 2.073857e+01
2.047000e+01 2.041500e+01 2.082837e+01 2.073871e+01 2.046500e+01 2.042000e+01 2.082837e+01 2.073863e+01
2.116000e+01 2.041500e+01 2.079493e+01 2.074843e+01 2.116500e+01 2.042000e+01 2.079495e+01 2.074831e+01
2.116500e+01 2.042000e+01 2.079495e+01 2.074831e+01 2.117000e+01 2.042500e+01 2.079513e+01 2.074821e+01
2.045500e+01 2.043000e+01 2.082808e+01 2.073838e+01 2.045000e+01 2.043500e+01 2.082777e+01 2.073822e+01
2.046000e+01 2.042500e+01 2.082823e+01 2.073857e+01 2.045500e+01 2.043000e+01 2.082808e+01 2.073838e+01
2.117000e+01 2.042500e+01 2.079513e+01 2.074821e+01 2.117500e+01 2.043000e+01 2.079533e+01 2.074798e+01
2.117500e+01 2.043000e+01 2.079533e+01 2.074798e+01 2.118000e+01 2.043500e+01 2.079568e+01 2.074777e+01
2.045000e+01 2.043500e+01 2.082777e+01 2.073822e+01 2.045000e+01 2.044500e+01 2.083269e+01 2.074256e+01
2.118000e+01 2.043500e+01 2.079568e+01 2.074777e+01 2.118000e+01 2.044500e+01 2.079109e+01 2.075171e+01
2.044500e+01 2.045000e+01 2.083233e+01 2.074215e+01 2.044000e+01 2.045500e+01 2.083182e+01 2.074178e+01
2.045000e+01 2.044500e+01 2.083269e+01 2.074256e+01 2.044500e+01 2.045000e+01 2.083233e+01 2.074215e+01
2.118000e+01 2.044500e+01 2.079109e+01 2.075171e+01 2.118500e+01 2.045000e+01 2.079151e+01 2.075126e+01
2.118500e+01 2.045000e+01 2.079151e+01 2.075126e+01 2.119000e+01 2.045500e+01 2.079210e+01 2.075086e+01
2.043500e+01 2.046000e+01 2.083127e+01 2.074130e+01 2.043000e+01 2.046500e+01 2.083058e+01 2.074086e+01
2.044000e+01 2.045500e+01 2.083182e+01 2.074178e+01 2.043500e+01 2.046000e+01 2.083127e+01 2.074130e+01
2.119000e+01 2.045500e+01 2.079210e+01 2.075086e+01 2.119500e+01 2.046000e+01 2.079273e+01 2.075033e+01
2.119500e+01 2.046000e+01 2.079273e+01 2.075033e+01 2.120000e+01 2.046500e+01 2.079352e+01 2.074986e+01
2.043000e+01 2.046500e+01 2.083058e+01 2.074086e+01 2.043000e+01 2.047500e+01 2.083535e+01 2.074452e+01
2.120000e+01 2.046500e+01 2.079352e+01 2.074986e+01 2.120000e+01 2.047500e+01 2.078910e+01 2.075312e+01
2.042500e+01 2.048000e+01 2.083455e+01 2.074387e+01 2.042000e+01 2.048500e+01 2.083361e+01 2.074327e+01
2.043000e+01 2.047500e+01 2.083535e+01 2.074452e+01 2.042500e+01 2.048000e+01 2.083455e+01 2.074387e+01
2.120000e+01 2.047500e+01 2.078910e+01 2.075312e+01 2.120500e+01 2.048000e+01 2.079001e+01 2.075243e+01
2.120500e+01 2.048000e+01 2.079001e+01 2.075243e+01 2.121000e+01 2.048500e+01 2.079107e+01 2.075181e+01
2.042000e+01 2.048500e+01 2.083361e+01 2.074327e+01 2.042000e+01 2.049500e+01 2.083826e+01 2.074651e+01
2.121000e+01 2.048500e+01 2.079107e+01 2.075181e+01 2.121000e+01 2.049500e+01 2.078680e+01 2.075464e+01
2.041500e+01 2.050000e+01 2.083719e+01 2.074571e+01 2.041000e+01 2.050500e+01 2.083598e+01 2.074498e+01
2.042000e+01 2.049500e+01 2.083826e+01 2.074651e+01 2.041500e+01 2.050000e+01 2.083719e+01 2.074571e+01
2.121000e+01 2.049500e+01 2.078680e+01 2.075464e+01 2.121500e+01 2.050000e+01 2.078801e+01 2.075383e+01
2.121500e+01 2.050000e+01 2.078801e+01 2.075383e+01 2.122000e+01 2.050500e+01 2.078936e+01 2.075309e+01
2.041000e+01 2.050500e+01 2.083598e+01 2.074498e+01 2.041000e+01 2.051500e+01 2.084045e+01 2.074781e+01
2.122000e+01 2.050500e+01 2.078936e+01 2.075309e+01 2.122000e+01 2.051500e+01 2.078530e+01 2.075552e+01
2.040500e+01 2.052000e+01 2.083908e+01 2.074691e+01 2.040000e+01 2.052500e+01 2.083759e+01 2.074608e+01
2.041000e+01 2.051500e+01 2.084045e+01 2.074781e+01 2.040500e+01 2.052000e+01 2.083908e+01 2.074691e+01
2.122000e+01 2.051500e+01 2.078530e+01 2.075552e+01 2.122000e+01 2.052500e+01 2.078128e+01 2.075774e+01
2.040000e+01 2.052500e+01 2.083759e+01 2.074608e+01 2.040000e+01 2.053500e+01 2.084184e+01 2.074854e+01
2.122000e+01 2.052500e+01 2.078128e+01 2.075774e+01 2.122500e+01 2.053000e+01 2.078291e+01 2.075676e+01
2.122500e+01 2.053000e+01 2.078291e+01 2.075676e+01 2.123000e+01 2.053500e+01 2.078468e+01 2.075588e+01
2.039500e+01 2.054000e+01 2.084016e+01 2.074756e+01 2.039000e+01 2.054500e+01 2.083836e+01 2.074668e+01
2.040000e+01 2.053500e+01 2.084184e+01 2.074854e+01 2.039500e+01 2.054000e+01 2.084016e+01 2.074756e+01
2.123000e+01 2.053500e+01 2.078468e+01 2.075588e+01 2.123000e+01 2.054500e+01 2.078093e+01 2.075773e+01
2.039000e+01 2.054500e+01 2.083836e+01 2.074668e+01 2.039000e+01 2.055500e+01 2.084236e+01 2.074878e+01
2.123000e+01 2.054500e+01 2.078093e+01 2.075773e+01 2.123500e+01 2.055000e+01 2.078291e+01 2.075673e+01
2.123500e+01 2.055000e+01 2.078291e+01 2.075673e+01 2.124000e+01 2.055500e+01 2.078502e+01 2.075583e+01
2.039000e+01 2.055500e+01 2.084236e+01 2.074878e+01 2.039000e+01 2.056500e+01 2.084627e+01 2.075069e+01
2.124000e+01 2.055500e+01 2.078502e+01 2.075583e+01 2.124000e+01 2.056500e+01 2.078158e+01 2.075737e+01
2.038500e+01 2.057000e+01 2.084416e+01 2.074963e+01 2.038000e+01 2.057500e+01 2.084195e+01 2.074868e+01
2.039000e+01 2.056500e+01 2.084627e+01 2.075069e+01 2.038500e+01 2.057000e+01 2.084416e+01 2.074963e+01
2.124000e+01 2.056500e+01 2.078158e+01 2.075737e+01 2.124000e+01 2.057500e+01 2.077825e+01 2.075872e+01
2.038000e+01 2.057500e+01 2.084195e+01 2.074868e+01 2.038000e+01 2.058500e+01 2.084554e+01 2.075028e+01
2.124000e+01 2.057500e+01 2.077825e+01 2.075872e+01 2.124500e+01 2.058000e+01 2.078071e+01 2.075770e+01
2.124500e+01 2.058000e+01 2.078071e+01 2.075770e+01 2.125000e+01 2.058500e+01 2.078327e+01 2.075679e+01
2.038000e+01 2.058500e+01 2.084554e+01 2.075028e+01 2.038000e+01 2.059500e+01 2.084902e+01 2.075170e+01
2.125000e+01 2.058500e+01 2.078327e+01 2.075679e+01 2.125000e+01 2.059500e+01 2.078030e+01 2.075790e+01
2.037500e+01 2.060000e+01 2.084647e+01 2.075064e+01 2.037000e+01 2.060500e+01 2.084382e+01 2.074969e+01
2.038000e+01 2.059500e+01 2.084902e+01 2.075170e+01 2.037500e+01 2.060000e+01 2.084647e+01 2.075064e+01
2.125000e+01 2.059500e+01 2.078030e+01 2.075790e+01 2.125000e+01 2.060500e+01 2.077747e+01 2.075884e+01
2.037000e+01 2.060500e+01 2.084382e+01 2.074969e+01 2.037000e+01 2.061500e+01 2.084694e+01 2.075088e+01
2.125000e+01 2.060500e+01 2.077747e+01 2.075884e+01 2.125000e+01 2.061500e+01 2.077478e+01 2.075961e+01
2.037000e+01 2.061500e+01 2.084694e+01 2.075088e+01 2.037000e+01 2.062500e+01 2.084992e+01 2.075190e+01
2.125000e+01 2.061500e+01 2.077478e+01 2.075961e+01 2.125500e+01 2.062000e+01 2.077786e+01 2.075865e+01
2.125500e+01 2.062000e+01 2.077786e+01 2.075865e+01 2.126000e+01 2.062500e+01 2.078102e+01 2.075782e+01
2.037000e+01 2.062500e+01 2.084992e+01 2.075190e+01 2.037000e+01 2.063500e+01 2.085276e+01 2.075277e+01
2.126000e+01 2.062500e+01 2.078102e+01 2.075782e+01 2.126000e+01 2.063500e+01 2.077875e+01 2.075845e+01
2.036500e+01 2.064000e+01 2.084962e+01 2.075178e+01 2.036000e+01 2.064500e+01 2.084640e+01 2.075092e+01
2.037000e+01 2.063500e+01 2.085276e+01 2.075277e+01 2.036500e+01 2.064000e+01 2.084962e+01 2.075178e+01
2.126000e+01 2.063500e+01 2.077875e+01 2.075845e+01 2.126000e+01 2.064500e+01 2.077664e+01 2.075895e+01
2.036000e+01 2.064500e+01 2.084640e+01 2.075092e+01 2.036000e+01 2.065500e+01 2.084883e+01 2.075166e+01
2.126000e+01 2.064500e+01 2.077664e+01 2.075895e+01 2.126000e+01 2.065500e+01 2.077470e+01 2.075932e+01
2.036000e+01 2.065500e+01 2.084883e+01 2.075166e+01 2.036000e+01 2.066500e+01 2.085109e+01 2.075226e+01
2.126000e+01 2.065500e+01 2.077470e+01 2.075932e+01 2.126000e+01 2.066500e+01 2.077294e+01 2.075958e+01
2.036000e+01 2.066500e+01 2.085109e+01 2.075226e+01 2.036000e+01 2.067500e+01 2.085318e+01 2.075274e+01
2.126000e+01 2.066500e+01 2.077294e+01 2.075958e+01 2.126500e+01 2.067000e+01 2.077677e+01 2.075888e+01
2.126500e+01 2.067000e+01 2.077677e+01 2.075888e+01 2.127000e+01 2.067500e+01 2.078065e+01 2.075830e+01
2.036000e+01 2.067500e+01 2.085318e+01 2.075274e+01 2.036000e+01 2.068500e+01 2.085509e+01 2.075311e+01
2.127000e+01 2.067500e+01 2.078065e+01 2.075830e+01 2.127000e+01 2.068500e+01 2.077935e+01 2.075856e+01
2.036000e+01 2.068500e+01 2.085509e+01 2.075311e+01 2.036000e+01 2.069500e+01 2.085680e+01 2.075337e+01
2.078500e+01 2.069000e+01 2.096360e+01 2.106419e+01 2.078000e+01 2.069500e+01 2.099144e+01 2.105126e+01
2.078500e+01 2.069000e+01 2.096360e+01 2.106419e+01 2.079500e+01 2.069000e+01 2.091867e+01 2.107902e+01
2.079500e+01 2.069000e+01 2.091867e+01 2.107902e+01 2.080500e+01 2.069000e+01 2.086764e+01 2.108834e+01
2.080500e+01 2.069000e+01 2.086764e+01 2.108834e+01 2.081500e+01 2.069000e+01 2.081314e+01 2.109050e+01
2.081500e+01 2.069000e+01 2.081314e+01 2.109050e+01 2.082500e+01 2.069000e+01 2.075879e+01 2.108495e+01
2.082500e+01 2.069000e+01 2.075879e+01 2.108495e+01 2.083500e+01 2.069000e+01 2.070817e+01 2.107253e+01
2.083500e+01 2.069000e+01 2.070817e+01 2.107253e+01 2.084500e+01 2.069000e+01 2.066386e+01 2.105509e+01
2.084500e+01 2.069000e+01 2.066386e+01 2.105509e+01 2.085000e+01 2.069500e+01 2.063537e+01 2.103999e+01
2.127000e+01 2.068500e+01 2.077935e+01 2.075856e+01 2.127000e+01 2.069500e+01 2.077823e+01 2.075874e+01
2.036000e+01 2.069500e+01 2.085680e+01 2.075337e+01 2.036000e+01 2.070500e+01 2.085833e+01 2.075355e+01
2.077500e+01 2.070000e+01 2.102194e+01 2.103417e+01 2.077000e+01 2.070500e+01 2.104839e+01 2.101518e+01
2.078000e+01 2.069500e+01 2.099144e+01 2.105126e+01 2.077500e+01 2.070000e+01 2.102194e+01 2.103417e+01
2.085000e+01 2.069500e+01 2.063537e+01 2.103999e+01 2.085500e+01 2.070000e+01 2.060451e+01 2.102039e+01
2.085500e+01 2.070000e+01 2.060451e+01 2.102039e+01 2.086000e+01 2.070500e+01 2.057806e+01 2.099933e+01
2.127000e+01 2.069500e+01 2.077823e+01 2.075874e+01 2.127000e+01 2.070500e+01 2.077732e+01 2.075886e+01
2.036000e+01 2.070500e+01 2.085833e+01 2.075355e+01 2.036000e+01 2.071500e+01 2.085965e+01 2.075364e+01
2.076500e+01 2.071000e+01 2.107571e+01 2.099150e+01 2.076000e+01 2.071500e+01 2.109779e+01 2.096800e+01
2.077000e+01 2.070500e+01 2.104839e+01 2.101518e+01 2.076500e+01 2.071000e+01 2.107571e+01 2.099150e+01
2.086000e+01 2.070500e+01 2.057806e+01 2.099933e+01 2.086500e+01 2.071000e+01 2.055128e+01 2.097362e+01
2.086500e+01 2.071000e+01 2.055128e+01 2.097362e+01 2.087000e+01 2.071500e+01 2.052988e+01 2.094867e+01
2.127000e+01 2.070500e+01 2.077732e+01 2.075886e+01 2.127000e+01 2.071500e+01 2.077660e+01 2.075892e+01
2.035500e+01 2.072000e+01 2.085545e+01 2.075309e+01 2.035000e+01 2.072500e+01 2.085122e+01 2.075266e+01
2.036000e+01 2.071500e+01 2.085965e+01 2.075364e+01 2.035500e+01 2.072000e+01 2.085545e+01 2.075309e+01
2.075500e+01 2.072000e+01 2.111862e+01 2.094057e+01 2.075000e+01 2.072500e+01 2.113451e+01 2.091525e+01
2.076000e+01 2.071500e+01 2.109779e+01 2.096800e+01 2.075500e+01 2.072000e+01 2.111862e+01 2.094057e+01
2.087000e+01 2.071500e+01 2.052988e+01 2.094867e+01 2.087500e+01 2.072000e+01 2.051028e+01 2.092029e+01
2.087500e+01 2.072000e+01 2.051028e+01 2.092029e+01 2.088000e+01 2.072500e+01 2.049547e+01 2.089444e+01
2.127000e+01 2.071500e+01 2.077660e+01 2.075892e+01 2.127000e+01 2.072500e+01 2.077609e+01 2.075894e+01
2.035000e+01 2.072500e+01 2.085122e+01 2.075266e+01 2.035000e+01 2.073500e+01 2.085211e+01 2.075284e+01
2.075000e+01 2.072500e+01 2.113451e+01 2.091525e+01 2.075000e+01 2.073500e+01 2.115201e+01 2.087752e+01
2.088000e+01 2.072500e+01 2.049547e+01 2.089444e+01 2.088000e+01 2.073500e+01 2.047894e+01 2.085606e+01
2.127000e+01 2.072500e+01 2.077609e+01 2.075894e+01 2.127000e+01 2.073500e+01 2.077578e+01 2.075893e+01
2.035000e+01 2.073500e+01 2.085211e+01 2.075284e+01 2.035000e+01 2.074500e+01 2.085280e+01 2.075297e+01
2.074500e+01 2.074000e+01 2.116151e+01 2.084905e+01 2.074000e+01 2.074500e+01 2.116793e+01 2.082423e+01
2.075000e+01 2.073500e+01 2.115201e+01 2.087752e+01 2.074500e+01 2.074000e+01 2.116151e+01 2.084905e+01
2.088000e+01 2.073500e+01 2.047894e+01 2.085606e+01 2.088000e+01 2.074500e+01 2.046698e+01 2.081274e+01
2.127000e+01 2.073500e+01 2.077578e+01 2.075893e+01 2.127000e+01 2.074500e+01 2.077569e+01 2.075891e+01
2.035000e+01 2.074500e+01 2.085280e+01 2.075297e+01 2.035000e+01 2.075500e+01 2.085329e+01 2.075307e+01
2.074000e+01 2.074500e+01 2.116793e+01 2.082423e+01 2.074000e+01 2.075500e+01 2.117346e+01 2.078186e+01
2.088000e+01 2.074500e+01 2.046698e+01 2.081274e+01 2.088000e+01 2.075500e+01 2.046106e+01 2.076631e+01
2.127000e+01 2.074500e+01 2.077569e+01 2.075891e+01 2.127000e+01 2.075500e+01 2.077580e+01 2.075888e+01
2.035000e+01 2.075500e+01 2.085329e+01 2.075307e+01 2.035000e+01 2.076500e+01 2.085357e+01 2.075316e+01
2.074000e+01 2.075500e+01 2.117346e+01 2.078186e+01 2.074000e+01 2.076500e+01 2.117304e+01 2.073812e+01
2.088000e+01 2.075500e+01 2.046106e+01 2.076631e+01 2.088000e+01 2.076500e+01 2.046194e+01 2.071935e+01
2.127000e+01 2.075500e+01 2.077580e+01 2.075888e+01 2.127000e+01 2.076500e+01 2.077612e+01 2.075886e+01
2.035000e+01 2.076500e+01 2.085357e+01 2.075316e+01 2.035000e+01 2.077500e+01 2.085364e+01 2.075323e+01
2.074000e+01 2.076500e+01 2.117304e+01 2.073812e+01 2.074000e+01 2.077500e+01 2.116663e+01 2.069526e+01
2.088000e+01 2.076500e+01 2.046194e+01 2.071935e+01 2.088000e+01 2.077500e+01 2.046938e+01 2.067452e+01
2.127000e+01 2.076500e+01 2.077612e+01 2.075886e+01 2.127000e+01 2.077500e+01 2.077665e+01 2.075886e+01
2.035000e+01 2.077500e+01 2.085364e+01 2.075323e+01 2.035000e+01 2.078500e+01 2.085351e+01 2.075332e+01
2.074000e+01 2.077500e+01 2.116663e+01 2.069526e+01 2.074000e+01 2.078500e+01 2.115496e+01 2.065534e+01
2.088000e+01 2.077500e+01 2.046938e+01 2.067452e+01 2.088000e+01 2.078500e+01 2.048224e+01 2.063400e+01
2.127000e+01 2.077500e+01 2.077665e+01 2.075886e+01 2.127000e+01 2.078500e+01 2.077739e+01 2.075889e+01
2.035000e+01 2.078500e+01 2.085351e+01 2.075332e+01 2.035000e+01 2.079500e+01 2.085318e+01 2.075342e+01
2.074000e+01 2.078500e+01 2.115496e+01 2.065534e+01 2.074500e+01 2.079000e+01 2.114439e+01 2.062983e+01
2.074500e+01 2.079000e+01 2.114439e+01 2.062983e+01 2.075000e+01 2.079500e+01 2.112980e+01 2.060107e+01
2.087500e+01 2.079000e+01 2.049412e+01 2.060831e+01 2.087000e+01 2.079500e+01 2.051031e+01 2.057959e+01
2.088000e+01 2.078500e+01 2.048224e+01 2.063400e+01 2.087500e+01 2.079000e+01 2.049412e+01 2.060831e+01
2.127000e+01 2.078500e+01 2.077739e+01 2.075889e+01 2.127000e+01 2.079500e+01 2.077833e+01 2.075897e+01
2.035000e+01 2.079500e+01 2.085318e+01 2.075342e+01 2.035500e+01 2.080000e+01 2.085767e+01 2.075322e+01
2.035500e+01 2.080000e+01 2.085767e+01 2.075322e+01 2.036000e+01 2.080500e+01 2.086215e+01 2.075290e+01
2.075000e+01 2.079500e+01 2.112980e+01 2.060107e+01 2.075500e+01 2.080000e+01 2.111233e+01 2.057451e+01
2.075500e+01 2.080000e+01 2.111233e+01 2.057451e+01 2.076000e+01 2.080500e+01 2.108949e+01 2.054579e+01
2.087000e+01 2.079500e+01 2.051031e+01 2.057959e+01 2.087000e+01 2.080500e+01 2.053196e+01 2.054952e+01
2.127000e+01 2.079500e+01 2.077833e+01 2.075897e+01 2.127000e+01 2.080500e+01 2.077948e+01 2.075910e+01
2.036000e+01 2.080500e+01 2.086215e+01 2.075290e+01 2.036000e+01 2.081500e+01 2.086137e+01 2.075287e+01
2.076000e+01 2.080500e+01 2.108949e+01 2.054579e+01 2.076000e+01 2.081500e+01 2.106523e+01 2.052085e+01
2.086500e+01 2.081000e+01 2.055196e+01 2.052712e+01 2.086000e+01 2.081500e+01 2.057668e+01 2.050430e+01
2.087000e+01 2.080500e+01 2.053196e+01 2.054952e+01 2.086500e+01 2.081000e+01 2.055196e+01 2.052712e+01
2.127000e+01 2.080500e+01 2.077948e+01 2.075910e+01 2.127000e+01 2.081500e+01 2.078082e+01 2.075931e+01
2.036000e+01 2.081500e+01 2.086137e+01 2.075287e+01 2.036000e+01 2.082500e+01 2.086038e+01 2.075290e+01
2.076000e+01 2.081500e+01 2.106523e+01 2.052085e+01 2.076500e+01 2.082000e+01 2.104114e+01 2.050033e+01
2.076500e+01 2.082000e+01 2.104114e+01 2.050033e+01 2.077500e+01 2.082000e+01 2.100763e+01 2.047707e+01
2.077500e+01 2.082000e+01 2.100763e+01 2.047707e+01 2.078000e+01 2.082500e+01 2.097546e+01 2.045977e+01
2.084500e+01 2.082000e+01 2.063600e+01 2.046418e+01 2.084000e+01 2.082500e+01 2.066760e+01 2.044957e+01
2.084500e+01 2.082000e+01 2.063600e+01 2.046418e+01 2.085500e+01 2.082000e+01 2.060093e+01 2.048566e+01
2.086000e+01 2.081500e+01 2.057668e+01 2.050430e+01 2.085500e+01 2.082000e+01 2.060093e+01 2.048566e+01
2.127000e+01 2.081500e+01 2.078082e+01 2.075931e+01 2.127000e+01 2.082500e+01 2.078236e+01 2.075960e+01
2.036000e+01 2.082500e+01 2.086038e+01 2.075290e+01 2.036000e+01 2.083500e+01 2.085920e+01 2.075301e+01
2.078000e+01 2.082500e+01 2.097546e+01 2.045977e+01 2.078500e+01 2.083000e+01 2.094633e+01 2.044678e+01
2.078500e+01 2.083000e+01 2.094633e+01 2.044678e+01 2.079500e+01 2.083000e+01 2.089974e+01 2.043213e+01
2.079500e+01 2.083000e+01 2.089974e+01 2.043213e+01 2.080500e+01 2.083000e+01 2.084829e+01 2.042328e+01
2.080500e+01 2.083000e+01 2.084829e+01 2.042328e+01 2.081500e+01 2.083000e+01 2.079493e+01 2.042155e+01
2.081500e+01 2.083000e+01 2.079493e+01 2.042155e+01 2.082500e+01 2.083000e+01 2.074315e+01 2.042709e+01
2.082500e+01 2.083000e+01 2.074315e+01 2.042709e+01 2.083500e+01 2.083000e+01 2.069595e+01 2.043884e+01
2.084000e+01 2.082500e+01 2.066760e+01 2.044957e+01 2.083500e+01 2.083000e+01 2.069595e+01 2.043884e+01
2.127000e+01 2.082500e+01 2.078236e+01 2.075960e+01 2.127000e+01 2.083500e+01 2.078409e+01 2.075997e+01
2.036000e+01 2.083500e+01 2.085920e+01 2.075301e+01 2.036000e+01 2.084500e+01 2.085782e+01 2.075319e+01
2.127000e+01 2.083500e+01 2.078409e+01 2.075997e+01 2.127000e+01 2.084500e+01 2.078600e+01 2.076045e+01
2.036000e+01 2.084500e+01 2.085782e+01 2.075319e+01 2.036000e+01 2.085500e+01 2.085626e+01 2.075346e+01
2.126500e+01 2.085000e+01 2.078242e+01 2.075970e+01 2.126000e+01 2.085500e+01 2.077889e+01 2.075883e+01
2.127000e+01 2.084500e+01 2.078600e+01 2.076045e+01 2.126500e+01 2.085000e+01 2.078242e+01 2.075970e+01
2.036000e+01 2.085500e+01 2.085626e+01 2.075346e+01 2.036000e+01 2.086500e+01 2.085451e+01 2.075384e+01
2.126000e+01 2.085500e+01 2.077889e+01 2.075883e+01 2.126000e+01 2.086500e+01 2.078123e+01 2.075936e+01
2.036000e+01 2.086500e+01 2.085451e+01 2.075384e+01 2.036000e+01 2.087500e+01 2.085258e+01 2.075433e+01
2.126000e+01 2.086500e+01 2.078123e+01 2.075936e+01 2.126000e+01 2.087500e+01 2.078373e+01 2.076004e+01
2.036000e+01 2.087500e+01 2.085258e+01 2.075433e+01 2.036500e+01 2.088000e+01 2.085602e+01 2.075359e+01
2.036500e+01 2.088000e+01 2.085602e+01 2.075359e+01 2.037000e+01 2.088500e+01 2.085938e+01 2.075271e+01
2.126000e+01 2.087500e+01 2.078373e+01 2.076004e+01 2.126000e+01 2.088500e+01 2.078640e+01 2.076085e+01
2.037000e+01 2.088500e+01 2.085938e+01 2.075271e+01 2.037000e+01 2.089500e+01 2.085702e+01 2.075330e+01
2.126000e+01 2.088500e+01 2.078640e+01 2.076085e+01 2.126000e+01 2.089500e+01 2.078922e+01 2.076182e+01
2.037000e+01 2.089500e+01 2.085702e+01 2.075330e+01 2.037000e+01 2.090500e+01 2.085451e+01 2.075402e+01
2.125500e+01 2.090000e+01 2.078631e+01 2.076090e+01 2.125000e+01 2.090500e+01 2.078349e+01 2.075986e+01
2.126000e+01 2.089500e+01 2.078922e+01 2.076182e+01 2.125500e+01 2.090000e+01 2.078631e+01 2.076090e+01
2.037000e+01 2.090500e+01 2.085451e+01 2.075402e+01 2.037000e+01 2.091500e+01 2.085185e+01 2.075491e+01
2.125000e+01 2.090500e+01 2.078349e+01 2.075986e+01 2.125000e+01 2.091500e+01 2.078669e+01 2.076101e+01
2.037000e+01 2.091500e+01 2.085185e+01 2.075491e+01 2.037500e+01 2.092000e+01 2.085469e+01 2.075403e+01
2.037500e+01 2.092000e+01 2.085469e+01 2.075403e+01 2.038000e+01 2.092500e+01 2.085743e+01 2.075302e+01
2.125000e+01 2.091500e+01 2.078669e+01 2.076101e+01 2.125000e+01 2.092500e+01 2.079003e+01 2.076234e+01
2.038000e+01 2.092500e+01 2.085743e+01 2.075302e+01 2.038000e+01 2.093500e+01 2.085437e+01 2.075410e+01
2.124500e+01 2.093000e+01 2.078756e+01 2.076137e+01 2.124000e+01 2.093500e+01 2.078520e+01 2.076029e+01
2.125000e+01 2.092500e+01 2.079003e+01 2.076234e+01 2.124500e+01 2.093000e+01 2.078756e+01 2.076137e+01
2.038000e+01 2.093500e+01 2.085437e+01 2.075410e+01 2.038000e+01 2.094500e+01 2.085120e+01 2.075536e+01
2.124000e+01 2.093500e+01 2.078520e+01 2.076029e+01 2.124000e+01 2.094500e+01 2.078888e+01 2.076188e+01
2.038000e+01 2.094500e+01 2.085120e+01 2.075536e+01 2.038500e+01 2.095000e+01 2.085357e+01 2.075444e+01
2.038500e+01 2.095000e+01 2.085357e+01 2.075444e+01 2.039000e+01 2.095500e+01 2.085582e+01 2.075340e+01
2.124000e+01 2.094500e+01 2.078888e+01 2.076188e+01 2.124000e+01 2.095500e+01 2.079265e+01 2.076366e+01
2.039000e+01 2.095500e+01 2.085582e+01 2.075340e+01 2.039000e+01 2.096500e+01 2.085230e+01 2.075493e+01
2.123500e+01 2.096000e+01 2.079062e+01 2.076272e+01 2.123000e+01 2.096500e+01 2.078871e+01 2.076167e+01
2.124000e+01 2.095500e+01 2.079265e+01 2.076366e+01 2.123500e+01 2.096000e+01 2.079062e+01 2.076272e+01
2.039000e+01 2.096500e+01 2.085230e+01 2.075493e+01 2.039000e+01 2.097500e+01 2.084869e+01 2.075667e+01
2.123000e+01 2.096500e+01 2.078871e+01 2.076167e+01 2.123000e+01 2.097500e+01 2.079278e+01 2.076378e+01
2.039000e+01 2.097500e+01 2.084869e+01 2.075667e+01 2.039500e+01 2.098000e+01 2.085061e+01 2.075579e+01
2.039500e+01 2.098000e+01 2.085061e+01 2.075579e+01 2.040000e+01 2.098500e+01 2.085239e+01 2.075481e+01
2.123000e+01 2.097500e+01 2.079278e+01 2.076378e+01 2.123000e+01 2.098500e+01 2.079692e+01 2.076609e+01
2.040000e+01 2.098500e+01 2.085239e+01 2.075481e+01 2.040000e+01 2.099500e+01 2.084849e+01 2.075688e+01
2.122500e+01 2.099000e+01 2.079530e+01 2.076525e+01 2.122000e+01 2.099500e+01 2.079380e+01 2.076432e+01
2.123000e+01 2.098500e+01 2.079692e+01 2.076609e+01 2.122500e+01 2.099000e+01 2.079530e+01 2.076525e+01
2.040000e+01 2.099500e+01 2.084849e+01 2.075688e+01 2.040500e+01 2.100000e+01 2.085008e+01 2.075604e+01
2.040500e+01 2.100000e+01 2.085008e+01 2.075604e+01 2.041000e+01 2.100500e+01 2.085152e+01 2.075511e+01
2.122000e+01 2.099500e+01 2.079380e+01 2.076432e+01 2.122000e+01 2.100500e+01 2.079818e+01 2.076700e+01
2.041000e+01 2.100500e+01 2.085152e+01 2.075511e+01 2.041000e+01 2.101500e+01 2.084738e+01 2.075757e+01
2.121500e+01 2.101000e+01 2.079684e+01 2.076623e+01 2.121000e+01 2.101500e+01 2.079565e+01 2.076539e+01
2.122000e+01 2.100500e+01 2.079818e+01 2.076700e+01 2.121500e+01 2.101000e+01 2.079684e+01 2.076623e+01
2.041000e+01 2.101500e+01 2.084738e+01 2.075757e+01 2.041500e+01 2.102000e+01 2.084865e+01 2.075681e+01
2.041500e+01 2.102000e+01 2.084865e+01 2.075681e+01 2.042000e+01 2.102500e+01 2.084977e+01 2.075598e+01
2.121000e+01 2.101500e+01 2.079565e+01 2.076539e+01 2.121000e+01 2.102500e+01 2.080021e+01 2.076847e+01
2.042000e+01 2.102500e+01 2.084977e+01 2.075598e+01 2.042000e+01 2.103500e+01 2.084544e+01 2.075884e+01
2.120500e+01 2.103000e+01 2.079916e+01 2.076782e+01 2.120000e+01 2.103500e+01 2.079825e+01 2.076711e+01
2.121000e+01 2.102500e+01 2.080021e+01 2.076847e+01 2.120500e+01 2.103000e+01 2.079916e+01 2.076782e+01
2.042000e+01 2.103500e+01 2.084544e+01 2.075884e+01 2.042500e+01 2.104000e+01 2.084641e+01 2.075821e+01
2.042500e+01 2.104000e+01 2.084641e+01 2.075821e+01 2.043000e+01 2.104500e+01 2.084723e+01 2.075751e+01
2.120000e+01 2.103500e+01 2.079825e+01 2.076711e+01 2.120000e+01 2.104500e+01 2.080296e+01 2.077060e+01
2.043000e+01 2.104500e+01 2.084723e+01 2.075751e+01 2.043000e+01 2.105500e+01 2.084275e+01 2.076081e+01
2.119500e+01 2.105000e+01 2.080216e+01 2.077010e+01 2.119000e+01 2.105500e+01 2.080150e+01 2.076955e+01
2.120000e+01 2.104500e+01 2.080296e+01 2.077060e+01 2.119500e+01 2.105000e+01 2.080216e+01 2.077010e+01
2.043000e+01 2.105500e+01 2.084275e+01 2.076081e+01 2.043500e+01 2.106000e+01 2.084346e+01 2.076034e+01
2.043500e+01 2.106000e+01 2.084346e+01 2.076034e+01 2.044000e+01 2.106500e+01 2.084400e+01 2.075981e+01
2.118500e+01 2.106000e+01 2.080090e+01 2.076911e+01 2.118000e+01 2.106500e+01 2.080043e+01 2.076862e+01
2.119000e+01 2.105500e+01 2.080150e+01 2.076955e+01 2.118500e+01 2.106000e+01 2.080090e+01 2.076911e+01
2.044000e+01 2.106500e+01 2.084400e+01 2.075981e+01 2.044000e+01 2.107500e+01 2.083944e+01 2.076357e+01
2.118000e+01 2.106500e+01 2.080043e+01 2.076862e+01 2.118000e+01 2.107500e+01 2.080532e+01 2.077278e+01
2.044000e+01 2.107500e+01 2.083944e+01 2.076357e+01 2.044500e+01 2.108000e+01 2.083990e+01 2.076329e+01
2.044500e+01 2.108000e+01 2.083990e+01 2.076329e+01 2.045000e+01 2.108500e+01 2.084020e+01 2.076297e+01
2.117500e+01 2.108000e+01 2.080493e+01 2.077253e+01 2.117000e+01 2.108500e+01 2.080468e+01 2.077226e+01
2.118000e+01 2.107500e+01 2.080532e+01 2.077278e+01 2.117500e+01 2.108000e+01 2.080493e+01 2.077253e+01
2.045000e+01 2.108500e+01 2.084020e+01 2.076297e+01 2.045500e+01 2.109000e+01 2.084048e+01 2.076277e+01
2.045500e+01 2.109000e+01 2.084048e+01 2.076277e+01 2.046000e+01 2.109500e+01 2.084060e+01 2.076256e+01
2.116500e+01 2.109000e+01 2.080446e+01 2.077211e+01 2.116000e+01 2.109500e+01 2.080438e+01 2.077194e+01
2.117000e+01 2.108500e+01 2.080468e+01 2.077226e+01 2.116500e+01 2.109000e+01 2.080446e+01 2.077211e+01
2.046000e+01 2.109500e+01 2.084060e+01 2.076256e+01 2.046000e+01 2.110500e+01 2.083595e+01 2.076703e+01
2.116000e+01 2.109500e+01 2.080438e+01 2.077194e+01 2.116000e+01 2.110500e+01 2.080933e+01 2.077679e+01
2.046000e+01 2.110500e+01 2.083595e+01 2.076703e+01 2.046500e+01 2.111000e+01 2.083604e+01 2.076707e+01
2.046500e+01 2.111000e+01 2.083604e+01 2.076707e+01 2.047000e+01 2.111500e+01 2.083597e+01 2.076711e+01
2.115500e+01 2.111000e+01 2.080928e+01 2.077687e+01 2.115000e+01 2.111500e+01 2.080936e+01 2.077694e+01
2.116000e+01 2.110500e+01 2.080933e+01 2.077679e+01 2.115500e+01 2.111000e+01 2.080928e+01 2.077687e+01
2.047000e+01 2.111500e+01 2.083597e+01 2.076711e+01 2.047500e+01 2.112000e+01 2.083591e+01 2.076728e+01
2.047500e+01 2.112000e+01 2.083591e+01 2.076728e+01 2.048000e+01 2.112500e+01 2.083569e+01 2.076745e+01
2.114500e+01 2.112000e+01 2.080945e+01 2.077715e+01 2.114000e+01 2.112500e+01 2.080968e+01 2.077735e+01
2.115000e+01 2.111500e+01 2.080936e+01 2.077694e+01 2.114500e+01 2.112000e+01 2.080945e+01 2.077715e+01
2.048000e+01 2.112500e+01 2.083569e+01 2.076745e+01 2.048500e+01 2.113000e+01 2.083548e+01 2.076775e+01
2.048500e+01 2.113000e+01 2.083548e+01 2.076775e+01 2.049000e+01 2.113500e+01 2.083512e+01 2.076807e+01
2.113500e+01 2.113000e+01 2.080990e+01 2.077769e+01 2.113000e+01 2.113500e+01 2.081025e+01 2.077804e+01
2.114000e+01 2.112500e+01 2.080968e+01 2.077735e+01 2.113500e+01 2.113000e+01 2.080990e+01 2.077769e+01
2.049000e+01 2.113500e+01 2.083512e+01 2.076807e+01 2.049500e+01 2.114000e+01 2.083478e+01 2.076852e+01
2.049500e+01 2.114000e+01 2.083478e+01 2.076852e+01 2.050000e+01 2.114500e+01 2.083430e+01 2.076899e+01
2.112500e+01 2.114000e+01 2.081059e+01 2.077851e+01 2.112000e+01 2.114500e+01 2.081106e+01 2.077901e+01
2.113000e+01 2.113500e+01 2.081025e+01 2.077804e+01 2.112500e+01 2.114000e+01 2.081059e+01 2.077851e+01
2.050000e+01 2.114500e+01 2.083430e+01 2.076899e+01 2.050500e+01 2.115000e+01 2.083384e+01 2.076960e+01
2.050500e+01 2.115000e+01 2.083384e+01 2.076960e+01 2.051000e+01 2.115500e+01 2.083325e+01 2.077025e+01
2.111500e+01 2.115000e+01 2.081151e+01 2.077964e+01 2.111000e+01 2.115500e+01 2.081208e+01 2.078030e+01
2.112000e+01 2.114500e+01 2.081106e+01 2.077901e+01 2.111500e+01 2.115000e+01 2.081151e+01 2.077964e+01
2.051000e+01 2.115500e+01 2.083325e+01 2.077025e+01 2.051500e+01 2.116000e+01 2.083269e+01 2.077103e+01
2.051500e+01 2.116000e+01 2.083269e+01 2.077103e+01 2.052000e+01 2.116500e+01 2.083201e+01 2.077185e+01
2.110500e+01 2.116000e+01 2.081262e+01 2.078109e+01 2.110000e+01 2.116500e+01 2.081328e+01 2.078191e+01
2.111000e+01 2.115500e+01 2.081208e+01 2.078030e+01 2.110500e+01 2.116000e+01 2.081262e+01 2.078109e+01
2.052000e+01 2.116500e+01 2.083201e+01 2.077185e+01 2.052500e+01 2.117000e+01 2.083136e+01 2.077280e+01
2.052500e+01 2.117000e+01 2.083136e+01 2.077280e+01 2.053000e+01 2.117500e+01 2.083060e+01 2.077381e+01
2.109500e+01 2.117000e+01 2.081389e+01 2.078286e+01 2.109000e+01 2.117500e+01 2.081463e+01 2.078386e+01
2.110000e+01 2.116500e+01 2.081328e+01 2.078191e+01 2.109500e+01 2.117000e+01 2.081389e+01 2.078286e+01
2.053000e+01 2.117500e+01 2.083060e+01 2.077381e+01 2.053500e+01 2.118000e+01 2.082989e+01 2.077495e+01
2.053500e+01 2.118000e+01 2.082989e+01 2.077495e+01 2.054000e+01 2.118500e+01 2.082907e+01 2.077615e+01
2.108500e+01 2.118000e+01 2.081531e+01 2.078499e+01 2.108000e+01 2.118500e+01 2.081611e+01 2.078616e+01
2.109000e+01 2.117500e+01 2.081463e+01 2.078386e+01 2.108500e+01 2.118000e+01 2.081531e+01 2.078499e+01
2.054000e+01 2.118500e+01 2.082907e+01 2.077615e+01 2.054500e+01 2.119000e+01 2.082830e+01 2.077747e+01
2.054500e+01 2.119000e+01 2.082830e+01 2.077747e+01 2.055000e+01 2.119500e+01 2.082744e+01 2.077886e+01
2.106500e+01 2.119000e+01 2.081410e+01 2.078304e+01 2.106000e+01 2.119500e+01 2.081504e+01 2.078447e+01
2.106500e+01 2.119000e+01 2.081410e+01 2.078304e+01 2.107500e+01 2.119000e+01 2.081684e+01 2.078746e+01
2.108000e+01 2.118500e+01 2.081611e+01 2.078616e+01 2.107500e+01 2.119000e+01 2.081684e+01 2.078746e+01
2.055000e+01 2.119500e+01 2.082744e+01 2.077886e+01 2.055500e+01 2.120000e+01 2.082664e+01 2.078038e+01
2.055500e+01 2.120000e+01 2.082664e+01 2.078038e+01 2.056000e+01 2.120500e+01 2.082574e+01 2.078197e+01
2.105500e+01 2.120000e+01 2.081591e+01 2.078601e+01 2.105000e+01 2.120500e+01 2.081687e+01 2.078762e+01
2.106000e+01 2.119500e+01 2.081504e+01 2.078447e+01 2.105500e+01 2.120000e+01 2.081591e+01 2.078601e+01
2.056000e+01 2.120500e+01 2.082574e+01 2.078197e+01 2.056500e+01 2.121000e+01 2.082492e+01 2.078368e+01
2.056500e+01 2.121000e+01 2.082492e+01 2.078368e+01 2.057500e+01 2.121000e+01 2.082692e+01 2.077986e+01
2.057500e+01 2.121000e+01 2.082692e+01 2.077986e+01 2.058000e+01 2.121500e+01 2.082592e+01 2.078174e+01
2.103500e+01 2.121000e+01 2.081562e+01 2.078526e+01 2.103000e+01 2.121500e+01 2.081667e+01 2.078715e+01
2.103500e+01 2.121000e+01 2.081562e+01 2.078526e+01 2.104500e+01 2.121000e+01 2.081776e+01 2.078935e+01
2.105000e+01 2.120500e+01 2.081687e+01 2.078762e+01 2.104500e+01 2.121000e+01 2.081776e+01 2.078935e+01
2.058000e+01 2.121500e+01 2.082592e+01 2.078174e+01 2.058500e+01 2.122000e+01 2.082502e+01 2.078373e+01
2.058500e+01 2.122000e+01 2.082502e+01 2.078373e+01 2.059500e+01 2.122000e+01 2.082664e+01 2.078015e+01
2.059500e+01 2.122000e+01 2.082664e+01 2.078015e+01 2.060000e+01 2.122500e+01 2.082559e+01 2.078232e+01
2.102500e+01 2.122000e+01 2.081763e+01 2.078915e+01 2.102000e+01 2.122500e+01 2.081867e+01 2.079123e+01
2.103000e+01 2.121500e+01 2.081667e+01 2.078715e+01 2.102500e+01 2.122000e+01 2.081763e+01 2.078915e+01
2.060000e+01 2.122500e+01 2.082559e+01 2.078232e+01 2.060500e+01 2.123000e+01 2.082464e+01 2.078460e+01
2.060500e+01 2.123000e+01 2.082464e+01 2.078460e+01 2.061000e+01 2.123500e+01 2.082363e+01 2.078698e+01
2.100500e+01 2.123000e+01 2.081797e+01 2.078975e+01 2.100000e+01 2.123500e+01 2.081904e+01 2.079212e+01
2.100500e+01 2.123000e+01 2.081797e+01 2.078975e+01 2.101500e+01 2.123000e+01 2.081961e+01 2.079341e+01
2.102000e+01 2.122500e+01 2.081867e+01 2.079123e+01 2.101500e+01 2.123000e+01 2.081961e+01 2.079341e+01
2.061000e+01 2.123500e+01 2.082363e+01 2.078698e+01 2.061500e+01 2.124000e+01 2.082272e+01 2.078946e+01
2.061500e+01 2.124000e+01 2.082272e+01 2.078946e+01 2.062500e+01 2.124000e+01 2.082390e+01 2.078637e+01
2.062500e+01 2.124000e+01 2.082390e+01 2.078637e+01 2.063000e+01 2.124500e+01 2.082291e+01 2.078906e+01
2.098500e+01 2.124000e+01 2.081866e+01 2.079121e+01 2.098000e+01 2.124500e+01 2.081972e+01 2.079387e+01
2.098500e+01 2.124000e+01 2.081866e+01 2.079121e+01 2.099500e+01 2.124000e+01 2.082000e+01 2.079458e+01
2.100000e+01 2.123500e+01 2.081904e+01 2.079212e+01 2.099500e+01 2.124000e+01 2.082000e+01 2.079458e+01
2.063000e+01 2.124500e+01 2.082291e+01 2.078906e+01 2.063500e+01 2.125000e+01 2.082202e+01 2.079183e+01
2.063500e+01 2.125000e+01 2.082202e+01 2.079183e+01 2.064500e+01 2.125000e+01 2.082294e+01 2.078907e+01
2.064500e+01 2.125000e+01 2.082294e+01 2.078907e+01 2.065500e+01 2.125000e+01 2.082370e+01 2.078642e+01
2.065500e+01 2.125000e+01 2.082370e+01 2.078642e+01 2.066000e+01 2.125500e+01 2.082274e+01 2.078953e+01
2.096500e+01 2.125000e+01 2.081959e+01 2.079356e+01 2.096000e+01 2.125500e+01 2.082060e+01 2.079651e+01
2.096500e+01 2.125000e+01 2.081959e+01 2.079356e+01 2.097500e+01 2.125000e+01 2.082067e+01 2.079661e+01
2.098000e+01 2.124500e+01 2.081972e+01 2.079387e+01 2.097500e+01 2.125000e+01 2.082067e+01 2.079661e+01
2.066000e+01 2.125500e+01 2.082274e+01 2.078953e+01 2.066500e+01 2.126000e+01 2.082190e+01 2.079271e+01
2.066500e+01 2.126000e+01 2.082190e+01 2.079271e+01 2.067500e+01 2.126000e+01 2.082247e+01 2.079043e+01
2.067500e+01 2.126000e+01 2.082247e+01 2.079043e+01 2.068000e+01 2.126500e+01 2.082162e+01 2.079384e+01
2.093500e+01 2.126000e+01 2.081990e+01 2.079424e+01 2.093000e+01 2.126500e+01 2.082083e+01 2.079758e+01
2.093500e+01 2.126000e+01 2.081990e+01 2.079424e+01 2.094500e+01 2.126000e+01 2.082062e+01 2.079681e+01
2.094500e+01 2.126000e+01 2.082062e+01 2.079681e+01 2.095500e+01 2.126000e+01 2.082150e+01 2.079952e+01
2.096000e+01 2.125500e+01 2.082060e+01 2.079651e+01 2.095500e+01 2.126000e+01 2.082150e+01 2.079952e+01
2.068000e+01 2.126500e+01 2.082162e+01 2.079384e+01 2.068500e+01 2.127000e+01 2.082089e+01 2.079732e+01
2.068500e+01 2.127000e+01 2.082089e+01 2.079732e+01 2.069500e+01 2.127000e+01 2.082134e+01 2.079541e+01
2.069500e+01 2.127000e+01 2.082134e+01 2.079541e+01 2.070500e+01 2.127000e+01 2.082168e+01 2.079366e+01
2.070500e+01 2.127000e+01 2.082168e+01 2.079366e+01 2.071500e+01 2.127000e+01 2.082191e+01 2.079207e+01
2.071500e+01 2.127000e+01 2.082191e+01 2.079207e+01 2.072000e+01 2.127500e+01 2.082126e+01 2.079601e+01
2.089500e+01 2.127000e+01 2.082027e+01 2.079482e+01 2.089000e+01 2.127500e+01 2.082102e+01 2.079865e+01
2.089500e+01 2.127000e+01 2.082027e+01 2.079482e+01 2.090500e+01 2.127000e+01 2.082061e+01 2.079671e+01
2.090500e+01 2.127000e+01 2.082061e+01 2.079671e+01 2.091500e+01 2.127000e+01 2.082107e+01 2.079877e+01
2.091500e+01 2.127000e+01 2.082107e+01 2.079877e+01 2.092500e+01 2.127000e+01 2.082165e+01 2.080097e+01
2.093000e+01 2.126500e+01 2.082083e+01 2.079758e+01 2.092500e+01 2.127000e+01 2.082165e+01 2.080097e+01
2.072000e+01 2.127500e+01 2.082126e+01 2.079601e+01 2.072500e+01 2.128000e+01 2.082073e+01 2.079999e+01
2.072500e+01 2.128000e+01 2.082073e+01 2.079999e+01 2.073500e+01 2.128000e+01 2.082095e+01 2.079879e+01
2.073500e+01 2.128000e+01 2.082095e+01 2.079879e+01 2.074500e+01 2.128000e+01 2.082109e+01 2.079776e+01
2.074500e+01 2.128000e+01 2.082109e+01 2.079776e+01 2.075500e+01 2.128000e+01 2.082116e+01 2.079691e+01
2.075500e+01 2.128000e+01 2.082116e+01 2.079691e+01 2.076500e+01 2.128000e+01 2.082119e+01 2.079624e+01
2.076500e+01 2.128000e+01 2.082119e+01 2.079624e+01 2.077500e+01 2.128000e+01 2.082117e+01 2.079575e+01
2.077500e+01 2.128000e+01 2.082117e+01 2.079575e+01 2.078500e+01 2.128000e+01 2.082113e+01 2.079544e+01
2.078500e+01 2.128000e+01 2.082113e+01 2.079544e+01 2.079500e+01 2.128000e+01 2.082106e+01 2.079532e+01
2.079500e+01 2.128000e+01 2.082106e+01 2.079532e+01 2.080500e+01 2.128000e+01 2.082100e+01 2.079539e+01
2.080500e+01 2.128000e+01 2.082100e+01 2.079539e+01 2.081500e+01 2.128000e+01 2.082094e+01 2.079564e+01
2.081500e+01 2.128000e+01 2.082094e+01 2.079564e+01 2.082500e+01 2.128000e+01 2.082089e+01 2.079608e+01
2.082500e+01 2.128000e+01 2.082089e+01 2.079608e+01 2.083500e+01 2.128000e+01 2.082088e+01 2.079670e+01
2.083500e+01 2.128000e+01 2.082088e+01 2.079670e+01 2.084500e+01 2.128000e+01 2.082091e+01 2.079751e+01
2.084500e+01 2.128000e+01 2.082091e+01 2.079751e+01 2.085500e+01 2.128000e+01 2.082099e+01 2.079850e+01
2.085500e+01 2.128000e+01 2.082099e+01 2.079850e+01 2.086500e+01 2.128000e+01 2.082114e+01 2.079967e+01
2.086500e+01 2.128000e+01 2.082114e+01 2.079967e+01 2.087500e+01 2.128000e+01 2.082136e+01 2.080101e+01
2.087500e+01 2.128000e+01 2.082136e+01 2.080101e+01 2.088500e+01 2.128000e+01 2.082166e+01 2.080252e+01
2.089000e+01 2.127500e+01 2.082102e+01 2.079865e+01 2.088500e+01 2.128000e+01 2.082166e+01 2.080252e+01
