2.074500e+01 2.021000e+01 2.080366e+01 2.068751e+01 2.074000e+01 2.021500e+01 2.080416e+01 2.069184e+01
2.074500e+01 2.021000e+01 2.080366e+01 2.068751e+01 2.075500e+01 2.021000e+01 2.080386e+01 2.068859e+01
2.075500e+01 2.021000e+01 2.080386e+01 2.068859e+01 2.076500e+01 2.021000e+01 2.080399e+01 2.068949e+01
2.076500e+01 2.021000e+01 2.080399e+01 2.068949e+01 2.077500e+01 2.021000e+01 2.080409e+01 2.069020e+01
2.077500e+01 2.021000e+01 2.080409e+01 2.069020e+01 2.078500e+01 2.021000e+01 2.080415e+01 2.069073e+01
2.078500e+01 2.021000e+01 2.080415e+01 2.069073e+01 2.079500e+01 2.021000e+01 2.080418e+01 2.069106e+01
2.079500e+01 2.021000e+01 2.080418e+01 2.069106e+01 2.080500e+01 2.021000e+01 2.080421e+01 2.069121e+01
2.080500e+01 2.021000e+01 2.080421e+01 2.069121e+01 2.081500e+01 2.021000e+01 2.080424e+01 2.069116e+01
2.081500e+01 2.021000e+01 2.080424e+01 2.069116e+01 2.082500e+01 2.021000e+01 2.080429e+01 2.069092e+01
2.082500e+01 2.021000e+01 2.080429e+01 2.069092e+01 2.083500e+01 2.021000e+01 2.080436e+01 2.069050e+01
2.083500e+01 2.021000e+01 2.080436e+01 2.069050e+01 2.084500e+01 2.021000e+01 2.080447e+01 2.068988e+01
2.084500e+01 2.021000e+01 2.080447e+01 2.068988e+01 2.085000e+01 2.021500e+01 2.080415e+01 2.069448e+01
2.070500e+01 2.022000e+01 2.080396e+01 2.069113e+01 2.070000e+01 2.022500e+01 2.080471e+01 2.069496e+01
2.070500e+01 2.022000e+01 2.080396e+01 2.069113e+01 2.071500e+01 2.022000e+01 2.080433e+01 2.069296e+01
2.071500e+01 2.022000e+01 2.080433e+01 2.069296e+01 2.072500e+01 2.022000e+01 2.080459e+01 2.069462e+01
2.072500e+01 2.022000e+01 2.080459e+01 2.069462e+01 2.073500e+01 2.022000e+01 2.080476e+01 2.069610e+01
2.074000e+01 2.021500e+01 2.080416e+01 2.069184e+01 2.073500e+01 2.022000e+01 2.080476e+01 2.069610e+01
2.085000e+01 2.021500e+01 2.080415e+01 2.069448e+01 2.085500e+01 2.022000e+01 2.080373e+01 2.069902e+01
2.085500e+01 2.022000e+01 2.080373e+01 2.069902e+01 2.086500e+01 2.022000e+01 2.080377e+01 2.069801e+01
2.086500e+01 2.022000e+01 2.080377e+01 2.069801e+01 2.087500e+01 2.022000e+01 2.080389e+01 2.069682e+01
2.087500e+01 2.022000e+01 2.080389e+01 2.069682e+01 2.088500e+01 2.022000e+01 2.080410e+01 2.069544e+01
2.088500e+01 2.022000e+01 2.080410e+01 2.069544e+01 2.089500e+01 2.022000e+01 2.080440e+01 2.069389e+01
2.089500e+01 2.022000e+01 2.080440e+01 2.069389e+01 2.090000e+01 2.022500e+01 2.080375e+01 2.069790e+01
2.066500e+01 2.023000e+01 2.080379e+01 2.069157e+01 2.066000e+01 2.023500e+01 2.080467e+01 2.069488e+01
2.066500e+01 2.023000e+01 2.080379e+01 2.069157e+01 2.067500e+01 2.023000e+01 2.080453e+01 2.069410e+01
2.067500e+01 2.023000e+01 2.080453e+01 2.069410e+01 2.068500e+01 2.023000e+01 2.080513e+01 2.069648e+01
2.068500e+01 2.023000e+01 2.080513e+01 2.069648e+01 2.069500e+01 2.023000e+01 2.080558e+01 2.069870e+01
2.070000e+01 2.022500e+01 2.080471e+01 2.069496e+01 2.069500e+01 2.023000e+01 2.080558e+01 2.069870e+01
2.090000e+01 2.022500e+01 2.080375e+01 2.069790e+01 2.090500e+01 2.023000e+01 2.080299e+01 2.070183e+01
2.090500e+01 2.023000e+01 2.080299e+01 2.070183e+01 2.091500e+01 2.023000e+01 2.080336e+01 2.069989e+01
2.091500e+01 2.023000e+01 2.080336e+01 2.069989e+01 2.092500e+01 2.023000e+01 2.080386e+01 2.069778e+01
2.092500e+01 2.023000e+01 2.080386e+01 2.069778e+01 2.093000e+01 2.023500e+01 2.080305e+01 2.070139e+01
2.064500e+01 2.024000e+01 2.080474e+01 2.069520e+01 2.064000e+01 2.024500e+01 2.080569e+01 2.069821e+01
2.064500e+01 2.024000e+01 2.080474e+01 2.069520e+01 2.065500e+01 2.024000e+01 2.080567e+01 2.069809e+01
2.066000e+01 2.023500e+01 2.080467e+01 2.069488e+01 2.065500e+01 2.024000e+01 2.080567e+01 2.069809e+01
2.093000e+01 2.023500e+01 2.080305e+01 2.070139e+01 2.093500e+01 2.024000e+01 2.080214e+01 2.070491e+01
2.093500e+01 2.024000e+01 2.080214e+01 2.070491e+01 2.094500e+01 2.024000e+01 2.080279e+01 2.070243e+01
2.094500e+01 2.024000e+01 2.080279e+01 2.070243e+01 2.095000e+01 2.024500e+01 2.080188e+01 2.070573e+01
2.062500e+01 2.025000e+01 2.080557e+01 2.069788e+01 2.062000e+01 2.025500e+01 2.080656e+01 2.070058e+01
2.062500e+01 2.025000e+01 2.080557e+01 2.069788e+01 2.063500e+01 2.025000e+01 2.080675e+01 2.070110e+01
2.064000e+01 2.024500e+01 2.080569e+01 2.069821e+01 2.063500e+01 2.025000e+01 2.080675e+01 2.070110e+01
2.095000e+01 2.024500e+01 2.080188e+01 2.070573e+01 2.095500e+01 2.025000e+01 2.080087e+01 2.070895e+01
2.095500e+01 2.025000e+01 2.080087e+01 2.070895e+01 2.096500e+01 2.025000e+01 2.080172e+01 2.070611e+01
2.096500e+01 2.025000e+01 2.080172e+01 2.070611e+01 2.097000e+01 2.025500e+01 2.080076e+01 2.070911e+01
2.060500e+01 2.026000e+01 2.080617e+01 2.069964e+01 2.060000e+01 2.026500e+01 2.080715e+01 2.070204e+01
2.060500e+01 2.026000e+01 2.080617e+01 2.069964e+01 2.061500e+01 2.026000e+01 2.080764e+01 2.070317e+01
2.062000e+01 2.025500e+01 2.080656e+01 2.070058e+01 2.061500e+01 2.026000e+01 2.080764e+01 2.070317e+01
2.097000e+01 2.025500e+01 2.080076e+01 2.070911e+01 2.097500e+01 2.026000e+01 2.079969e+01 2.071201e+01
2.097500e+01 2.026000e+01 2.079969e+01 2.071201e+01 2.098500e+01 2.026000e+01 2.080080e+01 2.070883e+01
2.098500e+01 2.026000e+01 2.080080e+01 2.070883e+01 2.099000e+01 2.026500e+01 2.079981e+01 2.071154e+01
2.059500e+01 2.027000e+01 2.080821e+01 2.070433e+01 2.059000e+01 2.027500e+01 2.080921e+01 2.070653e+01
2.060000e+01 2.026500e+01 2.080715e+01 2.070204e+01 2.059500e+01 2.027000e+01 2.080821e+01 2.070433e+01
2.099000e+01 2.026500e+01 2.079981e+01 2.071154e+01 2.099500e+01 2.027000e+01 2.079872e+01 2.071413e+01
2.099500e+01 2.027000e+01 2.079872e+01 2.071413e+01 2.100500e+01 2.027000e+01 2.080014e+01 2.071064e+01
2.100500e+01 2.027000e+01 2.080014e+01 2.071064e+01 2.101000e+01 2.027500e+01 2.079917e+01 2.071305e+01
2.057500e+01 2.028000e+01 2.080834e+01 2.070463e+01 2.057000e+01 2.028500e+01 2.080926e+01 2.070655e+01
2.057500e+01 2.028000e+01 2.080834e+01 2.070463e+01 2.058500e+01 2.028000e+01 2.081030e+01 2.070861e+01
2.059000e+01 2.027500e+01 2.080921e+01 2.070653e+01 2.058500e+01 2.028000e+01 2.081030e+01 2.070861e+01
2.101000e+01 2.027500e+01 2.079917e+01 2.071305e+01 2.101500e+01 2.028000e+01 2.079811e+01 2.071534e+01
2.101500e+01 2.028000e+01 2.079811e+01 2.071534e+01 2.102000e+01 2.028500e+01 2.079711e+01 2.071754e+01
2.056500e+01 2.029000e+01 2.081027e+01 2.070834e+01 2.056000e+01 2.029500e+01 2.081118e+01 2.071006e+01
2.057000e+01 2.028500e+01 2.080926e+01 2.070655e+01 2.056500e+01 2.029000e+01 2.081027e+01 2.070834e+01
2.102000e+01 2.028500e+01 2.079711e+01 2.071754e+01 2.102500e+01 2.029000e+01 2.079603e+01 2.071962e+01
2.102500e+01 2.029000e+01 2.079603e+01 2.071962e+01 2.103500e+01 2.029000e+01 2.079796e+01 2.071569e+01
2.103500e+01 2.029000e+01 2.079796e+01 2.071569e+01 2.104000e+01 2.029500e+01 2.079705e+01 2.071761e+01
2.055500e+01 2.030000e+01 2.081217e+01 2.071165e+01 2.055000e+01 2.030500e+01 2.081305e+01 2.071317e+01
2.056000e+01 2.029500e+01 2.081118e+01 2.071006e+01 2.055500e+01 2.030000e+01 2.081217e+01 2.071165e+01
2.104000e+01 2.029500e+01 2.079705e+01 2.071761e+01 2.104500e+01 2.030000e+01 2.079605e+01 2.071941e+01
2.104500e+01 2.030000e+01 2.079605e+01 2.071941e+01 2.105000e+01 2.030500e+01 2.079515e+01 2.072113e+01
2.053500e+01 2.031000e+01 2.081122e+01 2.071010e+01 2.053000e+01 2.031500e+01 2.081195e+01 2.071138e+01
2.053500e+01 2.031000e+01 2.081122e+01 2.071010e+01 2.054500e+01 2.031000e+01 2.081400e+01 2.071456e+01
2.055000e+01 2.030500e+01 2.081305e+01 2.071317e+01 2.054500e+01 2.031000e+01 2.081400e+01 2.071456e+01
2.105000e+01 2.030500e+01 2.079515e+01 2.072113e+01 2.105500e+01 2.031000e+01 2.079418e+01 2.072273e+01
2.105500e+01 2.031000e+01 2.079418e+01 2.072273e+01 2.106000e+01 2.031500e+01 2.079332e+01 2.072426e+01
2.052500e+01 2.032000e+01 2.081273e+01 2.071252e+01 2.052000e+01 2.032500e+01 2.081339e+01 2.071362e+01
2.053000e+01 2.031500e+01 2.081195e+01 2.071138e+01 2.052500e+01 2.032000e+01 2.081273e+01 2.071252e+01
2.106000e+01 2.031500e+01 2.079332e+01 2.072426e+01 2.106500e+01 2.032000e+01 2.079239e+01 2.072566e+01
2.106500e+01 2.032000e+01 2.079239e+01 2.072566e+01 2.107000e+01 2.032500e+01 2.079157e+01 2.072700e+01
2.051500e+01 2.033000e+01 2.081410e+01 2.071458e+01 2.051000e+01 2.033500e+01 2.081468e+01 2.071551e+01
2.052000e+01 2.032500e+01 2.081339e+01 2.071362e+01 2.051500e+01 2.033000e+01 2.081410e+01 2.071458e+01
2.107000e+01 2.032500e+01 2.079157e+01 2.072700e+01 2.107500e+01 2.033000e+01 2.079069e+01 2.072821e+01
2.107500e+01 2.033000e+01 2.079069e+01 2.072821e+01 2.108000e+01 2.033500e+01 2.078993e+01 2.072936e+01
2.050500e+01 2.034000e+01 2.081530e+01 2.071630e+01 2.050000e+01 2.034500e+01 2.081578e+01 2.071706e+01
2.051000e+01 2.033500e+01 2.081468e+01 2.071551e+01 2.050500e+01 2.034000e+01 2.081530e+01 2.071630e+01
2.108000e+01 2.033500e+01 2.078993e+01 2.072936e+01 2.108500e+01 2.034000e+01 2.078912e+01 2.073038e+01
2.108500e+01 2.034000e+01 2.078912e+01 2.073038e+01 2.109000e+01 2.034500e+01 2.078844e+01 2.073135e+01
2.049500e+01 2.035000e+01 2.081629e+01 2.071769e+01 2.049000e+01 2.035500e+01 2.081667e+01 2.071829e+01
2.050000e+01 2.034500e+01 2.081578e+01 2.071706e+01 2.049500e+01 2.035000e+01 2.081629e+01 2.071769e+01
2.109000e+01 2.034500e+01 2.078844e+01 2.073135e+01 2.109500e+01 2.035000e+01 2.078772e+01 2.073219e+01
2.109500e+01 2.035000e+01 2.078772e+01 2.073219e+01 2.110000e+01 2.035500e+01 2.078713e+01 2.073299e+01
2.049000e+01 2.035500e+01 2.081667e+01 2.071829e+01 2.049000e+01 2.036500e+01 2.082152e+01 2.072408e+01
2.110000e+01 2.035500e+01 2.078713e+01 2.073299e+01 2.110500e+01 2.036000e+01 2.078651e+01 2.073366e+01
2.110500e+01 2.036000e+01 2.078651e+01 2.073366e+01 2.111000e+01 2.036500e+01 2.078603e+01 2.073430e+01
2.048500e+01 2.037000e+01 2.082193e+01 2.072442e+01 2.048000e+01 2.037500e+01 2.082219e+01 2.072475e+01
2.049000e+01 2.036500e+01 2.082152e+01 2.072408e+01 2.048500e+01 2.037000e+01 2.082193e+01 2.072442e+01
2.111000e+01 2.036500e+01 2.078603e+01 2.073430e+01 2.111500e+01 2.037000e+01 2.078553e+01 2.073480e+01
2.111500e+01 2.037000e+01 2.078553e+01 2.073480e+01 2.112000e+01 2.037500e+01 2.078516e+01 2.073528e+01
2.047500e+01 2.038000e+01 2.082246e+01 2.072495e+01 2.047000e+01 2.038500e+01 2.082258e+01 2.072514e+01
2.048000e+01 2.037500e+01 2.082219e+01 2.072475e+01 2.047500e+01 2.038000e+01 2.082246e+01 2.072495e+01
2.112000e+01 2.037500e+01 2.078516e+01 2.073528e+01 2.112500e+01 2.038000e+01 2.078479e+01 2.073563e+01
2.112500e+01 2.038000e+01 2.078479e+01 2.073563e+01 2.113000e+01 2.038500e+01 2.078456e+01 2.073597e+01
2.046500e+01 2.039000e+01 2.082270e+01 2.072521e+01 2.046000e+01 2.039500e+01 2.082266e+01 2.072528e+01
2.047000e+01 2.038500e+01 2.082258e+01 2.072514e+01 2.046500e+01 2.039000e+01 2.082270e+01 2.072521e+01
2.113000e+01 2.038500e+01 2.078456e+01 2.073597e+01 2.113500e+01 2.039000e+01 2.078432e+01 2.073617e+01
2.113500e+01 2.039000e+01 2.078432e+01 2.073617e+01 2.114000e+01 2.039500e+01 2.078424e+01 2.073637e+01
2.046000e+01 2.039500e+01 2.082266e+01 2.072528e+01 2.046000e+01 2.040500e+01 2.082756e+01 2.073007e+01
2.114000e+01 2.039500e+01 2.078424e+01 2.073637e+01 2.114000e+01 2.040500e+01 2.077938e+01 2.074139e+01
2.045500e+01 2.041000e+01 2.082750e+01 2.072990e+01 2.045000e+01 2.041500e+01 2.082728e+01 2.072974e+01
2.046000e+01 2.040500e+01 2.082756e+01 2.073007e+01 2.045500e+01 2.041000e+01 2.082750e+01 2.072990e+01
2.114000e+01 2.040500e+01 2.077938e+01 2.074139e+01 2.114500e+01 2.041000e+01 2.077931e+01 2.074134e+01
2.114500e+01 2.041000e+01 2.077931e+01 2.074134e+01 2.115000e+01 2.041500e+01 2.077939e+01 2.074129e+01
2.044500e+01 2.042000e+01 2.082703e+01 2.072947e+01 2.044000e+01 2.042500e+01 2.082662e+01 2.072922e+01
2.045000e+01 2.041500e+01 2.082728e+01 2.072974e+01 2.044500e+01 2.042000e+01 2.082703e+01 2.072947e+01
2.115000e+01 2.041500e+01 2.077939e+01 2.074129e+01 2.115500e+01 2.042000e+01 2.077949e+01 2.074113e+01
2.115500e+01 2.042000e+01 2.077949e+01 2.074113e+01 2.116000e+01 2.042500e+01 2.077976e+01 2.074098e+01
2.044000e+01 2.042500e+01 2.082662e+01 2.072922e+01 2.044000e+01 2.043500e+01 2.083143e+01 2.073331e+01
2.116000e+01 2.042500e+01 2.077976e+01 2.074098e+01 2.116000e+01 2.043500e+01 2.077491e+01 2.074526e+01
2.043500e+01 2.044000e+01 2.083095e+01 2.073284e+01 2.043000e+01 2.044500e+01 2.083031e+01 2.073241e+01
2.044000e+01 2.043500e+01 2.083143e+01 2.073331e+01 2.043500e+01 2.044000e+01 2.083095e+01 2.073284e+01
2.116000e+01 2.043500e+01 2.077491e+01 2.074526e+01 2.116500e+01 2.044000e+01 2.077522e+01 2.074487e+01
2.116500e+01 2.044000e+01 2.077522e+01 2.074487e+01 2.117000e+01 2.044500e+01 2.077570e+01 2.074452e+01
2.043000e+01 2.044500e+01 2.083031e+01 2.073241e+01 2.043000e+01 2.045500e+01 2.083502e+01 2.073605e+01
2.117000e+01 2.044500e+01 2.077570e+01 2.074452e+01 2.117500e+01 2.045000e+01 2.077626e+01 2.074405e+01
2.117500e+01 2.045000e+01 2.077626e+01 2.074405e+01 2.118000e+01 2.045500e+01 2.077694e+01 2.074363e+01
2.042500e+01 2.046000e+01 2.083429e+01 2.073541e+01 2.042000e+01 2.046500e+01 2.083338e+01 2.073483e+01
2.043000e+01 2.045500e+01 2.083502e+01 2.073605e+01 2.042500e+01 2.046000e+01 2.083429e+01 2.073541e+01
2.118000e+01 2.045500e+01 2.077694e+01 2.074363e+01 2.118000e+01 2.046500e+01 2.077225e+01 2.074722e+01
2.042000e+01 2.046500e+01 2.083338e+01 2.073483e+01 2.042000e+01 2.047500e+01 2.083795e+01 2.073804e+01
2.118000e+01 2.046500e+01 2.077225e+01 2.074722e+01 2.118500e+01 2.047000e+01 2.077303e+01 2.074659e+01
2.118500e+01 2.047000e+01 2.077303e+01 2.074659e+01 2.119000e+01 2.047500e+01 2.077397e+01 2.074601e+01
2.041500e+01 2.048000e+01 2.083693e+01 2.073726e+01 2.041000e+01 2.048500e+01 2.083574e+01 2.073656e+01
2.042000e+01 2.047500e+01 2.083795e+01 2.073804e+01 2.041500e+01 2.048000e+01 2.083693e+01 2.073726e+01
2.119000e+01 2.047500e+01 2.077397e+01 2.074601e+01 2.119000e+01 2.048500e+01 2.076943e+01 2.074916e+01
2.041000e+01 2.048500e+01 2.083574e+01 2.073656e+01 2.041000e+01 2.049500e+01 2.084017e+01 2.073936e+01
2.119000e+01 2.048500e+01 2.076943e+01 2.074916e+01 2.119500e+01 2.049000e+01 2.077050e+01 2.074840e+01
2.119500e+01 2.049000e+01 2.077050e+01 2.074840e+01 2.120000e+01 2.049500e+01 2.077176e+01 2.074769e+01
2.040500e+01 2.050000e+01 2.083880e+01 2.073850e+01 2.040000e+01 2.050500e+01 2.083731e+01 2.073771e+01
2.041000e+01 2.049500e+01 2.084017e+01 2.073936e+01 2.040500e+01 2.050000e+01 2.083880e+01 2.073850e+01
2.120000e+01 2.049500e+01 2.077176e+01 2.074769e+01 2.120000e+01 2.050500e+01 2.076741e+01 2.075044e+01
2.040000e+01 2.050500e+01 2.083731e+01 2.073771e+01 2.040000e+01 2.051500e+01 2.084151e+01 2.074014e+01
2.120000e+01 2.050500e+01 2.076741e+01 2.075044e+01 2.120000e+01 2.051500e+01 2.076316e+01 2.075295e+01
2.040000e+01 2.051500e+01 2.084151e+01 2.074014e+01 2.040000e+01 2.052500e+01 2.084558e+01 2.074237e+01
2.120000e+01 2.051500e+01 2.076316e+01 2.075295e+01 2.120500e+01 2.052000e+01 2.076462e+01 2.075200e+01
2.120500e+01 2.052000e+01 2.076462e+01 2.075200e+01 2.121000e+01 2.052500e+01 2.076623e+01 2.075114e+01
2.039500e+01 2.053000e+01 2.084384e+01 2.074138e+01 2.039000e+01 2.053500e+01 2.084194e+01 2.074048e+01
2.040000e+01 2.052500e+01 2.084558e+01 2.074237e+01 2.039500e+01 2.053000e+01 2.084384e+01 2.074138e+01
2.121000e+01 2.052500e+01 2.076623e+01 2.075114e+01 2.121000e+01 2.053500e+01 2.076223e+01 2.075329e+01
2.039000e+01 2.053500e+01 2.084194e+01 2.074048e+01 2.039000e+01 2.054500e+01 2.084573e+01 2.074239e+01
2.121000e+01 2.053500e+01 2.076223e+01 2.075329e+01 2.121500e+01 2.054000e+01 2.076402e+01 2.075230e+01
2.121500e+01 2.054000e+01 2.076402e+01 2.075230e+01 2.122000e+01 2.054500e+01 2.076596e+01 2.075140e+01
2.039000e+01 2.054500e+01 2.084573e+01 2.074239e+01 2.039000e+01 2.055500e+01 2.084946e+01 2.074409e+01
2.122000e+01 2.054500e+01 2.076596e+01 2.075140e+01 2.122000e+01 2.055500e+01 2.076225e+01 2.075322e+01
2.038500e+01 2.056000e+01 2.084727e+01 2.074306e+01 2.038000e+01 2.056500e+01 2.084488e+01 2.074213e+01
2.039000e+01 2.055500e+01 2.084946e+01 2.074409e+01 2.038500e+01 2.056000e+01 2.084727e+01 2.074306e+01
2.122000e+01 2.055500e+01 2.076225e+01 2.075322e+01 2.122000e+01 2.056500e+01 2.075865e+01 2.075483e+01
2.038000e+01 2.056500e+01 2.084488e+01 2.074213e+01 2.038000e+01 2.057500e+01 2.084828e+01 2.074358e+01
2.076500e+01 2.057000e+01 2.085838e+01 2.092072e+01 2.076000e+01 2.057500e+01 2.086550e+01 2.091906e+01
2.076500e+01 2.057000e+01 2.085838e+01 2.092072e+01 2.077500e+01 2.057000e+01 2.084659e+01 2.092312e+01
2.077500e+01 2.057000e+01 2.084659e+01 2.092312e+01 2.078500e+01 2.057000e+01 2.083443e+01 2.092497e+01
2.078500e+01 2.057000e+01 2.083443e+01 2.092497e+01 2.079500e+01 2.057000e+01 2.082202e+01 2.092622e+01
2.079500e+01 2.057000e+01 2.082202e+01 2.092622e+01 2.080500e+01 2.057000e+01 2.080947e+01 2.092686e+01
2.080500e+01 2.057000e+01 2.080947e+01 2.092686e+01 2.081500e+01 2.057000e+01 2.079690e+01 2.092688e+01
2.081500e+01 2.057000e+01 2.079690e+01 2.092688e+01 2.082500e+01 2.057000e+01 2.078443e+01 2.092628e+01
2.082500e+01 2.057000e+01 2.078443e+01 2.092628e+01 2.083500e+01 2.057000e+01 2.077218e+01 2.092508e+01
2.083500e+01 2.057000e+01 2.077218e+01 2.092508e+01 2.084500e+01 2.057000e+01 2.076027e+01 2.092329e+01
2.084500e+01 2.057000e+01 2.076027e+01 2.092329e+01 2.085500e+01 2.057000e+01 2.074879e+01 2.092096e+01
2.085500e+01 2.057000e+01 2.074879e+01 2.092096e+01 2.086000e+01 2.057500e+01 2.074190e+01 2.091938e+01
2.122000e+01 2.056500e+01 2.075865e+01 2.075483e+01 2.122500e+01 2.057000e+01 2.076088e+01 2.075379e+01
2.122500e+01 2.057000e+01 2.076088e+01 2.075379e+01 2.123000e+01 2.057500e+01 2.076326e+01 2.075286e+01
2.038000e+01 2.057500e+01 2.084828e+01 2.074358e+01 2.038000e+01 2.058500e+01 2.085151e+01 2.074485e+01
2.073500e+01 2.058000e+01 2.089471e+01 2.090951e+01 2.073000e+01 2.058500e+01 2.090178e+01 2.090663e+01
2.073500e+01 2.058000e+01 2.089471e+01 2.090951e+01 2.074500e+01 2.058000e+01 2.088416e+01 2.091347e+01
2.074500e+01 2.058000e+01 2.088416e+01 2.091347e+01 2.075500e+01 2.058000e+01 2.087293e+01 2.091699e+01
2.076000e+01 2.057500e+01 2.086550e+01 2.091906e+01 2.075500e+01 2.058000e+01 2.087293e+01 2.091699e+01
2.086000e+01 2.057500e+01 2.074190e+01 2.091938e+01 2.086500e+01 2.058000e+01 2.073472e+01 2.091741e+01
2.086500e+01 2.058000e+01 2.073472e+01 2.091741e+01 2.087500e+01 2.058000e+01 2.072393e+01 2.091401e+01
2.087500e+01 2.058000e+01 2.072393e+01 2.091401e+01 2.088000e+01 2.058500e+01 2.071700e+01 2.091151e+01
2.123000e+01 2.057500e+01 2.076326e+01 2.075286e+01 2.123000e+01 2.058500e+01 2.075999e+01 2.075421e+01
2.038000e+01 2.058500e+01 2.085151e+01 2.074485e+01 2.038000e+01 2.059500e+01 2.085460e+01 2.074595e+01
2.071500e+01 2.059000e+01 2.091839e+01 2.089858e+01 2.071000e+01 2.059500e+01 2.092511e+01 2.089490e+01
2.071500e+01 2.059000e+01 2.091839e+01 2.089858e+01 2.072500e+01 2.059000e+01 2.090907e+01 2.090332e+01
2.073000e+01 2.058500e+01 2.090178e+01 2.090663e+01 2.072500e+01 2.059000e+01 2.090907e+01 2.090332e+01
2.088000e+01 2.058500e+01 2.071700e+01 2.091151e+01 2.088500e+01 2.059000e+01 2.070983e+01 2.090858e+01
2.088500e+01 2.059000e+01 2.070983e+01 2.090858e+01 2.089500e+01 2.059000e+01 2.070020e+01 2.090434e+01
2.089500e+01 2.059000e+01 2.070020e+01 2.090434e+01 2.090000e+01 2.059500e+01 2.069355e+01 2.090102e+01
2.123000e+01 2.058500e+01 2.075999e+01 2.075421e+01 2.123000e+01 2.059500e+01 2.075686e+01 2.075537e+01
2.038000e+01 2.059500e+01 2.085460e+01 2.074595e+01 2.038000e+01 2.060500e+01 2.085754e+01 2.074688e+01
2.070500e+01 2.060000e+01 2.093197e+01 2.089081e+01 2.070000e+01 2.060500e+01 2.093846e+01 2.088660e+01
2.071000e+01 2.059500e+01 2.092511e+01 2.089490e+01 2.070500e+01 2.060000e+01 2.093197e+01 2.089081e+01
2.090000e+01 2.059500e+01 2.069355e+01 2.090102e+01 2.090500e+01 2.060000e+01 2.068673e+01 2.089728e+01
2.090500e+01 2.060000e+01 2.068673e+01 2.089728e+01 2.091500e+01 2.060000e+01 2.067863e+01 2.089246e+01
2.091500e+01 2.060000e+01 2.067863e+01 2.089246e+01 2.092000e+01 2.060500e+01 2.067254e+01 2.088848e+01
2.123000e+01 2.059500e+01 2.075686e+01 2.075537e+01 2.123000e+01 2.060500e+01 2.075387e+01 2.075637e+01
2.037500e+01 2.061000e+01 2.085465e+01 2.074588e+01 2.037000e+01 2.061500e+01 2.085162e+01 2.074499e+01
2.038000e+01 2.060500e+01 2.085754e+01 2.074688e+01 2.037500e+01 2.061000e+01 2.085465e+01 2.074588e+01
2.069500e+01 2.061000e+01 2.094503e+01 2.088199e+01 2.069000e+01 2.061500e+01 2.095117e+01 2.087732e+01
2.070000e+01 2.060500e+01 2.093846e+01 2.088660e+01 2.069500e+01 2.061000e+01 2.094503e+01 2.088199e+01
2.092000e+01 2.060500e+01 2.067254e+01 2.088848e+01 2.092500e+01 2.061000e+01 2.066639e+01 2.088413e+01
2.092500e+01 2.061000e+01 2.066639e+01 2.088413e+01 2.093000e+01 2.061500e+01 2.066066e+01 2.087972e+01
2.123000e+01 2.060500e+01 2.075387e+01 2.075637e+01 2.123500e+01 2.061000e+01 2.075669e+01 2.075535e+01
2.123500e+01 2.061000e+01 2.075669e+01 2.075535e+01 2.124000e+01 2.061500e+01 2.075964e+01 2.075446e+01
2.037000e+01 2.061500e+01 2.085162e+01 2.074499e+01 2.037000e+01 2.062500e+01 2.085417e+01 2.074578e+01
2.068500e+01 2.062000e+01 2.095733e+01 2.087228e+01 2.068000e+01 2.062500e+01 2.096302e+01 2.086725e+01
2.069000e+01 2.061500e+01 2.095117e+01 2.087732e+01 2.068500e+01 2.062000e+01 2.095733e+01 2.087228e+01
2.093000e+01 2.061500e+01 2.066066e+01 2.087972e+01 2.093500e+01 2.062000e+01 2.065492e+01 2.087496e+01
2.093500e+01 2.062000e+01 2.065492e+01 2.087496e+01 2.094000e+01 2.062500e+01 2.064964e+01 2.087021e+01
2.124000e+01 2.061500e+01 2.075964e+01 2.075446e+01 2.124000e+01 2.062500e+01 2.075704e+01 2.075527e+01
2.037000e+01 2.062500e+01 2.085417e+01 2.074578e+01 2.037000e+01 2.063500e+01 2.085655e+01 2.074644e+01
2.067500e+01 2.063000e+01 2.096866e+01 2.086188e+01 2.067000e+01 2.063500e+01 2.097380e+01 2.085658e+01
2.068000e+01 2.062500e+01 2.096302e+01 2.086725e+01 2.067500e+01 2.063000e+01 2.096866e+01 2.086188e+01
2.094000e+01 2.062500e+01 2.064964e+01 2.087021e+01 2.094500e+01 2.063000e+01 2.064440e+01 2.086514e+01
2.094500e+01 2.063000e+01 2.064440e+01 2.086514e+01 2.095000e+01 2.063500e+01 2.063965e+01 2.086013e+01
2.124000e+01 2.062500e+01 2.075704e+01 2.075527e+01 2.124000e+01 2.063500e+01 2.075460e+01 2.075595e+01
2.037000e+01 2.063500e+01 2.085655e+01 2.074644e+01 2.037000e+01 2.064500e+01 2.085877e+01 2.074697e+01
2.066500e+01 2.064000e+01 2.097885e+01 2.085098e+01 2.066000e+01 2.064500e+01 2.098338e+01 2.084552e+01
2.067000e+01 2.063500e+01 2.097380e+01 2.085658e+01 2.066500e+01 2.064000e+01 2.097885e+01 2.085098e+01
2.095000e+01 2.063500e+01 2.063965e+01 2.086013e+01 2.095500e+01 2.064000e+01 2.063499e+01 2.085485e+01
2.095500e+01 2.064000e+01 2.063499e+01 2.085485e+01 2.096000e+01 2.064500e+01 2.063083e+01 2.084968e+01
2.124000e+01 2.063500e+01 2.075460e+01 2.075595e+01 2.124000e+01 2.064500e+01 2.075233e+01 2.075647e+01
2.037000e+01 2.064500e+01 2.085877e+01 2.074697e+01 2.037000e+01 2.065500e+01 2.086080e+01 2.074738e+01
2.065500e+01 2.065000e+01 2.098776e+01 2.083982e+01 2.065000e+01 2.065500e+01 2.099163e+01 2.083428e+01
2.066000e+01 2.064500e+01 2.098338e+01 2.084552e+01 2.065500e+01 2.065000e+01 2.098776e+01 2.083982e+01
2.096000e+01 2.064500e+01 2.063083e+01 2.084968e+01 2.096000e+01 2.065500e+01 2.062627e+01 2.084345e+01
2.124000e+01 2.064500e+01 2.075233e+01 2.075647e+01 2.124500e+01 2.065000e+01 2.075574e+01 2.075562e+01
2.124500e+01 2.065000e+01 2.075574e+01 2.075562e+01 2.125000e+01 2.065500e+01 2.075928e+01 2.075489e+01
2.037000e+01 2.065500e+01 2.086080e+01 2.074738e+01 2.037000e+01 2.066500e+01 2.086265e+01 2.074770e+01
2.065000e+01 2.065500e+01 2.099163e+01 2.083428e+01 2.065000e+01 2.066500e+01 2.099611e+01 2.082735e+01
2.096000e+01 2.065500e+01 2.062627e+01 2.084345e+01 2.096500e+01 2.066000e+01 2.062242e+01 2.083786e+01
2.096500e+01 2.066000e+01 2.062242e+01 2.083786e+01 2.097000e+01 2.066500e+01 2.061908e+01 2.083245e+01
2.125000e+01 2.065500e+01 2.075928e+01 2.075489e+01 2.125000e+01 2.066500e+01 2.075742e+01 2.075535e+01
2.037000e+01 2.066500e+01 2.086265e+01 2.074770e+01 2.037000e+01 2.067500e+01 2.086431e+01 2.074790e+01
2.064500e+01 2.067000e+01 2.099957e+01 2.082151e+01 2.064000e+01 2.067500e+01 2.100253e+01 2.081590e+01
2.065000e+01 2.066500e+01 2.099611e+01 2.082735e+01 2.064500e+01 2.067000e+01 2.099957e+01 2.082151e+01
2.097000e+01 2.066500e+01 2.061908e+01 2.083245e+01 2.097500e+01 2.067000e+01 2.061593e+01 2.082691e+01
2.097500e+01 2.067000e+01 2.061593e+01 2.082691e+01 2.098000e+01 2.067500e+01 2.061326e+01 2.082159e+01
2.125000e+01 2.066500e+01 2.075742e+01 2.075535e+01 2.125000e+01 2.067500e+01 2.075575e+01 2.075570e+01
2.036500e+01 2.068000e+01 2.086045e+01 2.074722e+01 2.036000e+01 2.068500e+01 2.085648e+01 2.074667e+01
2.037000e+01 2.067500e+01 2.086431e+01 2.074790e+01 2.036500e+01 2.068000e+01 2.086045e+01 2.074722e+01
2.064000e+01 2.067500e+01 2.100253e+01 2.081590e+01 2.064000e+01 2.068500e+01 2.100620e+01 2.080821e+01
2.098000e+01 2.067500e+01 2.061326e+01 2.082159e+01 2.098000e+01 2.068500e+01 2.060983e+01 2.081421e+01
2.125000e+01 2.067500e+01 2.075575e+01 2.075570e+01 2.125000e+01 2.068500e+01 2.075427e+01 2.075596e+01
2.036000e+01 2.068500e+01 2.085648e+01 2.074667e+01 2.036000e+01 2.069500e+01 2.085771e+01 2.074692e+01
2.063500e+01 2.069000e+01 2.100866e+01 2.080249e+01 2.063000e+01 2.069500e+01 2.101065e+01 2.079705e+01
2.064000e+01 2.068500e+01 2.100620e+01 2.080821e+01 2.063500e+01 2.069000e+01 2.100866e+01 2.080249e+01
2.098000e+01 2.068500e+01 2.060983e+01 2.081421e+01 2.098000e+01 2.069500e+01 2.060679e+01 2.080636e+01
2.125000e+01 2.068500e+01 2.075427e+01 2.075596e+01 2.125000e+01 2.069500e+01 2.075298e+01 2.075613e+01
2.036000e+01 2.069500e+01 2.085771e+01 2.074692e+01 2.036000e+01 2.070500e+01 2.085874e+01 2.074710e+01
2.063000e+01 2.069500e+01 2.101065e+01 2.079705e+01 2.063000e+01 2.070500e+01 2.101336e+01 2.078894e+01
2.098000e+01 2.069500e+01 2.060679e+01 2.080636e+01 2.098500e+01 2.070000e+01 2.060487e+01 2.080092e+01
2.098500e+01 2.070000e+01 2.060487e+01 2.080092e+01 2.099000e+01 2.070500e+01 2.060340e+01 2.079574e+01
2.125000e+01 2.069500e+01 2.075298e+01 2.075613e+01 2.125000e+01 2.070500e+01 2.075190e+01 2.075623e+01
2.036000e+01 2.070500e+01 2.085874e+01 2.074710e+01 2.036000e+01 2.071500e+01 2.085957e+01 2.074724e+01
2.063000e+01 2.070500e+01 2.101336e+01 2.078894e+01 2.063000e+01 2.071500e+01 2.101561e+01 2.078051e+01
2.099000e+01 2.070500e+01 2.060340e+01 2.079574e+01 2.099000e+01 2.071500e+01 2.060134e+01 2.078757e+01
2.125000e+01 2.070500e+01 2.075190e+01 2.075623e+01 2.125000e+01 2.071500e+01 2.075101e+01 2.075626e+01
2.036000e+01 2.071500e+01 2.085957e+01 2.074724e+01 2.036000e+01 2.072500e+01 2.086020e+01 2.074734e+01
2.063000e+01 2.071500e+01 2.101561e+01 2.078051e+01 2.063000e+01 2.072500e+01 2.101737e+01 2.077183e+01
2.099000e+01 2.071500e+01 2.060134e+01 2.078757e+01 2.099000e+01 2.072500e+01 2.059977e+01 2.077912e+01
2.125000e+01 2.071500e+01 2.075101e+01 2.075626e+01 2.125000e+01 2.072500e+01 2.075033e+01 2.075624e+01
2.036000e+01 2.072500e+01 2.086020e+01 2.074734e+01 2.036000e+01 2.073500e+01 2.086063e+01 2.074741e+01
2.063000e+01 2.072500e+01 2.101737e+01 2.077183e+01 2.063000e+01 2.073500e+01 2.101861e+01 2.076297e+01
2.099000e+01 2.072500e+01 2.059977e+01 2.077912e+01 2.099000e+01 2.073500e+01 2.059869e+01 2.077046e+01
2.125000e+01 2.072500e+01 2.075033e+01 2.075624e+01 2.125000e+01 2.073500e+01 2.074986e+01 2.075619e+01
2.036000e+01 2.073500e+01 2.086063e+01 2.074741e+01 2.036000e+01 2.074500e+01 2.086085e+01 2.074747e+01
2.063000e+01 2.073500e+01 2.101861e+01 2.076297e+01 2.063000e+01 2.074500e+01 2.101932e+01 2.075400e+01
2.099000e+01 2.073500e+01 2.059869e+01 2.077046e+01 2.099000e+01 2.074500e+01 2.059815e+01 2.076166e+01
2.125000e+01 2.073500e+01 2.074986e+01 2.075619e+01 2.125000e+01 2.074500e+01 2.074959e+01 2.075610e+01
2.036000e+01 2.074500e+01 2.086085e+01 2.074747e+01 2.036000e+01 2.075500e+01 2.086087e+01 2.074753e+01
2.063000e+01 2.074500e+01 2.101932e+01 2.075400e+01 2.063000e+01 2.075500e+01 2.101949e+01 2.074499e+01
2.099000e+01 2.074500e+01 2.059815e+01 2.076166e+01 2.099000e+01 2.075500e+01 2.059813e+01 2.075279e+01
2.125000e+01 2.074500e+01 2.074959e+01 2.075610e+01 2.125000e+01 2.075500e+01 2.074954e+01 2.075600e+01
2.036000e+01 2.075500e+01 2.086087e+01 2.074753e+01 2.036000e+01 2.076500e+01 2.086068e+01 2.074760e+01
2.063000e+01 2.075500e+01 2.101949e+01 2.074499e+01 2.063000e+01 2.076500e+01 2.101913e+01 2.073603e+01
2.099000e+01 2.075500e+01 2.059813e+01 2.075279e+01 2.099000e+01 2.076500e+01 2.059864e+01 2.074392e+01
2.125000e+01 2.075500e+01 2.074954e+01 2.075600e+01 2.125000e+01 2.076500e+01 2.074969e+01 2.075590e+01
2.036000e+01 2.076500e+01 2.086068e+01 2.074760e+01 2.036000e+01 2.077500e+01 2.086029e+01 2.074769e+01
2.063000e+01 2.076500e+01 2.101913e+01 2.073603e+01 2.063000e+01 2.077500e+01 2.101823e+01 2.072718e+01
2.099000e+01 2.076500e+01 2.059864e+01 2.074392e+01 2.099000e+01 2.077500e+01 2.059969e+01 2.073513e+01
2.125000e+01 2.076500e+01 2.074969e+01 2.075590e+01 2.125000e+01 2.077500e+01 2.075005e+01 2.075581e+01
2.036000e+01 2.077500e+01 2.086029e+01 2.074769e+01 2.036000e+01 2.078500e+01 2.085969e+01 2.074781e+01
2.063000e+01 2.077500e+01 2.101823e+01 2.072718e+01 2.063000e+01 2.078500e+01 2.101682e+01 2.071853e+01
2.099000e+01 2.077500e+01 2.059969e+01 2.073513e+01 2.099000e+01 2.078500e+01 2.060125e+01 2.072650e+01
2.125000e+01 2.077500e+01 2.075005e+01 2.075581e+01 2.125000e+01 2.078500e+01 2.075063e+01 2.075574e+01
2.036000e+01 2.078500e+01 2.085969e+01 2.074781e+01 2.036500e+01 2.079000e+01 2.086403e+01 2.074750e+01
2.036500e+01 2.079000e+01 2.086403e+01 2.074750e+01 2.037000e+01 2.079500e+01 2.086828e+01 2.074707e+01
2.063000e+01 2.078500e+01 2.101682e+01 2.071853e+01 2.063000e+01 2.079500e+01 2.101491e+01 2.071014e+01
2.099000e+01 2.078500e+01 2.060125e+01 2.072650e+01 2.099000e+01 2.079500e+01 2.060330e+01 2.071809e+01
2.125000e+01 2.078500e+01 2.075063e+01 2.075574e+01 2.125000e+01 2.079500e+01 2.075141e+01 2.075571e+01
2.037000e+01 2.079500e+01 2.086828e+01 2.074707e+01 2.037000e+01 2.080500e+01 2.086726e+01 2.074710e+01
2.063000e+01 2.079500e+01 2.101491e+01 2.071014e+01 2.063000e+01 2.080500e+01 2.101254e+01 2.070208e+01
2.098500e+01 2.080000e+01 2.060481e+01 2.071276e+01 2.098000e+01 2.080500e+01 2.060677e+01 2.070715e+01
2.099000e+01 2.079500e+01 2.060330e+01 2.071809e+01 2.098500e+01 2.080000e+01 2.060481e+01 2.071276e+01
2.125000e+01 2.079500e+01 2.075141e+01 2.075571e+01 2.125000e+01 2.080500e+01 2.075239e+01 2.075572e+01
2.037000e+01 2.080500e+01 2.086726e+01 2.074710e+01 2.037000e+01 2.081500e+01 2.086603e+01 2.074719e+01
2.063000e+01 2.080500e+01 2.101254e+01 2.070208e+01 2.063500e+01 2.081000e+01 2.101079e+01 2.069683e+01
2.063500e+01 2.081000e+01 2.101079e+01 2.069683e+01 2.064000e+01 2.081500e+01 2.100859e+01 2.069132e+01
2.098000e+01 2.080500e+01 2.060677e+01 2.070715e+01 2.098000e+01 2.081500e+01 2.060986e+01 2.069895e+01
2.125000e+01 2.080500e+01 2.075239e+01 2.075572e+01 2.125000e+01 2.081500e+01 2.075358e+01 2.075579e+01
2.037000e+01 2.081500e+01 2.086603e+01 2.074719e+01 2.037000e+01 2.082500e+01 2.086461e+01 2.074737e+01
2.064000e+01 2.081500e+01 2.100859e+01 2.069132e+01 2.064000e+01 2.082500e+01 2.100526e+01 2.068368e+01
2.098000e+01 2.081500e+01 2.060986e+01 2.069895e+01 2.098000e+01 2.082500e+01 2.061337e+01 2.069118e+01
2.125000e+01 2.081500e+01 2.075358e+01 2.075579e+01 2.125000e+01 2.082500e+01 2.075496e+01 2.075593e+01
2.037000e+01 2.082500e+01 2.086461e+01 2.074737e+01 2.037000e+01 2.083500e+01 2.086300e+01 2.074765e+01
2.064000e+01 2.082500e+01 2.100526e+01 2.068368e+01 2.064500e+01 2.083000e+01 2.100257e+01 2.067827e+01
2.064500e+01 2.083000e+01 2.100257e+01 2.067827e+01 2.065000e+01 2.083500e+01 2.099939e+01 2.067263e+01
2.097500e+01 2.083000e+01 2.061613e+01 2.068560e+01 2.097000e+01 2.083500e+01 2.061939e+01 2.067977e+01
2.098000e+01 2.082500e+01 2.061337e+01 2.069118e+01 2.097500e+01 2.083000e+01 2.061613e+01 2.068560e+01
2.125000e+01 2.082500e+01 2.075496e+01 2.075593e+01 2.125000e+01 2.083500e+01 2.075654e+01 2.075616e+01
2.037000e+01 2.083500e+01 2.086300e+01 2.074765e+01 2.037000e+01 2.084500e+01 2.086119e+01 2.074803e+01
2.065000e+01 2.083500e+01 2.099939e+01 2.067263e+01 2.065000e+01 2.084500e+01 2.099526e+01 2.066574e+01
2.097000e+01 2.083500e+01 2.061939e+01 2.067977e+01 2.097000e+01 2.084500e+01 2.062373e+01 2.067270e+01
2.125000e+01 2.083500e+01 2.075654e+01 2.075616e+01 2.125000e+01 2.084500e+01 2.075831e+01 2.075648e+01
2.037000e+01 2.084500e+01 2.086119e+01 2.074803e+01 2.037000e+01 2.085500e+01 2.085921e+01 2.074852e+01
2.065000e+01 2.084500e+01 2.099526e+01 2.066574e+01 2.065500e+01 2.085000e+01 2.099168e+01 2.066040e+01
2.065500e+01 2.085000e+01 2.099168e+01 2.066040e+01 2.066000e+01 2.085500e+01 2.098760e+01 2.065490e+01
2.096500e+01 2.085000e+01 2.062742e+01 2.066715e+01 2.096000e+01 2.085500e+01 2.063162e+01 2.066141e+01
2.097000e+01 2.084500e+01 2.062373e+01 2.067270e+01 2.096500e+01 2.085000e+01 2.062742e+01 2.066715e+01
2.125000e+01 2.084500e+01 2.075831e+01 2.075648e+01 2.125000e+01 2.085500e+01 2.076027e+01 2.075689e+01
2.037000e+01 2.085500e+01 2.085921e+01 2.074852e+01 2.037500e+01 2.086000e+01 2.086264e+01 2.074774e+01
2.037500e+01 2.086000e+01 2.086264e+01 2.074774e+01 2.038000e+01 2.086500e+01 2.086595e+01 2.074684e+01
2.066000e+01 2.085500e+01 2.098760e+01 2.065490e+01 2.066000e+01 2.086500e+01 2.098288e+01 2.064905e+01
2.095500e+01 2.086000e+01 2.063598e+01 2.065589e+01 2.095000e+01 2.086500e+01 2.064086e+01 2.065023e+01
2.096000e+01 2.085500e+01 2.063162e+01 2.066141e+01 2.095500e+01 2.086000e+01 2.063598e+01 2.065589e+01
2.125000e+01 2.085500e+01 2.076027e+01 2.075689e+01 2.125000e+01 2.086500e+01 2.076240e+01 2.075742e+01
2.038000e+01 2.086500e+01 2.086595e+01 2.074684e+01 2.038000e+01 2.087500e+01 2.086356e+01 2.074742e+01
2.066000e+01 2.086500e+01 2.098288e+01 2.064905e+01 2.066500e+01 2.087000e+01 2.097853e+01 2.064402e+01
2.066500e+01 2.087000e+01 2.097853e+01 2.064402e+01 2.067000e+01 2.087500e+01 2.097369e+01 2.063889e+01
2.094500e+01 2.087000e+01 2.064585e+01 2.064485e+01 2.094000e+01 2.087500e+01 2.065135e+01 2.063938e+01
2.095000e+01 2.086500e+01 2.064086e+01 2.065023e+01 2.094500e+01 2.087000e+01 2.064585e+01 2.064485e+01
2.125000e+01 2.086500e+01 2.076240e+01 2.075742e+01 2.125000e+01 2.087500e+01 2.076471e+01 2.075807e+01
2.038000e+01 2.087500e+01 2.086356e+01 2.074742e+01 2.038000e+01 2.088500e+01 2.086099e+01 2.074815e+01
2.067000e+01 2.087500e+01 2.097369e+01 2.063889e+01 2.067500e+01 2.088000e+01 2.096878e+01 2.063406e+01
2.067500e+01 2.088000e+01 2.096878e+01 2.063406e+01 2.068000e+01 2.088500e+01 2.096340e+01 2.062919e+01
2.093500e+01 2.088000e+01 2.065691e+01 2.063423e+01 2.093000e+01 2.088500e+01 2.066296e+01 2.062906e+01
2.094000e+01 2.087500e+01 2.065135e+01 2.063938e+01 2.093500e+01 2.088000e+01 2.065691e+01 2.063423e+01
2.124500e+01 2.088000e+01 2.076150e+01 2.075723e+01 2.124000e+01 2.088500e+01 2.075841e+01 2.075626e+01
2.125000e+01 2.087500e+01 2.076471e+01 2.075807e+01 2.124500e+01 2.088000e+01 2.076150e+01 2.075723e+01
2.038000e+01 2.088500e+01 2.086099e+01 2.074815e+01 2.038000e+01 2.089500e+01 2.085827e+01 2.074903e+01
2.068000e+01 2.088500e+01 2.096340e+01 2.062919e+01 2.068500e+01 2.089000e+01 2.095801e+01 2.062465e+01
2.068500e+01 2.089000e+01 2.095801e+01 2.062465e+01 2.069000e+01 2.089500e+01 2.095217e+01 2.062013e+01
2.092500e+01 2.089000e+01 2.066900e+01 2.062426e+01 2.092000e+01 2.089500e+01 2.067549e+01 2.061949e+01
2.093000e+01 2.088500e+01 2.066296e+01 2.062906e+01 2.092500e+01 2.089000e+01 2.066900e+01 2.062426e+01
2.124000e+01 2.088500e+01 2.075841e+01 2.075626e+01 2.124000e+01 2.089500e+01 2.076112e+01 2.075702e+01
2.038000e+01 2.089500e+01 2.085827e+01 2.074903e+01 2.038000e+01 2.090500e+01 2.085539e+01 2.075007e+01
2.069000e+01 2.089500e+01 2.095217e+01 2.062013e+01 2.069500e+01 2.090000e+01 2.094637e+01 2.061597e+01
2.069500e+01 2.090000e+01 2.094637e+01 2.061597e+01 2.070500e+01 2.090000e+01 2.093891e+01 2.061101e+01
2.070500e+01 2.090000e+01 2.093891e+01 2.061101e+01 2.071000e+01 2.090500e+01 2.093232e+01 2.060702e+01
2.091500e+01 2.090000e+01 2.068191e+01 2.061512e+01 2.091000e+01 2.090500e+01 2.068873e+01 2.061085e+01
2.092000e+01 2.089500e+01 2.067549e+01 2.061949e+01 2.091500e+01 2.090000e+01 2.068191e+01 2.061512e+01
2.124000e+01 2.089500e+01 2.076112e+01 2.075702e+01 2.124000e+01 2.090500e+01 2.076399e+01 2.075794e+01
2.038000e+01 2.090500e+01 2.085539e+01 2.075007e+01 2.038500e+01 2.091000e+01 2.085813e+01 2.074916e+01
2.038500e+01 2.091000e+01 2.085813e+01 2.074916e+01 2.039000e+01 2.091500e+01 2.086073e+01 2.074815e+01
2.071000e+01 2.090500e+01 2.093232e+01 2.060702e+01 2.071500e+01 2.091000e+01 2.092586e+01 2.060344e+01
2.071500e+01 2.091000e+01 2.092586e+01 2.060344e+01 2.072500e+01 2.091000e+01 2.091678e+01 2.059894e+01
2.072500e+01 2.091000e+01 2.091678e+01 2.059894e+01 2.073000e+01 2.091500e+01 2.090971e+01 2.059570e+01
2.089500e+01 2.091000e+01 2.070463e+01 2.060216e+01 2.089000e+01 2.091500e+01 2.071194e+01 2.059864e+01
2.089500e+01 2.091000e+01 2.070463e+01 2.060216e+01 2.090500e+01 2.091000e+01 2.069543e+01 2.060699e+01
2.091000e+01 2.090500e+01 2.068873e+01 2.061085e+01 2.090500e+01 2.091000e+01 2.069543e+01 2.060699e+01
2.124000e+01 2.090500e+01 2.076399e+01 2.075794e+01 2.124000e+01 2.091500e+01 2.076701e+01 2.075901e+01
2.039000e+01 2.091500e+01 2.086073e+01 2.074815e+01 2.039000e+01 2.092500e+01 2.085748e+01 2.074940e+01
2.073000e+01 2.091500e+01 2.090971e+01 2.059570e+01 2.073500e+01 2.092000e+01 2.090286e+01 2.059288e+01
2.073500e+01 2.092000e+01 2.090286e+01 2.059288e+01 2.074500e+01 2.092000e+01 2.089247e+01 2.058913e+01
2.074500e+01 2.092000e+01 2.089247e+01 2.058913e+01 2.075000e+01 2.092500e+01 2.088526e+01 2.058680e+01
2.087500e+01 2.092000e+01 2.072956e+01 2.059147e+01 2.087000e+01 2.092500e+01 2.073701e+01 2.058889e+01
2.087500e+01 2.092000e+01 2.072956e+01 2.059147e+01 2.088500e+01 2.092000e+01 2.071904e+01 2.059556e+01
2.089000e+01 2.091500e+01 2.071194e+01 2.059864e+01 2.088500e+01 2.092000e+01 2.071904e+01 2.059556e+01
2.124000e+01 2.091500e+01 2.076701e+01 2.075901e+01 2.124000e+01 2.092500e+01 2.077017e+01 2.076025e+01
2.039000e+01 2.092500e+01 2.085748e+01 2.074940e+01 2.039000e+01 2.093500e+01 2.085411e+01 2.075084e+01
2.075000e+01 2.092500e+01 2.088526e+01 2.058680e+01 2.075500e+01 2.093000e+01 2.087832e+01 2.058487e+01
2.075500e+01 2.093000e+01 2.087832e+01 2.058487e+01 2.076500e+01 2.093000e+01 2.086706e+01 2.058211e+01
2.076500e+01 2.093000e+01 2.086706e+01 2.058211e+01 2.077500e+01 2.093000e+01 2.085528e+01 2.057988e+01
2.077500e+01 2.093000e+01 2.085528e+01 2.057988e+01 2.078500e+01 2.093000e+01 2.084308e+01 2.057821e+01
2.078500e+01 2.093000e+01 2.084308e+01 2.057821e+01 2.079500e+01 2.093000e+01 2.083056e+01 2.057713e+01
2.079500e+01 2.093000e+01 2.083056e+01 2.057713e+01 2.080500e+01 2.093000e+01 2.081783e+01 2.057667e+01
2.080500e+01 2.093000e+01 2.081783e+01 2.057667e+01 2.081500e+01 2.093000e+01 2.080503e+01 2.057684e+01
2.081500e+01 2.093000e+01 2.080503e+01 2.057684e+01 2.082500e+01 2.093000e+01 2.079228e+01 2.057764e+01
2.082500e+01 2.093000e+01 2.079228e+01 2.057764e+01 2.083500e+01 2.093000e+01 2.077971e+01 2.057905e+01
2.083500e+01 2.093000e+01 2.077971e+01 2.057905e+01 2.084500e+01 2.093000e+01 2.076742e+01 2.058107e+01
2.084500e+01 2.093000e+01 2.076742e+01 2.058107e+01 2.085500e+01 2.093000e+01 2.075555e+01 2.058364e+01
2.085500e+01 2.093000e+01 2.075555e+01 2.058364e+01 2.086500e+01 2.093000e+01 2.074418e+01 2.058672e+01
2.087000e+01 2.092500e+01 2.073701e+01 2.058889e+01 2.086500e+01 2.093000e+01 2.074418e+01 2.058672e+01
2.123500e+01 2.093000e+01 2.076765e+01 2.075931e+01 2.123000e+01 2.093500e+01 2.076528e+01 2.075827e+01
2.124000e+01 2.092500e+01 2.077017e+01 2.076025e+01 2.123500e+01 2.093000e+01 2.076765e+01 2.075931e+01
2.039000e+01 2.093500e+01 2.085411e+01 2.075084e+01 2.039500e+01 2.094000e+01 2.085639e+01 2.074990e+01
2.039500e+01 2.094000e+01 2.085639e+01 2.074990e+01 2.040000e+01 2.094500e+01 2.085853e+01 2.074887e+01
2.123000e+01 2.093500e+01 2.076528e+01 2.075827e+01 2.123000e+01 2.094500e+01 2.076879e+01 2.075974e+01
2.040000e+01 2.094500e+01 2.085853e+01 2.074887e+01 2.040000e+01 2.095500e+01 2.085483e+01 2.075059e+01
2.123000e+01 2.094500e+01 2.076879e+01 2.075974e+01 2.123000e+01 2.095500e+01 2.077245e+01 2.076140e+01
2.040000e+01 2.095500e+01 2.085483e+01 2.075059e+01 2.040000e+01 2.096500e+01 2.085103e+01 2.075251e+01
2.123000e+01 2.095500e+01 2.077245e+01 2.076140e+01 2.123000e+01 2.096500e+01 2.077619e+01 2.076326e+01
2.040000e+01 2.096500e+01 2.085103e+01 2.075251e+01 2.040500e+01 2.097000e+01 2.085288e+01 2.075163e+01
2.040500e+01 2.097000e+01 2.085288e+01 2.075163e+01 2.041000e+01 2.097500e+01 2.085457e+01 2.075066e+01
2.122500e+01 2.097000e+01 2.077422e+01 2.076236e+01 2.122000e+01 2.097500e+01 2.077240e+01 2.076138e+01
2.123000e+01 2.096500e+01 2.077619e+01 2.076326e+01 2.122500e+01 2.097000e+01 2.077422e+01 2.076236e+01
2.041000e+01 2.097500e+01 2.085457e+01 2.075066e+01 2.041000e+01 2.098500e+01 2.085050e+01 2.075293e+01
2.122000e+01 2.097500e+01 2.077240e+01 2.076138e+01 2.122000e+01 2.098500e+01 2.077643e+01 2.076355e+01
2.041000e+01 2.098500e+01 2.085050e+01 2.075293e+01 2.041500e+01 2.099000e+01 2.085202e+01 2.075209e+01
2.041500e+01 2.099000e+01 2.085202e+01 2.075209e+01 2.042000e+01 2.099500e+01 2.085338e+01 2.075118e+01
2.121500e+01 2.099000e+01 2.077479e+01 2.076268e+01 2.121000e+01 2.099500e+01 2.077331e+01 2.076173e+01
2.122000e+01 2.098500e+01 2.077643e+01 2.076355e+01 2.121500e+01 2.099000e+01 2.077479e+01 2.076268e+01
2.042000e+01 2.099500e+01 2.085338e+01 2.075118e+01 2.042000e+01 2.100500e+01 2.084907e+01 2.075382e+01
2.121000e+01 2.099500e+01 2.077331e+01 2.076173e+01 2.121000e+01 2.100500e+01 2.077759e+01 2.076425e+01
2.042000e+01 2.100500e+01 2.084907e+01 2.075382e+01 2.042000e+01 2.101500e+01 2.084466e+01 2.075670e+01
2.121000e+01 2.100500e+01 2.077759e+01 2.076425e+01 2.121000e+01 2.101500e+01 2.078197e+01 2.076699e+01
2.042000e+01 2.101500e+01 2.084466e+01 2.075670e+01 2.042500e+01 2.102000e+01 2.084581e+01 2.075604e+01
2.042500e+01 2.102000e+01 2.084581e+01 2.075604e+01 2.043000e+01 2.102500e+01 2.084679e+01 2.075532e+01
2.120500e+01 2.102000e+01 2.078072e+01 2.076627e+01 2.120000e+01 2.102500e+01 2.077963e+01 2.076549e+01
2.121000e+01 2.101500e+01 2.078197e+01 2.076699e+01 2.120500e+01 2.102000e+01 2.078072e+01 2.076627e+01
2.043000e+01 2.102500e+01 2.084679e+01 2.075532e+01 2.043000e+01 2.103500e+01 2.084224e+01 2.075861e+01
2.120000e+01 2.102500e+01 2.077963e+01 2.076549e+01 2.120000e+01 2.103500e+01 2.078417e+01 2.076863e+01
2.043000e+01 2.103500e+01 2.084224e+01 2.075861e+01 2.043500e+01 2.104000e+01 2.084311e+01 2.075809e+01
2.043500e+01 2.104000e+01 2.084311e+01 2.075809e+01 2.044000e+01 2.104500e+01 2.084382e+01 2.075751e+01
2.119500e+01 2.104000e+01 2.078321e+01 2.076802e+01 2.119000e+01 2.104500e+01 2.078241e+01 2.076736e+01
2.120000e+01 2.103500e+01 2.078417e+01 2.076863e+01 2.119500e+01 2.104000e+01 2.078321e+01 2.076802e+01
2.044000e+01 2.104500e+01 2.084382e+01 2.075751e+01 2.044500e+01 2.105000e+01 2.084448e+01 2.075704e+01
2.044500e+01 2.105000e+01 2.084448e+01 2.075704e+01 2.045000e+01 2.105500e+01 2.084497e+01 2.075652e+01
2.119000e+01 2.104500e+01 2.078241e+01 2.076736e+01 2.119000e+01 2.105500e+01 2.078710e+01 2.077093e+01
2.045000e+01 2.105500e+01 2.084497e+01 2.075652e+01 2.045000e+01 2.106500e+01 2.084017e+01 2.076048e+01
2.118500e+01 2.106000e+01 2.078640e+01 2.077047e+01 2.118000e+01 2.106500e+01 2.078587e+01 2.076997e+01
2.119000e+01 2.105500e+01 2.078710e+01 2.077093e+01 2.118500e+01 2.106000e+01 2.078640e+01 2.077047e+01
2.045000e+01 2.106500e+01 2.084017e+01 2.076048e+01 2.045500e+01 2.107000e+01 2.084059e+01 2.076020e+01
2.045500e+01 2.107000e+01 2.084059e+01 2.076020e+01 2.046000e+01 2.107500e+01 2.084085e+01 2.075988e+01
2.118000e+01 2.106500e+01 2.078587e+01 2.076997e+01 2.118000e+01 2.107500e+01 2.079067e+01 2.077398e+01
2.046000e+01 2.107500e+01 2.084085e+01 2.075988e+01 2.046000e+01 2.108500e+01 2.083602e+01 2.076431e+01
2.117500e+01 2.108000e+01 2.079021e+01 2.077370e+01 2.117000e+01 2.108500e+01 2.078991e+01 2.077339e+01
2.118000e+01 2.107500e+01 2.079067e+01 2.077398e+01 2.117500e+01 2.108000e+01 2.079021e+01 2.077370e+01
2.046000e+01 2.108500e+01 2.083602e+01 2.076431e+01 2.046500e+01 2.109000e+01 2.083624e+01 2.076424e+01
2.046500e+01 2.109000e+01 2.083624e+01 2.076424e+01 2.047000e+01 2.109500e+01 2.083629e+01 2.076415e+01
2.116500e+01 2.109000e+01 2.078964e+01 2.077319e+01 2.116000e+01 2.109500e+01 2.078954e+01 2.077298e+01
2.117000e+01 2.108500e+01 2.078991e+01 2.077339e+01 2.116500e+01 2.109000e+01 2.078964e+01 2.077319e+01
2.047000e+01 2.109500e+01 2.083629e+01 2.076415e+01 2.047500e+01 2.110000e+01 2.083633e+01 2.076419e+01
2.047500e+01 2.110000e+01 2.083633e+01 2.076419e+01 2.048000e+01 2.110500e+01 2.083622e+01 2.076421e+01
2.116000e+01 2.109500e+01 2.078954e+01 2.077298e+01 2.116000e+01 2.110500e+01 2.079443e+01 2.077769e+01
2.048000e+01 2.110500e+01 2.083622e+01 2.076421e+01 2.048500e+01 2.111000e+01 2.083610e+01 2.076437e+01
2.048500e+01 2.111000e+01 2.083610e+01 2.076437e+01 2.049000e+01 2.111500e+01 2.083582e+01 2.076453e+01
2.115500e+01 2.111000e+01 2.079436e+01 2.077772e+01 2.115000e+01 2.111500e+01 2.079443e+01 2.077774e+01
2.116000e+01 2.110500e+01 2.079443e+01 2.077769e+01 2.115500e+01 2.111000e+01 2.079436e+01 2.077772e+01
2.049000e+01 2.111500e+01 2.083582e+01 2.076453e+01 2.049000e+01 2.112500e+01 2.083098e+01 2.076996e+01
2.114500e+01 2.112000e+01 2.079452e+01 2.077789e+01 2.114000e+01 2.112500e+01 2.079475e+01 2.077804e+01
2.115000e+01 2.111500e+01 2.079443e+01 2.077774e+01 2.114500e+01 2.112000e+01 2.079452e+01 2.077789e+01
2.049000e+01 2.112500e+01 2.083098e+01 2.076996e+01 2.049500e+01 2.113000e+01 2.083072e+01 2.077039e+01
2.049500e+01 2.113000e+01 2.083072e+01 2.077039e+01 2.050000e+01 2.113500e+01 2.083032e+01 2.077083e+01
2.113500e+01 2.113000e+01 2.079498e+01 2.077832e+01 2.113000e+01 2.113500e+01 2.079536e+01 2.077861e+01
2.114000e+01 2.112500e+01 2.079475e+01 2.077804e+01 2.113500e+01 2.113000e+01 2.079498e+01 2.077832e+01
2.050000e+01 2.113500e+01 2.083032e+01 2.077083e+01 2.050500e+01 2.114000e+01 2.082994e+01 2.077140e+01
2.050500e+01 2.114000e+01 2.082994e+01 2.077140e+01 2.051000e+01 2.114500e+01 2.082942e+01 2.077199e+01
2.113000e+01 2.113500e+01 2.079536e+01 2.077861e+01 2.113000e+01 2.114500e+01 2.080023e+01 2.078432e+01
2.051000e+01 2.114500e+01 2.082942e+01 2.077199e+01 2.051500e+01 2.115000e+01 2.082892e+01 2.077272e+01
2.051500e+01 2.115000e+01 2.082892e+01 2.077272e+01 2.052000e+01 2.115500e+01 2.082829e+01 2.077348e+01
2.112500e+01 2.115000e+01 2.080058e+01 2.078487e+01 2.112000e+01 2.115500e+01 2.080106e+01 2.078544e+01
2.113000e+01 2.114500e+01 2.080023e+01 2.078432e+01 2.112500e+01 2.115000e+01 2.080058e+01 2.078487e+01
2.052000e+01 2.115500e+01 2.082829e+01 2.077348e+01 2.052500e+01 2.116000e+01 2.082769e+01 2.077438e+01
2.052500e+01 2.116000e+01 2.082769e+01 2.077438e+01 2.053000e+01 2.116500e+01 2.082696e+01 2.077532e+01
2.111500e+01 2.116000e+01 2.080153e+01 2.078615e+01 2.111000e+01 2.116500e+01 2.080213e+01 2.078689e+01
2.112000e+01 2.115500e+01 2.080106e+01 2.078544e+01 2.111500e+01 2.116000e+01 2.080153e+01 2.078615e+01
2.053000e+01 2.116500e+01 2.082696e+01 2.077532e+01 2.053500e+01 2.117000e+01 2.082628e+01 2.077639e+01
2.053500e+01 2.117000e+01 2.082628e+01 2.077639e+01 2.054000e+01 2.117500e+01 2.082548e+01 2.077751e+01
2.110500e+01 2.117000e+01 2.080269e+01 2.078775e+01 2.110000e+01 2.117500e+01 2.080338e+01 2.078866e+01
2.111000e+01 2.116500e+01 2.080213e+01 2.078689e+01 2.110500e+01 2.117000e+01 2.080269e+01 2.078775e+01
2.054000e+01 2.117500e+01 2.082548e+01 2.077751e+01 2.054500e+01 2.118000e+01 2.082473e+01 2.077876e+01
2.054500e+01 2.118000e+01 2.082473e+01 2.077876e+01 2.055000e+01 2.118500e+01 2.082386e+01 2.078006e+01
2.109500e+01 2.118000e+01 2.080403e+01 2.078970e+01 2.109000e+01 2.118500e+01 2.080480e+01 2.079079e+01
2.110000e+01 2.117500e+01 2.080338e+01 2.078866e+01 2.109500e+01 2.118000e+01 2.080403e+01 2.078970e+01
2.055000e+01 2.118500e+01 2.082386e+01 2.078006e+01 2.055500e+01 2.119000e+01 2.082305e+01 2.078150e+01
2.055500e+01 2.119000e+01 2.082305e+01 2.078150e+01 2.056000e+01 2.119500e+01 2.082214e+01 2.078300e+01
2.108500e+01 2.119000e+01 2.080552e+01 2.079201e+01 2.108000e+01 2.119500e+01 2.080635e+01 2.079328e+01
2.109000e+01 2.118500e+01 2.080480e+01 2.079079e+01 2.108500e+01 2.119000e+01 2.080552e+01 2.079201e+01
2.056000e+01 2.119500e+01 2.082214e+01 2.078300e+01 2.056500e+01 2.120000e+01 2.082129e+01 2.078463e+01
2.056500e+01 2.120000e+01 2.082129e+01 2.078463e+01 2.057000e+01 2.120500e+01 2.082034e+01 2.078633e+01
2.106500e+01 2.120000e+01 2.080452e+01 2.079030e+01 2.106000e+01 2.120500e+01 2.080551e+01 2.079183e+01
2.106500e+01 2.120000e+01 2.080452e+01 2.079030e+01 2.107500e+01 2.120000e+01 2.080713e+01 2.079468e+01
2.108000e+01 2.119500e+01 2.080635e+01 2.079328e+01 2.107500e+01 2.120000e+01 2.080713e+01 2.079468e+01
2.057000e+01 2.120500e+01 2.082034e+01 2.078633e+01 2.057500e+01 2.121000e+01 2.081946e+01 2.078815e+01
2.057500e+01 2.121000e+01 2.081946e+01 2.078815e+01 2.058500e+01 2.121000e+01 2.082156e+01 2.078412e+01
2.058500e+01 2.121000e+01 2.082156e+01 2.078412e+01 2.059000e+01 2.121500e+01 2.082051e+01 2.078610e+01
2.105500e+01 2.121000e+01 2.080642e+01 2.079349e+01 2.105000e+01 2.121500e+01 2.080743e+01 2.079522e+01
2.106000e+01 2.120500e+01 2.080551e+01 2.079183e+01 2.105500e+01 2.121000e+01 2.080642e+01 2.079349e+01
2.059000e+01 2.121500e+01 2.082051e+01 2.078610e+01 2.059500e+01 2.122000e+01 2.081954e+01 2.078820e+01
2.059500e+01 2.122000e+01 2.081954e+01 2.078820e+01 2.060000e+01 2.122500e+01 2.081850e+01 2.079038e+01
2.104500e+01 2.122000e+01 2.080837e+01 2.079707e+01 2.104000e+01 2.122500e+01 2.080939e+01 2.079900e+01
2.105000e+01 2.121500e+01 2.080743e+01 2.079522e+01 2.104500e+01 2.122000e+01 2.080837e+01 2.079707e+01
2.060000e+01 2.122500e+01 2.081850e+01 2.079038e+01 2.060500e+01 2.123000e+01 2.081754e+01 2.079268e+01
2.060500e+01 2.123000e+01 2.081754e+01 2.079268e+01 2.061500e+01 2.123000e+01 2.081910e+01 2.078908e+01
2.061500e+01 2.123000e+01 2.081910e+01 2.078908e+01 2.062000e+01 2.123500e+01 2.081802e+01 2.079156e+01
2.102500e+01 2.123000e+01 2.080849e+01 2.079720e+01 2.102000e+01 2.123500e+01 2.080957e+01 2.079942e+01
2.102500e+01 2.123000e+01 2.080849e+01 2.079720e+01 2.103500e+01 2.123000e+01 2.081033e+01 2.080106e+01
2.104000e+01 2.122500e+01 2.080939e+01 2.079900e+01 2.103500e+01 2.123000e+01 2.081033e+01 2.080106e+01
2.062000e+01 2.123500e+01 2.081802e+01 2.079156e+01 2.062500e+01 2.124000e+01 2.081703e+01 2.079415e+01
2.062500e+01 2.124000e+01 2.081703e+01 2.079415e+01 2.063500e+01 2.124000e+01 2.081826e+01 2.079085e+01
2.063500e+01 2.124000e+01 2.081826e+01 2.079085e+01 2.064000e+01 2.124500e+01 2.081718e+01 2.079364e+01
2.100500e+01 2.124000e+01 2.080908e+01 2.079818e+01 2.100000e+01 2.124500e+01 2.081019e+01 2.080070e+01
2.100500e+01 2.124000e+01 2.080908e+01 2.079818e+01 2.101500e+01 2.124000e+01 2.081057e+01 2.080176e+01
2.102000e+01 2.123500e+01 2.080957e+01 2.079942e+01 2.101500e+01 2.124000e+01 2.081057e+01 2.080176e+01
2.064000e+01 2.124500e+01 2.081718e+01 2.079364e+01 2.064500e+01 2.125000e+01 2.081621e+01 2.079653e+01
2.064500e+01 2.125000e+01 2.081621e+01 2.079653e+01 2.065500e+01 2.125000e+01 2.081716e+01 2.079356e+01
2.065500e+01 2.125000e+01 2.081716e+01 2.079356e+01 2.066000e+01 2.125500e+01 2.081612e+01 2.079666e+01
2.099500e+01 2.125000e+01 2.081120e+01 2.080334e+01 2.099000e+01 2.125500e+01 2.081225e+01 2.080608e+01
2.100000e+01 2.124500e+01 2.081019e+01 2.080070e+01 2.099500e+01 2.125000e+01 2.081120e+01 2.080334e+01
2.066000e+01 2.125500e+01 2.081612e+01 2.079666e+01 2.066500e+01 2.126000e+01 2.081519e+01 2.079985e+01
2.066500e+01 2.126000e+01 2.081519e+01 2.079985e+01 2.067500e+01 2.126000e+01 2.081592e+01 2.079723e+01
2.067500e+01 2.126000e+01 2.081592e+01 2.079723e+01 2.068000e+01 2.126500e+01 2.081496e+01 2.080064e+01
2.096500e+01 2.126000e+01 2.081116e+01 2.080290e+01 2.096000e+01 2.126500e+01 2.081219e+01 2.080605e+01
2.096500e+01 2.126000e+01 2.081116e+01 2.080290e+01 2.097500e+01 2.126000e+01 2.081209e+01 2.080584e+01
2.097500e+01 2.126000e+01 2.081209e+01 2.080584e+01 2.098500e+01 2.126000e+01 2.081320e+01 2.080892e+01
2.099000e+01 2.125500e+01 2.081225e+01 2.080608e+01 2.098500e+01 2.126000e+01 2.081320e+01 2.080892e+01
2.068000e+01 2.126500e+01 2.081496e+01 2.080064e+01 2.068500e+01 2.127000e+01 2.081411e+01 2.080414e+01
2.068500e+01 2.127000e+01 2.081411e+01 2.080414e+01 2.069500e+01 2.127000e+01 2.081467e+01 2.080188e+01
2.069500e+01 2.127000e+01 2.081467e+01 2.080188e+01 2.070500e+01 2.127000e+01 2.081509e+01 2.079979e+01
2.070500e+01 2.127000e+01 2.081509e+01 2.079979e+01 2.071000e+01 2.127500e+01 2.081427e+01 2.080362e+01
2.093500e+01 2.127000e+01 2.081181e+01 2.080428e+01 2.093000e+01 2.127500e+01 2.081274e+01 2.080785e+01
2.093500e+01 2.127000e+01 2.081181e+01 2.080428e+01 2.094500e+01 2.127000e+01 2.081239e+01 2.080671e+01
2.094500e+01 2.127000e+01 2.081239e+01 2.080671e+01 2.095500e+01 2.127000e+01 2.081311e+01 2.080930e+01
2.096000e+01 2.126500e+01 2.081219e+01 2.080605e+01 2.095500e+01 2.127000e+01 2.081311e+01 2.080930e+01
2.071000e+01 2.127500e+01 2.081427e+01 2.080362e+01 2.071500e+01 2.128000e+01 2.081356e+01 2.080752e+01
2.071500e+01 2.128000e+01 2.081356e+01 2.080752e+01 2.072500e+01 2.128000e+01 2.081389e+01 2.080581e+01
2.072500e+01 2.128000e+01 2.081389e+01 2.080581e+01 2.073500e+01 2.128000e+01 2.081411e+01 2.080429e+01
2.073500e+01 2.128000e+01 2.081411e+01 2.080429e+01 2.074500e+01 2.128000e+01 2.081423e+01 2.080294e+01
2.074500e+01 2.128000e+01 2.081423e+01 2.080294e+01 2.075000e+01 2.128500e+01 2.081366e+01 2.080727e+01
2.089500e+01 2.128000e+01 2.081253e+01 2.080585e+01 2.089000e+01 2.128500e+01 2.081323e+01 2.080995e+01
2.089500e+01 2.128000e+01 2.081253e+01 2.080585e+01 2.090500e+01 2.128000e+01 2.081275e+01 2.080756e+01
2.090500e+01 2.128000e+01 2.081275e+01 2.080756e+01 2.091500e+01 2.128000e+01 2.081309e+01 2.080945e+01
2.091500e+01 2.128000e+01 2.081309e+01 2.080945e+01 2.092500e+01 2.128000e+01 2.081355e+01 2.081151e+01
2.093000e+01 2.127500e+01 2.081274e+01 2.080785e+01 2.092500e+01 2.128000e+01 2.081355e+01 2.081151e+01
2.075000e+01 2.128500e+01 2.081366e+01 2.080727e+01 2.075500e+01 2.129000e+01 2.081321e+01 2.081167e+01
2.075500e+01 2.129000e+01 2.081321e+01 2.081167e+01 2.076500e+01 2.129000e+01 2.081335e+01 2.081072e+01
2.076500e+01 2.129000e+01 2.081335e+01 2.081072e+01 2.077500e+01 2.129000e+01 2.081343e+01 2.080996e+01
2.077500e+01 2.129000e+01 2.081343e+01 2.080996e+01 2.078500e+01 2.129000e+01 2.081347e+01 2.080938e+01
2.078500e+01 2.129000e+01 2.081347e+01 2.080938e+01 2.079500e+01 2.129000e+01 2.081347e+01 2.080900e+01
2.079500e+01 2.129000e+01 2.081347e+01 2.080900e+01 2.080500e+01 2.129000e+01 2.081344e+01 2.080880e+01
2.080500e+01 2.129000e+01 2.081344e+01 2.080880e+01 2.081500e+01 2.129000e+01 2.081340e+01 2.080880e+01
2.081500e+01 2.129000e+01 2.081340e+01 2.080880e+01 2.082500e+01 2.129000e+01 2.081336e+01 2.080899e+01
2.082500e+01 2.129000e+01 2.081336e+01 2.080899e+01 2.083500e+01 2.129000e+01 2.081334e+01 2.080938e+01
2.083500e+01 2.129000e+01 2.081334e+01 2.080938e+01 2.084500e+01 2.129000e+01 2.081334e+01 2.080995e+01
2.084500e+01 2.129000e+01 2.081334e+01 2.080995e+01 2.085500e+01 2.129000e+01 2.081337e+01 2.081071e+01
2.085500e+01 2.129000e+01 2.081337e+01 2.081071e+01 2.086500e+01 2.129000e+01 2.081346e+01 2.081167e+01
2.086500e+01 2.129000e+01 2.081346e+01 2.081167e+01 2.087500e+01 2.129000e+01 2.081361e+01 2.081280e+01
2.087500e+01 2.129000e+01 2.081361e+01 2.081280e+01 2.088500e+01 2.129000e+01 2.081383e+01 2.081412e+01
2.089000e+01 2.128500e+01 2.081323e+01 2.080995e+01 2.088500e+01 2.129000e+01 2.081383e+01 2.081412e+01
