2.080500e+01 2.024000e+01 2.074149e+01 2.077558e+01 2.080000e+01 2.024500e+01 2.074182e+01 2.078275e+01
2.080500e+01 2.024000e+01 2.074149e+01 2.077558e+01 2.081500e+01 2.024000e+01 2.074165e+01 2.077615e+01
2.081500e+01 2.024000e+01 2.074165e+01 2.077615e+01 2.082500e+01 2.024000e+01 2.074179e+01 2.077644e+01
2.082500e+01 2.024000e+01 2.074179e+01 2.077644e+01 2.083500e+01 2.024000e+01 2.074193e+01 2.077644e+01
2.083500e+01 2.024000e+01 2.074193e+01 2.077644e+01 2.084000e+01 2.024500e+01 2.074186e+01 2.078389e+01
2.073500e+01 2.025000e+01 2.074102e+01 2.077862e+01 2.073000e+01 2.025500e+01 2.074210e+01 2.078460e+01
2.073500e+01 2.025000e+01 2.074102e+01 2.077862e+01 2.074500e+01 2.025000e+01 2.074154e+01 2.078117e+01
2.074500e+01 2.025000e+01 2.074154e+01 2.078117e+01 2.075500e+01 2.025000e+01 2.074191e+01 2.078345e+01
2.075500e+01 2.025000e+01 2.074191e+01 2.078345e+01 2.076500e+01 2.025000e+01 2.074215e+01 2.078546e+01
2.076500e+01 2.025000e+01 2.074215e+01 2.078546e+01 2.077500e+01 2.025000e+01 2.074229e+01 2.078719e+01
2.077500e+01 2.025000e+01 2.074229e+01 2.078719e+01 2.078500e+01 2.025000e+01 2.074233e+01 2.078863e+01
2.078500e+01 2.025000e+01 2.074233e+01 2.078863e+01 2.079500e+01 2.025000e+01 2.074230e+01 2.078979e+01
2.080000e+01 2.024500e+01 2.074182e+01 2.078275e+01 2.079500e+01 2.025000e+01 2.074230e+01 2.078979e+01
2.084000e+01 2.024500e+01 2.074186e+01 2.078389e+01 2.084500e+01 2.025000e+01 2.074164e+01 2.079119e+01
2.084500e+01 2.025000e+01 2.074164e+01 2.079119e+01 2.085500e+01 2.025000e+01 2.074154e+01 2.079059e+01
2.085500e+01 2.025000e+01 2.074154e+01 2.079059e+01 2.086500e+01 2.025000e+01 2.074148e+01 2.078970e+01
2.086500e+01 2.025000e+01 2.074148e+01 2.078970e+01 2.087500e+01 2.025000e+01 2.074150e+01 2.078853e+01
2.087500e+01 2.025000e+01 2.074150e+01 2.078853e+01 2.088500e+01 2.025000e+01 2.074160e+01 2.078708e+01
2.088500e+01 2.025000e+01 2.074160e+01 2.078708e+01 2.089500e+01 2.025000e+01 2.074181e+01 2.078535e+01
2.089500e+01 2.025000e+01 2.074181e+01 2.078535e+01 2.090500e+01 2.025000e+01 2.074214e+01 2.078335e+01
2.090500e+01 2.025000e+01 2.074214e+01 2.078335e+01 2.091000e+01 2.025500e+01 2.074124e+01 2.078952e+01
2.069500e+01 2.026000e+01 2.074098e+01 2.078027e+01 2.069000e+01 2.026500e+01 2.074231e+01 2.078550e+01
2.069500e+01 2.026000e+01 2.074098e+01 2.078027e+01 2.070500e+01 2.026000e+01 2.074196e+01 2.078391e+01
2.070500e+01 2.026000e+01 2.074196e+01 2.078391e+01 2.071500e+01 2.026000e+01 2.074274e+01 2.078730e+01
2.071500e+01 2.026000e+01 2.074274e+01 2.078730e+01 2.072500e+01 2.026000e+01 2.074333e+01 2.079043e+01
2.073000e+01 2.025500e+01 2.074210e+01 2.078460e+01 2.072500e+01 2.026000e+01 2.074333e+01 2.079043e+01
2.091000e+01 2.025500e+01 2.074124e+01 2.078952e+01 2.091500e+01 2.026000e+01 2.074017e+01 2.079553e+01
2.091500e+01 2.026000e+01 2.074017e+01 2.079553e+01 2.092500e+01 2.026000e+01 2.074053e+01 2.079293e+01
2.092500e+01 2.026000e+01 2.074053e+01 2.079293e+01 2.093500e+01 2.026000e+01 2.074107e+01 2.079007e+01
2.093500e+01 2.026000e+01 2.074107e+01 2.079007e+01 2.094500e+01 2.026000e+01 2.074180e+01 2.078696e+01
2.094500e+01 2.026000e+01 2.074180e+01 2.078696e+01 2.095000e+01 2.026500e+01 2.074059e+01 2.079232e+01
2.066500e+01 2.027000e+01 2.074113e+01 2.078196e+01 2.066000e+01 2.027500e+01 2.074258e+01 2.078657e+01
2.066500e+01 2.027000e+01 2.074113e+01 2.078196e+01 2.067500e+01 2.027000e+01 2.074259e+01 2.078636e+01
2.067500e+01 2.027000e+01 2.074259e+01 2.078636e+01 2.068500e+01 2.027000e+01 2.074380e+01 2.079055e+01
2.069000e+01 2.026500e+01 2.074231e+01 2.078550e+01 2.068500e+01 2.027000e+01 2.074380e+01 2.079055e+01
2.095000e+01 2.026500e+01 2.074059e+01 2.079232e+01 2.095500e+01 2.027000e+01 2.073922e+01 2.079749e+01
2.095500e+01 2.027000e+01 2.073922e+01 2.079749e+01 2.096500e+01 2.027000e+01 2.074014e+01 2.079382e+01
2.096500e+01 2.027000e+01 2.074014e+01 2.079382e+01 2.097500e+01 2.027000e+01 2.074130e+01 2.078992e+01
2.097500e+01 2.027000e+01 2.074130e+01 2.078992e+01 2.098000e+01 2.027500e+01 2.073994e+01 2.079463e+01
2.064500e+01 2.028000e+01 2.074238e+01 2.078609e+01 2.064000e+01 2.028500e+01 2.074389e+01 2.079024e+01
2.064500e+01 2.028000e+01 2.074238e+01 2.078609e+01 2.065500e+01 2.028000e+01 2.074417e+01 2.079100e+01
2.066000e+01 2.027500e+01 2.074258e+01 2.078657e+01 2.065500e+01 2.028000e+01 2.074417e+01 2.079100e+01
2.098000e+01 2.027500e+01 2.073994e+01 2.079463e+01 2.098500e+01 2.028000e+01 2.073844e+01 2.079914e+01
2.098500e+01 2.028000e+01 2.073844e+01 2.079914e+01 2.099500e+01 2.028000e+01 2.073991e+01 2.079471e+01
2.099500e+01 2.028000e+01 2.073991e+01 2.079471e+01 2.100000e+01 2.028500e+01 2.073848e+01 2.079893e+01
2.062500e+01 2.029000e+01 2.074334e+01 2.078883e+01 2.062000e+01 2.029500e+01 2.074486e+01 2.079253e+01
2.062500e+01 2.029000e+01 2.074334e+01 2.078883e+01 2.063500e+01 2.029000e+01 2.074554e+01 2.079421e+01
2.064000e+01 2.028500e+01 2.074389e+01 2.079024e+01 2.063500e+01 2.029000e+01 2.074554e+01 2.079421e+01
2.100000e+01 2.028500e+01 2.073848e+01 2.079893e+01 2.100500e+01 2.029000e+01 2.073690e+01 2.080294e+01
2.100500e+01 2.029000e+01 2.073690e+01 2.080294e+01 2.101500e+01 2.029000e+01 2.073877e+01 2.079803e+01
2.101500e+01 2.029000e+01 2.073877e+01 2.079803e+01 2.102000e+01 2.029500e+01 2.073731e+01 2.080176e+01
2.060500e+01 2.030000e+01 2.074383e+01 2.079022e+01 2.060000e+01 2.030500e+01 2.074531e+01 2.079348e+01
2.060500e+01 2.030000e+01 2.074383e+01 2.079022e+01 2.061500e+01 2.030000e+01 2.074651e+01 2.079604e+01
2.062000e+01 2.029500e+01 2.074486e+01 2.079253e+01 2.061500e+01 2.030000e+01 2.074651e+01 2.079604e+01
2.102000e+01 2.029500e+01 2.073731e+01 2.080176e+01 2.102500e+01 2.030000e+01 2.073573e+01 2.080529e+01
2.102500e+01 2.030000e+01 2.073573e+01 2.080529e+01 2.103500e+01 2.030000e+01 2.073806e+01 2.079994e+01
2.103500e+01 2.030000e+01 2.073806e+01 2.079994e+01 2.104000e+01 2.030500e+01 2.073665e+01 2.080320e+01
2.058500e+01 2.031000e+01 2.074368e+01 2.079034e+01 2.058000e+01 2.031500e+01 2.074506e+01 2.079318e+01
2.058500e+01 2.031000e+01 2.074368e+01 2.079034e+01 2.059500e+01 2.031000e+01 2.074690e+01 2.079655e+01
2.060000e+01 2.030500e+01 2.074531e+01 2.079348e+01 2.059500e+01 2.031000e+01 2.074690e+01 2.079655e+01
2.104000e+01 2.030500e+01 2.073665e+01 2.080320e+01 2.104500e+01 2.031000e+01 2.073511e+01 2.080626e+01
2.104500e+01 2.031000e+01 2.073511e+01 2.080626e+01 2.105500e+01 2.031000e+01 2.073799e+01 2.080051e+01
2.105500e+01 2.031000e+01 2.073799e+01 2.080051e+01 2.106000e+01 2.031500e+01 2.073667e+01 2.080333e+01
2.057500e+01 2.032000e+01 2.074654e+01 2.079583e+01 2.057000e+01 2.032500e+01 2.074790e+01 2.079836e+01
2.058000e+01 2.031500e+01 2.074506e+01 2.079318e+01 2.057500e+01 2.032000e+01 2.074654e+01 2.079583e+01
2.106000e+01 2.031500e+01 2.073667e+01 2.080333e+01 2.106500e+01 2.032000e+01 2.073525e+01 2.080594e+01
2.106500e+01 2.032000e+01 2.073525e+01 2.080594e+01 2.107000e+01 2.032500e+01 2.073395e+01 2.080843e+01
2.056500e+01 2.033000e+01 2.074936e+01 2.080070e+01 2.056000e+01 2.033500e+01 2.075068e+01 2.080294e+01
2.057000e+01 2.032500e+01 2.074790e+01 2.079836e+01 2.056500e+01 2.033000e+01 2.074936e+01 2.080070e+01
2.107000e+01 2.032500e+01 2.073395e+01 2.080843e+01 2.107500e+01 2.033000e+01 2.073255e+01 2.081071e+01
2.107500e+01 2.033000e+01 2.073255e+01 2.081071e+01 2.108000e+01 2.033500e+01 2.073130e+01 2.081290e+01
2.054500e+01 2.034000e+01 2.074771e+01 2.079807e+01 2.054000e+01 2.034500e+01 2.074882e+01 2.079994e+01
2.054500e+01 2.034000e+01 2.074771e+01 2.079807e+01 2.055500e+01 2.034000e+01 2.075209e+01 2.080498e+01
2.056000e+01 2.033500e+01 2.075068e+01 2.080294e+01 2.055500e+01 2.034000e+01 2.075209e+01 2.080498e+01
2.108000e+01 2.033500e+01 2.073130e+01 2.081290e+01 2.108500e+01 2.034000e+01 2.072995e+01 2.081486e+01
2.108500e+01 2.034000e+01 2.072995e+01 2.081486e+01 2.109500e+01 2.034000e+01 2.073403e+01 2.080841e+01
2.109500e+01 2.034000e+01 2.073403e+01 2.080841e+01 2.110000e+01 2.034500e+01 2.073300e+01 2.081021e+01
2.053500e+01 2.035000e+01 2.075000e+01 2.080160e+01 2.053000e+01 2.035500e+01 2.075102e+01 2.080320e+01
2.054000e+01 2.034500e+01 2.074882e+01 2.079994e+01 2.053500e+01 2.035000e+01 2.075000e+01 2.080160e+01
2.110000e+01 2.034500e+01 2.073300e+01 2.081021e+01 2.110500e+01 2.035000e+01 2.073190e+01 2.081179e+01
2.110500e+01 2.035000e+01 2.073190e+01 2.081179e+01 2.111000e+01 2.035500e+01 2.073097e+01 2.081330e+01
2.052500e+01 2.036000e+01 2.075210e+01 2.080459e+01 2.052000e+01 2.036500e+01 2.075300e+01 2.080591e+01
2.053000e+01 2.035500e+01 2.075102e+01 2.080320e+01 2.052500e+01 2.036000e+01 2.075210e+01 2.080459e+01
2.111000e+01 2.035500e+01 2.073097e+01 2.081330e+01 2.111500e+01 2.036000e+01 2.072998e+01 2.081459e+01
2.111500e+01 2.036000e+01 2.072998e+01 2.081459e+01 2.112000e+01 2.036500e+01 2.072918e+01 2.081583e+01
2.051500e+01 2.037000e+01 2.075396e+01 2.080703e+01 2.051000e+01 2.037500e+01 2.075473e+01 2.080811e+01
2.052000e+01 2.036500e+01 2.075300e+01 2.080591e+01 2.051500e+01 2.037000e+01 2.075396e+01 2.080703e+01
2.112000e+01 2.036500e+01 2.072918e+01 2.081583e+01 2.112500e+01 2.037000e+01 2.072833e+01 2.081685e+01
2.112500e+01 2.037000e+01 2.072833e+01 2.081685e+01 2.113000e+01 2.037500e+01 2.072767e+01 2.081782e+01
2.050500e+01 2.038000e+01 2.075555e+01 2.080897e+01 2.050000e+01 2.038500e+01 2.075617e+01 2.080980e+01
2.051000e+01 2.037500e+01 2.075473e+01 2.080811e+01 2.050500e+01 2.038000e+01 2.075555e+01 2.080897e+01
2.113000e+01 2.037500e+01 2.072767e+01 2.081782e+01 2.113500e+01 2.038000e+01 2.072698e+01 2.081858e+01
2.113500e+01 2.038000e+01 2.072698e+01 2.081858e+01 2.114000e+01 2.038500e+01 2.072649e+01 2.081931e+01
2.049500e+01 2.039000e+01 2.075682e+01 2.081043e+01 2.049000e+01 2.039500e+01 2.075728e+01 2.081102e+01
2.050000e+01 2.038500e+01 2.075617e+01 2.080980e+01 2.049500e+01 2.039000e+01 2.075682e+01 2.081043e+01
2.114000e+01 2.038500e+01 2.072649e+01 2.081931e+01 2.114500e+01 2.039000e+01 2.072598e+01 2.081982e+01
2.114500e+01 2.039000e+01 2.072598e+01 2.081982e+01 2.115000e+01 2.039500e+01 2.072567e+01 2.082032e+01
2.048500e+01 2.040000e+01 2.075775e+01 2.081142e+01 2.048000e+01 2.040500e+01 2.075801e+01 2.081180e+01
2.049000e+01 2.039500e+01 2.075728e+01 2.081102e+01 2.048500e+01 2.040000e+01 2.075775e+01 2.081142e+01
2.115000e+01 2.039500e+01 2.072567e+01 2.082032e+01 2.115500e+01 2.040000e+01 2.072536e+01 2.082061e+01
2.115500e+01 2.040000e+01 2.072536e+01 2.082061e+01 2.116000e+01 2.040500e+01 2.072527e+01 2.082090e+01
2.047500e+01 2.041000e+01 2.075828e+01 2.081199e+01 2.047000e+01 2.041500e+01 2.075834e+01 2.081217e+01
2.048000e+01 2.040500e+01 2.075801e+01 2.081180e+01 2.047500e+01 2.041000e+01 2.075828e+01 2.081199e+01
2.116000e+01 2.040500e+01 2.072527e+01 2.082090e+01 2.116000e+01 2.041500e+01 2.071827e+01 2.082807e+01
2.046500e+01 2.042000e+01 2.075839e+01 2.081216e+01 2.046000e+01 2.042500e+01 2.075823e+01 2.081216e+01
2.047000e+01 2.041500e+01 2.075834e+01 2.081217e+01 2.046500e+01 2.042000e+01 2.075839e+01 2.081216e+01
2.116000e+01 2.041500e+01 2.071827e+01 2.082807e+01 2.116500e+01 2.042000e+01 2.071819e+01 2.082794e+01
2.116500e+01 2.042000e+01 2.071819e+01 2.082794e+01 2.117000e+01 2.042500e+01 2.071834e+01 2.082784e+01
2.046000e+01 2.042500e+01 2.075823e+01 2.081216e+01 2.046000e+01 2.043500e+01 2.076571e+01 2.081927e+01
2.117000e+01 2.042500e+01 2.071834e+01 2.082784e+01 2.117500e+01 2.043000e+01 2.071851e+01 2.082754e+01
2.117500e+01 2.043000e+01 2.071851e+01 2.082754e+01 2.118000e+01 2.043500e+01 2.071892e+01 2.082727e+01
2.045500e+01 2.044000e+01 2.076550e+01 2.081890e+01 2.045000e+01 2.044500e+01 2.076508e+01 2.081856e+01
2.046000e+01 2.043500e+01 2.076571e+01 2.081927e+01 2.045500e+01 2.044000e+01 2.076550e+01 2.081890e+01
2.118000e+01 2.043500e+01 2.071892e+01 2.082727e+01 2.118500e+01 2.044000e+01 2.071936e+01 2.082681e+01
2.118500e+01 2.044000e+01 2.071936e+01 2.082681e+01 2.119000e+01 2.044500e+01 2.072004e+01 2.082640e+01
2.044500e+01 2.045000e+01 2.076461e+01 2.081803e+01 2.044000e+01 2.045500e+01 2.076392e+01 2.081755e+01
2.045000e+01 2.044500e+01 2.076508e+01 2.081856e+01 2.044500e+01 2.045000e+01 2.076461e+01 2.081803e+01
2.119000e+01 2.044500e+01 2.072004e+01 2.082640e+01 2.119000e+01 2.045500e+01 2.071323e+01 2.083203e+01
2.043500e+01 2.046000e+01 2.076319e+01 2.081690e+01 2.043000e+01 2.046500e+01 2.076222e+01 2.081630e+01
2.044000e+01 2.045500e+01 2.076392e+01 2.081755e+01 2.043500e+01 2.046000e+01 2.076319e+01 2.081690e+01
2.119000e+01 2.045500e+01 2.071323e+01 2.083203e+01 2.119500e+01 2.046000e+01 2.071401e+01 2.083126e+01
2.119500e+01 2.046000e+01 2.071401e+01 2.083126e+01 2.120000e+01 2.046500e+01 2.071504e+01 2.083056e+01
2.043000e+01 2.046500e+01 2.076222e+01 2.081630e+01 2.043000e+01 2.047500e+01 2.076943e+01 2.082197e+01
2.120000e+01 2.046500e+01 2.071504e+01 2.083056e+01 2.120500e+01 2.047000e+01 2.071613e+01 2.082969e+01
2.120500e+01 2.047000e+01 2.071613e+01 2.082969e+01 2.121000e+01 2.047500e+01 2.071747e+01 2.082890e+01
2.042500e+01 2.048000e+01 2.076834e+01 2.082105e+01 2.042000e+01 2.048500e+01 2.076703e+01 2.082020e+01
2.043000e+01 2.047500e+01 2.076943e+01 2.082197e+01 2.042500e+01 2.048000e+01 2.076834e+01 2.082105e+01
2.121000e+01 2.047500e+01 2.071747e+01 2.082890e+01 2.121000e+01 2.048500e+01 2.071098e+01 2.083350e+01
2.042000e+01 2.048500e+01 2.076703e+01 2.082020e+01 2.042000e+01 2.049500e+01 2.077402e+01 2.082520e+01
2.121000e+01 2.048500e+01 2.071098e+01 2.083350e+01 2.121500e+01 2.049000e+01 2.071248e+01 2.083241e+01
2.121500e+01 2.049000e+01 2.071248e+01 2.083241e+01 2.122000e+01 2.049500e+01 2.071423e+01 2.083141e+01
2.041500e+01 2.050000e+01 2.077256e+01 2.082405e+01 2.041000e+01 2.050500e+01 2.077086e+01 2.082300e+01
2.042000e+01 2.049500e+01 2.077402e+01 2.082520e+01 2.041500e+01 2.050000e+01 2.077256e+01 2.082405e+01
2.122000e+01 2.049500e+01 2.071423e+01 2.083141e+01 2.122000e+01 2.050500e+01 2.070802e+01 2.083537e+01
2.041000e+01 2.050500e+01 2.077086e+01 2.082300e+01 2.041000e+01 2.051500e+01 2.077758e+01 2.082735e+01
2.122000e+01 2.050500e+01 2.070802e+01 2.083537e+01 2.122500e+01 2.051000e+01 2.070997e+01 2.083412e+01
2.122500e+01 2.051000e+01 2.070997e+01 2.083412e+01 2.123000e+01 2.051500e+01 2.071216e+01 2.083297e+01
2.040500e+01 2.052000e+01 2.077570e+01 2.082603e+01 2.040000e+01 2.052500e+01 2.077358e+01 2.082482e+01
2.041000e+01 2.051500e+01 2.077758e+01 2.082735e+01 2.040500e+01 2.052000e+01 2.077570e+01 2.082603e+01
2.123000e+01 2.051500e+01 2.071216e+01 2.083297e+01 2.123000e+01 2.052500e+01 2.070629e+01 2.083633e+01
2.040000e+01 2.052500e+01 2.077358e+01 2.082482e+01 2.040000e+01 2.053500e+01 2.077999e+01 2.082858e+01
2.123000e+01 2.052500e+01 2.070629e+01 2.083633e+01 2.123000e+01 2.053500e+01 2.070055e+01 2.083935e+01
2.039500e+01 2.054000e+01 2.077766e+01 2.082714e+01 2.039000e+01 2.054500e+01 2.077510e+01 2.082583e+01
2.040000e+01 2.053500e+01 2.077999e+01 2.082858e+01 2.039500e+01 2.054000e+01 2.077766e+01 2.082714e+01
2.123000e+01 2.053500e+01 2.070055e+01 2.083935e+01 2.123500e+01 2.054000e+01 2.070310e+01 2.083790e+01
2.123500e+01 2.054000e+01 2.070310e+01 2.083790e+01 2.124000e+01 2.054500e+01 2.070589e+01 2.083658e+01
2.039000e+01 2.054500e+01 2.077510e+01 2.082583e+01 2.039000e+01 2.055500e+01 2.078113e+01 2.082904e+01
2.124000e+01 2.054500e+01 2.070589e+01 2.083658e+01 2.124000e+01 2.055500e+01 2.070056e+01 2.083909e+01
2.038500e+01 2.056000e+01 2.077833e+01 2.082755e+01 2.038000e+01 2.056500e+01 2.077532e+01 2.082618e+01
2.039000e+01 2.055500e+01 2.078113e+01 2.082904e+01 2.038500e+01 2.056000e+01 2.077833e+01 2.082755e+01
2.076500e+01 2.056000e+01 2.081379e+01 2.105971e+01 2.076000e+01 2.056500e+01 2.082117e+01 2.105802e+01
2.076500e+01 2.056000e+01 2.081379e+01 2.105971e+01 2.077500e+01 2.056000e+01 2.080158e+01 2.106220e+01
2.077500e+01 2.056000e+01 2.080158e+01 2.106220e+01 2.078500e+01 2.056000e+01 2.078898e+01 2.106417e+01
2.078500e+01 2.056000e+01 2.078898e+01 2.106417e+01 2.079500e+01 2.056000e+01 2.077607e+01 2.106557e+01
2.079500e+01 2.056000e+01 2.077607e+01 2.106557e+01 2.080500e+01 2.056000e+01 2.076294e+01 2.106641e+01
2.080500e+01 2.056000e+01 2.076294e+01 2.106641e+01 2.081500e+01 2.056000e+01 2.074968e+01 2.106665e+01
2.081500e+01 2.056000e+01 2.074968e+01 2.106665e+01 2.082500e+01 2.056000e+01 2.073638e+01 2.106631e+01
2.082500e+01 2.056000e+01 2.073638e+01 2.106631e+01 2.083500e+01 2.056000e+01 2.072314e+01 2.106539e+01
2.083500e+01 2.056000e+01 2.072314e+01 2.106539e+01 2.084500e+01 2.056000e+01 2.071005e+01 2.106389e+01
2.084500e+01 2.056000e+01 2.071005e+01 2.106389e+01 2.085500e+01 2.056000e+01 2.069719e+01 2.106183e+01
2.085500e+01 2.056000e+01 2.069719e+01 2.106183e+01 2.086500e+01 2.056000e+01 2.068466e+01 2.105924e+01
2.086500e+01 2.056000e+01 2.068466e+01 2.105924e+01 2.087500e+01 2.056000e+01 2.067254e+01 2.105614e+01
2.087500e+01 2.056000e+01 2.067254e+01 2.105614e+01 2.088000e+01 2.056500e+01 2.066493e+01 2.105397e+01
2.124000e+01 2.055500e+01 2.070056e+01 2.083909e+01 2.124500e+01 2.056000e+01 2.070362e+01 2.083762e+01
2.124500e+01 2.056000e+01 2.070362e+01 2.083762e+01 2.125000e+01 2.056500e+01 2.070692e+01 2.083629e+01
2.038000e+01 2.056500e+01 2.077532e+01 2.082618e+01 2.038000e+01 2.057500e+01 2.078092e+01 2.082891e+01
2.073500e+01 2.057000e+01 2.085156e+01 2.104839e+01 2.073000e+01 2.057500e+01 2.085895e+01 2.104554e+01
2.073500e+01 2.057000e+01 2.085156e+01 2.104839e+01 2.074500e+01 2.057000e+01 2.084050e+01 2.105236e+01
2.074500e+01 2.057000e+01 2.084050e+01 2.105236e+01 2.075500e+01 2.057000e+01 2.082881e+01 2.105588e+01
2.076000e+01 2.056500e+01 2.082117e+01 2.105802e+01 2.075500e+01 2.057000e+01 2.082881e+01 2.105588e+01
2.088000e+01 2.056500e+01 2.066493e+01 2.105397e+01 2.088500e+01 2.057000e+01 2.065705e+01 2.105132e+01
2.088500e+01 2.057000e+01 2.065705e+01 2.105132e+01 2.089500e+01 2.057000e+01 2.064552e+01 2.104722e+01
2.089500e+01 2.057000e+01 2.064552e+01 2.104722e+01 2.090500e+01 2.057000e+01 2.063464e+01 2.104271e+01
2.090500e+01 2.057000e+01 2.063464e+01 2.104271e+01 2.091000e+01 2.057500e+01 2.062711e+01 2.103934e+01
2.125000e+01 2.056500e+01 2.070692e+01 2.083629e+01 2.125000e+01 2.057500e+01 2.070206e+01 2.083837e+01
2.038000e+01 2.057500e+01 2.078092e+01 2.082891e+01 2.038000e+01 2.058500e+01 2.078636e+01 2.083134e+01
2.071500e+01 2.058000e+01 2.087656e+01 2.103746e+01 2.071000e+01 2.058500e+01 2.088373e+01 2.103381e+01
2.071500e+01 2.058000e+01 2.087656e+01 2.103746e+01 2.072500e+01 2.058000e+01 2.086654e+01 2.104224e+01
2.073000e+01 2.057500e+01 2.085895e+01 2.104554e+01 2.072500e+01 2.058000e+01 2.086654e+01 2.104224e+01
2.091000e+01 2.057500e+01 2.062711e+01 2.103934e+01 2.091500e+01 2.058000e+01 2.061938e+01 2.103551e+01
2.091500e+01 2.058000e+01 2.061938e+01 2.103551e+01 2.092500e+01 2.058000e+01 2.060962e+01 2.103027e+01
2.092500e+01 2.058000e+01 2.060962e+01 2.103027e+01 2.093000e+01 2.058500e+01 2.060239e+01 2.102609e+01
2.125000e+01 2.057500e+01 2.070206e+01 2.083837e+01 2.125000e+01 2.058500e+01 2.069740e+01 2.084017e+01
2.037500e+01 2.059000e+01 2.078293e+01 2.082979e+01 2.037000e+01 2.059500e+01 2.077930e+01 2.082837e+01
2.038000e+01 2.058500e+01 2.078636e+01 2.083134e+01 2.037500e+01 2.059000e+01 2.078293e+01 2.082979e+01
2.070500e+01 2.059000e+01 2.089104e+01 2.102970e+01 2.070000e+01 2.059500e+01 2.089808e+01 2.102547e+01
2.071000e+01 2.058500e+01 2.088373e+01 2.103381e+01 2.070500e+01 2.059000e+01 2.089104e+01 2.102970e+01
2.093000e+01 2.058500e+01 2.060239e+01 2.102609e+01 2.093500e+01 2.059000e+01 2.059502e+01 2.102147e+01
2.093500e+01 2.059000e+01 2.059502e+01 2.102147e+01 2.094000e+01 2.059500e+01 2.058798e+01 2.101673e+01
2.125000e+01 2.058500e+01 2.069740e+01 2.084017e+01 2.125500e+01 2.059000e+01 2.070115e+01 2.083870e+01
2.125500e+01 2.059000e+01 2.070115e+01 2.083870e+01 2.126000e+01 2.059500e+01 2.070511e+01 2.083739e+01
2.037000e+01 2.059500e+01 2.077930e+01 2.082837e+01 2.037000e+01 2.060500e+01 2.078424e+01 2.083042e+01
2.068500e+01 2.060000e+01 2.091324e+01 2.101523e+01 2.068000e+01 2.060500e+01 2.091968e+01 2.101041e+01
2.068500e+01 2.060000e+01 2.091324e+01 2.101523e+01 2.069500e+01 2.060000e+01 2.090522e+01 2.102081e+01
2.070000e+01 2.059500e+01 2.089808e+01 2.102547e+01 2.069500e+01 2.060000e+01 2.090522e+01 2.102081e+01
2.094000e+01 2.059500e+01 2.058798e+01 2.101673e+01 2.094500e+01 2.060000e+01 2.058085e+01 2.101157e+01
2.094500e+01 2.060000e+01 2.058085e+01 2.101157e+01 2.095500e+01 2.060000e+01 2.057325e+01 2.100566e+01
2.095500e+01 2.060000e+01 2.057325e+01 2.100566e+01 2.096000e+01 2.060500e+01 2.056690e+01 2.100040e+01
2.126000e+01 2.059500e+01 2.070511e+01 2.083739e+01 2.126000e+01 2.060500e+01 2.070097e+01 2.083887e+01
2.037000e+01 2.060500e+01 2.078424e+01 2.083042e+01 2.037000e+01 2.061500e+01 2.078897e+01 2.083218e+01
2.067500e+01 2.061000e+01 2.092617e+01 2.100519e+01 2.067000e+01 2.061500e+01 2.093225e+01 2.099996e+01
2.068000e+01 2.060500e+01 2.091968e+01 2.101041e+01 2.067500e+01 2.061000e+01 2.092617e+01 2.100519e+01
2.096000e+01 2.060500e+01 2.056690e+01 2.100040e+01 2.096500e+01 2.061000e+01 2.056053e+01 2.099474e+01
2.096500e+01 2.061000e+01 2.056053e+01 2.099474e+01 2.097000e+01 2.061500e+01 2.055460e+01 2.098910e+01
2.126000e+01 2.060500e+01 2.070097e+01 2.083887e+01 2.126000e+01 2.061500e+01 2.069706e+01 2.084010e+01
2.037000e+01 2.061500e+01 2.078897e+01 2.083218e+01 2.037000e+01 2.062500e+01 2.079348e+01 2.083369e+01
2.066500e+01 2.062000e+01 2.093833e+01 2.099435e+01 2.066000e+01 2.062500e+01 2.094398e+01 2.098877e+01
2.067000e+01 2.061500e+01 2.093225e+01 2.099996e+01 2.066500e+01 2.062000e+01 2.093833e+01 2.099435e+01
2.097000e+01 2.061500e+01 2.055460e+01 2.098910e+01 2.097500e+01 2.062000e+01 2.054871e+01 2.098311e+01
2.097500e+01 2.062000e+01 2.054871e+01 2.098311e+01 2.098000e+01 2.062500e+01 2.054329e+01 2.097717e+01
2.126000e+01 2.061500e+01 2.069706e+01 2.084010e+01 2.126000e+01 2.062500e+01 2.069339e+01 2.084110e+01
2.036500e+01 2.063000e+01 2.078924e+01 2.083218e+01 2.036000e+01 2.063500e+01 2.078481e+01 2.083082e+01
2.037000e+01 2.062500e+01 2.079348e+01 2.083369e+01 2.036500e+01 2.063000e+01 2.078924e+01 2.083218e+01
2.065500e+01 2.063000e+01 2.094959e+01 2.098286e+01 2.065000e+01 2.063500e+01 2.095474e+01 2.097701e+01
2.066000e+01 2.062500e+01 2.094398e+01 2.098877e+01 2.065500e+01 2.063000e+01 2.094959e+01 2.098286e+01
2.098000e+01 2.062500e+01 2.054329e+01 2.097717e+01 2.098000e+01 2.063500e+01 2.053753e+01 2.097045e+01
2.126000e+01 2.062500e+01 2.069339e+01 2.084110e+01 2.126500e+01 2.063000e+01 2.069801e+01 2.083978e+01
2.126500e+01 2.063000e+01 2.069801e+01 2.083978e+01 2.127000e+01 2.063500e+01 2.070284e+01 2.083863e+01
2.036000e+01 2.063500e+01 2.078481e+01 2.083082e+01 2.036000e+01 2.064500e+01 2.078877e+01 2.083208e+01
2.064500e+01 2.064000e+01 2.095980e+01 2.097087e+01 2.064000e+01 2.064500e+01 2.096440e+01 2.096484e+01
2.065000e+01 2.063500e+01 2.095474e+01 2.097701e+01 2.064500e+01 2.064000e+01 2.095980e+01 2.097087e+01
2.098000e+01 2.063500e+01 2.053753e+01 2.097045e+01 2.098500e+01 2.064000e+01 2.053230e+01 2.096394e+01
2.098500e+01 2.064000e+01 2.053230e+01 2.096394e+01 2.099000e+01 2.064500e+01 2.052756e+01 2.095755e+01
2.127000e+01 2.063500e+01 2.070284e+01 2.083863e+01 2.127000e+01 2.064500e+01 2.069975e+01 2.083946e+01
2.036000e+01 2.064500e+01 2.078877e+01 2.083208e+01 2.036000e+01 2.065500e+01 2.079248e+01 2.083312e+01
2.064000e+01 2.064500e+01 2.096440e+01 2.096484e+01 2.064000e+01 2.065500e+01 2.096964e+01 2.095753e+01
2.099000e+01 2.064500e+01 2.052756e+01 2.095755e+01 2.099500e+01 2.065000e+01 2.052298e+01 2.095093e+01
2.099500e+01 2.065000e+01 2.052298e+01 2.095093e+01 2.100000e+01 2.065500e+01 2.051891e+01 2.094449e+01
2.127000e+01 2.064500e+01 2.069975e+01 2.083946e+01 2.127000e+01 2.065500e+01 2.069693e+01 2.084011e+01
2.036000e+01 2.065500e+01 2.079248e+01 2.083312e+01 2.036000e+01 2.066500e+01 2.079593e+01 2.083395e+01
2.063500e+01 2.066000e+01 2.097396e+01 2.095104e+01 2.063000e+01 2.066500e+01 2.097780e+01 2.094471e+01
2.064000e+01 2.065500e+01 2.096964e+01 2.095753e+01 2.063500e+01 2.066000e+01 2.097396e+01 2.095104e+01
2.100000e+01 2.065500e+01 2.051891e+01 2.094449e+01 2.100000e+01 2.066500e+01 2.051402e+01 2.093615e+01
2.127000e+01 2.065500e+01 2.069693e+01 2.084011e+01 2.127000e+01 2.066500e+01 2.069437e+01 2.084060e+01
2.036000e+01 2.066500e+01 2.079593e+01 2.083395e+01 2.036000e+01 2.067500e+01 2.079911e+01 2.083459e+01
2.063000e+01 2.066500e+01 2.097780e+01 2.094471e+01 2.063000e+01 2.067500e+01 2.098238e+01 2.093632e+01
2.100000e+01 2.066500e+01 2.051402e+01 2.093615e+01 2.100500e+01 2.067000e+01 2.051035e+01 2.092939e+01
2.100500e+01 2.067000e+01 2.051035e+01 2.092939e+01 2.101000e+01 2.067500e+01 2.050719e+01 2.092286e+01
2.127000e+01 2.066500e+01 2.069437e+01 2.084060e+01 2.127000e+01 2.067500e+01 2.069209e+01 2.084093e+01
2.035500e+01 2.068000e+01 2.079388e+01 2.083336e+01 2.035000e+01 2.068500e+01 2.078848e+01 2.083230e+01
2.036000e+01 2.067500e+01 2.079911e+01 2.083459e+01 2.035500e+01 2.068000e+01 2.079388e+01 2.083336e+01
2.062500e+01 2.068000e+01 2.098584e+01 2.092970e+01 2.062000e+01 2.068500e+01 2.098881e+01 2.092329e+01
2.063000e+01 2.067500e+01 2.098238e+01 2.093632e+01 2.062500e+01 2.068000e+01 2.098584e+01 2.092970e+01
2.101000e+01 2.067500e+01 2.050719e+01 2.092286e+01 2.101000e+01 2.068500e+01 2.050311e+01 2.091373e+01
2.127000e+01 2.067500e+01 2.069209e+01 2.084093e+01 2.127000e+01 2.068500e+01 2.069009e+01 2.084113e+01
2.035000e+01 2.068500e+01 2.078848e+01 2.083230e+01 2.035000e+01 2.069500e+01 2.079106e+01 2.083288e+01
2.062000e+01 2.068500e+01 2.098881e+01 2.092329e+01 2.062000e+01 2.069500e+01 2.099258e+01 2.091409e+01
2.101000e+01 2.068500e+01 2.050311e+01 2.091373e+01 2.101000e+01 2.069500e+01 2.049946e+01 2.090410e+01
2.127000e+01 2.068500e+01 2.069009e+01 2.084113e+01 2.127000e+01 2.069500e+01 2.068838e+01 2.084121e+01
2.035000e+01 2.069500e+01 2.079106e+01 2.083288e+01 2.035000e+01 2.070500e+01 2.079336e+01 2.083332e+01
2.061500e+01 2.070000e+01 2.099507e+01 2.090757e+01 2.061000e+01 2.070500e+01 2.099710e+01 2.090129e+01
2.062000e+01 2.069500e+01 2.099258e+01 2.091409e+01 2.061500e+01 2.070000e+01 2.099507e+01 2.090757e+01
2.101000e+01 2.069500e+01 2.049946e+01 2.090410e+01 2.101500e+01 2.070000e+01 2.049706e+01 2.089747e+01
2.101500e+01 2.070000e+01 2.049706e+01 2.089747e+01 2.102000e+01 2.070500e+01 2.049516e+01 2.089112e+01
2.127000e+01 2.069500e+01 2.068838e+01 2.084121e+01 2.127500e+01 2.070000e+01 2.069441e+01 2.084049e+01
2.127500e+01 2.070000e+01 2.069441e+01 2.084049e+01 2.128000e+01 2.070500e+01 2.070062e+01 2.083994e+01
2.035000e+01 2.070500e+01 2.079336e+01 2.083332e+01 2.035000e+01 2.071500e+01 2.079537e+01 2.083364e+01
2.061000e+01 2.070500e+01 2.099710e+01 2.090129e+01 2.061000e+01 2.071500e+01 2.099995e+01 2.089161e+01
2.102000e+01 2.070500e+01 2.049516e+01 2.089112e+01 2.102000e+01 2.071500e+01 2.049252e+01 2.088117e+01
2.128000e+01 2.070500e+01 2.070062e+01 2.083994e+01 2.128000e+01 2.071500e+01 2.069954e+01 2.084014e+01
2.035000e+01 2.071500e+01 2.079537e+01 2.083364e+01 2.035000e+01 2.072500e+01 2.079710e+01 2.083385e+01
2.061000e+01 2.071500e+01 2.099995e+01 2.089161e+01 2.061000e+01 2.072500e+01 2.100229e+01 2.088155e+01
2.102000e+01 2.071500e+01 2.049252e+01 2.088117e+01 2.102000e+01 2.072500e+01 2.049038e+01 2.087094e+01
2.128000e+01 2.071500e+01 2.069954e+01 2.084014e+01 2.128000e+01 2.072500e+01 2.069876e+01 2.084027e+01
2.035000e+01 2.072500e+01 2.079710e+01 2.083385e+01 2.035000e+01 2.073500e+01 2.079852e+01 2.083396e+01
2.061000e+01 2.072500e+01 2.100229e+01 2.088155e+01 2.061000e+01 2.073500e+01 2.100411e+01 2.087117e+01
2.102000e+01 2.072500e+01 2.049038e+01 2.087094e+01 2.102000e+01 2.073500e+01 2.048876e+01 2.086048e+01
2.128000e+01 2.072500e+01 2.069876e+01 2.084027e+01 2.128000e+01 2.073500e+01 2.069828e+01 2.084036e+01
2.035000e+01 2.073500e+01 2.079852e+01 2.083396e+01 2.035000e+01 2.074500e+01 2.079964e+01 2.083401e+01
2.060500e+01 2.074000e+01 2.100508e+01 2.086522e+01 2.060000e+01 2.074500e+01 2.100561e+01 2.085953e+01
2.061000e+01 2.073500e+01 2.100411e+01 2.087117e+01 2.060500e+01 2.074000e+01 2.100508e+01 2.086522e+01
2.102000e+01 2.073500e+01 2.048876e+01 2.086048e+01 2.102000e+01 2.074500e+01 2.048768e+01 2.084987e+01
2.128000e+01 2.073500e+01 2.069828e+01 2.084036e+01 2.128000e+01 2.074500e+01 2.069809e+01 2.084043e+01
2.035000e+01 2.074500e+01 2.079964e+01 2.083401e+01 2.035000e+01 2.075500e+01 2.080047e+01 2.083400e+01
2.060000e+01 2.074500e+01 2.100561e+01 2.085953e+01 2.060000e+01 2.075500e+01 2.100637e+01 2.084928e+01
2.102000e+01 2.074500e+01 2.048768e+01 2.084987e+01 2.102000e+01 2.075500e+01 2.048714e+01 2.083919e+01
2.128000e+01 2.074500e+01 2.069809e+01 2.084043e+01 2.128000e+01 2.075500e+01 2.069821e+01 2.084049e+01
2.035000e+01 2.075500e+01 2.080047e+01 2.083400e+01 2.035000e+01 2.076500e+01 2.080099e+01 2.083396e+01
2.060000e+01 2.075500e+01 2.100637e+01 2.084928e+01 2.060000e+01 2.076500e+01 2.100659e+01 2.083894e+01
2.102000e+01 2.075500e+01 2.048714e+01 2.083919e+01 2.102000e+01 2.076500e+01 2.048715e+01 2.082851e+01
2.128000e+01 2.075500e+01 2.069821e+01 2.084049e+01 2.128000e+01 2.076500e+01 2.069863e+01 2.084056e+01
2.035000e+01 2.076500e+01 2.080099e+01 2.083396e+01 2.035000e+01 2.077500e+01 2.080121e+01 2.083389e+01
2.060000e+01 2.076500e+01 2.100659e+01 2.083894e+01 2.060000e+01 2.077500e+01 2.100627e+01 2.082857e+01
2.102000e+01 2.076500e+01 2.048715e+01 2.082851e+01 2.102000e+01 2.077500e+01 2.048771e+01 2.081790e+01
2.128000e+01 2.076500e+01 2.069863e+01 2.084056e+01 2.128000e+01 2.077500e+01 2.069935e+01 2.084066e+01
2.035000e+01 2.077500e+01 2.080121e+01 2.083389e+01 2.035000e+01 2.078500e+01 2.080112e+01 2.083383e+01
2.060000e+01 2.077500e+01 2.100627e+01 2.082857e+01 2.060000e+01 2.078500e+01 2.100540e+01 2.081825e+01
2.102000e+01 2.077500e+01 2.048771e+01 2.081790e+01 2.102000e+01 2.078500e+01 2.048881e+01 2.080743e+01
2.128000e+01 2.077500e+01 2.069935e+01 2.084066e+01 2.128000e+01 2.078500e+01 2.070036e+01 2.084081e+01
2.035000e+01 2.078500e+01 2.080112e+01 2.083383e+01 2.035000e+01 2.079500e+01 2.080073e+01 2.083379e+01
2.060000e+01 2.078500e+01 2.100540e+01 2.081825e+01 2.060000e+01 2.079500e+01 2.100401e+01 2.080805e+01
2.102000e+01 2.078500e+01 2.048881e+01 2.080743e+01 2.102000e+01 2.079500e+01 2.049046e+01 2.079718e+01
2.128000e+01 2.078500e+01 2.070036e+01 2.084081e+01 2.128000e+01 2.079500e+01 2.070168e+01 2.084102e+01
2.035000e+01 2.079500e+01 2.080073e+01 2.083379e+01 2.035000e+01 2.080500e+01 2.080004e+01 2.083378e+01
2.060000e+01 2.079500e+01 2.100401e+01 2.080805e+01 2.060500e+01 2.080000e+01 2.100306e+01 2.080208e+01
2.060500e+01 2.080000e+01 2.100306e+01 2.080208e+01 2.061000e+01 2.080500e+01 2.100165e+01 2.079583e+01
2.102000e+01 2.079500e+01 2.049046e+01 2.079718e+01 2.102000e+01 2.080500e+01 2.049262e+01 2.078721e+01
2.128000e+01 2.079500e+01 2.070168e+01 2.084102e+01 2.128000e+01 2.080500e+01 2.070329e+01 2.084131e+01
2.035000e+01 2.080500e+01 2.080004e+01 2.083378e+01 2.035000e+01 2.081500e+01 2.079905e+01 2.083384e+01
2.061000e+01 2.080500e+01 2.100165e+01 2.079583e+01 2.061000e+01 2.081500e+01 2.099916e+01 2.078556e+01
2.101500e+01 2.081000e+01 2.049412e+01 2.078107e+01 2.101000e+01 2.081500e+01 2.049607e+01 2.077467e+01
2.102000e+01 2.080500e+01 2.049262e+01 2.078721e+01 2.101500e+01 2.081000e+01 2.049412e+01 2.078107e+01
2.128000e+01 2.080500e+01 2.070329e+01 2.084131e+01 2.128000e+01 2.081500e+01 2.070519e+01 2.084171e+01
2.035000e+01 2.081500e+01 2.079905e+01 2.083384e+01 2.035000e+01 2.082500e+01 2.079777e+01 2.083396e+01
2.061000e+01 2.081500e+01 2.099916e+01 2.078556e+01 2.061000e+01 2.082500e+01 2.099617e+01 2.077564e+01
2.101000e+01 2.081500e+01 2.049607e+01 2.077467e+01 2.101000e+01 2.082500e+01 2.049922e+01 2.076498e+01
2.127500e+01 2.082000e+01 2.069934e+01 2.084087e+01 2.127000e+01 2.082500e+01 2.069366e+01 2.083987e+01
2.128000e+01 2.081500e+01 2.070519e+01 2.084171e+01 2.127500e+01 2.082000e+01 2.069934e+01 2.084087e+01
2.035000e+01 2.082500e+01 2.079777e+01 2.083396e+01 2.035000e+01 2.083500e+01 2.079619e+01 2.083417e+01
2.061000e+01 2.082500e+01 2.099617e+01 2.077564e+01 2.061000e+01 2.083500e+01 2.099272e+01 2.076612e+01
2.101000e+01 2.082500e+01 2.049922e+01 2.076498e+01 2.101000e+01 2.083500e+01 2.050284e+01 2.075578e+01
2.127000e+01 2.082500e+01 2.069366e+01 2.083987e+01 2.127000e+01 2.083500e+01 2.069616e+01 2.084023e+01
2.035000e+01 2.083500e+01 2.079619e+01 2.083417e+01 2.035000e+01 2.084500e+01 2.079433e+01 2.083450e+01
2.061000e+01 2.083500e+01 2.099272e+01 2.076612e+01 2.061500e+01 2.084000e+01 2.099018e+01 2.075965e+01
2.061500e+01 2.084000e+01 2.099018e+01 2.075965e+01 2.062000e+01 2.084500e+01 2.098714e+01 2.075292e+01
2.100500e+01 2.084000e+01 2.050554e+01 2.074943e+01 2.100000e+01 2.084500e+01 2.050871e+01 2.074286e+01
2.101000e+01 2.083500e+01 2.050284e+01 2.075578e+01 2.100500e+01 2.084000e+01 2.050554e+01 2.074943e+01
2.127000e+01 2.083500e+01 2.069616e+01 2.084023e+01 2.127000e+01 2.084500e+01 2.069895e+01 2.084075e+01
2.035000e+01 2.084500e+01 2.079433e+01 2.083450e+01 2.035000e+01 2.085500e+01 2.079218e+01 2.083495e+01
2.062000e+01 2.084500e+01 2.098714e+01 2.075292e+01 2.062000e+01 2.085500e+01 2.098278e+01 2.074398e+01
2.100000e+01 2.084500e+01 2.050871e+01 2.074286e+01 2.100000e+01 2.085500e+01 2.051316e+01 2.073439e+01
2.127000e+01 2.084500e+01 2.069895e+01 2.084075e+01 2.127000e+01 2.085500e+01 2.070201e+01 2.084143e+01
2.035000e+01 2.085500e+01 2.079218e+01 2.083495e+01 2.035500e+01 2.086000e+01 2.079770e+01 2.083404e+01
2.035500e+01 2.086000e+01 2.079770e+01 2.083404e+01 2.036000e+01 2.086500e+01 2.080302e+01 2.083295e+01
2.062000e+01 2.085500e+01 2.098278e+01 2.074398e+01 2.062500e+01 2.086000e+01 2.097926e+01 2.073744e+01
2.062500e+01 2.086000e+01 2.097926e+01 2.073744e+01 2.063000e+01 2.086500e+01 2.097524e+01 2.073068e+01
2.099500e+01 2.086000e+01 2.051674e+01 2.072808e+01 2.099000e+01 2.086500e+01 2.052080e+01 2.072158e+01
2.100000e+01 2.085500e+01 2.051316e+01 2.073439e+01 2.099500e+01 2.086000e+01 2.051674e+01 2.072808e+01
2.127000e+01 2.085500e+01 2.070201e+01 2.084143e+01 2.127000e+01 2.086500e+01 2.070535e+01 2.084230e+01
2.036000e+01 2.086500e+01 2.080302e+01 2.083295e+01 2.036000e+01 2.087500e+01 2.080026e+01 2.083343e+01
2.063000e+01 2.086500e+01 2.097524e+01 2.073068e+01 2.063000e+01 2.087500e+01 2.097012e+01 2.072263e+01
2.098500e+01 2.087000e+01 2.052502e+01 2.071528e+01 2.098000e+01 2.087500e+01 2.052973e+01 2.070885e+01
2.099000e+01 2.086500e+01 2.052080e+01 2.072158e+01 2.098500e+01 2.087000e+01 2.052502e+01 2.071528e+01
2.127000e+01 2.086500e+01 2.070535e+01 2.084230e+01 2.127000e+01 2.087500e+01 2.070894e+01 2.084337e+01
2.036000e+01 2.087500e+01 2.080026e+01 2.083343e+01 2.036000e+01 2.088500e+01 2.079723e+01 2.083409e+01
2.063000e+01 2.087500e+01 2.097012e+01 2.072263e+01 2.063500e+01 2.088000e+01 2.096574e+01 2.071625e+01
2.063500e+01 2.088000e+01 2.096574e+01 2.071625e+01 2.064000e+01 2.088500e+01 2.096085e+01 2.070972e+01
2.098000e+01 2.087500e+01 2.052973e+01 2.070885e+01 2.098000e+01 2.088500e+01 2.053513e+01 2.070187e+01
2.126500e+01 2.088000e+01 2.070422e+01 2.084208e+01 2.126000e+01 2.088500e+01 2.069969e+01 2.084064e+01
2.127000e+01 2.087500e+01 2.070894e+01 2.084337e+01 2.126500e+01 2.088000e+01 2.070422e+01 2.084208e+01
2.036000e+01 2.088500e+01 2.079723e+01 2.083409e+01 2.036000e+01 2.089500e+01 2.079395e+01 2.083495e+01
2.064000e+01 2.088500e+01 2.096085e+01 2.070972e+01 2.064500e+01 2.089000e+01 2.095583e+01 2.070345e+01
2.064500e+01 2.089000e+01 2.095583e+01 2.070345e+01 2.065000e+01 2.089500e+01 2.095032e+01 2.069707e+01
2.097500e+01 2.089000e+01 2.054007e+01 2.069595e+01 2.097000e+01 2.089500e+01 2.054546e+01 2.068995e+01
2.098000e+01 2.088500e+01 2.053513e+01 2.070187e+01 2.097500e+01 2.089000e+01 2.054007e+01 2.069595e+01
2.126000e+01 2.088500e+01 2.069969e+01 2.084064e+01 2.126000e+01 2.089500e+01 2.070385e+01 2.084191e+01
2.036000e+01 2.089500e+01 2.079395e+01 2.083495e+01 2.036000e+01 2.090500e+01 2.079041e+01 2.083602e+01
2.065000e+01 2.089500e+01 2.095032e+01 2.069707e+01 2.065500e+01 2.090000e+01 2.094473e+01 2.069100e+01
2.065500e+01 2.090000e+01 2.094473e+01 2.069100e+01 2.066000e+01 2.090500e+01 2.093866e+01 2.068486e+01
2.096500e+01 2.090000e+01 2.055092e+01 2.068427e+01 2.096000e+01 2.090500e+01 2.055682e+01 2.067855e+01
2.097000e+01 2.089500e+01 2.054546e+01 2.068995e+01 2.096500e+01 2.090000e+01 2.055092e+01 2.068427e+01
2.126000e+01 2.089500e+01 2.070385e+01 2.084191e+01 2.126000e+01 2.090500e+01 2.070824e+01 2.084342e+01
2.036000e+01 2.090500e+01 2.079041e+01 2.083602e+01 2.036500e+01 2.091000e+01 2.079488e+01 2.083477e+01
2.036500e+01 2.091000e+01 2.079488e+01 2.083477e+01 2.037000e+01 2.091500e+01 2.079914e+01 2.083337e+01
2.066000e+01 2.090500e+01 2.093866e+01 2.068486e+01 2.066500e+01 2.091000e+01 2.093256e+01 2.067909e+01
2.066500e+01 2.091000e+01 2.093256e+01 2.067909e+01 2.067000e+01 2.091500e+01 2.092602e+01 2.067330e+01
2.095500e+01 2.091000e+01 2.056273e+01 2.067318e+01 2.095000e+01 2.091500e+01 2.056906e+01 2.066782e+01
2.096000e+01 2.090500e+01 2.055682e+01 2.067855e+01 2.095500e+01 2.091000e+01 2.056273e+01 2.067318e+01
2.126000e+01 2.090500e+01 2.070824e+01 2.084342e+01 2.126000e+01 2.091500e+01 2.071286e+01 2.084518e+01
2.037000e+01 2.091500e+01 2.079914e+01 2.083337e+01 2.037000e+01 2.092500e+01 2.079504e+01 2.083466e+01
2.067000e+01 2.091500e+01 2.092602e+01 2.067330e+01 2.067500e+01 2.092000e+01 2.091949e+01 2.066790e+01
2.067500e+01 2.092000e+01 2.091949e+01 2.066790e+01 2.068000e+01 2.092500e+01 2.091257e+01 2.066254e+01
2.093500e+01 2.092000e+01 2.058309e+01 2.065721e+01 2.093000e+01 2.092500e+01 2.059012e+01 2.065235e+01
2.093500e+01 2.092000e+01 2.058309e+01 2.065721e+01 2.094500e+01 2.092000e+01 2.057536e+01 2.066284e+01
2.095000e+01 2.091500e+01 2.056906e+01 2.066782e+01 2.094500e+01 2.092000e+01 2.057536e+01 2.066284e+01
2.125500e+01 2.092000e+01 2.070895e+01 2.084378e+01 2.125000e+01 2.092500e+01 2.070524e+01 2.084223e+01
2.126000e+01 2.091500e+01 2.071286e+01 2.084518e+01 2.125500e+01 2.092000e+01 2.070895e+01 2.084378e+01
2.037000e+01 2.092500e+01 2.079504e+01 2.083466e+01 2.037000e+01 2.093500e+01 2.079072e+01 2.083622e+01
2.068000e+01 2.092500e+01 2.091257e+01 2.066254e+01 2.068500e+01 2.093000e+01 2.090571e+01 2.065760e+01
2.068500e+01 2.093000e+01 2.090571e+01 2.065760e+01 2.069000e+01 2.093500e+01 2.089849e+01 2.065275e+01
2.092500e+01 2.093000e+01 2.059707e+01 2.064792e+01 2.092000e+01 2.093500e+01 2.060432e+01 2.064361e+01
2.093000e+01 2.092500e+01 2.059012e+01 2.065235e+01 2.092500e+01 2.093000e+01 2.059707e+01 2.064792e+01
2.125000e+01 2.092500e+01 2.070524e+01 2.084223e+01 2.125000e+01 2.093500e+01 2.071037e+01 2.084433e+01
2.037000e+01 2.093500e+01 2.079072e+01 2.083622e+01 2.037500e+01 2.094000e+01 2.079450e+01 2.083486e+01
2.037500e+01 2.094000e+01 2.079450e+01 2.083486e+01 2.038000e+01 2.094500e+01 2.079805e+01 2.083335e+01
2.069000e+01 2.093500e+01 2.089849e+01 2.065275e+01 2.069500e+01 2.094000e+01 2.089139e+01 2.064834e+01
2.069500e+01 2.094000e+01 2.089139e+01 2.064834e+01 2.070500e+01 2.094000e+01 2.088201e+01 2.064292e+01
2.070500e+01 2.094000e+01 2.088201e+01 2.064292e+01 2.071000e+01 2.094500e+01 2.087435e+01 2.063881e+01
2.090500e+01 2.094000e+01 2.062125e+01 2.063482e+01 2.090000e+01 2.094500e+01 2.062883e+01 2.063127e+01
2.090500e+01 2.094000e+01 2.062125e+01 2.063482e+01 2.091500e+01 2.094000e+01 2.061143e+01 2.063974e+01
2.092000e+01 2.093500e+01 2.060432e+01 2.064361e+01 2.091500e+01 2.094000e+01 2.061143e+01 2.063974e+01
2.125000e+01 2.093500e+01 2.071037e+01 2.084433e+01 2.125000e+01 2.094500e+01 2.071570e+01 2.084673e+01
2.038000e+01 2.094500e+01 2.079805e+01 2.083335e+01 2.038000e+01 2.095500e+01 2.079322e+01 2.083526e+01
2.071000e+01 2.094500e+01 2.087435e+01 2.063881e+01 2.071500e+01 2.095000e+01 2.086687e+01 2.063516e+01
2.071500e+01 2.095000e+01 2.086687e+01 2.063516e+01 2.072500e+01 2.095000e+01 2.085626e+01 2.063042e+01
2.072500e+01 2.095000e+01 2.085626e+01 2.063042e+01 2.073000e+01 2.095500e+01 2.084843e+01 2.062719e+01
2.088500e+01 2.095000e+01 2.064717e+01 2.062404e+01 2.088000e+01 2.095500e+01 2.065482e+01 2.062138e+01
2.088500e+01 2.095000e+01 2.064717e+01 2.062404e+01 2.089500e+01 2.095000e+01 2.063623e+01 2.062819e+01
2.090000e+01 2.094500e+01 2.062883e+01 2.063127e+01 2.089500e+01 2.095000e+01 2.063623e+01 2.062819e+01
2.124500e+01 2.095000e+01 2.071241e+01 2.084532e+01 2.124000e+01 2.095500e+01 2.070934e+01 2.084378e+01
2.125000e+01 2.094500e+01 2.071570e+01 2.084673e+01 2.124500e+01 2.095000e+01 2.071241e+01 2.084532e+01
2.038000e+01 2.095500e+01 2.079322e+01 2.083526e+01 2.038000e+01 2.096500e+01 2.078819e+01 2.083746e+01
2.073000e+01 2.095500e+01 2.084843e+01 2.062719e+01 2.073500e+01 2.096000e+01 2.084083e+01 2.062445e+01
2.073500e+01 2.096000e+01 2.084083e+01 2.062445e+01 2.074500e+01 2.096000e+01 2.082935e+01 2.062057e+01
2.074500e+01 2.096000e+01 2.082935e+01 2.062057e+01 2.075500e+01 2.096000e+01 2.081733e+01 2.061715e+01
2.075500e+01 2.096000e+01 2.081733e+01 2.061715e+01 2.076500e+01 2.096000e+01 2.080486e+01 2.061423e+01
2.076500e+01 2.096000e+01 2.080486e+01 2.061423e+01 2.077000e+01 2.096500e+01 2.079723e+01 2.061258e+01
2.084500e+01 2.096000e+01 2.069881e+01 2.061105e+01 2.084000e+01 2.096500e+01 2.070613e+01 2.060991e+01
2.084500e+01 2.096000e+01 2.069881e+01 2.061105e+01 2.085500e+01 2.096000e+01 2.068617e+01 2.061324e+01
2.085500e+01 2.096000e+01 2.068617e+01 2.061324e+01 2.086500e+01 2.096000e+01 2.067396e+01 2.061596e+01
2.086500e+01 2.096000e+01 2.067396e+01 2.061596e+01 2.087500e+01 2.096000e+01 2.066224e+01 2.061918e+01
2.088000e+01 2.095500e+01 2.065482e+01 2.062138e+01 2.087500e+01 2.096000e+01 2.066224e+01 2.061918e+01
2.124000e+01 2.095500e+01 2.070934e+01 2.084378e+01 2.124000e+01 2.096500e+01 2.071512e+01 2.084662e+01
2.038000e+01 2.096500e+01 2.078819e+01 2.083746e+01 2.038500e+01 2.097000e+01 2.079130e+01 2.083611e+01
2.038500e+01 2.097000e+01 2.079130e+01 2.083611e+01 2.039000e+01 2.097500e+01 2.079418e+01 2.083463e+01
2.077000e+01 2.096500e+01 2.079723e+01 2.061258e+01 2.077500e+01 2.097000e+01 2.078990e+01 2.061141e+01
2.077500e+01 2.097000e+01 2.078990e+01 2.061141e+01 2.078500e+01 2.097000e+01 2.077730e+01 2.060962e+01
2.078500e+01 2.097000e+01 2.077730e+01 2.060962e+01 2.079500e+01 2.097000e+01 2.076450e+01 2.060839e+01
2.079500e+01 2.097000e+01 2.076450e+01 2.060839e+01 2.080500e+01 2.097000e+01 2.075160e+01 2.060773e+01
2.080500e+01 2.097000e+01 2.075160e+01 2.060773e+01 2.081500e+01 2.097000e+01 2.073868e+01 2.060765e+01
2.081500e+01 2.097000e+01 2.073868e+01 2.060765e+01 2.082500e+01 2.097000e+01 2.072584e+01 2.060814e+01
2.082500e+01 2.097000e+01 2.072584e+01 2.060814e+01 2.083500e+01 2.097000e+01 2.071316e+01 2.060921e+01
2.084000e+01 2.096500e+01 2.070613e+01 2.060991e+01 2.083500e+01 2.097000e+01 2.071316e+01 2.060921e+01
2.123500e+01 2.097000e+01 2.071231e+01 2.084523e+01 2.123000e+01 2.097500e+01 2.070973e+01 2.084371e+01
2.124000e+01 2.096500e+01 2.071512e+01 2.084662e+01 2.123500e+01 2.097000e+01 2.071231e+01 2.084523e+01
2.039000e+01 2.097500e+01 2.079418e+01 2.083463e+01 2.039000e+01 2.098500e+01 2.078871e+01 2.083728e+01
2.123000e+01 2.097500e+01 2.070973e+01 2.084371e+01 2.123000e+01 2.098500e+01 2.071591e+01 2.084706e+01
2.039000e+01 2.098500e+01 2.078871e+01 2.083728e+01 2.039000e+01 2.099500e+01 2.078308e+01 2.084027e+01
2.123000e+01 2.098500e+01 2.071591e+01 2.084706e+01 2.123000e+01 2.099500e+01 2.072223e+01 2.085074e+01
2.039000e+01 2.099500e+01 2.078308e+01 2.084027e+01 2.039500e+01 2.100000e+01 2.078557e+01 2.083905e+01
2.039500e+01 2.100000e+01 2.078557e+01 2.083905e+01 2.040000e+01 2.100500e+01 2.078781e+01 2.083771e+01
2.122500e+01 2.100000e+01 2.071999e+01 2.084953e+01 2.122000e+01 2.100500e+01 2.071797e+01 2.084822e+01
2.123000e+01 2.099500e+01 2.072223e+01 2.085074e+01 2.122500e+01 2.100000e+01 2.071999e+01 2.084953e+01
2.040000e+01 2.100500e+01 2.078781e+01 2.083771e+01 2.040000e+01 2.101500e+01 2.078181e+01 2.084124e+01
2.122000e+01 2.100500e+01 2.071797e+01 2.084822e+01 2.122000e+01 2.101500e+01 2.072463e+01 2.085248e+01
2.040000e+01 2.101500e+01 2.078181e+01 2.084124e+01 2.040500e+01 2.102000e+01 2.078384e+01 2.084013e+01
2.040500e+01 2.102000e+01 2.078384e+01 2.084013e+01 2.041000e+01 2.102500e+01 2.078562e+01 2.083892e+01
2.121500e+01 2.102000e+01 2.072281e+01 2.085142e+01 2.121000e+01 2.102500e+01 2.072121e+01 2.085026e+01
2.122000e+01 2.101500e+01 2.072463e+01 2.085248e+01 2.121500e+01 2.102000e+01 2.072281e+01 2.085142e+01
2.041000e+01 2.102500e+01 2.078562e+01 2.083892e+01 2.041000e+01 2.103500e+01 2.077930e+01 2.084307e+01
2.121000e+01 2.102500e+01 2.072121e+01 2.085026e+01 2.121000e+01 2.103500e+01 2.072815e+01 2.085516e+01
2.041000e+01 2.103500e+01 2.077930e+01 2.084307e+01 2.041500e+01 2.104000e+01 2.078090e+01 2.084212e+01
2.041500e+01 2.104000e+01 2.078090e+01 2.084212e+01 2.042000e+01 2.104500e+01 2.078224e+01 2.084109e+01
2.120500e+01 2.104000e+01 2.072671e+01 2.085428e+01 2.120000e+01 2.104500e+01 2.072551e+01 2.085334e+01
2.121000e+01 2.103500e+01 2.072815e+01 2.085516e+01 2.120500e+01 2.104000e+01 2.072671e+01 2.085428e+01
2.042000e+01 2.104500e+01 2.078224e+01 2.084109e+01 2.042000e+01 2.105500e+01 2.077567e+01 2.084591e+01
2.119500e+01 2.105000e+01 2.072438e+01 2.085254e+01 2.119000e+01 2.105500e+01 2.072347e+01 2.085169e+01
2.120000e+01 2.104500e+01 2.072551e+01 2.085334e+01 2.119500e+01 2.105000e+01 2.072438e+01 2.085254e+01
2.042000e+01 2.105500e+01 2.077567e+01 2.084591e+01 2.042500e+01 2.106000e+01 2.077686e+01 2.084518e+01
2.042500e+01 2.106000e+01 2.077686e+01 2.084518e+01 2.043000e+01 2.106500e+01 2.077782e+01 2.084439e+01
2.119000e+01 2.105500e+01 2.072347e+01 2.085169e+01 2.119000e+01 2.106500e+01 2.073075e+01 2.085758e+01
2.043000e+01 2.106500e+01 2.077782e+01 2.084439e+01 2.043500e+01 2.107000e+01 2.077871e+01 2.084377e+01
2.043500e+01 2.107000e+01 2.077871e+01 2.084377e+01 2.044000e+01 2.107500e+01 2.077935e+01 2.084310e+01
2.118500e+01 2.107000e+01 2.072995e+01 2.085705e+01 2.118000e+01 2.107500e+01 2.072938e+01 2.085649e+01
2.119000e+01 2.106500e+01 2.073075e+01 2.085758e+01 2.118500e+01 2.107000e+01 2.072995e+01 2.085705e+01
2.044000e+01 2.107500e+01 2.077935e+01 2.084310e+01 2.044000e+01 2.108500e+01 2.077249e+01 2.084897e+01
2.117500e+01 2.108000e+01 2.072885e+01 2.085609e+01 2.117000e+01 2.108500e+01 2.072854e+01 2.085567e+01
2.118000e+01 2.107500e+01 2.072938e+01 2.085649e+01 2.117500e+01 2.108000e+01 2.072885e+01 2.085609e+01
2.044000e+01 2.108500e+01 2.077249e+01 2.084897e+01 2.044500e+01 2.109000e+01 2.077305e+01 2.084865e+01
2.044500e+01 2.109000e+01 2.077305e+01 2.084865e+01 2.045000e+01 2.109500e+01 2.077337e+01 2.084830e+01
2.117000e+01 2.108500e+01 2.072854e+01 2.085567e+01 2.117000e+01 2.109500e+01 2.073601e+01 2.086265e+01
2.045000e+01 2.109500e+01 2.077337e+01 2.084830e+01 2.045500e+01 2.110000e+01 2.077367e+01 2.084814e+01
2.045500e+01 2.110000e+01 2.077367e+01 2.084814e+01 2.046000e+01 2.110500e+01 2.077373e+01 2.084796e+01
2.116500e+01 2.110000e+01 2.073575e+01 2.086259e+01 2.116000e+01 2.110500e+01 2.073571e+01 2.086252e+01
2.117000e+01 2.109500e+01 2.073601e+01 2.086265e+01 2.116500e+01 2.110000e+01 2.073575e+01 2.086259e+01
2.046000e+01 2.110500e+01 2.077373e+01 2.084796e+01 2.046500e+01 2.111000e+01 2.077378e+01 2.084798e+01
2.046500e+01 2.111000e+01 2.077378e+01 2.084798e+01 2.047000e+01 2.111500e+01 2.077359e+01 2.084799e+01
2.115500e+01 2.111000e+01 2.073568e+01 2.086263e+01 2.115000e+01 2.111500e+01 2.073586e+01 2.086275e+01
2.116000e+01 2.110500e+01 2.073571e+01 2.086252e+01 2.115500e+01 2.111000e+01 2.073568e+01 2.086263e+01
2.047000e+01 2.111500e+01 2.077359e+01 2.084799e+01 2.047500e+01 2.112000e+01 2.077341e+01 2.084820e+01
2.047500e+01 2.112000e+01 2.077341e+01 2.084820e+01 2.048000e+01 2.112500e+01 2.077301e+01 2.084842e+01
2.114500e+01 2.112000e+01 2.073604e+01 2.086306e+01 2.114000e+01 2.112500e+01 2.073643e+01 2.086338e+01
2.115000e+01 2.111500e+01 2.073586e+01 2.086275e+01 2.114500e+01 2.112000e+01 2.073604e+01 2.086306e+01
2.048000e+01 2.112500e+01 2.077301e+01 2.084842e+01 2.048000e+01 2.113500e+01 2.076602e+01 2.085626e+01
2.113500e+01 2.113000e+01 2.073681e+01 2.086390e+01 2.113000e+01 2.113500e+01 2.073739e+01 2.086444e+01
2.114000e+01 2.112500e+01 2.073643e+01 2.086338e+01 2.113500e+01 2.113000e+01 2.073681e+01 2.086390e+01
2.048000e+01 2.113500e+01 2.076602e+01 2.085626e+01 2.048500e+01 2.114000e+01 2.076565e+01 2.085690e+01
2.048500e+01 2.114000e+01 2.076565e+01 2.085690e+01 2.049000e+01 2.114500e+01 2.076507e+01 2.085756e+01
2.112500e+01 2.114000e+01 2.073794e+01 2.086518e+01 2.112000e+01 2.114500e+01 2.073869e+01 2.086596e+01
2.113000e+01 2.113500e+01 2.073739e+01 2.086444e+01 2.112500e+01 2.114000e+01 2.073794e+01 2.086518e+01
2.049000e+01 2.114500e+01 2.076507e+01 2.085756e+01 2.049500e+01 2.115000e+01 2.076451e+01 2.085844e+01
2.049500e+01 2.115000e+01 2.076451e+01 2.085844e+01 2.050000e+01 2.115500e+01 2.076376e+01 2.085936e+01
2.111500e+01 2.115000e+01 2.073941e+01 2.086694e+01 2.111000e+01 2.115500e+01 2.074031e+01 2.086797e+01
2.112000e+01 2.114500e+01 2.073869e+01 2.086596e+01 2.111500e+01 2.115000e+01 2.073941e+01 2.086694e+01
2.050000e+01 2.115500e+01 2.076376e+01 2.085936e+01 2.050500e+01 2.116000e+01 2.076305e+01 2.086049e+01
2.050500e+01 2.116000e+01 2.076305e+01 2.086049e+01 2.051000e+01 2.116500e+01 2.076215e+01 2.086167e+01
2.110500e+01 2.116000e+01 2.074116e+01 2.086920e+01 2.110000e+01 2.116500e+01 2.074219e+01 2.087049e+01
2.111000e+01 2.115500e+01 2.074031e+01 2.086797e+01 2.110500e+01 2.116000e+01 2.074116e+01 2.086920e+01
2.051000e+01 2.116500e+01 2.076215e+01 2.086167e+01 2.051500e+01 2.117000e+01 2.076131e+01 2.086307e+01
2.051500e+01 2.117000e+01 2.076131e+01 2.086307e+01 2.052500e+01 2.117000e+01 2.076593e+01 2.085641e+01
2.052500e+01 2.117000e+01 2.076593e+01 2.085641e+01 2.053000e+01 2.117500e+01 2.076474e+01 2.085794e+01
2.109500e+01 2.117000e+01 2.074316e+01 2.087199e+01 2.109000e+01 2.117500e+01 2.074430e+01 2.087355e+01
2.110000e+01 2.116500e+01 2.074219e+01 2.087049e+01 2.109500e+01 2.117000e+01 2.074316e+01 2.087199e+01
2.053000e+01 2.117500e+01 2.076474e+01 2.085794e+01 2.053500e+01 2.118000e+01 2.076362e+01 2.085969e+01
2.053500e+01 2.118000e+01 2.076362e+01 2.085969e+01 2.054000e+01 2.118500e+01 2.076233e+01 2.086152e+01
2.108500e+01 2.118000e+01 2.074536e+01 2.087532e+01 2.108000e+01 2.118500e+01 2.074659e+01 2.087716e+01
2.109000e+01 2.117500e+01 2.074430e+01 2.087355e+01 2.108500e+01 2.118000e+01 2.074536e+01 2.087532e+01
2.054000e+01 2.118500e+01 2.076233e+01 2.086152e+01 2.054500e+01 2.119000e+01 2.076114e+01 2.086357e+01
2.054500e+01 2.119000e+01 2.076114e+01 2.086357e+01 2.055000e+01 2.119500e+01 2.075979e+01 2.086572e+01
2.106500e+01 2.119000e+01 2.074353e+01 2.087240e+01 2.106000e+01 2.119500e+01 2.074496e+01 2.087463e+01
2.106500e+01 2.119000e+01 2.074353e+01 2.087240e+01 2.107500e+01 2.119000e+01 2.074774e+01 2.087920e+01
2.108000e+01 2.118500e+01 2.074659e+01 2.087716e+01 2.107500e+01 2.119000e+01 2.074774e+01 2.087920e+01
2.055000e+01 2.119500e+01 2.075979e+01 2.086572e+01 2.055500e+01 2.120000e+01 2.075854e+01 2.086808e+01
2.055500e+01 2.120000e+01 2.075854e+01 2.086808e+01 2.056000e+01 2.120500e+01 2.075715e+01 2.087054e+01
2.105500e+01 2.120000e+01 2.074631e+01 2.087705e+01 2.105000e+01 2.120500e+01 2.074778e+01 2.087958e+01
2.106000e+01 2.119500e+01 2.074496e+01 2.087463e+01 2.105500e+01 2.120000e+01 2.074631e+01 2.087705e+01
2.056000e+01 2.120500e+01 2.075715e+01 2.087054e+01 2.056500e+01 2.121000e+01 2.075587e+01 2.087322e+01
2.056500e+01 2.121000e+01 2.075587e+01 2.087322e+01 2.057500e+01 2.121000e+01 2.075891e+01 2.086737e+01
2.057500e+01 2.121000e+01 2.075891e+01 2.086737e+01 2.058000e+01 2.121500e+01 2.075740e+01 2.087027e+01
2.103500e+01 2.121000e+01 2.074582e+01 2.087602e+01 2.103000e+01 2.121500e+01 2.074742e+01 2.087897e+01
2.103500e+01 2.121000e+01 2.074582e+01 2.087602e+01 2.104500e+01 2.121000e+01 2.074914e+01 2.088231e+01
2.105000e+01 2.120500e+01 2.074778e+01 2.087958e+01 2.104500e+01 2.121000e+01 2.074914e+01 2.088231e+01
2.058000e+01 2.121500e+01 2.075740e+01 2.087027e+01 2.058500e+01 2.122000e+01 2.075600e+01 2.087339e+01
2.058500e+01 2.122000e+01 2.075600e+01 2.087339e+01 2.059500e+01 2.122000e+01 2.075848e+01 2.086791e+01
2.059500e+01 2.122000e+01 2.075848e+01 2.086791e+01 2.060000e+01 2.122500e+01 2.075689e+01 2.087128e+01
2.101500e+01 2.122000e+01 2.074614e+01 2.087620e+01 2.101000e+01 2.122500e+01 2.074780e+01 2.087959e+01
2.101500e+01 2.122000e+01 2.074614e+01 2.087620e+01 2.102500e+01 2.122000e+01 2.074890e+01 2.088211e+01
2.103000e+01 2.121500e+01 2.074742e+01 2.087897e+01 2.102500e+01 2.122000e+01 2.074890e+01 2.088211e+01
2.060000e+01 2.122500e+01 2.075689e+01 2.087128e+01 2.060500e+01 2.123000e+01 2.075544e+01 2.087486e+01
2.060500e+01 2.123000e+01 2.075544e+01 2.087486e+01 2.061500e+01 2.123000e+01 2.075742e+01 2.086982e+01
2.061500e+01 2.123000e+01 2.075742e+01 2.086982e+01 2.062000e+01 2.123500e+01 2.075583e+01 2.087367e+01
2.099500e+01 2.123000e+01 2.074707e+01 2.087768e+01 2.099000e+01 2.123500e+01 2.074874e+01 2.088153e+01
2.099500e+01 2.123000e+01 2.074707e+01 2.087768e+01 2.100500e+01 2.123000e+01 2.074933e+01 2.088317e+01
2.101000e+01 2.122500e+01 2.074780e+01 2.087959e+01 2.100500e+01 2.123000e+01 2.074933e+01 2.088317e+01
2.062000e+01 2.123500e+01 2.075583e+01 2.087367e+01 2.062500e+01 2.124000e+01 2.075438e+01 2.087773e+01
2.062500e+01 2.124000e+01 2.075438e+01 2.087773e+01 2.063500e+01 2.124000e+01 2.075595e+01 2.087315e+01
2.063500e+01 2.124000e+01 2.075595e+01 2.087315e+01 2.064000e+01 2.124500e+01 2.075440e+01 2.087750e+01
2.097500e+01 2.124000e+01 2.074844e+01 2.088054e+01 2.097000e+01 2.124500e+01 2.075007e+01 2.088485e+01
2.097500e+01 2.124000e+01 2.074844e+01 2.088054e+01 2.098500e+01 2.124000e+01 2.075028e+01 2.088556e+01
2.099000e+01 2.123500e+01 2.074874e+01 2.088153e+01 2.098500e+01 2.124000e+01 2.075028e+01 2.088556e+01
2.064000e+01 2.124500e+01 2.075440e+01 2.087750e+01 2.064500e+01 2.125000e+01 2.075301e+01 2.088205e+01
2.064500e+01 2.125000e+01 2.075301e+01 2.088205e+01 2.065500e+01 2.125000e+01 2.075424e+01 2.087799e+01
2.065500e+01 2.125000e+01 2.075424e+01 2.087799e+01 2.066000e+01 2.125500e+01 2.075282e+01 2.088284e+01
2.095500e+01 2.125000e+01 2.075007e+01 2.088482e+01 2.095000e+01 2.125500e+01 2.075160e+01 2.088960e+01
2.095500e+01 2.125000e+01 2.075007e+01 2.088482e+01 2.096500e+01 2.125000e+01 2.075156e+01 2.088934e+01
2.097000e+01 2.124500e+01 2.075007e+01 2.088485e+01 2.096500e+01 2.125000e+01 2.075156e+01 2.088934e+01
2.066000e+01 2.125500e+01 2.075282e+01 2.088284e+01 2.066500e+01 2.126000e+01 2.075154e+01 2.088789e+01
2.066500e+01 2.126000e+01 2.075154e+01 2.088789e+01 2.067500e+01 2.126000e+01 2.075252e+01 2.088437e+01
2.067500e+01 2.126000e+01 2.075252e+01 2.088437e+01 2.068500e+01 2.126000e+01 2.075328e+01 2.088108e+01
2.068500e+01 2.126000e+01 2.075328e+01 2.088108e+01 2.069500e+01 2.126000e+01 2.075384e+01 2.087805e+01
2.069500e+01 2.126000e+01 2.075384e+01 2.087805e+01 2.070000e+01 2.126500e+01 2.075264e+01 2.088373e+01
2.091500e+01 2.126000e+01 2.075001e+01 2.088328e+01 2.091000e+01 2.126500e+01 2.075135e+01 2.088884e+01
2.091500e+01 2.126000e+01 2.075001e+01 2.088328e+01 2.092500e+01 2.126000e+01 2.075078e+01 2.088680e+01
2.092500e+01 2.126000e+01 2.075078e+01 2.088680e+01 2.093500e+01 2.126000e+01 2.075177e+01 2.089056e+01
2.093500e+01 2.126000e+01 2.075177e+01 2.089056e+01 2.094500e+01 2.126000e+01 2.075299e+01 2.089455e+01
2.095000e+01 2.125500e+01 2.075160e+01 2.088960e+01 2.094500e+01 2.126000e+01 2.075299e+01 2.089455e+01
2.070000e+01 2.126500e+01 2.075264e+01 2.088373e+01 2.070500e+01 2.127000e+01 2.075160e+01 2.088959e+01
2.070500e+01 2.127000e+01 2.075160e+01 2.088959e+01 2.071500e+01 2.127000e+01 2.075206e+01 2.088714e+01
2.071500e+01 2.127000e+01 2.075206e+01 2.088714e+01 2.072500e+01 2.127000e+01 2.075238e+01 2.088496e+01
2.072500e+01 2.127000e+01 2.075238e+01 2.088496e+01 2.073500e+01 2.127000e+01 2.075256e+01 2.088304e+01
2.073500e+01 2.127000e+01 2.075256e+01 2.088304e+01 2.074500e+01 2.127000e+01 2.075262e+01 2.088140e+01
2.074500e+01 2.127000e+01 2.075262e+01 2.088140e+01 2.075000e+01 2.127500e+01 2.075193e+01 2.088808e+01
2.086500e+01 2.127000e+01 2.075088e+01 2.088439e+01 2.086000e+01 2.127500e+01 2.075176e+01 2.089087e+01
2.086500e+01 2.127000e+01 2.075088e+01 2.088439e+01 2.087500e+01 2.127000e+01 2.075107e+01 2.088652e+01
2.087500e+01 2.127000e+01 2.075107e+01 2.088652e+01 2.088500e+01 2.127000e+01 2.075141e+01 2.088894e+01
2.088500e+01 2.127000e+01 2.075141e+01 2.088894e+01 2.089500e+01 2.127000e+01 2.075189e+01 2.089161e+01
2.089500e+01 2.127000e+01 2.075189e+01 2.089161e+01 2.090500e+01 2.127000e+01 2.075253e+01 2.089456e+01
2.091000e+01 2.126500e+01 2.075135e+01 2.088884e+01 2.090500e+01 2.127000e+01 2.075253e+01 2.089456e+01
2.075000e+01 2.127500e+01 2.075193e+01 2.088808e+01 2.075500e+01 2.128000e+01 2.075140e+01 2.089490e+01
2.075500e+01 2.128000e+01 2.075140e+01 2.089490e+01 2.076500e+01 2.128000e+01 2.075157e+01 2.089387e+01
2.076500e+01 2.128000e+01 2.075157e+01 2.089387e+01 2.077500e+01 2.128000e+01 2.075168e+01 2.089313e+01
2.077500e+01 2.128000e+01 2.075168e+01 2.089313e+01 2.078500e+01 2.128000e+01 2.075174e+01 2.089267e+01
2.078500e+01 2.128000e+01 2.075174e+01 2.089267e+01 2.079500e+01 2.128000e+01 2.075178e+01 2.089249e+01
2.079500e+01 2.128000e+01 2.075178e+01 2.089249e+01 2.080500e+01 2.128000e+01 2.075182e+01 2.089261e+01
2.080500e+01 2.128000e+01 2.075182e+01 2.089261e+01 2.081500e+01 2.128000e+01 2.075186e+01 2.089301e+01
2.081500e+01 2.128000e+01 2.075186e+01 2.089301e+01 2.082500e+01 2.128000e+01 2.075193e+01 2.089370e+01
2.082500e+01 2.128000e+01 2.075193e+01 2.089370e+01 2.083500e+01 2.128000e+01 2.075205e+01 2.089468e+01
2.083500e+01 2.128000e+01 2.075205e+01 2.089468e+01 2.084500e+01 2.128000e+01 2.075223e+01 2.089595e+01
2.084500e+01 2.128000e+01 2.075223e+01 2.089595e+01 2.085500e+01 2.128000e+01 2.075250e+01 2.089749e+01
2.086000e+01 2.127500e+01 2.075176e+01 2.089087e+01 2.085500e+01 2.128000e+01 2.075250e+01 2.089749e+01
