2.076500e+01 2.018000e+01 2.080075e+01 2.065584e+01 2.076000e+01 2.018500e+01 2.080112e+01 2.066081e+01
2.076500e+01 2.018000e+01 2.080075e+01 2.065584e+01 2.077500e+01 2.018000e+01 2.080089e+01 2.065655e+01
2.077500e+01 2.018000e+01 2.080089e+01 2.065655e+01 2.078500e+01 2.018000e+01 2.080099e+01 2.065705e+01
2.078500e+01 2.018000e+01 2.080099e+01 2.065705e+01 2.079500e+01 2.018000e+01 2.080108e+01 2.065736e+01
2.079500e+01 2.018000e+01 2.080108e+01 2.065736e+01 2.080500e+01 2.018000e+01 2.080116e+01 2.065745e+01
2.080500e+01 2.018000e+01 2.080116e+01 2.065745e+01 2.081500e+01 2.018000e+01 2.080124e+01 2.065734e+01
2.081500e+01 2.018000e+01 2.080124e+01 2.065734e+01 2.082000e+01 2.018500e+01 2.080114e+01 2.066265e+01
2.070500e+01 2.019000e+01 2.080051e+01 2.065803e+01 2.070000e+01 2.019500e+01 2.080129e+01 2.066223e+01
2.070500e+01 2.019000e+01 2.080051e+01 2.065803e+01 2.071500e+01 2.019000e+01 2.080093e+01 2.065996e+01
2.071500e+01 2.019000e+01 2.080093e+01 2.065996e+01 2.072500e+01 2.019000e+01 2.080124e+01 2.066169e+01
2.072500e+01 2.019000e+01 2.080124e+01 2.066169e+01 2.073500e+01 2.019000e+01 2.080144e+01 2.066323e+01
2.073500e+01 2.019000e+01 2.080144e+01 2.066323e+01 2.074500e+01 2.019000e+01 2.080156e+01 2.066457e+01
2.074500e+01 2.019000e+01 2.080156e+01 2.066457e+01 2.075500e+01 2.019000e+01 2.080160e+01 2.066571e+01
2.076000e+01 2.018500e+01 2.080112e+01 2.066081e+01 2.075500e+01 2.019000e+01 2.080160e+01 2.066571e+01
2.082000e+01 2.018500e+01 2.080114e+01 2.066265e+01 2.082500e+01 2.019000e+01 2.080094e+01 2.066789e+01
2.082500e+01 2.019000e+01 2.080094e+01 2.066789e+01 2.083500e+01 2.019000e+01 2.080088e+01 2.066736e+01
2.083500e+01 2.019000e+01 2.080088e+01 2.066736e+01 2.084500e+01 2.019000e+01 2.080087e+01 2.066663e+01
2.084500e+01 2.019000e+01 2.080087e+01 2.066663e+01 2.085500e+01 2.019000e+01 2.080092e+01 2.066569e+01
2.085500e+01 2.019000e+01 2.080092e+01 2.066569e+01 2.086500e+01 2.019000e+01 2.080106e+01 2.066454e+01
2.086500e+01 2.019000e+01 2.080106e+01 2.066454e+01 2.087500e+01 2.019000e+01 2.080128e+01 2.066320e+01
2.087500e+01 2.019000e+01 2.080128e+01 2.066320e+01 2.088000e+01 2.019500e+01 2.080068e+01 2.066778e+01
2.067500e+01 2.020000e+01 2.080103e+01 2.066150e+01 2.067000e+01 2.020500e+01 2.080196e+01 2.066526e+01
2.067500e+01 2.020000e+01 2.080103e+01 2.066150e+01 2.068500e+01 2.020000e+01 2.080169e+01 2.066401e+01
2.068500e+01 2.020000e+01 2.080169e+01 2.066401e+01 2.069500e+01 2.020000e+01 2.080219e+01 2.066635e+01
2.070000e+01 2.019500e+01 2.080129e+01 2.066223e+01 2.069500e+01 2.020000e+01 2.080219e+01 2.066635e+01
2.088000e+01 2.019500e+01 2.080068e+01 2.066778e+01 2.088500e+01 2.020000e+01 2.079996e+01 2.067228e+01
2.088500e+01 2.020000e+01 2.079996e+01 2.067228e+01 2.089500e+01 2.020000e+01 2.080021e+01 2.067052e+01
2.089500e+01 2.020000e+01 2.080021e+01 2.067052e+01 2.090500e+01 2.020000e+01 2.080059e+01 2.066856e+01
2.090500e+01 2.020000e+01 2.080059e+01 2.066856e+01 2.091000e+01 2.020500e+01 2.079979e+01 2.067271e+01
2.065500e+01 2.021000e+01 2.080218e+01 2.066602e+01 2.065000e+01 2.021500e+01 2.080320e+01 2.066945e+01
2.065500e+01 2.021000e+01 2.080218e+01 2.066602e+01 2.066500e+01 2.021000e+01 2.080301e+01 2.066893e+01
2.067000e+01 2.020500e+01 2.080196e+01 2.066526e+01 2.066500e+01 2.021000e+01 2.080301e+01 2.066893e+01
2.091000e+01 2.020500e+01 2.079979e+01 2.067271e+01 2.091500e+01 2.021000e+01 2.079887e+01 2.067678e+01
2.091500e+01 2.021000e+01 2.079887e+01 2.067678e+01 2.092500e+01 2.021000e+01 2.079937e+01 2.067441e+01
2.092500e+01 2.021000e+01 2.079937e+01 2.067441e+01 2.093500e+01 2.021000e+01 2.080005e+01 2.067186e+01
2.093500e+01 2.021000e+01 2.080005e+01 2.067186e+01 2.094000e+01 2.021500e+01 2.079912e+01 2.067559e+01
2.063500e+01 2.022000e+01 2.080327e+01 2.066950e+01 2.063000e+01 2.022500e+01 2.080434e+01 2.067261e+01
2.063500e+01 2.022000e+01 2.080327e+01 2.066950e+01 2.064500e+01 2.022000e+01 2.080434e+01 2.067278e+01
2.065000e+01 2.021500e+01 2.080320e+01 2.066945e+01 2.064500e+01 2.022000e+01 2.080434e+01 2.067278e+01
2.094000e+01 2.021500e+01 2.079912e+01 2.067559e+01 2.094500e+01 2.022000e+01 2.079808e+01 2.067921e+01
2.094500e+01 2.022000e+01 2.079808e+01 2.067921e+01 2.095500e+01 2.022000e+01 2.079897e+01 2.067627e+01
2.095500e+01 2.022000e+01 2.079897e+01 2.067627e+01 2.096000e+01 2.022500e+01 2.079797e+01 2.067967e+01
2.061500e+01 2.023000e+01 2.080415e+01 2.067196e+01 2.061000e+01 2.023500e+01 2.080523e+01 2.067475e+01
2.061500e+01 2.023000e+01 2.080415e+01 2.067196e+01 2.062500e+01 2.023000e+01 2.080552e+01 2.067560e+01
2.063000e+01 2.022500e+01 2.080434e+01 2.067261e+01 2.062500e+01 2.023000e+01 2.080552e+01 2.067560e+01
2.096000e+01 2.022500e+01 2.079797e+01 2.067967e+01 2.096500e+01 2.023000e+01 2.079686e+01 2.068297e+01
2.096500e+01 2.023000e+01 2.079686e+01 2.068297e+01 2.097500e+01 2.023000e+01 2.079802e+01 2.067966e+01
2.097500e+01 2.023000e+01 2.079802e+01 2.067966e+01 2.098000e+01 2.023500e+01 2.079699e+01 2.068274e+01
2.059500e+01 2.024000e+01 2.080468e+01 2.067345e+01 2.059000e+01 2.024500e+01 2.080573e+01 2.067593e+01
2.059500e+01 2.024000e+01 2.080468e+01 2.067345e+01 2.060500e+01 2.024000e+01 2.080641e+01 2.067741e+01
2.061000e+01 2.023500e+01 2.080523e+01 2.067475e+01 2.060500e+01 2.024000e+01 2.080641e+01 2.067741e+01
2.098000e+01 2.023500e+01 2.079699e+01 2.068274e+01 2.098500e+01 2.024000e+01 2.079586e+01 2.068571e+01
2.098500e+01 2.024000e+01 2.079586e+01 2.068571e+01 2.099000e+01 2.024500e+01 2.079478e+01 2.068858e+01
2.058500e+01 2.025000e+01 2.080686e+01 2.067827e+01 2.058000e+01 2.025500e+01 2.080792e+01 2.068053e+01
2.059000e+01 2.024500e+01 2.080573e+01 2.067593e+01 2.058500e+01 2.025000e+01 2.080686e+01 2.067827e+01
2.099000e+01 2.024500e+01 2.079478e+01 2.068858e+01 2.099500e+01 2.025000e+01 2.079360e+01 2.069133e+01
2.099500e+01 2.025000e+01 2.079360e+01 2.069133e+01 2.100500e+01 2.025000e+01 2.079521e+01 2.068748e+01
2.100500e+01 2.025000e+01 2.079521e+01 2.068748e+01 2.101000e+01 2.025500e+01 2.079417e+01 2.069003e+01
2.057500e+01 2.026000e+01 2.080906e+01 2.068266e+01 2.057000e+01 2.026500e+01 2.081011e+01 2.068471e+01
2.058000e+01 2.025500e+01 2.080792e+01 2.068053e+01 2.057500e+01 2.026000e+01 2.080906e+01 2.068266e+01
2.101000e+01 2.025500e+01 2.079417e+01 2.069003e+01 2.101500e+01 2.026000e+01 2.079303e+01 2.069247e+01
2.101500e+01 2.026000e+01 2.079303e+01 2.069247e+01 2.102000e+01 2.026500e+01 2.079197e+01 2.069481e+01
2.055500e+01 2.027000e+01 2.080872e+01 2.068204e+01 2.055000e+01 2.027500e+01 2.080964e+01 2.068380e+01
2.055500e+01 2.027000e+01 2.080872e+01 2.068204e+01 2.056500e+01 2.027000e+01 2.081124e+01 2.068662e+01
2.057000e+01 2.026500e+01 2.081011e+01 2.068471e+01 2.056500e+01 2.027000e+01 2.081124e+01 2.068662e+01
2.102000e+01 2.026500e+01 2.079197e+01 2.069481e+01 2.102500e+01 2.027000e+01 2.079083e+01 2.069702e+01
2.102500e+01 2.027000e+01 2.079083e+01 2.069702e+01 2.103000e+01 2.027500e+01 2.078978e+01 2.069915e+01
2.054500e+01 2.028000e+01 2.081063e+01 2.068543e+01 2.054000e+01 2.028500e+01 2.081150e+01 2.068699e+01
2.055000e+01 2.027500e+01 2.080964e+01 2.068380e+01 2.054500e+01 2.028000e+01 2.081063e+01 2.068543e+01
2.103000e+01 2.027500e+01 2.078978e+01 2.069915e+01 2.103500e+01 2.028000e+01 2.078865e+01 2.070114e+01
2.103500e+01 2.028000e+01 2.078865e+01 2.070114e+01 2.104500e+01 2.028000e+01 2.079106e+01 2.069667e+01
2.104500e+01 2.028000e+01 2.079106e+01 2.069667e+01 2.105000e+01 2.028500e+01 2.079014e+01 2.069851e+01
2.053500e+01 2.029000e+01 2.081243e+01 2.068841e+01 2.053000e+01 2.029500e+01 2.081324e+01 2.068978e+01
2.054000e+01 2.028500e+01 2.081150e+01 2.068699e+01 2.053500e+01 2.029000e+01 2.081243e+01 2.068841e+01
2.105000e+01 2.028500e+01 2.079014e+01 2.069851e+01 2.105500e+01 2.029000e+01 2.078915e+01 2.070022e+01
2.105500e+01 2.029000e+01 2.078915e+01 2.070022e+01 2.106000e+01 2.029500e+01 2.078827e+01 2.070186e+01
2.052500e+01 2.030000e+01 2.081410e+01 2.069100e+01 2.052000e+01 2.030500e+01 2.081483e+01 2.069218e+01
2.053000e+01 2.029500e+01 2.081324e+01 2.068978e+01 2.052500e+01 2.030000e+01 2.081410e+01 2.069100e+01
2.106000e+01 2.029500e+01 2.078827e+01 2.070186e+01 2.106500e+01 2.030000e+01 2.078733e+01 2.070336e+01
2.106500e+01 2.030000e+01 2.078733e+01 2.070336e+01 2.107000e+01 2.030500e+01 2.078651e+01 2.070481e+01
2.051500e+01 2.031000e+01 2.081561e+01 2.069321e+01 2.051000e+01 2.031500e+01 2.081624e+01 2.069421e+01
2.052000e+01 2.030500e+01 2.081483e+01 2.069218e+01 2.051500e+01 2.031000e+01 2.081561e+01 2.069321e+01
2.107000e+01 2.030500e+01 2.078651e+01 2.070481e+01 2.107500e+01 2.031000e+01 2.078564e+01 2.070611e+01
2.107500e+01 2.031000e+01 2.078564e+01 2.070611e+01 2.108000e+01 2.031500e+01 2.078491e+01 2.070736e+01
2.050500e+01 2.032000e+01 2.081691e+01 2.069506e+01 2.050000e+01 2.032500e+01 2.081743e+01 2.069588e+01
2.051000e+01 2.031500e+01 2.081624e+01 2.069421e+01 2.050500e+01 2.032000e+01 2.081691e+01 2.069506e+01
2.108000e+01 2.031500e+01 2.078491e+01 2.070736e+01 2.108500e+01 2.032000e+01 2.078412e+01 2.070847e+01
2.108500e+01 2.032000e+01 2.078412e+01 2.070847e+01 2.109000e+01 2.032500e+01 2.078348e+01 2.070954e+01
2.050000e+01 2.032500e+01 2.081743e+01 2.069588e+01 2.050000e+01 2.033500e+01 2.082264e+01 2.070246e+01
2.109000e+01 2.032500e+01 2.078348e+01 2.070954e+01 2.109000e+01 2.033500e+01 2.077841e+01 2.071646e+01
2.049500e+01 2.034000e+01 2.082321e+01 2.070300e+01 2.049000e+01 2.034500e+01 2.082363e+01 2.070352e+01
2.050000e+01 2.033500e+01 2.082264e+01 2.070246e+01 2.049500e+01 2.034000e+01 2.082321e+01 2.070300e+01
2.109000e+01 2.033500e+01 2.077841e+01 2.071646e+01 2.109500e+01 2.034000e+01 2.077769e+01 2.071725e+01
2.109500e+01 2.034000e+01 2.077769e+01 2.071725e+01 2.110000e+01 2.034500e+01 2.077712e+01 2.071800e+01
2.048500e+01 2.035000e+01 2.082406e+01 2.070390e+01 2.048000e+01 2.035500e+01 2.082432e+01 2.070427e+01
2.049000e+01 2.034500e+01 2.082363e+01 2.070352e+01 2.048500e+01 2.035000e+01 2.082406e+01 2.070390e+01
2.110000e+01 2.034500e+01 2.077712e+01 2.071800e+01 2.110500e+01 2.035000e+01 2.077650e+01 2.071862e+01
2.110500e+01 2.035000e+01 2.077650e+01 2.071862e+01 2.111000e+01 2.035500e+01 2.077606e+01 2.071921e+01
2.047500e+01 2.036000e+01 2.082459e+01 2.070451e+01 2.047000e+01 2.036500e+01 2.082470e+01 2.070474e+01
2.048000e+01 2.035500e+01 2.082432e+01 2.070427e+01 2.047500e+01 2.036000e+01 2.082459e+01 2.070451e+01
2.111000e+01 2.035500e+01 2.077606e+01 2.071921e+01 2.111500e+01 2.036000e+01 2.077560e+01 2.071966e+01
2.111500e+01 2.036000e+01 2.077560e+01 2.071966e+01 2.112000e+01 2.036500e+01 2.077531e+01 2.072009e+01
2.047000e+01 2.036500e+01 2.082470e+01 2.070474e+01 2.047000e+01 2.037500e+01 2.083001e+01 2.071026e+01
2.112000e+01 2.036500e+01 2.077531e+01 2.072009e+01 2.112500e+01 2.037000e+01 2.077501e+01 2.072038e+01
2.112500e+01 2.037000e+01 2.077501e+01 2.072038e+01 2.113000e+01 2.037500e+01 2.077488e+01 2.072067e+01
2.046500e+01 2.038000e+01 2.083011e+01 2.071023e+01 2.046000e+01 2.038500e+01 2.083002e+01 2.071021e+01
2.047000e+01 2.037500e+01 2.083001e+01 2.071026e+01 2.046500e+01 2.038000e+01 2.083011e+01 2.071023e+01
2.113000e+01 2.037500e+01 2.077488e+01 2.072067e+01 2.113000e+01 2.038500e+01 2.076958e+01 2.072625e+01
2.045500e+01 2.039000e+01 2.082992e+01 2.071006e+01 2.045000e+01 2.039500e+01 2.082964e+01 2.070993e+01
2.046000e+01 2.038500e+01 2.083002e+01 2.071021e+01 2.045500e+01 2.039000e+01 2.082992e+01 2.071006e+01
2.113000e+01 2.038500e+01 2.076958e+01 2.072625e+01 2.113500e+01 2.039000e+01 2.076945e+01 2.072628e+01
2.113500e+01 2.039000e+01 2.076945e+01 2.072628e+01 2.114000e+01 2.039500e+01 2.076950e+01 2.072631e+01
2.045000e+01 2.039500e+01 2.082964e+01 2.070993e+01 2.045000e+01 2.040500e+01 2.083493e+01 2.071470e+01
2.114000e+01 2.039500e+01 2.076950e+01 2.072631e+01 2.114500e+01 2.040000e+01 2.076956e+01 2.072620e+01
2.114500e+01 2.040000e+01 2.076956e+01 2.072620e+01 2.115000e+01 2.040500e+01 2.076984e+01 2.072612e+01
2.044500e+01 2.041000e+01 2.083457e+01 2.071433e+01 2.044000e+01 2.041500e+01 2.083405e+01 2.071400e+01
2.045000e+01 2.040500e+01 2.083493e+01 2.071470e+01 2.044500e+01 2.041000e+01 2.083457e+01 2.071433e+01
2.115000e+01 2.040500e+01 2.076984e+01 2.072612e+01 2.115000e+01 2.041500e+01 2.076458e+01 2.073093e+01
2.044000e+01 2.041500e+01 2.083405e+01 2.071400e+01 2.044000e+01 2.042500e+01 2.083927e+01 2.071828e+01
2.115000e+01 2.041500e+01 2.076458e+01 2.073093e+01 2.115500e+01 2.042000e+01 2.076487e+01 2.073059e+01
2.115500e+01 2.042000e+01 2.076487e+01 2.073059e+01 2.116000e+01 2.042500e+01 2.076534e+01 2.073029e+01
2.043500e+01 2.043000e+01 2.083866e+01 2.071772e+01 2.043000e+01 2.043500e+01 2.083787e+01 2.071720e+01
2.044000e+01 2.042500e+01 2.083927e+01 2.071828e+01 2.043500e+01 2.043000e+01 2.083866e+01 2.071772e+01
2.116000e+01 2.042500e+01 2.076534e+01 2.073029e+01 2.116000e+01 2.043500e+01 2.076020e+01 2.073460e+01
2.043000e+01 2.043500e+01 2.083787e+01 2.071720e+01 2.043000e+01 2.044500e+01 2.084296e+01 2.072103e+01
2.116000e+01 2.043500e+01 2.076020e+01 2.073460e+01 2.116500e+01 2.044000e+01 2.076075e+01 2.073407e+01
2.116500e+01 2.044000e+01 2.076075e+01 2.073407e+01 2.117000e+01 2.044500e+01 2.076149e+01 2.073357e+01
2.042500e+01 2.045000e+01 2.084206e+01 2.072031e+01 2.042000e+01 2.045500e+01 2.084094e+01 2.071965e+01
2.043000e+01 2.044500e+01 2.084296e+01 2.072103e+01 2.042500e+01 2.045000e+01 2.084206e+01 2.072031e+01
2.117000e+01 2.044500e+01 2.076149e+01 2.073357e+01 2.117000e+01 2.045500e+01 2.075646e+01 2.073741e+01
2.042000e+01 2.045500e+01 2.084094e+01 2.071965e+01 2.042000e+01 2.046500e+01 2.084587e+01 2.072303e+01
2.117000e+01 2.045500e+01 2.075646e+01 2.073741e+01 2.117500e+01 2.046000e+01 2.075730e+01 2.073670e+01
2.117500e+01 2.046000e+01 2.075730e+01 2.073670e+01 2.118000e+01 2.046500e+01 2.075833e+01 2.073605e+01
2.042000e+01 2.046500e+01 2.084587e+01 2.072303e+01 2.042000e+01 2.047500e+01 2.085069e+01 2.072618e+01
2.118000e+01 2.046500e+01 2.075833e+01 2.073605e+01 2.118000e+01 2.047500e+01 2.075346e+01 2.073942e+01
2.041500e+01 2.048000e+01 2.084939e+01 2.072525e+01 2.041000e+01 2.048500e+01 2.084791e+01 2.072440e+01
2.042000e+01 2.047500e+01 2.085069e+01 2.072618e+01 2.041500e+01 2.048000e+01 2.084939e+01 2.072525e+01
2.118000e+01 2.047500e+01 2.075346e+01 2.073942e+01 2.118500e+01 2.048000e+01 2.075462e+01 2.073858e+01
2.118500e+01 2.048000e+01 2.075462e+01 2.073858e+01 2.119000e+01 2.048500e+01 2.075596e+01 2.073781e+01
2.041000e+01 2.048500e+01 2.084791e+01 2.072440e+01 2.041000e+01 2.049500e+01 2.085250e+01 2.072715e+01
2.119000e+01 2.048500e+01 2.075596e+01 2.073781e+01 2.119000e+01 2.049500e+01 2.075130e+01 2.074075e+01
2.041000e+01 2.049500e+01 2.085250e+01 2.072715e+01 2.041000e+01 2.050500e+01 2.085701e+01 2.072967e+01
2.119000e+01 2.049500e+01 2.075130e+01 2.074075e+01 2.119000e+01 2.050500e+01 2.074671e+01 2.074345e+01
2.040500e+01 2.051000e+01 2.085526e+01 2.072861e+01 2.040000e+01 2.051500e+01 2.085333e+01 2.072764e+01
2.041000e+01 2.050500e+01 2.085701e+01 2.072967e+01 2.040500e+01 2.051000e+01 2.085526e+01 2.072861e+01
2.119000e+01 2.050500e+01 2.074671e+01 2.074345e+01 2.119500e+01 2.051000e+01 2.074830e+01 2.074244e+01
2.119500e+01 2.051000e+01 2.074830e+01 2.074244e+01 2.120000e+01 2.051500e+01 2.075007e+01 2.074151e+01
2.040000e+01 2.051500e+01 2.085333e+01 2.072764e+01 2.040000e+01 2.052500e+01 2.085755e+01 2.072982e+01
2.120000e+01 2.051500e+01 2.075007e+01 2.074151e+01 2.120000e+01 2.052500e+01 2.074576e+01 2.074383e+01
2.040000e+01 2.052500e+01 2.085755e+01 2.072982e+01 2.040000e+01 2.053500e+01 2.086167e+01 2.073178e+01
2.120000e+01 2.052500e+01 2.074576e+01 2.074383e+01 2.120500e+01 2.053000e+01 2.074771e+01 2.074277e+01
2.120500e+01 2.053000e+01 2.074771e+01 2.074277e+01 2.121000e+01 2.053500e+01 2.074985e+01 2.074181e+01
2.039500e+01 2.054000e+01 2.085943e+01 2.073066e+01 2.039000e+01 2.054500e+01 2.085701e+01 2.072965e+01
2.040000e+01 2.053500e+01 2.086167e+01 2.073178e+01 2.039500e+01 2.054000e+01 2.085943e+01 2.073066e+01
2.079500e+01 2.054000e+01 2.081670e+01 2.091389e+01 2.079000e+01 2.054500e+01 2.082342e+01 2.091346e+01
2.079500e+01 2.054000e+01 2.081670e+01 2.091389e+01 2.080500e+01 2.054000e+01 2.080424e+01 2.091442e+01
2.080500e+01 2.054000e+01 2.080424e+01 2.091442e+01 2.081500e+01 2.054000e+01 2.079179e+01 2.091441e+01
2.081500e+01 2.054000e+01 2.079179e+01 2.091441e+01 2.082500e+01 2.054000e+01 2.077946e+01 2.091384e+01
2.082500e+01 2.054000e+01 2.077946e+01 2.091384e+01 2.083000e+01 2.054500e+01 2.077285e+01 2.091341e+01
2.121000e+01 2.053500e+01 2.074985e+01 2.074181e+01 2.121000e+01 2.054500e+01 2.074584e+01 2.074379e+01
2.039000e+01 2.054500e+01 2.085701e+01 2.072965e+01 2.039000e+01 2.055500e+01 2.086078e+01 2.073133e+01
2.074500e+01 2.055000e+01 2.087895e+01 2.090301e+01 2.074000e+01 2.055500e+01 2.088617e+01 2.090085e+01
2.074500e+01 2.055000e+01 2.087895e+01 2.090301e+01 2.075500e+01 2.055000e+01 2.086749e+01 2.090615e+01
2.075500e+01 2.055000e+01 2.086749e+01 2.090615e+01 2.076500e+01 2.055000e+01 2.085552e+01 2.090883e+01
2.076500e+01 2.055000e+01 2.085552e+01 2.090883e+01 2.077500e+01 2.055000e+01 2.084314e+01 2.091102e+01
2.077500e+01 2.055000e+01 2.084314e+01 2.091102e+01 2.078500e+01 2.055000e+01 2.083044e+01 2.091268e+01
2.079000e+01 2.054500e+01 2.082342e+01 2.091346e+01 2.078500e+01 2.055000e+01 2.083044e+01 2.091268e+01
2.083000e+01 2.054500e+01 2.077285e+01 2.091341e+01 2.083500e+01 2.055000e+01 2.076597e+01 2.091265e+01
2.083500e+01 2.055000e+01 2.076597e+01 2.091265e+01 2.084500e+01 2.055000e+01 2.075365e+01 2.091100e+01
2.084500e+01 2.055000e+01 2.075365e+01 2.091100e+01 2.085500e+01 2.055000e+01 2.074177e+01 2.090885e+01
2.085500e+01 2.055000e+01 2.074177e+01 2.090885e+01 2.086500e+01 2.055000e+01 2.073041e+01 2.090623e+01
2.086500e+01 2.055000e+01 2.073041e+01 2.090623e+01 2.087000e+01 2.055500e+01 2.072350e+01 2.090442e+01
2.121000e+01 2.054500e+01 2.074584e+01 2.074379e+01 2.121000e+01 2.055500e+01 2.074196e+01 2.074557e+01
2.039000e+01 2.055500e+01 2.086078e+01 2.073133e+01 2.039000e+01 2.056500e+01 2.086441e+01 2.073282e+01
2.072500e+01 2.056000e+01 2.090422e+01 2.089431e+01 2.072000e+01 2.056500e+01 2.091131e+01 2.089136e+01
2.072500e+01 2.056000e+01 2.090422e+01 2.089431e+01 2.073500e+01 2.056000e+01 2.089362e+01 2.089832e+01
2.074000e+01 2.055500e+01 2.088617e+01 2.090085e+01 2.073500e+01 2.056000e+01 2.089362e+01 2.089832e+01
2.087000e+01 2.055500e+01 2.072350e+01 2.090442e+01 2.087500e+01 2.056000e+01 2.071636e+01 2.090226e+01
2.087500e+01 2.056000e+01 2.071636e+01 2.090226e+01 2.088500e+01 2.056000e+01 2.070586e+01 2.089877e+01
2.088500e+01 2.056000e+01 2.070586e+01 2.089877e+01 2.089000e+01 2.056500e+01 2.069907e+01 2.089619e+01
2.121000e+01 2.055500e+01 2.074196e+01 2.074557e+01 2.121000e+01 2.056500e+01 2.073821e+01 2.074713e+01
2.039000e+01 2.056500e+01 2.086441e+01 2.073282e+01 2.039000e+01 2.057500e+01 2.086790e+01 2.073412e+01
2.070500e+01 2.057000e+01 2.092791e+01 2.088337e+01 2.070000e+01 2.057500e+01 2.093459e+01 2.087976e+01
2.070500e+01 2.057000e+01 2.092791e+01 2.088337e+01 2.071500e+01 2.057000e+01 2.091858e+01 2.088803e+01
2.072000e+01 2.056500e+01 2.091131e+01 2.089136e+01 2.071500e+01 2.057000e+01 2.091858e+01 2.088803e+01
2.089000e+01 2.056500e+01 2.069907e+01 2.089619e+01 2.089500e+01 2.057000e+01 2.069210e+01 2.089326e+01
2.089500e+01 2.057000e+01 2.069210e+01 2.089326e+01 2.090500e+01 2.057000e+01 2.068285e+01 2.088909e+01
2.090500e+01 2.057000e+01 2.068285e+01 2.088909e+01 2.091000e+01 2.057500e+01 2.067645e+01 2.088586e+01
2.121000e+01 2.056500e+01 2.073821e+01 2.074713e+01 2.121500e+01 2.057000e+01 2.074076e+01 2.074599e+01
2.121500e+01 2.057000e+01 2.074076e+01 2.074599e+01 2.122000e+01 2.057500e+01 2.074348e+01 2.074498e+01
2.039000e+01 2.057500e+01 2.086790e+01 2.073412e+01 2.039000e+01 2.058500e+01 2.087123e+01 2.073526e+01
2.069500e+01 2.058000e+01 2.094138e+01 2.087579e+01 2.069000e+01 2.058500e+01 2.094780e+01 2.087174e+01
2.070000e+01 2.057500e+01 2.093459e+01 2.087976e+01 2.069500e+01 2.058000e+01 2.094138e+01 2.087579e+01
2.091000e+01 2.057500e+01 2.067645e+01 2.088586e+01 2.091500e+01 2.058000e+01 2.066993e+01 2.088229e+01
2.091500e+01 2.058000e+01 2.066993e+01 2.088229e+01 2.092500e+01 2.058000e+01 2.066222e+01 2.087767e+01
2.092500e+01 2.058000e+01 2.066222e+01 2.087767e+01 2.093000e+01 2.058500e+01 2.065643e+01 2.087394e+01
2.122000e+01 2.057500e+01 2.074348e+01 2.074498e+01 2.122000e+01 2.058500e+01 2.074011e+01 2.074629e+01
2.038500e+01 2.059000e+01 2.086824e+01 2.073415e+01 2.038000e+01 2.059500e+01 2.086508e+01 2.073315e+01
2.039000e+01 2.058500e+01 2.087123e+01 2.073526e+01 2.038500e+01 2.059000e+01 2.086824e+01 2.073415e+01
2.068500e+01 2.059000e+01 2.095428e+01 2.086735e+01 2.068000e+01 2.059500e+01 2.096034e+01 2.086293e+01
2.069000e+01 2.058500e+01 2.094780e+01 2.087174e+01 2.068500e+01 2.059000e+01 2.095428e+01 2.086735e+01
2.093000e+01 2.058500e+01 2.065643e+01 2.087394e+01 2.093500e+01 2.059000e+01 2.065060e+01 2.086989e+01
2.093500e+01 2.059000e+01 2.065060e+01 2.086989e+01 2.094000e+01 2.059500e+01 2.064518e+01 2.086583e+01
2.122000e+01 2.058500e+01 2.074011e+01 2.074629e+01 2.122000e+01 2.059500e+01 2.073688e+01 2.074740e+01
2.038000e+01 2.059500e+01 2.086508e+01 2.073315e+01 2.038000e+01 2.060500e+01 2.086799e+01 2.073410e+01
2.067500e+01 2.060000e+01 2.096640e+01 2.085820e+01 2.067000e+01 2.060500e+01 2.097202e+01 2.085349e+01
2.068000e+01 2.059500e+01 2.096034e+01 2.086293e+01 2.067500e+01 2.060000e+01 2.096640e+01 2.085820e+01
2.094000e+01 2.059500e+01 2.064518e+01 2.086583e+01 2.094500e+01 2.060000e+01 2.063976e+01 2.086148e+01
2.094500e+01 2.060000e+01 2.063976e+01 2.086148e+01 2.095000e+01 2.060500e+01 2.063478e+01 2.085714e+01
2.122000e+01 2.059500e+01 2.073688e+01 2.074740e+01 2.122000e+01 2.060500e+01 2.073383e+01 2.074834e+01
2.038000e+01 2.060500e+01 2.086799e+01 2.073410e+01 2.038000e+01 2.061500e+01 2.087074e+01 2.073493e+01
2.066500e+01 2.061000e+01 2.097760e+01 2.084850e+01 2.066000e+01 2.061500e+01 2.098269e+01 2.084357e+01
2.067000e+01 2.060500e+01 2.097202e+01 2.085349e+01 2.066500e+01 2.061000e+01 2.097760e+01 2.084850e+01
2.095000e+01 2.060500e+01 2.063478e+01 2.085714e+01 2.095500e+01 2.061000e+01 2.062985e+01 2.085255e+01
2.095500e+01 2.061000e+01 2.062985e+01 2.085255e+01 2.096000e+01 2.061500e+01 2.062537e+01 2.084803e+01
2.122000e+01 2.060500e+01 2.073383e+01 2.074834e+01 2.122500e+01 2.061000e+01 2.073703e+01 2.074727e+01
2.122500e+01 2.061000e+01 2.073703e+01 2.074727e+01 2.123000e+01 2.061500e+01 2.074037e+01 2.074635e+01
2.038000e+01 2.061500e+01 2.087074e+01 2.073493e+01 2.038000e+01 2.062500e+01 2.087330e+01 2.073559e+01
2.065500e+01 2.062000e+01 2.098770e+01 2.083840e+01 2.065000e+01 2.062500e+01 2.099222e+01 2.083334e+01
2.066000e+01 2.061500e+01 2.098269e+01 2.084357e+01 2.065500e+01 2.062000e+01 2.098770e+01 2.083840e+01
2.096000e+01 2.061500e+01 2.062537e+01 2.084803e+01 2.096000e+01 2.062500e+01 2.062084e+01 2.084307e+01
2.123000e+01 2.061500e+01 2.074037e+01 2.074635e+01 2.123000e+01 2.062500e+01 2.073773e+01 2.074713e+01
2.038000e+01 2.062500e+01 2.087330e+01 2.073559e+01 2.038000e+01 2.063500e+01 2.087567e+01 2.073612e+01
2.064500e+01 2.063000e+01 2.099662e+01 2.082810e+01 2.064000e+01 2.063500e+01 2.100053e+01 2.082300e+01
2.065000e+01 2.062500e+01 2.099222e+01 2.083334e+01 2.064500e+01 2.063000e+01 2.099662e+01 2.082810e+01
2.096000e+01 2.062500e+01 2.062084e+01 2.084307e+01 2.096500e+01 2.063000e+01 2.061655e+01 2.083812e+01
2.096500e+01 2.063000e+01 2.061655e+01 2.083812e+01 2.097000e+01 2.063500e+01 2.061274e+01 2.083330e+01
2.123000e+01 2.062500e+01 2.073773e+01 2.074713e+01 2.123000e+01 2.063500e+01 2.073528e+01 2.074777e+01
2.038000e+01 2.063500e+01 2.087567e+01 2.073612e+01 2.038000e+01 2.064500e+01 2.087785e+01 2.073655e+01
2.064000e+01 2.063500e+01 2.100053e+01 2.082300e+01 2.064000e+01 2.064500e+01 2.100488e+01 2.081686e+01
2.097000e+01 2.063500e+01 2.061274e+01 2.083330e+01 2.097500e+01 2.064000e+01 2.060907e+01 2.082831e+01
2.097500e+01 2.064000e+01 2.060907e+01 2.082831e+01 2.098000e+01 2.064500e+01 2.060588e+01 2.082349e+01
2.123000e+01 2.063500e+01 2.073528e+01 2.074777e+01 2.123000e+01 2.064500e+01 2.073301e+01 2.074827e+01
2.038000e+01 2.064500e+01 2.087785e+01 2.073655e+01 2.038000e+01 2.065500e+01 2.087983e+01 2.073685e+01
2.063500e+01 2.065000e+01 2.100845e+01 2.081151e+01 2.063000e+01 2.065500e+01 2.101152e+01 2.080634e+01
2.064000e+01 2.064500e+01 2.100488e+01 2.081686e+01 2.063500e+01 2.065000e+01 2.100845e+01 2.081151e+01
2.098000e+01 2.064500e+01 2.060588e+01 2.082349e+01 2.098000e+01 2.065500e+01 2.060213e+01 2.081734e+01
2.123000e+01 2.064500e+01 2.073301e+01 2.074827e+01 2.123000e+01 2.065500e+01 2.073095e+01 2.074865e+01
2.037500e+01 2.066000e+01 2.087578e+01 2.073606e+01 2.037000e+01 2.066500e+01 2.087161e+01 2.073541e+01
2.038000e+01 2.065500e+01 2.087983e+01 2.073685e+01 2.037500e+01 2.066000e+01 2.087578e+01 2.073606e+01
2.063000e+01 2.065500e+01 2.101152e+01 2.080634e+01 2.063000e+01 2.066500e+01 2.101520e+01 2.079956e+01
2.098000e+01 2.065500e+01 2.060213e+01 2.081734e+01 2.098500e+01 2.066000e+01 2.059929e+01 2.081231e+01
2.098500e+01 2.066000e+01 2.059929e+01 2.081231e+01 2.099000e+01 2.066500e+01 2.059692e+01 2.080748e+01
2.123000e+01 2.065500e+01 2.073095e+01 2.074865e+01 2.123000e+01 2.066500e+01 2.072908e+01 2.074890e+01
2.037000e+01 2.066500e+01 2.087161e+01 2.073541e+01 2.037000e+01 2.067500e+01 2.087313e+01 2.073574e+01
2.062500e+01 2.067000e+01 2.101785e+01 2.079430e+01 2.062000e+01 2.067500e+01 2.102003e+01 2.078927e+01
2.063000e+01 2.066500e+01 2.101520e+01 2.079956e+01 2.062500e+01 2.067000e+01 2.101785e+01 2.079430e+01
2.099000e+01 2.066500e+01 2.059692e+01 2.080748e+01 2.099000e+01 2.067500e+01 2.059389e+01 2.080076e+01
2.123000e+01 2.066500e+01 2.072908e+01 2.074890e+01 2.123500e+01 2.067000e+01 2.073318e+01 2.074815e+01
2.123500e+01 2.067000e+01 2.073318e+01 2.074815e+01 2.124000e+01 2.067500e+01 2.073739e+01 2.074752e+01
2.037000e+01 2.067500e+01 2.087313e+01 2.073574e+01 2.037000e+01 2.068500e+01 2.087444e+01 2.073600e+01
2.062000e+01 2.067500e+01 2.102003e+01 2.078927e+01 2.062000e+01 2.068500e+01 2.102289e+01 2.078211e+01
2.099000e+01 2.067500e+01 2.059389e+01 2.080076e+01 2.099000e+01 2.068500e+01 2.059123e+01 2.079367e+01
2.124000e+01 2.067500e+01 2.073739e+01 2.074752e+01 2.124000e+01 2.068500e+01 2.073599e+01 2.074779e+01
2.037000e+01 2.068500e+01 2.087444e+01 2.073600e+01 2.037000e+01 2.069500e+01 2.087554e+01 2.073619e+01
2.062000e+01 2.068500e+01 2.102289e+01 2.078211e+01 2.062000e+01 2.069500e+01 2.102537e+01 2.077464e+01
2.099000e+01 2.068500e+01 2.059123e+01 2.079367e+01 2.099500e+01 2.069000e+01 2.058949e+01 2.078881e+01
2.099500e+01 2.069000e+01 2.058949e+01 2.078881e+01 2.100000e+01 2.069500e+01 2.058820e+01 2.078419e+01
2.124000e+01 2.068500e+01 2.073599e+01 2.074779e+01 2.124000e+01 2.069500e+01 2.073479e+01 2.074797e+01
2.037000e+01 2.069500e+01 2.087554e+01 2.073619e+01 2.037000e+01 2.070500e+01 2.087642e+01 2.073634e+01
2.062000e+01 2.069500e+01 2.102537e+01 2.077464e+01 2.062000e+01 2.070500e+01 2.102742e+01 2.076694e+01
2.100000e+01 2.069500e+01 2.058820e+01 2.078419e+01 2.100000e+01 2.070500e+01 2.058641e+01 2.077688e+01
2.124000e+01 2.069500e+01 2.073479e+01 2.074797e+01 2.124000e+01 2.070500e+01 2.073381e+01 2.074809e+01
2.037000e+01 2.070500e+01 2.087642e+01 2.073634e+01 2.037000e+01 2.071500e+01 2.087709e+01 2.073645e+01
2.061500e+01 2.071000e+01 2.102862e+01 2.076218e+01 2.061000e+01 2.071500e+01 2.102938e+01 2.075768e+01
2.062000e+01 2.070500e+01 2.102742e+01 2.076694e+01 2.061500e+01 2.071000e+01 2.102862e+01 2.076218e+01
2.100000e+01 2.070500e+01 2.058641e+01 2.077688e+01 2.100000e+01 2.071500e+01 2.058504e+01 2.076934e+01
2.124000e+01 2.070500e+01 2.073381e+01 2.074809e+01 2.124000e+01 2.071500e+01 2.073305e+01 2.074815e+01
2.037000e+01 2.071500e+01 2.087709e+01 2.073645e+01 2.037000e+01 2.072500e+01 2.087754e+01 2.073653e+01
2.061000e+01 2.071500e+01 2.102938e+01 2.075768e+01 2.061000e+01 2.072500e+01 2.103049e+01 2.075009e+01
2.100000e+01 2.071500e+01 2.058504e+01 2.076934e+01 2.100000e+01 2.072500e+01 2.058411e+01 2.076163e+01
2.124000e+01 2.071500e+01 2.073305e+01 2.074815e+01 2.124000e+01 2.072500e+01 2.073251e+01 2.074817e+01
2.037000e+01 2.072500e+01 2.087754e+01 2.073653e+01 2.037000e+01 2.073500e+01 2.087776e+01 2.073661e+01
2.061000e+01 2.072500e+01 2.103049e+01 2.075009e+01 2.061000e+01 2.073500e+01 2.103115e+01 2.074242e+01
2.100000e+01 2.072500e+01 2.058411e+01 2.076163e+01 2.100000e+01 2.073500e+01 2.058363e+01 2.075380e+01
2.124000e+01 2.072500e+01 2.073251e+01 2.074817e+01 2.124000e+01 2.073500e+01 2.073219e+01 2.074816e+01
2.037000e+01 2.073500e+01 2.087776e+01 2.073661e+01 2.037000e+01 2.074500e+01 2.087777e+01 2.073668e+01
2.061000e+01 2.073500e+01 2.103115e+01 2.074242e+01 2.061000e+01 2.074500e+01 2.103135e+01 2.073474e+01
2.100000e+01 2.073500e+01 2.058363e+01 2.075380e+01 2.100000e+01 2.074500e+01 2.058362e+01 2.074590e+01
2.124000e+01 2.073500e+01 2.073219e+01 2.074816e+01 2.124000e+01 2.074500e+01 2.073209e+01 2.074812e+01
2.037000e+01 2.074500e+01 2.087777e+01 2.073668e+01 2.037000e+01 2.075500e+01 2.087756e+01 2.073676e+01
2.061000e+01 2.074500e+01 2.103135e+01 2.073474e+01 2.061000e+01 2.075500e+01 2.103110e+01 2.072710e+01
2.100000e+01 2.074500e+01 2.058362e+01 2.074590e+01 2.100000e+01 2.075500e+01 2.058407e+01 2.073800e+01
2.124000e+01 2.074500e+01 2.073209e+01 2.074812e+01 2.124000e+01 2.075500e+01 2.073222e+01 2.074809e+01
2.037000e+01 2.075500e+01 2.087756e+01 2.073676e+01 2.037000e+01 2.076500e+01 2.087712e+01 2.073687e+01
2.061000e+01 2.075500e+01 2.103110e+01 2.072710e+01 2.061000e+01 2.076500e+01 2.103040e+01 2.071954e+01
2.100000e+01 2.075500e+01 2.058407e+01 2.073800e+01 2.100000e+01 2.076500e+01 2.058499e+01 2.073015e+01
2.124000e+01 2.075500e+01 2.073222e+01 2.074809e+01 2.124000e+01 2.076500e+01 2.073256e+01 2.074806e+01
2.037000e+01 2.076500e+01 2.087712e+01 2.073687e+01 2.037500e+01 2.077000e+01 2.088193e+01 2.073662e+01
2.037500e+01 2.077000e+01 2.088193e+01 2.073662e+01 2.038000e+01 2.077500e+01 2.088664e+01 2.073625e+01
2.061000e+01 2.076500e+01 2.103040e+01 2.071954e+01 2.061000e+01 2.077500e+01 2.102925e+01 2.071213e+01
2.100000e+01 2.076500e+01 2.058499e+01 2.073015e+01 2.100000e+01 2.077500e+01 2.058636e+01 2.072240e+01
2.124000e+01 2.076500e+01 2.073256e+01 2.074806e+01 2.124000e+01 2.077500e+01 2.073314e+01 2.074804e+01
2.038000e+01 2.077500e+01 2.088664e+01 2.073625e+01 2.038000e+01 2.078500e+01 2.088575e+01 2.073623e+01
2.061000e+01 2.077500e+01 2.102925e+01 2.071213e+01 2.061500e+01 2.078000e+01 2.102850e+01 2.070773e+01
2.061500e+01 2.078000e+01 2.102850e+01 2.070773e+01 2.062000e+01 2.078500e+01 2.102732e+01 2.070310e+01
2.100000e+01 2.077500e+01 2.058636e+01 2.072240e+01 2.100000e+01 2.078500e+01 2.058816e+01 2.071482e+01
2.124000e+01 2.077500e+01 2.073314e+01 2.074804e+01 2.124000e+01 2.078500e+01 2.073393e+01 2.074806e+01
2.038000e+01 2.078500e+01 2.088575e+01 2.073623e+01 2.038000e+01 2.079500e+01 2.088465e+01 2.073627e+01
2.062000e+01 2.078500e+01 2.102732e+01 2.070310e+01 2.062000e+01 2.079500e+01 2.102527e+01 2.069572e+01
2.100000e+01 2.078500e+01 2.058816e+01 2.071482e+01 2.100000e+01 2.079500e+01 2.059039e+01 2.070745e+01
2.124000e+01 2.078500e+01 2.073393e+01 2.074806e+01 2.124000e+01 2.079500e+01 2.073494e+01 2.074813e+01
2.038000e+01 2.079500e+01 2.088465e+01 2.073627e+01 2.038000e+01 2.080500e+01 2.088332e+01 2.073639e+01
2.062000e+01 2.079500e+01 2.102527e+01 2.069572e+01 2.062000e+01 2.080500e+01 2.102283e+01 2.068864e+01
2.099500e+01 2.080000e+01 2.059199e+01 2.070257e+01 2.099000e+01 2.080500e+01 2.059404e+01 2.069746e+01
2.100000e+01 2.079500e+01 2.059039e+01 2.070745e+01 2.099500e+01 2.080000e+01 2.059199e+01 2.070257e+01
2.124000e+01 2.079500e+01 2.073494e+01 2.074813e+01 2.124000e+01 2.080500e+01 2.073617e+01 2.074825e+01
2.038000e+01 2.080500e+01 2.088332e+01 2.073639e+01 2.038000e+01 2.081500e+01 2.088178e+01 2.073659e+01
2.062000e+01 2.080500e+01 2.102283e+01 2.068864e+01 2.062500e+01 2.081000e+01 2.102098e+01 2.068387e+01
2.062500e+01 2.081000e+01 2.102098e+01 2.068387e+01 2.063000e+01 2.081500e+01 2.101867e+01 2.067888e+01
2.099000e+01 2.080500e+01 2.059404e+01 2.069746e+01 2.099000e+01 2.081500e+01 2.059716e+01 2.069028e+01
2.124000e+01 2.080500e+01 2.073617e+01 2.074825e+01 2.124000e+01 2.081500e+01 2.073761e+01 2.074845e+01
2.038000e+01 2.081500e+01 2.088178e+01 2.073659e+01 2.038000e+01 2.082500e+01 2.088004e+01 2.073690e+01
2.063000e+01 2.081500e+01 2.101867e+01 2.067888e+01 2.063000e+01 2.082500e+01 2.101543e+01 2.067221e+01
2.099000e+01 2.081500e+01 2.059716e+01 2.069028e+01 2.099000e+01 2.082500e+01 2.060063e+01 2.068348e+01
2.124000e+01 2.081500e+01 2.073761e+01 2.074845e+01 2.124000e+01 2.082500e+01 2.073925e+01 2.074871e+01
2.038000e+01 2.082500e+01 2.088004e+01 2.073690e+01 2.038000e+01 2.083500e+01 2.087810e+01 2.073731e+01
2.063000e+01 2.082500e+01 2.101543e+01 2.067221e+01 2.063000e+01 2.083500e+01 2.101186e+01 2.066598e+01
2.098500e+01 2.083000e+01 2.060336e+01 2.067839e+01 2.098000e+01 2.083500e+01 2.060658e+01 2.067309e+01
2.099000e+01 2.082500e+01 2.060063e+01 2.068348e+01 2.098500e+01 2.083000e+01 2.060336e+01 2.067839e+01
2.124000e+01 2.082500e+01 2.073925e+01 2.074871e+01 2.124000e+01 2.083500e+01 2.074111e+01 2.074907e+01
2.038000e+01 2.083500e+01 2.087810e+01 2.073731e+01 2.038000e+01 2.084500e+01 2.087595e+01 2.073784e+01
2.063000e+01 2.083500e+01 2.101186e+01 2.066598e+01 2.063500e+01 2.084000e+01 2.100897e+01 2.066118e+01
2.063500e+01 2.084000e+01 2.100897e+01 2.066118e+01 2.064000e+01 2.084500e+01 2.100561e+01 2.065620e+01
2.097500e+01 2.084000e+01 2.060998e+01 2.066788e+01 2.097000e+01 2.084500e+01 2.061389e+01 2.066249e+01
2.098000e+01 2.083500e+01 2.060658e+01 2.067309e+01 2.097500e+01 2.084000e+01 2.060998e+01 2.066788e+01
2.124000e+01 2.083500e+01 2.074111e+01 2.074907e+01 2.124000e+01 2.084500e+01 2.074316e+01 2.074953e+01
2.038000e+01 2.084500e+01 2.087595e+01 2.073784e+01 2.038500e+01 2.085000e+01 2.087966e+01 2.073701e+01
2.038500e+01 2.085000e+01 2.087966e+01 2.073701e+01 2.039000e+01 2.085500e+01 2.088325e+01 2.073605e+01
2.064000e+01 2.084500e+01 2.100561e+01 2.065620e+01 2.064500e+01 2.085000e+01 2.100209e+01 2.065137e+01
2.064500e+01 2.085000e+01 2.100209e+01 2.065137e+01 2.065000e+01 2.085500e+01 2.099810e+01 2.064640e+01
2.097000e+01 2.084500e+01 2.061389e+01 2.066249e+01 2.097000e+01 2.085500e+01 2.061842e+01 2.065651e+01
2.124000e+01 2.084500e+01 2.074316e+01 2.074953e+01 2.124000e+01 2.085500e+01 2.074541e+01 2.075012e+01
2.039000e+01 2.085500e+01 2.088325e+01 2.073605e+01 2.039000e+01 2.086500e+01 2.088066e+01 2.073667e+01
2.065000e+01 2.085500e+01 2.099810e+01 2.064640e+01 2.065000e+01 2.086500e+01 2.099368e+01 2.064124e+01
2.096500e+01 2.086000e+01 2.062263e+01 2.065143e+01 2.096000e+01 2.086500e+01 2.062734e+01 2.064622e+01
2.097000e+01 2.085500e+01 2.061842e+01 2.065651e+01 2.096500e+01 2.086000e+01 2.062263e+01 2.065143e+01
2.124000e+01 2.085500e+01 2.074541e+01 2.075012e+01 2.124000e+01 2.086500e+01 2.074785e+01 2.075082e+01
2.039000e+01 2.086500e+01 2.088066e+01 2.073667e+01 2.039000e+01 2.087500e+01 2.087790e+01 2.073745e+01
2.065000e+01 2.086500e+01 2.099368e+01 2.064124e+01 2.065500e+01 2.087000e+01 2.098946e+01 2.063666e+01
2.065500e+01 2.087000e+01 2.098946e+01 2.063666e+01 2.066000e+01 2.087500e+01 2.098478e+01 2.063198e+01
2.095500e+01 2.087000e+01 2.063215e+01 2.064122e+01 2.095000e+01 2.087500e+01 2.063745e+01 2.063614e+01
2.096000e+01 2.086500e+01 2.062734e+01 2.064622e+01 2.095500e+01 2.087000e+01 2.063215e+01 2.064122e+01
2.123500e+01 2.087000e+01 2.074431e+01 2.074993e+01 2.123000e+01 2.087500e+01 2.074093e+01 2.074891e+01
2.124000e+01 2.086500e+01 2.074785e+01 2.075082e+01 2.123500e+01 2.087000e+01 2.074431e+01 2.074993e+01
2.039000e+01 2.087500e+01 2.087790e+01 2.073745e+01 2.039000e+01 2.088500e+01 2.087496e+01 2.073838e+01
2.066000e+01 2.087500e+01 2.098478e+01 2.063198e+01 2.066500e+01 2.088000e+01 2.098004e+01 2.062755e+01
2.066500e+01 2.088000e+01 2.098004e+01 2.062755e+01 2.067000e+01 2.088500e+01 2.097485e+01 2.062308e+01
2.094500e+01 2.088000e+01 2.064281e+01 2.063131e+01 2.094000e+01 2.088500e+01 2.064864e+01 2.062645e+01
2.095000e+01 2.087500e+01 2.063745e+01 2.063614e+01 2.094500e+01 2.088000e+01 2.064281e+01 2.063131e+01
2.123000e+01 2.087500e+01 2.074093e+01 2.074891e+01 2.123000e+01 2.088500e+01 2.074380e+01 2.074970e+01
2.039000e+01 2.088500e+01 2.087496e+01 2.073838e+01 2.039000e+01 2.089500e+01 2.087185e+01 2.073950e+01
2.067000e+01 2.088500e+01 2.097485e+01 2.062308e+01 2.067500e+01 2.089000e+01 2.096964e+01 2.061888e+01
2.067500e+01 2.089000e+01 2.096964e+01 2.061888e+01 2.068000e+01 2.089500e+01 2.096400e+01 2.061468e+01
2.093500e+01 2.089000e+01 2.065448e+01 2.062188e+01 2.093000e+01 2.089500e+01 2.066076e+01 2.061732e+01
2.094000e+01 2.088500e+01 2.064864e+01 2.062645e+01 2.093500e+01 2.089000e+01 2.065448e+01 2.062188e+01
2.123000e+01 2.088500e+01 2.074380e+01 2.074970e+01 2.123000e+01 2.089500e+01 2.074684e+01 2.075067e+01
2.039000e+01 2.089500e+01 2.087185e+01 2.073950e+01 2.039500e+01 2.090000e+01 2.087482e+01 2.073852e+01
2.039500e+01 2.090000e+01 2.087482e+01 2.073852e+01 2.040000e+01 2.090500e+01 2.087763e+01 2.073740e+01
2.068000e+01 2.089500e+01 2.096400e+01 2.061468e+01 2.068500e+01 2.090000e+01 2.095838e+01 2.061078e+01
2.068500e+01 2.090000e+01 2.095838e+01 2.061078e+01 2.069500e+01 2.090000e+01 2.095104e+01 2.060609e+01
2.069500e+01 2.090000e+01 2.095104e+01 2.060609e+01 2.070000e+01 2.090500e+01 2.094465e+01 2.060231e+01
2.092500e+01 2.090000e+01 2.066700e+01 2.061308e+01 2.092000e+01 2.090500e+01 2.067365e+01 2.060890e+01
2.093000e+01 2.089500e+01 2.066076e+01 2.061732e+01 2.092500e+01 2.090000e+01 2.066700e+01 2.061308e+01
2.123000e+01 2.089500e+01 2.074684e+01 2.075067e+01 2.123000e+01 2.090500e+01 2.075005e+01 2.075179e+01
2.040000e+01 2.090500e+01 2.087763e+01 2.073740e+01 2.040000e+01 2.091500e+01 2.087413e+01 2.073873e+01
2.070000e+01 2.090500e+01 2.094465e+01 2.060231e+01 2.070500e+01 2.091000e+01 2.093835e+01 2.059886e+01
2.070500e+01 2.091000e+01 2.093835e+01 2.059886e+01 2.071000e+01 2.091500e+01 2.093173e+01 2.059553e+01
2.090500e+01 2.091000e+01 2.068920e+01 2.060027e+01 2.090000e+01 2.091500e+01 2.069641e+01 2.059668e+01
2.090500e+01 2.091000e+01 2.068920e+01 2.060027e+01 2.091500e+01 2.091000e+01 2.068020e+01 2.060507e+01
2.092000e+01 2.090500e+01 2.067365e+01 2.060890e+01 2.091500e+01 2.091000e+01 2.068020e+01 2.060507e+01
2.123000e+01 2.090500e+01 2.075005e+01 2.075179e+01 2.123000e+01 2.091500e+01 2.075342e+01 2.075308e+01
2.040000e+01 2.091500e+01 2.087413e+01 2.073873e+01 2.040000e+01 2.092500e+01 2.087049e+01 2.074026e+01
2.071000e+01 2.091500e+01 2.093173e+01 2.059553e+01 2.071500e+01 2.092000e+01 2.092523e+01 2.059255e+01
2.071500e+01 2.092000e+01 2.092523e+01 2.059255e+01 2.072500e+01 2.092000e+01 2.091572e+01 2.058854e+01
2.072500e+01 2.092000e+01 2.091572e+01 2.058854e+01 2.073000e+01 2.092500e+01 2.090873e+01 2.058589e+01
2.088500e+01 2.092000e+01 2.071384e+01 2.058926e+01 2.088000e+01 2.092500e+01 2.072132e+01 2.058642e+01
2.088500e+01 2.092000e+01 2.071384e+01 2.058926e+01 2.089500e+01 2.092000e+01 2.070346e+01 2.059346e+01
2.090000e+01 2.091500e+01 2.069641e+01 2.059668e+01 2.089500e+01 2.092000e+01 2.070346e+01 2.059346e+01
2.122500e+01 2.092000e+01 2.075064e+01 2.075206e+01 2.122000e+01 2.092500e+01 2.074803e+01 2.075092e+01
2.123000e+01 2.091500e+01 2.075342e+01 2.075308e+01 2.122500e+01 2.092000e+01 2.075064e+01 2.075206e+01
2.040000e+01 2.092500e+01 2.087049e+01 2.074026e+01 2.040500e+01 2.093000e+01 2.087296e+01 2.073924e+01
2.040500e+01 2.093000e+01 2.087296e+01 2.073924e+01 2.041000e+01 2.093500e+01 2.087525e+01 2.073811e+01
2.073000e+01 2.092500e+01 2.090873e+01 2.058589e+01 2.073500e+01 2.093000e+01 2.090193e+01 2.058360e+01
2.073500e+01 2.093000e+01 2.090193e+01 2.058360e+01 2.074500e+01 2.093000e+01 2.089128e+01 2.058032e+01
2.074500e+01 2.093000e+01 2.089128e+01 2.058032e+01 2.075500e+01 2.093000e+01 2.087999e+01 2.057746e+01
2.075500e+01 2.093000e+01 2.087999e+01 2.057746e+01 2.076000e+01 2.093500e+01 2.087286e+01 2.057586e+01
2.085500e+01 2.093000e+01 2.075190e+01 2.057762e+01 2.085000e+01 2.093500e+01 2.075935e+01 2.057593e+01
2.085500e+01 2.093000e+01 2.075190e+01 2.057762e+01 2.086500e+01 2.093000e+01 2.073996e+01 2.058057e+01
2.086500e+01 2.093000e+01 2.073996e+01 2.058057e+01 2.087500e+01 2.093000e+01 2.072859e+01 2.058397e+01
2.088000e+01 2.092500e+01 2.072132e+01 2.058642e+01 2.087500e+01 2.093000e+01 2.072859e+01 2.058397e+01
2.122000e+01 2.092500e+01 2.074803e+01 2.075092e+01 2.122000e+01 2.093500e+01 2.075178e+01 2.075244e+01
2.041000e+01 2.093500e+01 2.087525e+01 2.073811e+01 2.041000e+01 2.094500e+01 2.087126e+01 2.073991e+01
2.076000e+01 2.093500e+01 2.087286e+01 2.057586e+01 2.076500e+01 2.094000e+01 2.086598e+01 2.057461e+01
2.076500e+01 2.094000e+01 2.086598e+01 2.057461e+01 2.077500e+01 2.094000e+01 2.085413e+01 2.057273e+01
2.077500e+01 2.094000e+01 2.085413e+01 2.057273e+01 2.078500e+01 2.094000e+01 2.084191e+01 2.057135e+01
2.078500e+01 2.094000e+01 2.084191e+01 2.057135e+01 2.079500e+01 2.094000e+01 2.082941e+01 2.057052e+01
2.079500e+01 2.094000e+01 2.082941e+01 2.057052e+01 2.080500e+01 2.094000e+01 2.081674e+01 2.057023e+01
2.080500e+01 2.094000e+01 2.081674e+01 2.057023e+01 2.081500e+01 2.094000e+01 2.080401e+01 2.057050e+01
2.081500e+01 2.094000e+01 2.080401e+01 2.057050e+01 2.082500e+01 2.094000e+01 2.079132e+01 2.057133e+01
2.082500e+01 2.094000e+01 2.079132e+01 2.057133e+01 2.083500e+01 2.094000e+01 2.077879e+01 2.057271e+01
2.083500e+01 2.094000e+01 2.077879e+01 2.057271e+01 2.084500e+01 2.094000e+01 2.076651e+01 2.057461e+01
2.085000e+01 2.093500e+01 2.075935e+01 2.057593e+01 2.084500e+01 2.094000e+01 2.076651e+01 2.057461e+01
2.122000e+01 2.093500e+01 2.075178e+01 2.075244e+01 2.122000e+01 2.094500e+01 2.075566e+01 2.075416e+01
2.041000e+01 2.094500e+01 2.087126e+01 2.073991e+01 2.041000e+01 2.095500e+01 2.086715e+01 2.074196e+01
2.122000e+01 2.094500e+01 2.075566e+01 2.075416e+01 2.122000e+01 2.095500e+01 2.075967e+01 2.075608e+01
2.041000e+01 2.095500e+01 2.086715e+01 2.074196e+01 2.041500e+01 2.096000e+01 2.086915e+01 2.074097e+01
2.041500e+01 2.096000e+01 2.086915e+01 2.074097e+01 2.042000e+01 2.096500e+01 2.087096e+01 2.073989e+01
2.121500e+01 2.096000e+01 2.075750e+01 2.075509e+01 2.121000e+01 2.096500e+01 2.075551e+01 2.075399e+01
2.122000e+01 2.095500e+01 2.075967e+01 2.075608e+01 2.121500e+01 2.096000e+01 2.075750e+01 2.075509e+01
2.042000e+01 2.096500e+01 2.087096e+01 2.073989e+01 2.042000e+01 2.097500e+01 2.086655e+01 2.074230e+01
2.121000e+01 2.096500e+01 2.075551e+01 2.075399e+01 2.121000e+01 2.097500e+01 2.075984e+01 2.075622e+01
2.042000e+01 2.097500e+01 2.086655e+01 2.074230e+01 2.042000e+01 2.098500e+01 2.086205e+01 2.074493e+01
2.121000e+01 2.097500e+01 2.075984e+01 2.075622e+01 2.121000e+01 2.098500e+01 2.076425e+01 2.075868e+01
2.042000e+01 2.098500e+01 2.086205e+01 2.074493e+01 2.042500e+01 2.099000e+01 2.086359e+01 2.074407e+01
2.042500e+01 2.099000e+01 2.086359e+01 2.074407e+01 2.043000e+01 2.099500e+01 2.086496e+01 2.074313e+01
2.120500e+01 2.099000e+01 2.076256e+01 2.075777e+01 2.120000e+01 2.099500e+01 2.076103e+01 2.075676e+01
2.121000e+01 2.098500e+01 2.076425e+01 2.075868e+01 2.120500e+01 2.099000e+01 2.076256e+01 2.075777e+01
2.043000e+01 2.099500e+01 2.086496e+01 2.074313e+01 2.043000e+01 2.100500e+01 2.086021e+01 2.074617e+01
2.120000e+01 2.099500e+01 2.076103e+01 2.075676e+01 2.120000e+01 2.100500e+01 2.076571e+01 2.075960e+01
2.043000e+01 2.100500e+01 2.086021e+01 2.074617e+01 2.043500e+01 2.101000e+01 2.086143e+01 2.074541e+01
2.043500e+01 2.101000e+01 2.086143e+01 2.074541e+01 2.044000e+01 2.101500e+01 2.086246e+01 2.074458e+01
2.120000e+01 2.100500e+01 2.076571e+01 2.075960e+01 2.120000e+01 2.101500e+01 2.077047e+01 2.076267e+01
2.044000e+01 2.101500e+01 2.086246e+01 2.074458e+01 2.044000e+01 2.102500e+01 2.085752e+01 2.074806e+01
2.119500e+01 2.102000e+01 2.076918e+01 2.076191e+01 2.119000e+01 2.102500e+01 2.076809e+01 2.076108e+01
2.120000e+01 2.101500e+01 2.077047e+01 2.076267e+01 2.119500e+01 2.102000e+01 2.076918e+01 2.076191e+01
2.044000e+01 2.102500e+01 2.085752e+01 2.074806e+01 2.044000e+01 2.103500e+01 2.085255e+01 2.075179e+01
2.119000e+01 2.102500e+01 2.076809e+01 2.076108e+01 2.119000e+01 2.103500e+01 2.077308e+01 2.076456e+01
2.044000e+01 2.103500e+01 2.085255e+01 2.075179e+01 2.044500e+01 2.104000e+01 2.085339e+01 2.075127e+01
2.044500e+01 2.104000e+01 2.085339e+01 2.075127e+01 2.045000e+01 2.104500e+01 2.085406e+01 2.075070e+01
2.118500e+01 2.104000e+01 2.077208e+01 2.076393e+01 2.118000e+01 2.104500e+01 2.077131e+01 2.076323e+01
2.119000e+01 2.103500e+01 2.077308e+01 2.076456e+01 2.118500e+01 2.104000e+01 2.077208e+01 2.076393e+01
2.045000e+01 2.104500e+01 2.085406e+01 2.075070e+01 2.045500e+01 2.105000e+01 2.085468e+01 2.075024e+01
2.045500e+01 2.105000e+01 2.085468e+01 2.075024e+01 2.046000e+01 2.105500e+01 2.085511e+01 2.074975e+01
2.118000e+01 2.104500e+01 2.077131e+01 2.076323e+01 2.118000e+01 2.105500e+01 2.077645e+01 2.076716e+01
2.046000e+01 2.105500e+01 2.085511e+01 2.074975e+01 2.046000e+01 2.106500e+01 2.084993e+01 2.075418e+01
2.117500e+01 2.106000e+01 2.077577e+01 2.076668e+01 2.117000e+01 2.106500e+01 2.077529e+01 2.076616e+01
2.118000e+01 2.105500e+01 2.077645e+01 2.076716e+01 2.117500e+01 2.106000e+01 2.077577e+01 2.076668e+01
2.046000e+01 2.106500e+01 2.084993e+01 2.075418e+01 2.046500e+01 2.107000e+01 2.085029e+01 2.075393e+01
2.046500e+01 2.107000e+01 2.085029e+01 2.075393e+01 2.047000e+01 2.107500e+01 2.085047e+01 2.075365e+01
2.117000e+01 2.106500e+01 2.077529e+01 2.076616e+01 2.117000e+01 2.107500e+01 2.078052e+01 2.077057e+01
2.047000e+01 2.107500e+01 2.085047e+01 2.075365e+01 2.047000e+01 2.108500e+01 2.084519e+01 2.075859e+01
2.116500e+01 2.108000e+01 2.078010e+01 2.077028e+01 2.116000e+01 2.108500e+01 2.077987e+01 2.076995e+01
2.117000e+01 2.107500e+01 2.078052e+01 2.077057e+01 2.116500e+01 2.108000e+01 2.078010e+01 2.077028e+01
2.047000e+01 2.108500e+01 2.084519e+01 2.075859e+01 2.047500e+01 2.109000e+01 2.084537e+01 2.075856e+01
2.047500e+01 2.109000e+01 2.084537e+01 2.075856e+01 2.048000e+01 2.109500e+01 2.084533e+01 2.075852e+01
2.116000e+01 2.108500e+01 2.077987e+01 2.076995e+01 2.116000e+01 2.109500e+01 2.078519e+01 2.077485e+01
2.048000e+01 2.109500e+01 2.084533e+01 2.075852e+01 2.048500e+01 2.110000e+01 2.084528e+01 2.075862e+01
2.048500e+01 2.110000e+01 2.084528e+01 2.075862e+01 2.049000e+01 2.110500e+01 2.084506e+01 2.075871e+01
2.115500e+01 2.110000e+01 2.078501e+01 2.077478e+01 2.115000e+01 2.110500e+01 2.078501e+01 2.077469e+01
2.116000e+01 2.109500e+01 2.078519e+01 2.077485e+01 2.115500e+01 2.110000e+01 2.078501e+01 2.077478e+01
2.049000e+01 2.110500e+01 2.084506e+01 2.075871e+01 2.049000e+01 2.111500e+01 2.083977e+01 2.076443e+01
2.114500e+01 2.111000e+01 2.078501e+01 2.077473e+01 2.114000e+01 2.111500e+01 2.078520e+01 2.077476e+01
2.115000e+01 2.110500e+01 2.078501e+01 2.077469e+01 2.114500e+01 2.111000e+01 2.078501e+01 2.077473e+01
2.049000e+01 2.111500e+01 2.083977e+01 2.076443e+01 2.049500e+01 2.112000e+01 2.083955e+01 2.076479e+01
2.049500e+01 2.112000e+01 2.083955e+01 2.076479e+01 2.050000e+01 2.112500e+01 2.083917e+01 2.076517e+01
2.114000e+01 2.111500e+01 2.078520e+01 2.077476e+01 2.114000e+01 2.112500e+01 2.079051e+01 2.078042e+01
2.050000e+01 2.112500e+01 2.083917e+01 2.076517e+01 2.050500e+01 2.113000e+01 2.083880e+01 2.076568e+01
2.050500e+01 2.113000e+01 2.083880e+01 2.076568e+01 2.051000e+01 2.113500e+01 2.083827e+01 2.076621e+01
2.113500e+01 2.113000e+01 2.079070e+01 2.078073e+01 2.113000e+01 2.113500e+01 2.079105e+01 2.078104e+01
2.114000e+01 2.112500e+01 2.079051e+01 2.078042e+01 2.113500e+01 2.113000e+01 2.079070e+01 2.078073e+01
2.051000e+01 2.113500e+01 2.083827e+01 2.076621e+01 2.051500e+01 2.114000e+01 2.083777e+01 2.076688e+01
2.051500e+01 2.114000e+01 2.083777e+01 2.076688e+01 2.052000e+01 2.114500e+01 2.083708e+01 2.076759e+01
2.112500e+01 2.114000e+01 2.079139e+01 2.078148e+01 2.112000e+01 2.114500e+01 2.079189e+01 2.078195e+01
2.113000e+01 2.113500e+01 2.079105e+01 2.078104e+01 2.112500e+01 2.114000e+01 2.079139e+01 2.078148e+01
2.052000e+01 2.114500e+01 2.083708e+01 2.076759e+01 2.052000e+01 2.115500e+01 2.083197e+01 2.077438e+01
2.112000e+01 2.114500e+01 2.079189e+01 2.078195e+01 2.112000e+01 2.115500e+01 2.079712e+01 2.078839e+01
2.052000e+01 2.115500e+01 2.083197e+01 2.077438e+01 2.052500e+01 2.116000e+01 2.083138e+01 2.077536e+01
2.052500e+01 2.116000e+01 2.083138e+01 2.077536e+01 2.053000e+01 2.116500e+01 2.083064e+01 2.077638e+01
2.111500e+01 2.116000e+01 2.079758e+01 2.078913e+01 2.111000e+01 2.116500e+01 2.079819e+01 2.078990e+01
2.112000e+01 2.115500e+01 2.079712e+01 2.078839e+01 2.111500e+01 2.116000e+01 2.079758e+01 2.078913e+01
2.053000e+01 2.116500e+01 2.083064e+01 2.077638e+01 2.053500e+01 2.117000e+01 2.082995e+01 2.077754e+01
2.053500e+01 2.117000e+01 2.082995e+01 2.077754e+01 2.054000e+01 2.117500e+01 2.082912e+01 2.077876e+01
2.110500e+01 2.117000e+01 2.079877e+01 2.079081e+01 2.110000e+01 2.117500e+01 2.079949e+01 2.079175e+01
2.111000e+01 2.116500e+01 2.079819e+01 2.078990e+01 2.110500e+01 2.117000e+01 2.079877e+01 2.079081e+01
2.054000e+01 2.117500e+01 2.082912e+01 2.077876e+01 2.054500e+01 2.118000e+01 2.082834e+01 2.078011e+01
2.054500e+01 2.118000e+01 2.082834e+01 2.078011e+01 2.055000e+01 2.118500e+01 2.082744e+01 2.078151e+01
2.109500e+01 2.118000e+01 2.080017e+01 2.079284e+01 2.109000e+01 2.118500e+01 2.080098e+01 2.079397e+01
2.110000e+01 2.117500e+01 2.079949e+01 2.079175e+01 2.109500e+01 2.118000e+01 2.080017e+01 2.079284e+01
2.055000e+01 2.118500e+01 2.082744e+01 2.078151e+01 2.055500e+01 2.119000e+01 2.082659e+01 2.078306e+01
2.055500e+01 2.119000e+01 2.082659e+01 2.078306e+01 2.056000e+01 2.119500e+01 2.082562e+01 2.078467e+01
2.108500e+01 2.119000e+01 2.080175e+01 2.079524e+01 2.108000e+01 2.119500e+01 2.080265e+01 2.079657e+01
2.109000e+01 2.118500e+01 2.080098e+01 2.079397e+01 2.108500e+01 2.119000e+01 2.080175e+01 2.079524e+01
2.056000e+01 2.119500e+01 2.082562e+01 2.078467e+01 2.056500e+01 2.120000e+01 2.082472e+01 2.078641e+01
2.056500e+01 2.120000e+01 2.082472e+01 2.078641e+01 2.057500e+01 2.120000e+01 2.082724e+01 2.078186e+01
2.057500e+01 2.120000e+01 2.082724e+01 2.078186e+01 2.058000e+01 2.120500e+01 2.082612e+01 2.078375e+01
2.107500e+01 2.120000e+01 2.080349e+01 2.079803e+01 2.107000e+01 2.120500e+01 2.080445e+01 2.079956e+01
2.108000e+01 2.119500e+01 2.080265e+01 2.079657e+01 2.107500e+01 2.120000e+01 2.080349e+01 2.079803e+01
2.058000e+01 2.120500e+01 2.082612e+01 2.078375e+01 2.058500e+01 2.121000e+01 2.082508e+01 2.078578e+01
2.058500e+01 2.121000e+01 2.082508e+01 2.078578e+01 2.059000e+01 2.121500e+01 2.082394e+01 2.078789e+01
2.106500e+01 2.121000e+01 2.080534e+01 2.080122e+01 2.106000e+01 2.121500e+01 2.080635e+01 2.080295e+01
2.107000e+01 2.120500e+01 2.080445e+01 2.079956e+01 2.106500e+01 2.121000e+01 2.080534e+01 2.080122e+01
2.059000e+01 2.121500e+01 2.082394e+01 2.078789e+01 2.059500e+01 2.122000e+01 2.082288e+01 2.079013e+01
2.059500e+01 2.122000e+01 2.082288e+01 2.079013e+01 2.060000e+01 2.122500e+01 2.082174e+01 2.079245e+01
2.104500e+01 2.122000e+01 2.080486e+01 2.080032e+01 2.104000e+01 2.122500e+01 2.080600e+01 2.080234e+01
2.104500e+01 2.122000e+01 2.080486e+01 2.080032e+01 2.105500e+01 2.122000e+01 2.080728e+01 2.080482e+01
2.106000e+01 2.121500e+01 2.080635e+01 2.080295e+01 2.105500e+01 2.122000e+01 2.080728e+01 2.080482e+01
2.060000e+01 2.122500e+01 2.082174e+01 2.079245e+01 2.060500e+01 2.123000e+01 2.082069e+01 2.079490e+01
2.060500e+01 2.123000e+01 2.082069e+01 2.079490e+01 2.061000e+01 2.123500e+01 2.081956e+01 2.079745e+01
2.103500e+01 2.123000e+01 2.080705e+01 2.080450e+01 2.103000e+01 2.123500e+01 2.080819e+01 2.080674e+01
2.104000e+01 2.122500e+01 2.080600e+01 2.080234e+01 2.103500e+01 2.123000e+01 2.080705e+01 2.080450e+01
2.061000e+01 2.123500e+01 2.081956e+01 2.079745e+01 2.061500e+01 2.124000e+01 2.081853e+01 2.080011e+01
2.061500e+01 2.124000e+01 2.081853e+01 2.080011e+01 2.062500e+01 2.124000e+01 2.082008e+01 2.079637e+01
2.062500e+01 2.124000e+01 2.082008e+01 2.079637e+01 2.063000e+01 2.124500e+01 2.081892e+01 2.079923e+01
2.101500e+01 2.124000e+01 2.080743e+01 2.080505e+01 2.101000e+01 2.124500e+01 2.080863e+01 2.080760e+01
2.101500e+01 2.124000e+01 2.080743e+01 2.080505e+01 2.102500e+01 2.124000e+01 2.080924e+01 2.080911e+01
2.103000e+01 2.123500e+01 2.080819e+01 2.080674e+01 2.102500e+01 2.124000e+01 2.080924e+01 2.080911e+01
2.063000e+01 2.124500e+01 2.081892e+01 2.079923e+01 2.063500e+01 2.125000e+01 2.081787e+01 2.080221e+01
2.063500e+01 2.125000e+01 2.081787e+01 2.080221e+01 2.064500e+01 2.125000e+01 2.081907e+01 2.079880e+01
2.064500e+01 2.125000e+01 2.081907e+01 2.079880e+01 2.065000e+01 2.125500e+01 2.081793e+01 2.080199e+01
2.100500e+01 2.125000e+01 2.080972e+01 2.081028e+01 2.100000e+01 2.125500e+01 2.081088e+01 2.081306e+01
2.101000e+01 2.124500e+01 2.080863e+01 2.080760e+01 2.100500e+01 2.125000e+01 2.080972e+01 2.081028e+01
2.065000e+01 2.125500e+01 2.081793e+01 2.080199e+01 2.065500e+01 2.126000e+01 2.081689e+01 2.080529e+01
2.065500e+01 2.126000e+01 2.081689e+01 2.080529e+01 2.066500e+01 2.126000e+01 2.081780e+01 2.080224e+01
2.066500e+01 2.126000e+01 2.081780e+01 2.080224e+01 2.067000e+01 2.126500e+01 2.081672e+01 2.080576e+01
2.098500e+01 2.126000e+01 2.081060e+01 2.081243e+01 2.098000e+01 2.126500e+01 2.081175e+01 2.081554e+01
2.098500e+01 2.126000e+01 2.081060e+01 2.081243e+01 2.099500e+01 2.126000e+01 2.081193e+01 2.081596e+01
2.100000e+01 2.125500e+01 2.081088e+01 2.081306e+01 2.099500e+01 2.126000e+01 2.081193e+01 2.081596e+01
2.067000e+01 2.126500e+01 2.081672e+01 2.080576e+01 2.067500e+01 2.127000e+01 2.081574e+01 2.080938e+01
2.067500e+01 2.127000e+01 2.081574e+01 2.080938e+01 2.068500e+01 2.127000e+01 2.081643e+01 2.080673e+01
2.068500e+01 2.127000e+01 2.081643e+01 2.080673e+01 2.069000e+01 2.127500e+01 2.081544e+01 2.081058e+01
2.096500e+01 2.127000e+01 2.081173e+01 2.081558e+01 2.096000e+01 2.127500e+01 2.081282e+01 2.081902e+01
2.096500e+01 2.127000e+01 2.081173e+01 2.081558e+01 2.097500e+01 2.127000e+01 2.081278e+01 2.081875e+01
2.098000e+01 2.126500e+01 2.081175e+01 2.081554e+01 2.097500e+01 2.127000e+01 2.081278e+01 2.081875e+01
2.069000e+01 2.127500e+01 2.081544e+01 2.081058e+01 2.069500e+01 2.128000e+01 2.081456e+01 2.081452e+01
2.069500e+01 2.128000e+01 2.081456e+01 2.081452e+01 2.070500e+01 2.128000e+01 2.081508e+01 2.081227e+01
2.070500e+01 2.128000e+01 2.081508e+01 2.081227e+01 2.071500e+01 2.128000e+01 2.081545e+01 2.081020e+01
2.071500e+01 2.128000e+01 2.081545e+01 2.081020e+01 2.072000e+01 2.128500e+01 2.081462e+01 2.081449e+01
2.093500e+01 2.128000e+01 2.081231e+01 2.081714e+01 2.093000e+01 2.128500e+01 2.081329e+01 2.082103e+01
2.093500e+01 2.128000e+01 2.081231e+01 2.081714e+01 2.094500e+01 2.128000e+01 2.081296e+01 2.081977e+01
2.094500e+01 2.128000e+01 2.081296e+01 2.081977e+01 2.095500e+01 2.128000e+01 2.081379e+01 2.082256e+01
2.096000e+01 2.127500e+01 2.081282e+01 2.081902e+01 2.095500e+01 2.128000e+01 2.081379e+01 2.082256e+01
2.072000e+01 2.128500e+01 2.081462e+01 2.081449e+01 2.072500e+01 2.129000e+01 2.081391e+01 2.081886e+01
2.072500e+01 2.129000e+01 2.081391e+01 2.081886e+01 2.073500e+01 2.129000e+01 2.081420e+01 2.081721e+01
2.073500e+01 2.129000e+01 2.081420e+01 2.081721e+01 2.074500e+01 2.129000e+01 2.081438e+01 2.081575e+01
2.074500e+01 2.129000e+01 2.081438e+01 2.081575e+01 2.075500e+01 2.129000e+01 2.081446e+01 2.081450e+01
2.075500e+01 2.129000e+01 2.081446e+01 2.081450e+01 2.076000e+01 2.129500e+01 2.081393e+01 2.081933e+01
2.089500e+01 2.129000e+01 2.081296e+01 2.081890e+01 2.089000e+01 2.129500e+01 2.081371e+01 2.082336e+01
2.089500e+01 2.129000e+01 2.081296e+01 2.081890e+01 2.090500e+01 2.129000e+01 2.081323e+01 2.082075e+01
2.090500e+01 2.129000e+01 2.081323e+01 2.082075e+01 2.091500e+01 2.129000e+01 2.081363e+01 2.082279e+01
2.091500e+01 2.129000e+01 2.081363e+01 2.082279e+01 2.092500e+01 2.129000e+01 2.081415e+01 2.082501e+01
2.093000e+01 2.128500e+01 2.081329e+01 2.082103e+01 2.092500e+01 2.129000e+01 2.081415e+01 2.082501e+01
2.076000e+01 2.129500e+01 2.081393e+01 2.081933e+01 2.076500e+01 2.130000e+01 2.081352e+01 2.082422e+01
2.076500e+01 2.130000e+01 2.081352e+01 2.082422e+01 2.077500e+01 2.130000e+01 2.081364e+01 2.082340e+01
2.077500e+01 2.130000e+01 2.081364e+01 2.082340e+01 2.078500e+01 2.130000e+01 2.081371e+01 2.082278e+01
2.078500e+01 2.130000e+01 2.081371e+01 2.082278e+01 2.079500e+01 2.130000e+01 2.081374e+01 2.082236e+01
2.079500e+01 2.130000e+01 2.081374e+01 2.082236e+01 2.080500e+01 2.130000e+01 2.081374e+01 2.082215e+01
2.080500e+01 2.130000e+01 2.081374e+01 2.082215e+01 2.081500e+01 2.130000e+01 2.081372e+01 2.082215e+01
2.081500e+01 2.130000e+01 2.081372e+01 2.082215e+01 2.082500e+01 2.130000e+01 2.081371e+01 2.082235e+01
2.082500e+01 2.130000e+01 2.081371e+01 2.082235e+01 2.083500e+01 2.130000e+01 2.081370e+01 2.082277e+01
2.083500e+01 2.130000e+01 2.081370e+01 2.082277e+01 2.084500e+01 2.130000e+01 2.081372e+01 2.082339e+01
2.084500e+01 2.130000e+01 2.081372e+01 2.082339e+01 2.085500e+01 2.130000e+01 2.081378e+01 2.082421e+01
2.085500e+01 2.130000e+01 2.081378e+01 2.082421e+01 2.086500e+01 2.130000e+01 2.081390e+01 2.082524e+01
2.086500e+01 2.130000e+01 2.081390e+01 2.082524e+01 2.087500e+01 2.130000e+01 2.081408e+01 2.082646e+01
2.087500e+01 2.130000e+01 2.081408e+01 2.082646e+01 2.088500e+01 2.130000e+01 2.081434e+01 2.082789e+01
2.089000e+01 2.129500e+01 2.081371e+01 2.082336e+01 2.088500e+01 2.130000e+01 2.081434e+01 2.082789e+01
