2.077750e+01 2.077600e+01 2.077714e+01 2.077600e+01 2.077700e+01 2.077650e+01 2.077713e+01 2.077613e+01
2.077750e+01 2.077600e+01 2.077714e+01 2.077600e+01 2.077800e+01 2.077650e+01 2.077750e+01 2.077657e+01
2.078250e+01 2.077600e+01 2.078286e+01 2.077600e+01 2.078200e+01 2.077650e+01 2.078250e+01 2.077657e+01
2.078250e+01 2.077600e+01 2.078286e+01 2.077600e+01 2.078300e+01 2.077650e+01 2.078287e+01 2.077613e+01
2.077700e+01 2.077650e+01 2.077713e+01 2.077613e+01 2.077750e+01 2.077700e+01 2.077763e+01 2.077663e+01
2.077800e+01 2.077650e+01 2.077750e+01 2.077657e+01 2.077850e+01 2.077700e+01 2.077784e+01 2.077717e+01
2.077750e+01 2.077700e+01 2.077763e+01 2.077663e+01 2.077800e+01 2.077750e+01 2.077797e+01 2.077723e+01
2.077850e+01 2.077700e+01 2.077784e+01 2.077717e+01 2.077900e+01 2.077750e+01 2.077837e+01 2.077767e+01
2.078150e+01 2.077700e+01 2.078216e+01 2.077717e+01 2.078100e+01 2.077750e+01 2.078163e+01 2.077767e+01
2.078200e+01 2.077650e+01 2.078250e+01 2.077657e+01 2.078150e+01 2.077700e+01 2.078216e+01 2.077717e+01
2.078250e+01 2.077700e+01 2.078237e+01 2.077663e+01 2.078200e+01 2.077750e+01 2.078203e+01 2.077723e+01
2.078300e+01 2.077650e+01 2.078287e+01 2.077613e+01 2.078250e+01 2.077700e+01 2.078237e+01 2.077663e+01
2.077800e+01 2.077750e+01 2.077797e+01 2.077723e+01 2.077800e+01 2.077850e+01 2.077847e+01 2.077783e+01
2.077900e+01 2.077750e+01 2.077837e+01 2.077767e+01 2.077900e+01 2.077850e+01 2.077872e+01 2.077835e+01
2.078100e+01 2.077750e+01 2.078163e+01 2.077767e+01 2.078100e+01 2.077850e+01 2.078128e+01 2.077835e+01
2.078200e+01 2.077750e+01 2.078203e+01 2.077723e+01 2.078200e+01 2.077850e+01 2.078153e+01 2.077783e+01
2.077800e+01 2.077850e+01 2.077847e+01 2.077783e+01 2.077850e+01 2.077900e+01 2.077880e+01 2.077871e+01
2.077900e+01 2.077850e+01 2.077872e+01 2.077835e+01 2.077950e+01 2.077900e+01 2.077922e+01 2.077885e+01
2.077850e+01 2.077900e+01 2.077880e+01 2.077871e+01 2.077900e+01 2.077950e+01 2.077930e+01 2.077921e+01
2.077950e+01 2.077900e+01 2.077922e+01 2.077885e+01 2.078050e+01 2.077900e+01 2.078078e+01 2.077885e+01
2.078100e+01 2.077850e+01 2.078128e+01 2.077835e+01 2.078050e+01 2.077900e+01 2.078078e+01 2.077885e+01
2.078150e+01 2.077900e+01 2.078120e+01 2.077871e+01 2.078100e+01 2.077950e+01 2.078070e+01 2.077921e+01
2.078200e+01 2.077850e+01 2.078153e+01 2.077783e+01 2.078150e+01 2.077900e+01 2.078120e+01 2.077871e+01
2.077750e+01 2.078000e+01 2.077750e+01 2.078057e+01 2.077700e+01 2.078050e+01 2.077696e+01 2.078117e+01
2.077750e+01 2.078000e+01 2.077750e+01 2.078057e+01 2.077850e+01 2.078000e+01 2.077850e+01 2.078003e+01
2.077900e+01 2.077950e+01 2.077930e+01 2.077921e+01 2.077950e+01 2.078000e+01 2.077950e+01 2.077940e+01
2.077850e+01 2.078000e+01 2.077850e+01 2.078003e+01 2.077900e+01 2.078050e+01 2.077870e+01 2.078021e+01
2.078100e+01 2.077950e+01 2.078070e+01 2.077921e+01 2.078050e+01 2.078000e+01 2.078050e+01 2.077940e+01
2.078150e+01 2.078000e+01 2.078150e+01 2.078003e+01 2.078100e+01 2.078050e+01 2.078130e+01 2.078021e+01
2.078150e+01 2.078000e+01 2.078150e+01 2.078003e+01 2.078250e+01 2.078000e+01 2.078250e+01 2.078057e+01
2.078250e+01 2.078000e+01 2.078250e+01 2.078057e+01 2.078300e+01 2.078050e+01 2.078304e+01 2.078117e+01
2.077550e+01 2.078100e+01 2.077539e+01 2.078144e+01 2.077500e+01 2.078150e+01 2.077484e+01 2.078165e+01
2.077550e+01 2.078100e+01 2.077539e+01 2.078144e+01 2.077650e+01 2.078100e+01 2.077632e+01 2.078122e+01
2.077700e+01 2.078050e+01 2.077696e+01 2.078117e+01 2.077650e+01 2.078100e+01 2.077632e+01 2.078122e+01
2.077750e+01 2.078100e+01 2.077720e+01 2.078092e+01 2.077700e+01 2.078150e+01 2.077656e+01 2.078097e+01
2.077750e+01 2.078100e+01 2.077720e+01 2.078092e+01 2.077850e+01 2.078100e+01 2.077820e+01 2.078071e+01
2.077900e+01 2.078050e+01 2.077870e+01 2.078021e+01 2.077850e+01 2.078100e+01 2.077820e+01 2.078071e+01
2.078100e+01 2.078050e+01 2.078130e+01 2.078021e+01 2.078150e+01 2.078100e+01 2.078180e+01 2.078071e+01
2.078150e+01 2.078100e+01 2.078180e+01 2.078071e+01 2.078250e+01 2.078100e+01 2.078280e+01 2.078092e+01
2.078300e+01 2.078050e+01 2.078304e+01 2.078117e+01 2.078350e+01 2.078100e+01 2.078368e+01 2.078122e+01
2.078250e+01 2.078100e+01 2.078280e+01 2.078092e+01 2.078300e+01 2.078150e+01 2.078344e+01 2.078097e+01
2.078350e+01 2.078100e+01 2.078368e+01 2.078122e+01 2.078450e+01 2.078100e+01 2.078461e+01 2.078144e+01
2.078450e+01 2.078100e+01 2.078461e+01 2.078144e+01 2.078500e+01 2.078150e+01 2.078516e+01 2.078165e+01
2.077500e+01 2.078150e+01 2.077484e+01 2.078165e+01 2.077550e+01 2.078200e+01 2.077515e+01 2.078168e+01
2.077550e+01 2.078200e+01 2.077515e+01 2.078168e+01 2.077650e+01 2.078200e+01 2.077604e+01 2.078143e+01
2.077700e+01 2.078150e+01 2.077656e+01 2.078097e+01 2.077650e+01 2.078200e+01 2.077604e+01 2.078143e+01
2.077950e+01 2.078200e+01 2.078037e+01 2.078229e+01 2.077900e+01 2.078250e+01 2.077963e+01 2.078267e+01
2.077950e+01 2.078200e+01 2.078037e+01 2.078229e+01 2.078050e+01 2.078200e+01 2.077963e+01 2.078229e+01
2.078050e+01 2.078200e+01 2.077963e+01 2.078229e+01 2.078100e+01 2.078250e+01 2.078037e+01 2.078267e+01
2.078300e+01 2.078150e+01 2.078344e+01 2.078097e+01 2.078350e+01 2.078200e+01 2.078396e+01 2.078143e+01
2.078350e+01 2.078200e+01 2.078396e+01 2.078143e+01 2.078450e+01 2.078200e+01 2.078485e+01 2.078168e+01
2.078500e+01 2.078150e+01 2.078516e+01 2.078165e+01 2.078450e+01 2.078200e+01 2.078485e+01 2.078168e+01
2.077900e+01 2.078250e+01 2.077963e+01 2.078267e+01 2.077900e+01 2.078350e+01 2.077974e+01 2.078376e+01
2.078100e+01 2.078250e+01 2.078037e+01 2.078267e+01 2.078100e+01 2.078350e+01 2.078026e+01 2.078376e+01
2.077900e+01 2.078350e+01 2.077974e+01 2.078376e+01 2.077950e+01 2.078400e+01 2.078006e+01 2.078423e+01
2.077950e+01 2.078400e+01 2.078006e+01 2.078423e+01 2.078050e+01 2.078400e+01 2.077994e+01 2.078423e+01
2.078100e+01 2.078350e+01 2.078026e+01 2.078376e+01 2.078050e+01 2.078400e+01 2.077994e+01 2.078423e+01
2.078000e+01 2.078000e+01 2.078050e+01 2.078098e+01 2.078000e+01 2.078000e+01 2.078052e+01 2.078085e+01
2.078000e+01 2.078000e+01 2.078052e+01 2.078085e+01 2.078000e+01 2.078000e+01 2.078055e+01 2.078063e+01
2.078000e+01 2.078000e+01 2.078055e+01 2.078063e+01 2.078000e+01 2.078000e+01 2.078062e+01 2.078036e+01
2.078000e+01 2.078000e+01 2.078062e+01 2.078036e+01 2.078000e+01 2.078000e+01 2.078071e+01 2.078008e+01
2.078000e+01 2.078000e+01 2.078071e+01 2.078008e+01 2.078000e+01 2.078000e+01 2.078082e+01 2.077982e+01
2.078000e+01 2.078000e+01 2.078082e+01 2.077982e+01 2.078000e+01 2.078000e+01 2.078091e+01 2.077962e+01
2.078000e+01 2.078000e+01 2.078091e+01 2.077962e+01 2.078000e+01 2.078000e+01 2.078098e+01 2.077950e+01
2.078000e+01 2.078000e+01 2.077923e+01 2.078078e+01 2.078000e+01 2.078000e+01 2.077935e+01 2.078075e+01
2.078000e+01 2.078000e+01 2.077935e+01 2.078075e+01 2.078000e+01 2.078000e+01 2.077957e+01 2.078072e+01
2.078000e+01 2.078000e+01 2.077957e+01 2.078072e+01 2.078000e+01 2.078000e+01 2.077985e+01 2.078070e+01
2.078000e+01 2.078000e+01 2.077985e+01 2.078070e+01 2.078000e+01 2.078000e+01 2.078015e+01 2.078070e+01
2.078000e+01 2.078000e+01 2.078015e+01 2.078070e+01 2.078000e+01 2.078000e+01 2.078043e+01 2.078072e+01
2.078000e+01 2.078000e+01 2.078043e+01 2.078072e+01 2.078000e+01 2.078000e+01 2.078065e+01 2.078075e+01
2.078000e+01 2.078000e+01 2.078065e+01 2.078075e+01 2.078000e+01 2.078000e+01 2.078077e+01 2.078078e+01
2.078000e+01 2.078000e+01 2.077902e+01 2.077950e+01 2.078000e+01 2.078000e+01 2.077909e+01 2.077962e+01
2.078000e+01 2.078000e+01 2.077909e+01 2.077962e+01 2.078000e+01 2.078000e+01 2.077918e+01 2.077982e+01
2.078000e+01 2.078000e+01 2.077918e+01 2.077982e+01 2.078000e+01 2.078000e+01 2.077929e+01 2.078008e+01
2.078000e+01 2.078000e+01 2.077929e+01 2.078008e+01 2.078000e+01 2.078000e+01 2.077938e+01 2.078036e+01
2.078000e+01 2.078000e+01 2.077938e+01 2.078036e+01 2.078000e+01 2.078000e+01 2.077945e+01 2.078063e+01
2.078000e+01 2.078000e+01 2.077945e+01 2.078063e+01 2.078000e+01 2.078000e+01 2.077948e+01 2.078085e+01
2.078000e+01 2.078000e+01 2.077948e+01 2.078085e+01 2.078000e+01 2.078000e+01 2.077950e+01 2.078098e+01
2.078000e+01 2.078000e+01 2.078017e+01 2.077891e+01 2.078000e+01 2.078000e+01 2.078008e+01 2.077901e+01
2.078000e+01 2.078000e+01 2.078008e+01 2.077901e+01 2.078000e+01 2.078000e+01 2.077992e+01 2.077917e+01
2.078000e+01 2.078000e+01 2.077992e+01 2.077917e+01 2.078000e+01 2.078000e+01 2.077971e+01 2.077934e+01
2.078000e+01 2.078000e+01 2.077971e+01 2.077934e+01 2.078000e+01 2.078000e+01 2.077947e+01 2.077952e+01
2.078000e+01 2.078000e+01 2.077947e+01 2.077952e+01 2.078000e+01 2.078000e+01 2.077923e+01 2.077967e+01
2.078000e+01 2.078000e+01 2.077923e+01 2.077967e+01 2.078000e+01 2.078000e+01 2.077904e+01 2.077977e+01
2.078000e+01 2.078000e+01 2.077904e+01 2.077977e+01 2.078000e+01 2.078000e+01 2.077892e+01 2.077983e+01
2.078000e+01 2.078000e+01 2.078108e+01 2.077982e+01 2.078000e+01 2.078000e+01 2.078096e+01 2.077977e+01
2.078000e+01 2.078000e+01 2.078096e+01 2.077977e+01 2.078000e+01 2.078000e+01 2.078077e+01 2.077967e+01
2.078000e+01 2.078000e+01 2.078077e+01 2.077967e+01 2.078000e+01 2.078000e+01 2.078053e+01 2.077952e+01
2.078000e+01 2.078000e+01 2.078053e+01 2.077952e+01 2.078000e+01 2.078000e+01 2.078029e+01 2.077934e+01
2.078000e+01 2.078000e+01 2.078029e+01 2.077934e+01 2.078000e+01 2.078000e+01 2.078008e+01 2.077917e+01
2.078000e+01 2.078000e+01 2.078008e+01 2.077917e+01 2.078000e+01 2.078000e+01 2.077992e+01 2.077901e+01
2.078000e+01 2.078000e+01 2.077992e+01 2.077901e+01 2.078000e+01 2.078000e+01 2.077983e+01 2.077891e+01
