2.078000e+01 2.078000e+01 2.077968e+01 2.078106e+01 2.078000e+01 2.078000e+01 2.077972e+01 2.078104e+01
2.078000e+01 2.078000e+01 2.077972e+01 2.078104e+01 2.078000e+01 2.078000e+01 2.077977e+01 2.078103e+01
2.078000e+01 2.078000e+01 2.077977e+01 2.078103e+01 2.078000e+01 2.078000e+01 2.077983e+01 2.078101e+01
2.078000e+01 2.078000e+01 2.077983e+01 2.078101e+01 2.078000e+01 2.078000e+01 2.077990e+01 2.078101e+01
2.078000e+01 2.078000e+01 2.077990e+01 2.078101e+01 2.078000e+01 2.078000e+01 2.077997e+01 2.078100e+01
2.078000e+01 2.078000e+01 2.077997e+01 2.078100e+01 2.078000e+01 2.078000e+01 2.078003e+01 2.078100e+01
2.078000e+01 2.078000e+01 2.078003e+01 2.078100e+01 2.078000e+01 2.078000e+01 2.078010e+01 2.078101e+01
2.078000e+01 2.078000e+01 2.078010e+01 2.078101e+01 2.078000e+01 2.078000e+01 2.078017e+01 2.078101e+01
2.078000e+01 2.078000e+01 2.078017e+01 2.078101e+01 2.078000e+01 2.078000e+01 2.078023e+01 2.078103e+01
2.078000e+01 2.078000e+01 2.078023e+01 2.078103e+01 2.078000e+01 2.078000e+01 2.078028e+01 2.078104e+01
2.078000e+01 2.078000e+01 2.078028e+01 2.078104e+01 2.078000e+01 2.078000e+01 2.078032e+01 2.078106e+01
2.078000e+01 2.078000e+01 2.078032e+01 2.077894e+01 2.078000e+01 2.078000e+01 2.078028e+01 2.077896e+01
2.078000e+01 2.078000e+01 2.078028e+01 2.077896e+01 2.078000e+01 2.078000e+01 2.078023e+01 2.077897e+01
2.078000e+01 2.078000e+01 2.078023e+01 2.077897e+01 2.078000e+01 2.078000e+01 2.078017e+01 2.077899e+01
2.078000e+01 2.078000e+01 2.078017e+01 2.077899e+01 2.078000e+01 2.078000e+01 2.078010e+01 2.077899e+01
2.078000e+01 2.078000e+01 2.078010e+01 2.077899e+01 2.078000e+01 2.078000e+01 2.078003e+01 2.077900e+01
2.078000e+01 2.078000e+01 2.078003e+01 2.077900e+01 2.078000e+01 2.078000e+01 2.077997e+01 2.077900e+01
2.078000e+01 2.078000e+01 2.077997e+01 2.077900e+01 2.078000e+01 2.078000e+01 2.077990e+01 2.077899e+01
2.078000e+01 2.078000e+01 2.077990e+01 2.077899e+01 2.078000e+01 2.078000e+01 2.077983e+01 2.077899e+01
2.078000e+01 2.078000e+01 2.077983e+01 2.077899e+01 2.078000e+01 2.078000e+01 2.077977e+01 2.077897e+01
2.078000e+01 2.078000e+01 2.077977e+01 2.077897e+01 2.078000e+01 2.078000e+01 2.077972e+01 2.077896e+01
2.078000e+01 2.078000e+01 2.077972e+01 2.077896e+01 2.078000e+01 2.078000e+01 2.077968e+01 2.077894e+01
