2.077850e+01 2.077900e+01 2.077813e+01 2.077885e+01 2.077800e+01 2.077950e+01 2.077795e+01 2.077876e+01
2.077850e+01 2.077900e+01 2.077813e+01 2.077885e+01 2.077950e+01 2.077900e+01 2.077881e+01 2.077939e+01
2.077950e+01 2.077900e+01 2.077881e+01 2.077939e+01 2.078050e+01 2.077900e+01 2.078119e+01 2.077939e+01
2.078050e+01 2.077900e+01 2.078119e+01 2.077939e+01 2.078150e+01 2.077900e+01 2.078187e+01 2.077885e+01
2.078150e+01 2.077900e+01 2.078187e+01 2.077885e+01 2.078200e+01 2.077950e+01 2.078205e+01 2.077876e+01
2.077800e+01 2.077950e+01 2.077795e+01 2.077876e+01 2.077850e+01 2.078000e+01 2.077850e+01 2.077937e+01
2.077850e+01 2.078000e+01 2.077850e+01 2.077937e+01 2.077950e+01 2.078000e+01 2.077950e+01 2.078033e+01
2.078050e+01 2.078000e+01 2.078050e+01 2.078033e+01 2.078150e+01 2.078000e+01 2.078150e+01 2.077937e+01
2.078200e+01 2.077950e+01 2.078205e+01 2.077876e+01 2.078150e+01 2.078000e+01 2.078150e+01 2.077937e+01
2.078000e+01 2.078000e+01 2.077939e+01 2.078093e+01 2.078000e+01 2.078000e+01 2.077945e+01 2.078091e+01
2.078000e+01 2.078000e+01 2.077945e+01 2.078091e+01 2.078000e+01 2.078000e+01 2.077953e+01 2.078089e+01
2.078000e+01 2.078000e+01 2.077953e+01 2.078089e+01 2.078000e+01 2.078000e+01 2.077964e+01 2.078086e+01
2.078000e+01 2.078000e+01 2.077964e+01 2.078086e+01 2.078000e+01 2.078000e+01 2.077978e+01 2.078084e+01
2.078000e+01 2.078000e+01 2.077978e+01 2.078084e+01 2.078000e+01 2.078000e+01 2.077992e+01 2.078083e+01
2.078000e+01 2.078000e+01 2.077992e+01 2.078083e+01 2.078000e+01 2.078000e+01 2.078008e+01 2.078083e+01
2.078000e+01 2.078000e+01 2.078008e+01 2.078083e+01 2.078000e+01 2.078000e+01 2.078022e+01 2.078084e+01
2.078000e+01 2.078000e+01 2.078022e+01 2.078084e+01 2.078000e+01 2.078000e+01 2.078036e+01 2.078086e+01
2.078000e+01 2.078000e+01 2.078036e+01 2.078086e+01 2.078000e+01 2.078000e+01 2.078047e+01 2.078089e+01
2.078000e+01 2.078000e+01 2.078047e+01 2.078089e+01 2.078000e+01 2.078000e+01 2.078055e+01 2.078091e+01
2.078000e+01 2.078000e+01 2.078055e+01 2.078091e+01 2.078000e+01 2.078000e+01 2.078061e+01 2.078093e+01
2.078000e+01 2.078000e+01 2.077950e+01 2.077901e+01 2.078000e+01 2.078000e+01 2.077949e+01 2.077906e+01
2.078000e+01 2.078000e+01 2.077949e+01 2.077906e+01 2.078000e+01 2.078000e+01 2.077947e+01 2.077915e+01
2.078000e+01 2.078000e+01 2.077947e+01 2.077915e+01 2.078000e+01 2.078000e+01 2.077943e+01 2.077926e+01
2.078000e+01 2.078000e+01 2.077943e+01 2.077926e+01 2.078000e+01 2.078000e+01 2.077938e+01 2.077939e+01
2.078000e+01 2.078000e+01 2.077938e+01 2.077939e+01 2.078000e+01 2.078000e+01 2.077931e+01 2.077952e+01
2.078000e+01 2.078000e+01 2.077931e+01 2.077952e+01 2.078000e+01 2.078000e+01 2.077924e+01 2.077965e+01
2.078000e+01 2.078000e+01 2.077924e+01 2.077965e+01 2.078000e+01 2.078000e+01 2.077916e+01 2.077977e+01
2.078000e+01 2.078000e+01 2.077916e+01 2.077977e+01 2.078000e+01 2.078000e+01 2.077907e+01 2.077988e+01
2.078000e+01 2.078000e+01 2.077907e+01 2.077988e+01 2.078000e+01 2.078000e+01 2.077900e+01 2.077996e+01
2.078000e+01 2.078000e+01 2.077900e+01 2.077996e+01 2.078000e+01 2.078000e+01 2.077893e+01 2.078002e+01
2.078000e+01 2.078000e+01 2.077893e+01 2.078002e+01 2.078000e+01 2.078000e+01 2.077889e+01 2.078006e+01
2.078000e+01 2.078000e+01 2.078111e+01 2.078006e+01 2.078000e+01 2.078000e+01 2.078107e+01 2.078002e+01
2.078000e+01 2.078000e+01 2.078107e+01 2.078002e+01 2.078000e+01 2.078000e+01 2.078100e+01 2.077996e+01
2.078000e+01 2.078000e+01 2.078100e+01 2.077996e+01 2.078000e+01 2.078000e+01 2.078093e+01 2.077988e+01
2.078000e+01 2.078000e+01 2.078093e+01 2.077988e+01 2.078000e+01 2.078000e+01 2.078084e+01 2.077977e+01
2.078000e+01 2.078000e+01 2.078084e+01 2.077977e+01 2.078000e+01 2.078000e+01 2.078076e+01 2.077965e+01
2.078000e+01 2.078000e+01 2.078076e+01 2.077965e+01 2.078000e+01 2.078000e+01 2.078069e+01 2.077952e+01
2.078000e+01 2.078000e+01 2.078069e+01 2.077952e+01 2.078000e+01 2.078000e+01 2.078062e+01 2.077939e+01
2.078000e+01 2.078000e+01 2.078062e+01 2.077939e+01 2.078000e+01 2.078000e+01 2.078057e+01 2.077926e+01
2.078000e+01 2.078000e+01 2.078057e+01 2.077926e+01 2.078000e+01 2.078000e+01 2.078053e+01 2.077915e+01
2.078000e+01 2.078000e+01 2.078053e+01 2.077915e+01 2.078000e+01 2.078000e+01 2.078051e+01 2.077906e+01
2.078000e+01 2.078000e+01 2.078051e+01 2.077906e+01 2.078000e+01 2.078000e+01 2.078050e+01 2.077901e+01
