2.077950e+01 2.077700e+01 2.078008e+01 2.077670e+01 2.077900e+01 2.077750e+01 2.077972e+01 2.077719e+01
2.077950e+01 2.077700e+01 2.078008e+01 2.077670e+01 2.078050e+01 2.077700e+01 2.077992e+01 2.077670e+01
2.078050e+01 2.077700e+01 2.077992e+01 2.077670e+01 2.078100e+01 2.077750e+01 2.078028e+01 2.077719e+01
2.077900e+01 2.077750e+01 2.077972e+01 2.077719e+01 2.077950e+01 2.077800e+01 2.078028e+01 2.077766e+01
2.077950e+01 2.077800e+01 2.078028e+01 2.077766e+01 2.078050e+01 2.077800e+01 2.077972e+01 2.077766e+01
2.078100e+01 2.077750e+01 2.078028e+01 2.077719e+01 2.078050e+01 2.077800e+01 2.077972e+01 2.077766e+01
2.077750e+01 2.077900e+01 2.077719e+01 2.077972e+01 2.077700e+01 2.077950e+01 2.077670e+01 2.078008e+01
2.077750e+01 2.077900e+01 2.077719e+01 2.077972e+01 2.077800e+01 2.077950e+01 2.077766e+01 2.078028e+01
2.078250e+01 2.077900e+01 2.078281e+01 2.077972e+01 2.078200e+01 2.077950e+01 2.078234e+01 2.078028e+01
2.078250e+01 2.077900e+01 2.078281e+01 2.077972e+01 2.078300e+01 2.077950e+01 2.078330e+01 2.078008e+01
2.077700e+01 2.077950e+01 2.077670e+01 2.078008e+01 2.077700e+01 2.078050e+01 2.077670e+01 2.077992e+01
2.077800e+01 2.077950e+01 2.077766e+01 2.078028e+01 2.077800e+01 2.078050e+01 2.077766e+01 2.077972e+01
2.078200e+01 2.077950e+01 2.078234e+01 2.078028e+01 2.078200e+01 2.078050e+01 2.078234e+01 2.077972e+01
2.078300e+01 2.077950e+01 2.078330e+01 2.078008e+01 2.078300e+01 2.078050e+01 2.078330e+01 2.077992e+01
2.077700e+01 2.078050e+01 2.077670e+01 2.077992e+01 2.077750e+01 2.078100e+01 2.077719e+01 2.078028e+01
2.077800e+01 2.078050e+01 2.077766e+01 2.077972e+01 2.077750e+01 2.078100e+01 2.077719e+01 2.078028e+01
2.078200e+01 2.078050e+01 2.078234e+01 2.077972e+01 2.078250e+01 2.078100e+01 2.078281e+01 2.078028e+01
2.078300e+01 2.078050e+01 2.078330e+01 2.077992e+01 2.078250e+01 2.078100e+01 2.078281e+01 2.078028e+01
2.077950e+01 2.078200e+01 2.078028e+01 2.078234e+01 2.077900e+01 2.078250e+01 2.077972e+01 2.078281e+01
2.077950e+01 2.078200e+01 2.078028e+01 2.078234e+01 2.078050e+01 2.078200e+01 2.077972e+01 2.078234e+01
2.078050e+01 2.078200e+01 2.077972e+01 2.078234e+01 2.078100e+01 2.078250e+01 2.078028e+01 2.078281e+01
2.077900e+01 2.078250e+01 2.077972e+01 2.078281e+01 2.077950e+01 2.078300e+01 2.078008e+01 2.078330e+01
2.077950e+01 2.078300e+01 2.078008e+01 2.078330e+01 2.078050e+01 2.078300e+01 2.077992e+01 2.078330e+01
2.078100e+01 2.078250e+01 2.078028e+01 2.078281e+01 2.078050e+01 2.078300e+01 2.077992e+01 2.078330e+01
2.078000e+01 2.078000e+01 2.078075e+01 2.078000e+01 2.078000e+01 2.078000e+01 2.078076e+01 2.077978e+01
2.078000e+01 2.078000e+01 2.078076e+01 2.077978e+01 2.078000e+01 2.078000e+01 2.078078e+01 2.077957e+01
2.078000e+01 2.078000e+01 2.078078e+01 2.077957e+01 2.078000e+01 2.078000e+01 2.078081e+01 2.077941e+01
2.078000e+01 2.078000e+01 2.078081e+01 2.077941e+01 2.078000e+01 2.078000e+01 2.078083e+01 2.077930e+01
2.078000e+01 2.078000e+01 2.077927e+01 2.078084e+01 2.078000e+01 2.078000e+01 2.077935e+01 2.078082e+01
2.078000e+01 2.078000e+01 2.077935e+01 2.078082e+01 2.078000e+01 2.078000e+01 2.077949e+01 2.078079e+01
2.078000e+01 2.078000e+01 2.077949e+01 2.078079e+01 2.078000e+01 2.078000e+01 2.077967e+01 2.078077e+01
2.078000e+01 2.078000e+01 2.077967e+01 2.078077e+01 2.078000e+01 2.078000e+01 2.077989e+01 2.078075e+01
2.078000e+01 2.078000e+01 2.077989e+01 2.078075e+01 2.078000e+01 2.078000e+01 2.078011e+01 2.078075e+01
2.078000e+01 2.078000e+01 2.078011e+01 2.078075e+01 2.078000e+01 2.078000e+01 2.078033e+01 2.078077e+01
2.078000e+01 2.078000e+01 2.078033e+01 2.078077e+01 2.078000e+01 2.078000e+01 2.078051e+01 2.078079e+01
2.078000e+01 2.078000e+01 2.078051e+01 2.078079e+01 2.078000e+01 2.078000e+01 2.078065e+01 2.078082e+01
2.078000e+01 2.078000e+01 2.078065e+01 2.078082e+01 2.078000e+01 2.078000e+01 2.078073e+01 2.078084e+01
2.078000e+01 2.078000e+01 2.077917e+01 2.077930e+01 2.078000e+01 2.078000e+01 2.077919e+01 2.077941e+01
2.078000e+01 2.078000e+01 2.077919e+01 2.077941e+01 2.078000e+01 2.078000e+01 2.077922e+01 2.077957e+01
2.078000e+01 2.078000e+01 2.077922e+01 2.077957e+01 2.078000e+01 2.078000e+01 2.077924e+01 2.077978e+01
2.078000e+01 2.078000e+01 2.077924e+01 2.077978e+01 2.078000e+01 2.078000e+01 2.077925e+01 2.078000e+01
2.078000e+01 2.078000e+01 2.077925e+01 2.078000e+01 2.078000e+01 2.078000e+01 2.077924e+01 2.078022e+01
2.078000e+01 2.078000e+01 2.077924e+01 2.078022e+01 2.078000e+01 2.078000e+01 2.077922e+01 2.078043e+01
2.078000e+01 2.078000e+01 2.077922e+01 2.078043e+01 2.078000e+01 2.078000e+01 2.077919e+01 2.078059e+01
2.078000e+01 2.078000e+01 2.077919e+01 2.078059e+01 2.078000e+01 2.078000e+01 2.077917e+01 2.078070e+01
2.078000e+01 2.078000e+01 2.078073e+01 2.077916e+01 2.078000e+01 2.078000e+01 2.078065e+01 2.077918e+01
2.078000e+01 2.078000e+01 2.078065e+01 2.077918e+01 2.078000e+01 2.078000e+01 2.078051e+01 2.077921e+01
2.078000e+01 2.078000e+01 2.078051e+01 2.077921e+01 2.078000e+01 2.078000e+01 2.078033e+01 2.077923e+01
2.078000e+01 2.078000e+01 2.078033e+01 2.077923e+01 2.078000e+01 2.078000e+01 2.078011e+01 2.077925e+01
2.078000e+01 2.078000e+01 2.078011e+01 2.077925e+01 2.078000e+01 2.078000e+01 2.077989e+01 2.077925e+01
2.078000e+01 2.078000e+01 2.077989e+01 2.077925e+01 2.078000e+01 2.078000e+01 2.077967e+01 2.077923e+01
2.078000e+01 2.078000e+01 2.077967e+01 2.077923e+01 2.078000e+01 2.078000e+01 2.077949e+01 2.077921e+01
2.078000e+01 2.078000e+01 2.077949e+01 2.077921e+01 2.078000e+01 2.078000e+01 2.077935e+01 2.077918e+01
2.078000e+01 2.078000e+01 2.077935e+01 2.077918e+01 2.078000e+01 2.078000e+01 2.077927e+01 2.077916e+01
2.078000e+01 2.078000e+01 2.078083e+01 2.078070e+01 2.078000e+01 2.078000e+01 2.078081e+01 2.078059e+01
2.078000e+01 2.078000e+01 2.078081e+01 2.078059e+01 2.078000e+01 2.078000e+01 2.078078e+01 2.078043e+01
2.078000e+01 2.078000e+01 2.078078e+01 2.078043e+01 2.078000e+01 2.078000e+01 2.078076e+01 2.078022e+01
2.078000e+01 2.078000e+01 2.078076e+01 2.078022e+01 2.078000e+01 2.078000e+01 2.078075e+01 2.078000e+01
