2.068500e+01 2.029000e+01 2.078014e+01 2.075635e+01 2.068000e+01 2.029500e+01 2.078087e+01 2.076036e+01
2.068500e+01 2.029000e+01 2.078014e+01 2.075635e+01 2.069500e+01 2.029000e+01 2.078053e+01 2.075815e+01
2.069500e+01 2.029000e+01 2.078053e+01 2.075815e+01 2.070500e+01 2.029000e+01 2.078083e+01 2.075977e+01
2.070500e+01 2.029000e+01 2.078083e+01 2.075977e+01 2.071500e+01 2.029000e+01 2.078103e+01 2.076121e+01
2.071500e+01 2.029000e+01 2.078103e+01 2.076121e+01 2.072500e+01 2.029000e+01 2.078116e+01 2.076246e+01
2.072500e+01 2.029000e+01 2.078116e+01 2.076246e+01 2.073500e+01 2.029000e+01 2.078122e+01 2.076351e+01
2.073500e+01 2.029000e+01 2.078122e+01 2.076351e+01 2.074500e+01 2.029000e+01 2.078123e+01 2.076437e+01
2.074500e+01 2.029000e+01 2.078123e+01 2.076437e+01 2.075500e+01 2.029000e+01 2.078119e+01 2.076502e+01
2.075500e+01 2.029000e+01 2.078119e+01 2.076502e+01 2.076500e+01 2.029000e+01 2.078112e+01 2.076548e+01
2.076500e+01 2.029000e+01 2.078112e+01 2.076548e+01 2.077500e+01 2.029000e+01 2.078104e+01 2.076573e+01
2.077500e+01 2.029000e+01 2.078104e+01 2.076573e+01 2.078500e+01 2.029000e+01 2.078094e+01 2.076578e+01
2.078500e+01 2.029000e+01 2.078094e+01 2.076578e+01 2.079500e+01 2.029000e+01 2.078086e+01 2.076562e+01
2.079500e+01 2.029000e+01 2.078086e+01 2.076562e+01 2.080500e+01 2.029000e+01 2.078079e+01 2.076526e+01
2.080500e+01 2.029000e+01 2.078079e+01 2.076526e+01 2.081500e+01 2.029000e+01 2.078075e+01 2.076469e+01
2.081500e+01 2.029000e+01 2.078075e+01 2.076469e+01 2.082500e+01 2.029000e+01 2.078076e+01 2.076393e+01
2.082500e+01 2.029000e+01 2.078076e+01 2.076393e+01 2.083500e+01 2.029000e+01 2.078082e+01 2.076297e+01
2.083500e+01 2.029000e+01 2.078082e+01 2.076297e+01 2.084500e+01 2.029000e+01 2.078095e+01 2.076182e+01
2.084500e+01 2.029000e+01 2.078095e+01 2.076182e+01 2.085500e+01 2.029000e+01 2.078115e+01 2.076047e+01
2.085500e+01 2.029000e+01 2.078115e+01 2.076047e+01 2.086500e+01 2.029000e+01 2.078145e+01 2.075894e+01
2.086500e+01 2.029000e+01 2.078145e+01 2.075894e+01 2.087000e+01 2.029500e+01 2.078079e+01 2.076312e+01
2.064500e+01 2.030000e+01 2.077996e+01 2.075716e+01 2.064000e+01 2.030500e+01 2.078086e+01 2.076062e+01
2.064500e+01 2.030000e+01 2.077996e+01 2.075716e+01 2.065500e+01 2.030000e+01 2.078069e+01 2.075970e+01
2.065500e+01 2.030000e+01 2.078069e+01 2.075970e+01 2.066500e+01 2.030000e+01 2.078128e+01 2.076209e+01
2.066500e+01 2.030000e+01 2.078128e+01 2.076209e+01 2.067500e+01 2.030000e+01 2.078173e+01 2.076431e+01
2.068000e+01 2.029500e+01 2.078087e+01 2.076036e+01 2.067500e+01 2.030000e+01 2.078173e+01 2.076431e+01
2.087000e+01 2.029500e+01 2.078079e+01 2.076312e+01 2.087500e+01 2.030000e+01 2.078001e+01 2.076723e+01
2.087500e+01 2.030000e+01 2.078001e+01 2.076723e+01 2.088500e+01 2.030000e+01 2.078034e+01 2.076528e+01
2.088500e+01 2.030000e+01 2.078034e+01 2.076528e+01 2.089500e+01 2.030000e+01 2.078079e+01 2.076316e+01
2.089500e+01 2.030000e+01 2.078079e+01 2.076316e+01 2.090500e+01 2.030000e+01 2.078138e+01 2.076087e+01
2.090500e+01 2.030000e+01 2.078138e+01 2.076087e+01 2.091000e+01 2.030500e+01 2.078052e+01 2.076450e+01
2.061500e+01 2.031000e+01 2.077992e+01 2.075800e+01 2.061000e+01 2.031500e+01 2.078090e+01 2.076103e+01
2.061500e+01 2.031000e+01 2.077992e+01 2.075800e+01 2.062500e+01 2.031000e+01 2.078099e+01 2.076107e+01
2.062500e+01 2.031000e+01 2.078099e+01 2.076107e+01 2.063500e+01 2.031000e+01 2.078189e+01 2.076400e+01
2.064000e+01 2.030500e+01 2.078086e+01 2.076062e+01 2.063500e+01 2.031000e+01 2.078189e+01 2.076400e+01
2.091000e+01 2.030500e+01 2.078052e+01 2.076450e+01 2.091500e+01 2.031000e+01 2.077954e+01 2.076804e+01
2.091500e+01 2.031000e+01 2.077954e+01 2.076804e+01 2.092500e+01 2.031000e+01 2.078027e+01 2.076535e+01
2.092500e+01 2.031000e+01 2.078027e+01 2.076535e+01 2.093500e+01 2.031000e+01 2.078117e+01 2.076251e+01
2.093500e+01 2.031000e+01 2.078117e+01 2.076251e+01 2.094000e+01 2.031500e+01 2.078021e+01 2.076570e+01
2.059500e+01 2.032000e+01 2.078068e+01 2.076053e+01 2.059000e+01 2.032500e+01 2.078170e+01 2.076323e+01
2.059500e+01 2.032000e+01 2.078068e+01 2.076053e+01 2.060500e+01 2.032000e+01 2.078199e+01 2.076395e+01
2.061000e+01 2.031500e+01 2.078090e+01 2.076103e+01 2.060500e+01 2.032000e+01 2.078199e+01 2.076395e+01
2.094000e+01 2.031500e+01 2.078021e+01 2.076570e+01 2.094500e+01 2.032000e+01 2.077914e+01 2.076878e+01
2.094500e+01 2.032000e+01 2.077914e+01 2.076878e+01 2.095500e+01 2.032000e+01 2.078026e+01 2.076558e+01
2.095500e+01 2.032000e+01 2.078026e+01 2.076558e+01 2.096000e+01 2.032500e+01 2.077925e+01 2.076844e+01
2.057500e+01 2.033000e+01 2.078122e+01 2.076207e+01 2.057000e+01 2.033500e+01 2.078223e+01 2.076446e+01
2.057500e+01 2.033000e+01 2.078122e+01 2.076207e+01 2.058500e+01 2.033000e+01 2.078282e+01 2.076582e+01
2.059000e+01 2.032500e+01 2.078170e+01 2.076323e+01 2.058500e+01 2.033000e+01 2.078282e+01 2.076582e+01
2.096000e+01 2.032500e+01 2.077925e+01 2.076844e+01 2.096500e+01 2.033000e+01 2.077813e+01 2.077118e+01
2.096500e+01 2.033000e+01 2.077813e+01 2.077118e+01 2.097500e+01 2.033000e+01 2.077952e+01 2.076764e+01
2.097500e+01 2.033000e+01 2.077952e+01 2.076764e+01 2.098000e+01 2.033500e+01 2.077849e+01 2.077017e+01
2.055500e+01 2.034000e+01 2.078140e+01 2.076268e+01 2.055000e+01 2.034500e+01 2.078238e+01 2.076475e+01
2.055500e+01 2.034000e+01 2.078140e+01 2.076268e+01 2.056500e+01 2.034000e+01 2.078335e+01 2.076672e+01
2.057000e+01 2.033500e+01 2.078223e+01 2.076446e+01 2.056500e+01 2.034000e+01 2.078335e+01 2.076672e+01
2.098000e+01 2.033500e+01 2.077849e+01 2.077017e+01 2.098500e+01 2.034000e+01 2.077736e+01 2.077257e+01
2.098500e+01 2.034000e+01 2.077736e+01 2.077257e+01 2.099500e+01 2.034000e+01 2.077908e+01 2.076872e+01
2.099500e+01 2.034000e+01 2.077908e+01 2.076872e+01 2.100000e+01 2.034500e+01 2.077808e+01 2.077093e+01
2.053500e+01 2.035000e+01 2.078112e+01 2.076240e+01 2.053000e+01 2.035500e+01 2.078201e+01 2.076417e+01
2.053500e+01 2.035000e+01 2.078112e+01 2.076240e+01 2.054500e+01 2.035000e+01 2.078344e+01 2.076669e+01
2.055000e+01 2.034500e+01 2.078238e+01 2.076475e+01 2.054500e+01 2.035000e+01 2.078344e+01 2.076669e+01
2.100000e+01 2.034500e+01 2.077808e+01 2.077093e+01 2.100500e+01 2.035000e+01 2.077699e+01 2.077300e+01
2.100500e+01 2.035000e+01 2.077699e+01 2.077300e+01 2.101500e+01 2.035000e+01 2.077908e+01 2.076887e+01
2.101500e+01 2.035000e+01 2.077908e+01 2.076887e+01 2.102000e+01 2.035500e+01 2.077814e+01 2.077077e+01
2.052500e+01 2.036000e+01 2.078298e+01 2.076580e+01 2.052000e+01 2.036500e+01 2.078386e+01 2.076736e+01
2.053000e+01 2.035500e+01 2.078201e+01 2.076417e+01 2.052500e+01 2.036000e+01 2.078298e+01 2.076580e+01
2.102000e+01 2.035500e+01 2.077814e+01 2.077077e+01 2.102500e+01 2.036000e+01 2.077712e+01 2.077253e+01
2.102500e+01 2.036000e+01 2.077712e+01 2.077253e+01 2.103000e+01 2.036500e+01 2.077620e+01 2.077421e+01
2.050500e+01 2.037000e+01 2.078186e+01 2.076414e+01 2.050000e+01 2.037500e+01 2.078259e+01 2.076542e+01
2.050500e+01 2.037000e+01 2.078186e+01 2.076414e+01 2.051500e+01 2.037000e+01 2.078481e+01 2.076877e+01
2.052000e+01 2.036500e+01 2.078386e+01 2.076736e+01 2.051500e+01 2.037000e+01 2.078481e+01 2.076877e+01
2.103000e+01 2.036500e+01 2.077620e+01 2.077421e+01 2.103500e+01 2.037000e+01 2.077519e+01 2.077574e+01
2.103500e+01 2.037000e+01 2.077519e+01 2.077574e+01 2.104500e+01 2.037000e+01 2.077790e+01 2.077123e+01
2.104500e+01 2.037000e+01 2.077790e+01 2.077123e+01 2.105000e+01 2.037500e+01 2.077710e+01 2.077263e+01
2.049500e+01 2.038000e+01 2.078339e+01 2.076656e+01 2.049000e+01 2.038500e+01 2.078406e+01 2.076765e+01
2.050000e+01 2.037500e+01 2.078259e+01 2.076542e+01 2.049500e+01 2.038000e+01 2.078339e+01 2.076656e+01
2.105000e+01 2.037500e+01 2.077710e+01 2.077263e+01 2.105500e+01 2.038000e+01 2.077624e+01 2.077387e+01
2.105500e+01 2.038000e+01 2.077624e+01 2.077387e+01 2.106000e+01 2.038500e+01 2.077549e+01 2.077506e+01
2.048500e+01 2.039000e+01 2.078479e+01 2.076858e+01 2.048000e+01 2.039500e+01 2.078540e+01 2.076947e+01
2.049000e+01 2.038500e+01 2.078406e+01 2.076765e+01 2.048500e+01 2.039000e+01 2.078479e+01 2.076858e+01
2.106000e+01 2.038500e+01 2.077549e+01 2.077506e+01 2.106500e+01 2.039000e+01 2.077469e+01 2.077609e+01
2.106500e+01 2.039000e+01 2.077469e+01 2.077609e+01 2.107000e+01 2.039500e+01 2.077400e+01 2.077708e+01
2.047500e+01 2.040000e+01 2.078604e+01 2.077022e+01 2.047000e+01 2.040500e+01 2.078656e+01 2.077092e+01
2.048000e+01 2.039500e+01 2.078540e+01 2.076947e+01 2.047500e+01 2.040000e+01 2.078604e+01 2.077022e+01
2.107000e+01 2.039500e+01 2.077400e+01 2.077708e+01 2.107500e+01 2.040000e+01 2.077327e+01 2.077791e+01
2.107500e+01 2.040000e+01 2.077327e+01 2.077791e+01 2.108500e+01 2.040000e+01 2.077694e+01 2.077304e+01
2.108500e+01 2.040000e+01 2.077694e+01 2.077304e+01 2.109000e+01 2.040500e+01 2.077647e+01 2.077380e+01
2.046500e+01 2.041000e+01 2.078710e+01 2.077147e+01 2.046000e+01 2.041500e+01 2.078752e+01 2.077200e+01
2.047000e+01 2.040500e+01 2.078656e+01 2.077092e+01 2.046500e+01 2.041000e+01 2.078710e+01 2.077147e+01
2.109000e+01 2.040500e+01 2.077647e+01 2.077380e+01 2.109500e+01 2.041000e+01 2.077596e+01 2.077440e+01
2.109500e+01 2.041000e+01 2.077596e+01 2.077440e+01 2.110000e+01 2.041500e+01 2.077560e+01 2.077497e+01
2.045500e+01 2.042000e+01 2.078795e+01 2.077238e+01 2.045000e+01 2.042500e+01 2.078824e+01 2.077273e+01
2.046000e+01 2.041500e+01 2.078752e+01 2.077200e+01 2.045500e+01 2.042000e+01 2.078795e+01 2.077238e+01
2.110000e+01 2.041500e+01 2.077560e+01 2.077497e+01 2.110500e+01 2.042000e+01 2.077521e+01 2.077539e+01
2.110500e+01 2.042000e+01 2.077521e+01 2.077539e+01 2.111000e+01 2.042500e+01 2.077496e+01 2.077579e+01
2.044500e+01 2.043000e+01 2.078855e+01 2.077294e+01 2.044000e+01 2.043500e+01 2.078871e+01 2.077314e+01
2.045000e+01 2.042500e+01 2.078824e+01 2.077273e+01 2.044500e+01 2.043000e+01 2.078855e+01 2.077294e+01
2.111000e+01 2.042500e+01 2.077496e+01 2.077579e+01 2.111500e+01 2.043000e+01 2.077470e+01 2.077605e+01
2.111500e+01 2.043000e+01 2.077470e+01 2.077605e+01 2.112000e+01 2.043500e+01 2.077459e+01 2.077629e+01
2.043500e+01 2.044000e+01 2.078887e+01 2.077320e+01 2.043000e+01 2.044500e+01 2.078889e+01 2.077325e+01
2.044000e+01 2.043500e+01 2.078871e+01 2.077314e+01 2.043500e+01 2.044000e+01 2.078887e+01 2.077320e+01
2.112000e+01 2.043500e+01 2.077459e+01 2.077629e+01 2.112500e+01 2.044000e+01 2.077447e+01 2.077639e+01
2.112500e+01 2.044000e+01 2.077447e+01 2.077639e+01 2.113000e+01 2.044500e+01 2.077450e+01 2.077649e+01
2.042500e+01 2.045000e+01 2.078890e+01 2.077316e+01 2.042000e+01 2.045500e+01 2.078876e+01 2.077308e+01
2.043000e+01 2.044500e+01 2.078889e+01 2.077325e+01 2.042500e+01 2.045000e+01 2.078890e+01 2.077316e+01
2.113000e+01 2.044500e+01 2.077450e+01 2.077649e+01 2.113000e+01 2.045500e+01 2.076949e+01 2.078142e+01
2.041500e+01 2.046000e+01 2.078860e+01 2.077287e+01 2.041000e+01 2.046500e+01 2.078829e+01 2.077267e+01
2.042000e+01 2.045500e+01 2.078876e+01 2.077308e+01 2.041500e+01 2.046000e+01 2.078860e+01 2.077287e+01
2.113000e+01 2.045500e+01 2.076949e+01 2.078142e+01 2.113500e+01 2.046000e+01 2.076954e+01 2.078123e+01
2.113500e+01 2.046000e+01 2.076954e+01 2.078123e+01 2.114000e+01 2.046500e+01 2.076974e+01 2.078106e+01
2.040500e+01 2.047000e+01 2.078795e+01 2.077234e+01 2.040000e+01 2.047500e+01 2.078746e+01 2.077204e+01
2.041000e+01 2.046500e+01 2.078829e+01 2.077267e+01 2.040500e+01 2.047000e+01 2.078795e+01 2.077234e+01
2.114000e+01 2.046500e+01 2.076974e+01 2.078106e+01 2.114500e+01 2.047000e+01 2.076997e+01 2.078074e+01
2.114500e+01 2.047000e+01 2.076997e+01 2.078074e+01 2.115000e+01 2.047500e+01 2.077035e+01 2.078046e+01
2.040000e+01 2.047500e+01 2.078746e+01 2.077204e+01 2.040000e+01 2.048500e+01 2.079241e+01 2.077614e+01
2.115000e+01 2.047500e+01 2.077035e+01 2.078046e+01 2.115500e+01 2.048000e+01 2.077077e+01 2.078003e+01
2.115500e+01 2.048000e+01 2.077077e+01 2.078003e+01 2.116000e+01 2.048500e+01 2.077134e+01 2.077965e+01
2.039500e+01 2.049000e+01 2.079184e+01 2.077558e+01 2.039000e+01 2.049500e+01 2.079112e+01 2.077507e+01
2.040000e+01 2.048500e+01 2.079241e+01 2.077614e+01 2.039500e+01 2.049000e+01 2.079184e+01 2.077558e+01
2.116000e+01 2.048500e+01 2.077134e+01 2.077965e+01 2.116500e+01 2.049000e+01 2.077196e+01 2.077914e+01
2.116500e+01 2.049000e+01 2.077196e+01 2.077914e+01 2.117000e+01 2.049500e+01 2.077272e+01 2.077867e+01
2.038500e+01 2.050000e+01 2.079035e+01 2.077443e+01 2.038000e+01 2.050500e+01 2.078943e+01 2.077386e+01
2.039000e+01 2.049500e+01 2.079112e+01 2.077507e+01 2.038500e+01 2.050000e+01 2.079035e+01 2.077443e+01
2.117000e+01 2.049500e+01 2.077272e+01 2.077867e+01 2.117000e+01 2.050500e+01 2.076796e+01 2.078226e+01
2.038000e+01 2.050500e+01 2.078943e+01 2.077386e+01 2.038000e+01 2.051500e+01 2.079416e+01 2.077721e+01
2.117000e+01 2.050500e+01 2.076796e+01 2.078226e+01 2.117500e+01 2.051000e+01 2.076884e+01 2.078155e+01
2.117500e+01 2.051000e+01 2.076884e+01 2.078155e+01 2.118000e+01 2.051500e+01 2.076987e+01 2.078091e+01
2.037500e+01 2.052000e+01 2.079311e+01 2.077641e+01 2.037000e+01 2.052500e+01 2.079191e+01 2.077568e+01
2.038000e+01 2.051500e+01 2.079416e+01 2.077721e+01 2.037500e+01 2.052000e+01 2.079311e+01 2.077641e+01
2.118000e+01 2.051500e+01 2.076987e+01 2.078091e+01 2.118000e+01 2.052500e+01 2.076526e+01 2.078401e+01
2.037000e+01 2.052500e+01 2.079191e+01 2.077568e+01 2.037000e+01 2.053500e+01 2.079647e+01 2.077857e+01
2.118000e+01 2.052500e+01 2.076526e+01 2.078401e+01 2.118500e+01 2.053000e+01 2.076643e+01 2.078314e+01
2.118500e+01 2.053000e+01 2.076643e+01 2.078314e+01 2.119000e+01 2.053500e+01 2.076775e+01 2.078235e+01
2.036500e+01 2.054000e+01 2.079512e+01 2.077763e+01 2.036000e+01 2.054500e+01 2.079362e+01 2.077679e+01
2.037000e+01 2.053500e+01 2.079647e+01 2.077857e+01 2.036500e+01 2.054000e+01 2.079512e+01 2.077763e+01
2.119000e+01 2.053500e+01 2.076775e+01 2.078235e+01 2.119500e+01 2.054000e+01 2.076915e+01 2.078147e+01
2.119500e+01 2.054000e+01 2.076915e+01 2.078147e+01 2.120000e+01 2.054500e+01 2.077069e+01 2.078066e+01
2.036000e+01 2.054500e+01 2.079362e+01 2.077679e+01 2.036000e+01 2.055500e+01 2.079795e+01 2.077924e+01
2.120000e+01 2.054500e+01 2.077069e+01 2.078066e+01 2.120000e+01 2.055500e+01 2.076645e+01 2.078312e+01
2.035500e+01 2.056000e+01 2.079627e+01 2.077822e+01 2.035000e+01 2.056500e+01 2.079446e+01 2.077730e+01
2.036000e+01 2.055500e+01 2.079795e+01 2.077924e+01 2.035500e+01 2.056000e+01 2.079627e+01 2.077822e+01
2.120000e+01 2.055500e+01 2.076645e+01 2.078312e+01 2.120000e+01 2.056500e+01 2.076229e+01 2.078533e+01
2.035000e+01 2.056500e+01 2.079446e+01 2.077730e+01 2.035000e+01 2.057500e+01 2.079852e+01 2.077936e+01
2.120000e+01 2.056500e+01 2.076229e+01 2.078533e+01 2.120500e+01 2.057000e+01 2.076411e+01 2.078428e+01
2.120500e+01 2.057000e+01 2.076411e+01 2.078428e+01 2.121000e+01 2.057500e+01 2.076607e+01 2.078332e+01
2.034500e+01 2.058000e+01 2.079650e+01 2.077829e+01 2.034000e+01 2.058500e+01 2.079435e+01 2.077733e+01
2.035000e+01 2.057500e+01 2.079852e+01 2.077936e+01 2.034500e+01 2.058000e+01 2.079650e+01 2.077829e+01
2.121000e+01 2.057500e+01 2.076607e+01 2.078332e+01 2.121000e+01 2.058500e+01 2.076220e+01 2.078516e+01
2.034000e+01 2.058500e+01 2.079435e+01 2.077733e+01 2.034000e+01 2.059500e+01 2.079810e+01 2.077905e+01
2.121000e+01 2.058500e+01 2.076220e+01 2.078516e+01 2.121500e+01 2.059000e+01 2.076437e+01 2.078408e+01
2.121500e+01 2.059000e+01 2.076437e+01 2.078408e+01 2.122000e+01 2.059500e+01 2.076667e+01 2.078311e+01
2.034000e+01 2.059500e+01 2.079810e+01 2.077905e+01 2.034000e+01 2.060500e+01 2.080173e+01 2.078055e+01
2.122000e+01 2.059500e+01 2.076667e+01 2.078311e+01 2.122000e+01 2.060500e+01 2.076314e+01 2.078461e+01
2.033500e+01 2.061000e+01 2.079925e+01 2.077945e+01 2.033000e+01 2.061500e+01 2.079665e+01 2.077846e+01
2.034000e+01 2.060500e+01 2.080173e+01 2.078055e+01 2.033500e+01 2.061000e+01 2.079925e+01 2.077945e+01
2.122000e+01 2.060500e+01 2.076314e+01 2.078461e+01 2.122500e+01 2.061000e+01 2.076566e+01 2.078355e+01
2.122500e+01 2.061000e+01 2.076566e+01 2.078355e+01 2.123000e+01 2.061500e+01 2.076831e+01 2.078261e+01
2.033000e+01 2.061500e+01 2.079665e+01 2.077846e+01 2.033000e+01 2.062500e+01 2.079991e+01 2.077968e+01
2.123000e+01 2.061500e+01 2.076831e+01 2.078261e+01 2.123000e+01 2.062500e+01 2.076514e+01 2.078383e+01
2.033000e+01 2.062500e+01 2.079991e+01 2.077968e+01 2.033000e+01 2.063500e+01 2.080303e+01 2.078072e+01
2.123000e+01 2.062500e+01 2.076514e+01 2.078383e+01 2.123000e+01 2.063500e+01 2.076211e+01 2.078487e+01
2.032500e+01 2.064000e+01 2.080007e+01 2.077967e+01 2.032000e+01 2.064500e+01 2.079700e+01 2.077874e+01
2.033000e+01 2.063500e+01 2.080303e+01 2.078072e+01 2.032500e+01 2.064000e+01 2.080007e+01 2.077967e+01
2.076500e+01 2.064000e+01 2.080934e+01 2.102543e+01 2.076000e+01 2.064500e+01 2.081929e+01 2.102424e+01
2.076500e+01 2.064000e+01 2.080934e+01 2.102543e+01 2.077500e+01 2.064000e+01 2.079157e+01 2.102675e+01
2.077500e+01 2.064000e+01 2.079157e+01 2.102675e+01 2.078500e+01 2.064000e+01 2.077366e+01 2.102679e+01
2.078500e+01 2.064000e+01 2.077366e+01 2.102679e+01 2.079500e+01 2.064000e+01 2.075589e+01 2.102557e+01
2.079500e+01 2.064000e+01 2.075589e+01 2.102557e+01 2.080000e+01 2.064500e+01 2.074598e+01 2.102442e+01
2.123000e+01 2.063500e+01 2.076211e+01 2.078487e+01 2.123000e+01 2.064500e+01 2.075924e+01 2.078572e+01
2.032000e+01 2.064500e+01 2.079700e+01 2.077874e+01 2.032000e+01 2.065500e+01 2.079971e+01 2.077958e+01
2.073500e+01 2.065000e+01 2.086470e+01 2.101329e+01 2.073000e+01 2.065500e+01 2.087555e+01 2.100928e+01
2.073500e+01 2.065000e+01 2.086470e+01 2.101329e+01 2.074500e+01 2.065000e+01 2.084783e+01 2.101840e+01
2.074500e+01 2.065000e+01 2.084783e+01 2.101840e+01 2.075500e+01 2.065000e+01 2.082998e+01 2.102240e+01
2.076000e+01 2.064500e+01 2.081929e+01 2.102424e+01 2.075500e+01 2.065000e+01 2.082998e+01 2.102240e+01
2.080000e+01 2.064500e+01 2.074598e+01 2.102442e+01 2.080500e+01 2.065000e+01 2.073534e+01 2.102263e+01
2.080500e+01 2.065000e+01 2.073534e+01 2.102263e+01 2.081500e+01 2.065000e+01 2.071749e+01 2.101872e+01
2.081500e+01 2.065000e+01 2.071749e+01 2.101872e+01 2.082500e+01 2.065000e+01 2.070062e+01 2.101371e+01
2.082500e+01 2.065000e+01 2.070062e+01 2.101371e+01 2.083500e+01 2.065000e+01 2.068493e+01 2.100776e+01
2.083500e+01 2.065000e+01 2.068493e+01 2.100776e+01 2.084000e+01 2.065500e+01 2.067439e+01 2.100319e+01
2.123000e+01 2.064500e+01 2.075924e+01 2.078572e+01 2.123500e+01 2.065000e+01 2.076238e+01 2.078470e+01
2.123500e+01 2.065000e+01 2.076238e+01 2.078470e+01 2.124000e+01 2.065500e+01 2.076561e+01 2.078382e+01
2.032000e+01 2.065500e+01 2.079971e+01 2.077958e+01 2.032000e+01 2.066500e+01 2.080226e+01 2.078027e+01
2.071500e+01 2.066000e+01 2.090212e+01 2.099711e+01 2.071000e+01 2.066500e+01 2.091277e+01 2.099107e+01
2.071500e+01 2.066000e+01 2.090212e+01 2.099711e+01 2.072500e+01 2.066000e+01 2.088706e+01 2.100437e+01
2.073000e+01 2.065500e+01 2.087555e+01 2.100928e+01 2.072500e+01 2.066000e+01 2.088706e+01 2.100437e+01
2.084000e+01 2.065500e+01 2.067439e+01 2.100319e+01 2.084500e+01 2.066000e+01 2.066329e+01 2.099771e+01
2.084500e+01 2.066000e+01 2.066329e+01 2.099771e+01 2.085500e+01 2.066000e+01 2.064980e+01 2.098997e+01
2.085500e+01 2.066000e+01 2.064980e+01 2.098997e+01 2.086000e+01 2.066500e+01 2.063978e+01 2.098357e+01
2.124000e+01 2.065500e+01 2.076561e+01 2.078382e+01 2.124000e+01 2.066500e+01 2.076316e+01 2.078450e+01
2.032000e+01 2.066500e+01 2.080226e+01 2.078027e+01 2.032000e+01 2.067500e+01 2.080462e+01 2.078080e+01
2.069500e+01 2.067000e+01 2.093605e+01 2.097543e+01 2.069000e+01 2.067500e+01 2.094567e+01 2.096779e+01
2.069500e+01 2.067000e+01 2.093605e+01 2.097543e+01 2.070500e+01 2.067000e+01 2.092386e+01 2.098403e+01
2.071000e+01 2.066500e+01 2.091277e+01 2.099107e+01 2.070500e+01 2.067000e+01 2.092386e+01 2.098403e+01
2.086000e+01 2.066500e+01 2.063978e+01 2.098357e+01 2.086500e+01 2.067000e+01 2.062944e+01 2.097621e+01
2.086500e+01 2.067000e+01 2.062944e+01 2.097621e+01 2.087000e+01 2.067500e+01 2.061987e+01 2.096861e+01
2.124000e+01 2.066500e+01 2.076316e+01 2.078450e+01 2.124000e+01 2.067500e+01 2.076089e+01 2.078504e+01
2.031500e+01 2.068000e+01 2.080105e+01 2.077991e+01 2.031000e+01 2.068500e+01 2.079740e+01 2.077915e+01
2.032000e+01 2.067500e+01 2.080462e+01 2.078080e+01 2.031500e+01 2.068000e+01 2.080105e+01 2.077991e+01
2.068500e+01 2.068000e+01 2.095544e+01 2.095918e+01 2.068000e+01 2.068500e+01 2.096431e+01 2.095052e+01
2.069000e+01 2.067500e+01 2.094567e+01 2.096779e+01 2.068500e+01 2.068000e+01 2.095544e+01 2.095918e+01
2.087000e+01 2.067500e+01 2.061987e+01 2.096861e+01 2.087500e+01 2.068000e+01 2.061014e+01 2.096005e+01
2.087500e+01 2.068000e+01 2.061014e+01 2.096005e+01 2.088000e+01 2.068500e+01 2.060132e+01 2.095143e+01
2.124000e+01 2.067500e+01 2.076089e+01 2.078504e+01 2.124000e+01 2.068500e+01 2.075880e+01 2.078544e+01
2.031000e+01 2.068500e+01 2.079740e+01 2.077915e+01 2.031000e+01 2.069500e+01 2.079933e+01 2.077961e+01
2.067500e+01 2.069000e+01 2.097313e+01 2.094098e+01 2.067000e+01 2.069500e+01 2.098100e+01 2.093157e+01
2.068000e+01 2.068500e+01 2.096431e+01 2.095052e+01 2.067500e+01 2.069000e+01 2.097313e+01 2.094098e+01
2.088000e+01 2.068500e+01 2.060132e+01 2.095143e+01 2.088500e+01 2.069000e+01 2.059254e+01 2.094193e+01
2.088500e+01 2.069000e+01 2.059254e+01 2.094193e+01 2.089000e+01 2.069500e+01 2.058472e+01 2.093257e+01
2.124000e+01 2.068500e+01 2.075880e+01 2.078544e+01 2.124500e+01 2.069000e+01 2.076255e+01 2.078462e+01
2.124500e+01 2.069000e+01 2.076255e+01 2.078462e+01 2.125000e+01 2.069500e+01 2.076638e+01 2.078394e+01
2.031000e+01 2.069500e+01 2.079933e+01 2.077961e+01 2.031000e+01 2.070500e+01 2.080106e+01 2.077996e+01
2.066500e+01 2.070000e+01 2.098862e+01 2.092140e+01 2.066000e+01 2.070500e+01 2.099528e+01 2.091156e+01
2.067000e+01 2.069500e+01 2.098100e+01 2.093157e+01 2.066500e+01 2.070000e+01 2.098862e+01 2.092140e+01
2.089000e+01 2.069500e+01 2.058472e+01 2.093257e+01 2.089500e+01 2.070000e+01 2.057714e+01 2.092245e+01
2.089500e+01 2.070000e+01 2.057714e+01 2.092245e+01 2.090000e+01 2.070500e+01 2.057053e+01 2.091265e+01
2.125000e+01 2.069500e+01 2.076638e+01 2.078394e+01 2.125000e+01 2.070500e+01 2.076473e+01 2.078429e+01
2.031000e+01 2.070500e+01 2.080106e+01 2.077996e+01 2.031000e+01 2.071500e+01 2.080260e+01 2.078021e+01
2.066000e+01 2.070500e+01 2.099528e+01 2.091156e+01 2.066000e+01 2.071500e+01 2.100311e+01 2.089851e+01
2.090000e+01 2.070500e+01 2.057053e+01 2.091265e+01 2.090000e+01 2.071500e+01 2.056279e+01 2.089959e+01
2.125000e+01 2.070500e+01 2.076473e+01 2.078429e+01 2.125000e+01 2.071500e+01 2.076329e+01 2.078454e+01
2.031000e+01 2.071500e+01 2.080260e+01 2.078021e+01 2.031000e+01 2.072500e+01 2.080393e+01 2.078038e+01
2.065500e+01 2.072000e+01 2.100885e+01 2.088758e+01 2.065000e+01 2.072500e+01 2.101369e+01 2.087721e+01
2.066000e+01 2.071500e+01 2.100311e+01 2.089851e+01 2.065500e+01 2.072000e+01 2.100885e+01 2.088758e+01
2.090000e+01 2.071500e+01 2.056279e+01 2.089959e+01 2.090500e+01 2.072000e+01 2.055709e+01 2.088871e+01
2.090500e+01 2.072000e+01 2.055709e+01 2.088871e+01 2.091000e+01 2.072500e+01 2.055230e+01 2.087839e+01
2.125000e+01 2.071500e+01 2.076329e+01 2.078454e+01 2.125000e+01 2.072500e+01 2.076205e+01 2.078471e+01
2.031000e+01 2.072500e+01 2.080393e+01 2.078038e+01 2.031000e+01 2.073500e+01 2.080506e+01 2.078047e+01
2.065000e+01 2.072500e+01 2.101369e+01 2.087721e+01 2.065000e+01 2.073500e+01 2.101972e+01 2.086196e+01
2.091000e+01 2.072500e+01 2.055230e+01 2.087839e+01 2.091000e+01 2.073500e+01 2.054636e+01 2.086313e+01
2.125000e+01 2.072500e+01 2.076205e+01 2.078471e+01 2.125000e+01 2.073500e+01 2.076102e+01 2.078480e+01
2.031000e+01 2.073500e+01 2.080506e+01 2.078047e+01 2.031000e+01 2.074500e+01 2.080597e+01 2.078050e+01
2.064500e+01 2.074000e+01 2.102327e+01 2.085120e+01 2.064000e+01 2.074500e+01 2.102606e+01 2.084113e+01
2.065000e+01 2.073500e+01 2.101972e+01 2.086196e+01 2.064500e+01 2.074000e+01 2.102327e+01 2.085120e+01
2.091000e+01 2.073500e+01 2.054636e+01 2.086313e+01 2.091500e+01 2.074000e+01 2.054285e+01 2.085242e+01
2.091500e+01 2.074000e+01 2.054285e+01 2.085242e+01 2.092000e+01 2.074500e+01 2.054011e+01 2.084240e+01
2.125000e+01 2.073500e+01 2.076102e+01 2.078480e+01 2.125000e+01 2.074500e+01 2.076020e+01 2.078482e+01
2.031000e+01 2.074500e+01 2.080597e+01 2.078050e+01 2.031000e+01 2.075500e+01 2.080667e+01 2.078048e+01
2.064000e+01 2.074500e+01 2.102606e+01 2.084113e+01 2.064000e+01 2.075500e+01 2.102975e+01 2.082484e+01
2.092000e+01 2.074500e+01 2.054011e+01 2.084240e+01 2.092000e+01 2.075500e+01 2.053651e+01 2.082611e+01
2.125000e+01 2.074500e+01 2.076020e+01 2.078482e+01 2.125000e+01 2.075500e+01 2.075959e+01 2.078480e+01
2.031000e+01 2.075500e+01 2.080667e+01 2.078048e+01 2.031000e+01 2.076500e+01 2.080716e+01 2.078042e+01
2.064000e+01 2.075500e+01 2.102975e+01 2.082484e+01 2.064000e+01 2.076500e+01 2.103229e+01 2.080791e+01
2.092000e+01 2.075500e+01 2.053651e+01 2.082611e+01 2.092000e+01 2.076500e+01 2.053407e+01 2.080917e+01
2.125000e+01 2.075500e+01 2.075959e+01 2.078480e+01 2.125000e+01 2.076500e+01 2.075920e+01 2.078475e+01
2.031000e+01 2.076500e+01 2.080716e+01 2.078042e+01 2.031000e+01 2.077500e+01 2.080742e+01 2.078035e+01
2.064000e+01 2.076500e+01 2.103229e+01 2.080791e+01 2.064000e+01 2.077500e+01 2.103360e+01 2.079058e+01
2.092000e+01 2.076500e+01 2.053407e+01 2.080917e+01 2.092000e+01 2.077500e+01 2.053284e+01 2.079184e+01
2.125000e+01 2.076500e+01 2.075920e+01 2.078475e+01 2.125000e+01 2.077500e+01 2.075903e+01 2.078467e+01
2.031000e+01 2.077500e+01 2.080742e+01 2.078035e+01 2.031000e+01 2.078500e+01 2.080747e+01 2.078027e+01
2.064000e+01 2.077500e+01 2.103360e+01 2.079058e+01 2.064000e+01 2.078500e+01 2.103365e+01 2.077310e+01
2.092000e+01 2.077500e+01 2.053284e+01 2.079184e+01 2.092000e+01 2.078500e+01 2.053289e+01 2.077436e+01
2.125000e+01 2.077500e+01 2.075903e+01 2.078467e+01 2.125000e+01 2.078500e+01 2.075907e+01 2.078459e+01
2.031000e+01 2.078500e+01 2.080747e+01 2.078027e+01 2.031000e+01 2.079500e+01 2.080729e+01 2.078019e+01
2.064000e+01 2.078500e+01 2.103365e+01 2.077310e+01 2.064000e+01 2.079500e+01 2.103243e+01 2.075577e+01
2.092000e+01 2.078500e+01 2.053289e+01 2.077436e+01 2.092000e+01 2.079500e+01 2.053420e+01 2.075703e+01
2.125000e+01 2.078500e+01 2.075907e+01 2.078459e+01 2.125000e+01 2.079500e+01 2.075934e+01 2.078452e+01
2.031000e+01 2.079500e+01 2.080729e+01 2.078019e+01 2.031000e+01 2.080500e+01 2.080690e+01 2.078014e+01
2.064000e+01 2.079500e+01 2.103243e+01 2.075577e+01 2.064000e+01 2.080500e+01 2.102998e+01 2.073883e+01
2.092000e+01 2.079500e+01 2.053420e+01 2.075703e+01 2.092000e+01 2.080500e+01 2.053674e+01 2.074010e+01
2.125000e+01 2.079500e+01 2.075934e+01 2.078452e+01 2.125000e+01 2.080500e+01 2.075982e+01 2.078446e+01
2.031000e+01 2.080500e+01 2.080690e+01 2.078014e+01 2.031000e+01 2.081500e+01 2.080630e+01 2.078012e+01
2.064000e+01 2.080500e+01 2.102998e+01 2.073883e+01 2.064000e+01 2.081500e+01 2.102639e+01 2.072254e+01
2.092000e+01 2.080500e+01 2.053674e+01 2.074010e+01 2.092000e+01 2.081500e+01 2.054043e+01 2.072381e+01
2.125000e+01 2.080500e+01 2.075982e+01 2.078446e+01 2.125000e+01 2.081500e+01 2.076052e+01 2.078444e+01
2.031000e+01 2.081500e+01 2.080630e+01 2.078012e+01 2.031000e+01 2.082500e+01 2.080547e+01 2.078014e+01
2.064000e+01 2.081500e+01 2.102639e+01 2.072254e+01 2.064500e+01 2.082000e+01 2.102364e+01 2.071252e+01
2.064500e+01 2.082000e+01 2.102364e+01 2.071252e+01 2.065000e+01 2.082500e+01 2.102014e+01 2.070181e+01
2.091500e+01 2.082000e+01 2.054322e+01 2.071374e+01 2.091000e+01 2.082500e+01 2.054677e+01 2.070298e+01
2.092000e+01 2.081500e+01 2.054043e+01 2.072381e+01 2.091500e+01 2.082000e+01 2.054322e+01 2.071374e+01
2.125000e+01 2.081500e+01 2.076052e+01 2.078444e+01 2.125000e+01 2.082500e+01 2.076144e+01 2.078447e+01
2.031000e+01 2.082500e+01 2.080547e+01 2.078014e+01 2.031000e+01 2.083500e+01 2.080444e+01 2.078023e+01
2.065000e+01 2.082500e+01 2.102014e+01 2.070181e+01 2.065000e+01 2.083500e+01 2.101419e+01 2.068655e+01
2.091000e+01 2.082500e+01 2.054677e+01 2.070298e+01 2.091000e+01 2.083500e+01 2.055281e+01 2.068773e+01
2.125000e+01 2.082500e+01 2.076144e+01 2.078447e+01 2.125000e+01 2.083500e+01 2.076256e+01 2.078456e+01
2.031000e+01 2.083500e+01 2.080444e+01 2.078023e+01 2.031000e+01 2.084500e+01 2.080320e+01 2.078040e+01
2.065000e+01 2.083500e+01 2.101419e+01 2.068655e+01 2.065500e+01 2.084000e+01 2.100940e+01 2.067623e+01
2.065500e+01 2.084000e+01 2.100940e+01 2.067623e+01 2.066000e+01 2.084500e+01 2.100370e+01 2.066535e+01
2.090500e+01 2.084000e+01 2.055764e+01 2.067736e+01 2.090000e+01 2.084500e+01 2.056339e+01 2.066643e+01
2.091000e+01 2.083500e+01 2.055281e+01 2.068773e+01 2.090500e+01 2.084000e+01 2.055764e+01 2.067736e+01
2.125000e+01 2.083500e+01 2.076256e+01 2.078456e+01 2.125000e+01 2.084500e+01 2.076390e+01 2.078473e+01
2.031000e+01 2.084500e+01 2.080320e+01 2.078040e+01 2.031000e+01 2.085500e+01 2.080176e+01 2.078065e+01
2.066000e+01 2.084500e+01 2.100370e+01 2.066535e+01 2.066000e+01 2.085500e+01 2.099596e+01 2.065229e+01
2.090000e+01 2.084500e+01 2.056339e+01 2.066643e+01 2.090000e+01 2.085500e+01 2.057122e+01 2.065338e+01
2.125000e+01 2.084500e+01 2.076390e+01 2.078473e+01 2.125000e+01 2.085500e+01 2.076543e+01 2.078498e+01
2.031000e+01 2.085500e+01 2.080176e+01 2.078065e+01 2.031000e+01 2.086500e+01 2.080012e+01 2.078100e+01
2.066000e+01 2.085500e+01 2.099596e+01 2.065229e+01 2.066500e+01 2.086000e+01 2.098935e+01 2.064249e+01
2.066500e+01 2.086000e+01 2.098935e+01 2.064249e+01 2.067000e+01 2.086500e+01 2.098177e+01 2.063237e+01
2.089500e+01 2.086000e+01 2.057787e+01 2.064354e+01 2.089000e+01 2.086500e+01 2.058550e+01 2.063337e+01
2.090000e+01 2.085500e+01 2.057122e+01 2.065338e+01 2.089500e+01 2.086000e+01 2.057787e+01 2.064354e+01
2.125000e+01 2.085500e+01 2.076543e+01 2.078498e+01 2.125000e+01 2.086500e+01 2.076717e+01 2.078533e+01
2.031000e+01 2.086500e+01 2.080012e+01 2.078100e+01 2.031500e+01 2.087000e+01 2.080394e+01 2.078032e+01
2.031500e+01 2.087000e+01 2.080394e+01 2.078032e+01 2.032000e+01 2.087500e+01 2.080769e+01 2.077950e+01
2.067000e+01 2.086500e+01 2.098177e+01 2.063237e+01 2.067500e+01 2.087000e+01 2.097395e+01 2.062301e+01
2.067500e+01 2.087000e+01 2.097395e+01 2.062301e+01 2.068000e+01 2.087500e+01 2.096518e+01 2.061351e+01
2.088500e+01 2.087000e+01 2.059336e+01 2.062396e+01 2.088000e+01 2.087500e+01 2.060218e+01 2.061442e+01
2.089000e+01 2.086500e+01 2.058550e+01 2.063337e+01 2.088500e+01 2.087000e+01 2.059336e+01 2.062396e+01
2.125000e+01 2.086500e+01 2.076717e+01 2.078533e+01 2.125000e+01 2.087500e+01 2.076909e+01 2.078579e+01
2.032000e+01 2.087500e+01 2.080769e+01 2.077950e+01 2.032000e+01 2.088500e+01 2.080560e+01 2.077990e+01
2.068000e+01 2.087500e+01 2.096518e+01 2.061351e+01 2.068500e+01 2.088000e+01 2.095635e+01 2.060489e+01
2.068500e+01 2.088000e+01 2.095635e+01 2.060489e+01 2.069000e+01 2.088500e+01 2.094663e+01 2.059633e+01
2.087500e+01 2.088000e+01 2.061105e+01 2.060576e+01 2.087000e+01 2.088500e+01 2.062082e+01 2.059715e+01
2.088000e+01 2.087500e+01 2.060218e+01 2.061442e+01 2.087500e+01 2.088000e+01 2.061105e+01 2.060576e+01
2.124500e+01 2.088000e+01 2.076544e+01 2.078503e+01 2.124000e+01 2.088500e+01 2.076187e+01 2.078414e+01
2.125000e+01 2.087500e+01 2.076909e+01 2.078579e+01 2.124500e+01 2.088000e+01 2.076544e+01 2.078503e+01
2.032000e+01 2.088500e+01 2.080560e+01 2.077990e+01 2.032000e+01 2.089500e+01 2.080333e+01 2.078044e+01
2.069000e+01 2.088500e+01 2.094663e+01 2.059633e+01 2.069500e+01 2.089000e+01 2.093705e+01 2.058873e+01
2.069500e+01 2.089000e+01 2.093705e+01 2.058873e+01 2.070000e+01 2.089500e+01 2.092671e+01 2.058137e+01
2.085500e+01 2.089000e+01 2.064263e+01 2.058091e+01 2.085000e+01 2.089500e+01 2.065372e+01 2.057387e+01
2.085500e+01 2.089000e+01 2.064263e+01 2.058091e+01 2.086500e+01 2.089000e+01 2.063044e+01 2.058951e+01
2.087000e+01 2.088500e+01 2.062082e+01 2.059715e+01 2.086500e+01 2.089000e+01 2.063044e+01 2.058951e+01
2.124000e+01 2.088500e+01 2.076187e+01 2.078414e+01 2.124000e+01 2.089500e+01 2.076423e+01 2.078467e+01
2.032000e+01 2.089500e+01 2.080333e+01 2.078044e+01 2.032000e+01 2.090500e+01 2.080088e+01 2.078112e+01
2.070000e+01 2.089500e+01 2.092671e+01 2.058137e+01 2.070500e+01 2.090000e+01 2.091669e+01 2.057497e+01
2.070500e+01 2.090000e+01 2.091669e+01 2.057497e+01 2.071500e+01 2.090000e+01 2.090320e+01 2.056723e+01
2.071500e+01 2.090000e+01 2.090320e+01 2.056723e+01 2.072000e+01 2.090500e+01 2.089210e+01 2.056175e+01
2.083500e+01 2.090000e+01 2.067943e+01 2.056057e+01 2.083000e+01 2.090500e+01 2.069094e+01 2.055566e+01
2.083500e+01 2.090000e+01 2.067943e+01 2.056057e+01 2.084500e+01 2.090000e+01 2.066438e+01 2.056783e+01
2.085000e+01 2.089500e+01 2.065372e+01 2.057387e+01 2.084500e+01 2.090000e+01 2.066438e+01 2.056783e+01
2.124000e+01 2.089500e+01 2.076423e+01 2.078467e+01 2.124000e+01 2.090500e+01 2.076678e+01 2.078536e+01
2.032000e+01 2.090500e+01 2.080088e+01 2.078112e+01 2.032500e+01 2.091000e+01 2.080411e+01 2.078023e+01
2.032500e+01 2.091000e+01 2.080411e+01 2.078023e+01 2.033000e+01 2.091500e+01 2.080725e+01 2.077922e+01
2.072000e+01 2.090500e+01 2.089210e+01 2.056175e+01 2.072500e+01 2.091000e+01 2.088156e+01 2.055718e+01
2.072500e+01 2.091000e+01 2.088156e+01 2.055718e+01 2.073500e+01 2.091000e+01 2.086587e+01 2.055123e+01
2.073500e+01 2.091000e+01 2.086587e+01 2.055123e+01 2.074500e+01 2.091000e+01 2.084901e+01 2.054622e+01
2.074500e+01 2.091000e+01 2.084901e+01 2.054622e+01 2.075500e+01 2.091000e+01 2.083115e+01 2.054231e+01
2.075500e+01 2.091000e+01 2.083115e+01 2.054231e+01 2.076000e+01 2.091500e+01 2.082051e+01 2.054052e+01
2.080500e+01 2.091000e+01 2.073651e+01 2.054254e+01 2.080000e+01 2.091500e+01 2.074720e+01 2.054070e+01
2.080500e+01 2.091000e+01 2.073651e+01 2.054254e+01 2.081500e+01 2.091000e+01 2.071866e+01 2.054654e+01
2.081500e+01 2.091000e+01 2.071866e+01 2.054654e+01 2.082500e+01 2.091000e+01 2.070179e+01 2.055164e+01
2.083000e+01 2.090500e+01 2.069094e+01 2.055566e+01 2.082500e+01 2.091000e+01 2.070179e+01 2.055164e+01
2.124000e+01 2.090500e+01 2.076678e+01 2.078536e+01 2.124000e+01 2.091500e+01 2.076949e+01 2.078620e+01
2.033000e+01 2.091500e+01 2.080725e+01 2.077922e+01 2.033000e+01 2.092500e+01 2.080438e+01 2.078007e+01
2.076000e+01 2.091500e+01 2.082051e+01 2.054052e+01 2.076500e+01 2.092000e+01 2.081060e+01 2.053937e+01
2.076500e+01 2.092000e+01 2.081060e+01 2.053937e+01 2.077500e+01 2.092000e+01 2.079283e+01 2.053815e+01
2.077500e+01 2.092000e+01 2.079283e+01 2.053815e+01 2.078500e+01 2.092000e+01 2.077492e+01 2.053819e+01
2.078500e+01 2.092000e+01 2.077492e+01 2.053819e+01 2.079500e+01 2.092000e+01 2.075715e+01 2.053951e+01
2.080000e+01 2.091500e+01 2.074720e+01 2.054070e+01 2.079500e+01 2.092000e+01 2.075715e+01 2.053951e+01
2.123500e+01 2.092000e+01 2.076643e+01 2.078527e+01 2.123000e+01 2.092500e+01 2.076346e+01 2.078422e+01
2.124000e+01 2.091500e+01 2.076949e+01 2.078620e+01 2.123500e+01 2.092000e+01 2.076643e+01 2.078527e+01
2.033000e+01 2.092500e+01 2.080438e+01 2.078007e+01 2.033000e+01 2.093500e+01 2.080135e+01 2.078111e+01
2.123000e+01 2.092500e+01 2.076346e+01 2.078422e+01 2.123000e+01 2.093500e+01 2.076658e+01 2.078526e+01
2.033000e+01 2.093500e+01 2.080135e+01 2.078111e+01 2.033000e+01 2.094500e+01 2.079818e+01 2.078233e+01
2.123000e+01 2.093500e+01 2.076658e+01 2.078526e+01 2.123000e+01 2.094500e+01 2.076984e+01 2.078648e+01
2.033000e+01 2.094500e+01 2.079818e+01 2.078233e+01 2.033500e+01 2.095000e+01 2.080083e+01 2.078139e+01
2.033500e+01 2.095000e+01 2.080083e+01 2.078139e+01 2.034000e+01 2.095500e+01 2.080336e+01 2.078033e+01
2.122500e+01 2.095000e+01 2.076725e+01 2.078549e+01 2.122000e+01 2.095500e+01 2.076476e+01 2.078439e+01
2.123000e+01 2.094500e+01 2.076984e+01 2.078648e+01 2.122500e+01 2.095000e+01 2.076725e+01 2.078549e+01
2.034000e+01 2.095500e+01 2.080336e+01 2.078033e+01 2.034000e+01 2.096500e+01 2.079982e+01 2.078183e+01
2.122000e+01 2.095500e+01 2.076476e+01 2.078439e+01 2.122000e+01 2.096500e+01 2.076839e+01 2.078589e+01
2.034000e+01 2.096500e+01 2.079982e+01 2.078183e+01 2.034500e+01 2.097000e+01 2.080212e+01 2.078086e+01
2.034500e+01 2.097000e+01 2.080212e+01 2.078086e+01 2.035000e+01 2.097500e+01 2.080429e+01 2.077978e+01
2.122000e+01 2.096500e+01 2.076839e+01 2.078589e+01 2.122000e+01 2.097500e+01 2.077214e+01 2.078761e+01
2.035000e+01 2.097500e+01 2.080429e+01 2.077978e+01 2.035000e+01 2.098500e+01 2.080042e+01 2.078161e+01
2.121500e+01 2.098000e+01 2.076999e+01 2.078665e+01 2.121000e+01 2.098500e+01 2.076798e+01 2.078558e+01
2.122000e+01 2.097500e+01 2.077214e+01 2.078761e+01 2.121500e+01 2.098000e+01 2.076999e+01 2.078665e+01
2.035000e+01 2.098500e+01 2.080042e+01 2.078161e+01 2.035500e+01 2.099000e+01 2.080238e+01 2.078066e+01
2.035500e+01 2.099000e+01 2.080238e+01 2.078066e+01 2.036000e+01 2.099500e+01 2.080420e+01 2.077961e+01
2.121000e+01 2.098500e+01 2.076798e+01 2.078558e+01 2.121000e+01 2.099500e+01 2.077203e+01 2.078764e+01
2.036000e+01 2.099500e+01 2.080420e+01 2.077961e+01 2.036000e+01 2.100500e+01 2.080004e+01 2.078182e+01
2.120500e+01 2.100000e+01 2.077022e+01 2.078672e+01 2.120000e+01 2.100500e+01 2.076854e+01 2.078570e+01
2.121000e+01 2.099500e+01 2.077203e+01 2.078764e+01 2.120500e+01 2.100000e+01 2.077022e+01 2.078672e+01
2.036000e+01 2.100500e+01 2.080004e+01 2.078182e+01 2.036000e+01 2.101500e+01 2.079580e+01 2.078428e+01
2.120000e+01 2.100500e+01 2.076854e+01 2.078570e+01 2.120000e+01 2.101500e+01 2.077287e+01 2.078815e+01
2.036000e+01 2.101500e+01 2.079580e+01 2.078428e+01 2.036500e+01 2.102000e+01 2.079735e+01 2.078347e+01
2.036500e+01 2.102000e+01 2.079735e+01 2.078347e+01 2.037000e+01 2.102500e+01 2.079875e+01 2.078259e+01
2.119500e+01 2.102000e+01 2.077137e+01 2.078731e+01 2.119000e+01 2.102500e+01 2.077002e+01 2.078637e+01
2.120000e+01 2.101500e+01 2.077287e+01 2.078815e+01 2.119500e+01 2.102000e+01 2.077137e+01 2.078731e+01
2.037000e+01 2.102500e+01 2.079875e+01 2.078259e+01 2.037500e+01 2.103000e+01 2.080007e+01 2.078180e+01
2.037500e+01 2.103000e+01 2.080007e+01 2.078180e+01 2.038000e+01 2.103500e+01 2.080124e+01 2.078093e+01
2.119000e+01 2.102500e+01 2.077002e+01 2.078637e+01 2.119000e+01 2.103500e+01 2.077458e+01 2.078926e+01
2.038000e+01 2.103500e+01 2.080124e+01 2.078093e+01 2.038000e+01 2.104500e+01 2.079662e+01 2.078403e+01
2.118500e+01 2.104000e+01 2.077338e+01 2.078853e+01 2.118000e+01 2.104500e+01 2.077233e+01 2.078773e+01
2.119000e+01 2.103500e+01 2.077458e+01 2.078926e+01 2.118500e+01 2.104000e+01 2.077338e+01 2.078853e+01
2.038000e+01 2.104500e+01 2.079662e+01 2.078403e+01 2.038500e+01 2.105000e+01 2.079765e+01 2.078339e+01
2.038500e+01 2.105000e+01 2.079765e+01 2.078339e+01 2.039000e+01 2.105500e+01 2.079853e+01 2.078268e+01
2.118000e+01 2.104500e+01 2.077233e+01 2.078773e+01 2.118000e+01 2.105500e+01 2.077707e+01 2.079108e+01
2.039000e+01 2.105500e+01 2.079853e+01 2.078268e+01 2.039000e+01 2.106500e+01 2.079377e+01 2.078627e+01
2.117500e+01 2.106000e+01 2.077614e+01 2.079051e+01 2.117000e+01 2.106500e+01 2.077537e+01 2.078987e+01
2.118000e+01 2.105500e+01 2.077707e+01 2.079108e+01 2.117500e+01 2.106000e+01 2.077614e+01 2.079051e+01
2.039000e+01 2.106500e+01 2.079377e+01 2.078627e+01 2.039500e+01 2.107000e+01 2.079454e+01 2.078580e+01
2.039500e+01 2.107000e+01 2.079454e+01 2.078580e+01 2.040000e+01 2.107500e+01 2.079515e+01 2.078529e+01
2.116500e+01 2.107000e+01 2.077465e+01 2.078936e+01 2.116000e+01 2.107500e+01 2.077408e+01 2.078880e+01
2.117000e+01 2.106500e+01 2.077537e+01 2.078987e+01 2.116500e+01 2.107000e+01 2.077465e+01 2.078936e+01
2.040000e+01 2.107500e+01 2.079515e+01 2.078529e+01 2.040500e+01 2.108000e+01 2.079572e+01 2.078491e+01
2.040500e+01 2.108000e+01 2.079572e+01 2.078491e+01 2.041000e+01 2.108500e+01 2.079614e+01 2.078448e+01
2.116000e+01 2.107500e+01 2.077408e+01 2.078880e+01 2.116000e+01 2.108500e+01 2.077903e+01 2.079290e+01
2.041000e+01 2.108500e+01 2.079614e+01 2.078448e+01 2.041500e+01 2.109000e+01 2.079652e+01 2.078420e+01
2.041500e+01 2.109000e+01 2.079652e+01 2.078420e+01 2.042000e+01 2.109500e+01 2.079675e+01 2.078388e+01
2.115500e+01 2.109000e+01 2.077854e+01 2.079260e+01 2.115000e+01 2.109500e+01 2.077821e+01 2.079227e+01
2.116000e+01 2.108500e+01 2.077903e+01 2.079290e+01 2.115500e+01 2.109000e+01 2.077854e+01 2.079260e+01
2.042000e+01 2.109500e+01 2.079675e+01 2.078388e+01 2.042500e+01 2.110000e+01 2.079696e+01 2.078371e+01
2.042500e+01 2.110000e+01 2.079696e+01 2.078371e+01 2.043000e+01 2.110500e+01 2.079701e+01 2.078352e+01
2.114500e+01 2.110000e+01 2.077790e+01 2.079207e+01 2.114000e+01 2.110500e+01 2.077774e+01 2.079186e+01
2.115000e+01 2.109500e+01 2.077821e+01 2.079227e+01 2.114500e+01 2.110000e+01 2.077790e+01 2.079207e+01
2.043000e+01 2.110500e+01 2.079701e+01 2.078352e+01 2.043000e+01 2.111500e+01 2.079199e+01 2.078845e+01
2.113500e+01 2.111000e+01 2.077760e+01 2.079178e+01 2.113000e+01 2.111500e+01 2.077760e+01 2.079169e+01
2.114000e+01 2.110500e+01 2.077774e+01 2.079186e+01 2.113500e+01 2.111000e+01 2.077760e+01 2.079178e+01
2.043000e+01 2.111500e+01 2.079199e+01 2.078845e+01 2.043500e+01 2.112000e+01 2.079202e+01 2.078855e+01
2.043500e+01 2.112000e+01 2.079202e+01 2.078855e+01 2.044000e+01 2.112500e+01 2.079191e+01 2.078865e+01
2.112500e+01 2.112000e+01 2.077762e+01 2.079174e+01 2.112000e+01 2.112500e+01 2.077778e+01 2.079180e+01
2.113000e+01 2.111500e+01 2.077760e+01 2.079169e+01 2.112500e+01 2.112000e+01 2.077762e+01 2.079174e+01
2.044000e+01 2.112500e+01 2.079191e+01 2.078865e+01 2.044500e+01 2.113000e+01 2.079179e+01 2.078889e+01
2.044500e+01 2.113000e+01 2.079179e+01 2.078889e+01 2.045000e+01 2.113500e+01 2.079153e+01 2.078915e+01
2.111500e+01 2.113000e+01 2.077794e+01 2.079200e+01 2.111000e+01 2.113500e+01 2.077825e+01 2.079220e+01
2.112000e+01 2.112500e+01 2.077778e+01 2.079180e+01 2.111500e+01 2.113000e+01 2.077794e+01 2.079200e+01
2.045000e+01 2.113500e+01 2.079153e+01 2.078915e+01 2.045500e+01 2.114000e+01 2.079128e+01 2.078955e+01
2.045500e+01 2.114000e+01 2.079128e+01 2.078955e+01 2.046000e+01 2.114500e+01 2.079089e+01 2.078997e+01
2.110500e+01 2.114000e+01 2.077854e+01 2.079256e+01 2.110000e+01 2.114500e+01 2.077898e+01 2.079294e+01
2.111000e+01 2.113500e+01 2.077825e+01 2.079220e+01 2.110500e+01 2.114000e+01 2.077854e+01 2.079256e+01
2.046000e+01 2.114500e+01 2.079089e+01 2.078997e+01 2.046500e+01 2.115000e+01 2.079053e+01 2.079054e+01
2.046500e+01 2.115000e+01 2.079053e+01 2.079054e+01 2.047000e+01 2.115500e+01 2.079003e+01 2.079114e+01
2.109500e+01 2.115000e+01 2.077939e+01 2.079346e+01 2.109000e+01 2.115500e+01 2.077994e+01 2.079402e+01
2.110000e+01 2.114500e+01 2.077898e+01 2.079294e+01 2.109500e+01 2.115000e+01 2.077939e+01 2.079346e+01
2.047000e+01 2.115500e+01 2.079003e+01 2.079114e+01 2.047500e+01 2.116000e+01 2.078956e+01 2.079189e+01
2.047500e+01 2.116000e+01 2.078956e+01 2.079189e+01 2.048500e+01 2.116000e+01 2.079322e+01 2.078703e+01
2.048500e+01 2.116000e+01 2.079322e+01 2.078703e+01 2.049000e+01 2.116500e+01 2.079249e+01 2.078786e+01
2.108500e+01 2.116000e+01 2.078045e+01 2.079472e+01 2.108000e+01 2.116500e+01 2.078110e+01 2.079546e+01
2.109000e+01 2.115500e+01 2.077994e+01 2.079402e+01 2.108500e+01 2.116000e+01 2.078045e+01 2.079472e+01
2.049000e+01 2.116500e+01 2.079249e+01 2.078786e+01 2.049500e+01 2.117000e+01 2.079181e+01 2.078885e+01
2.049500e+01 2.117000e+01 2.079181e+01 2.078885e+01 2.050000e+01 2.117500e+01 2.079100e+01 2.078988e+01
2.107500e+01 2.117000e+01 2.078170e+01 2.079636e+01 2.107000e+01 2.117500e+01 2.078243e+01 2.079729e+01
2.108000e+01 2.116500e+01 2.078110e+01 2.079546e+01 2.107500e+01 2.117000e+01 2.078170e+01 2.079636e+01
2.050000e+01 2.117500e+01 2.079100e+01 2.078988e+01 2.050500e+01 2.118000e+01 2.079026e+01 2.079107e+01
2.050500e+01 2.118000e+01 2.079026e+01 2.079107e+01 2.051000e+01 2.118500e+01 2.078939e+01 2.079231e+01
2.106500e+01 2.118000e+01 2.078311e+01 2.079838e+01 2.106000e+01 2.118500e+01 2.078390e+01 2.079952e+01
2.107000e+01 2.117500e+01 2.078243e+01 2.079729e+01 2.106500e+01 2.118000e+01 2.078311e+01 2.079838e+01
2.051000e+01 2.118500e+01 2.078939e+01 2.079231e+01 2.051500e+01 2.119000e+01 2.078860e+01 2.079371e+01
2.051500e+01 2.119000e+01 2.078860e+01 2.079371e+01 2.052500e+01 2.119000e+01 2.079130e+01 2.078920e+01
2.052500e+01 2.119000e+01 2.079130e+01 2.078920e+01 2.053000e+01 2.119500e+01 2.079030e+01 2.079073e+01
2.104500e+01 2.119000e+01 2.078168e+01 2.079617e+01 2.104000e+01 2.119500e+01 2.078263e+01 2.079758e+01
2.104500e+01 2.119000e+01 2.078168e+01 2.079617e+01 2.105500e+01 2.119000e+01 2.078463e+01 2.080080e+01
2.106000e+01 2.118500e+01 2.078390e+01 2.079952e+01 2.105500e+01 2.119000e+01 2.078463e+01 2.080080e+01
2.053000e+01 2.119500e+01 2.079030e+01 2.079073e+01 2.053500e+01 2.120000e+01 2.078937e+01 2.079241e+01
2.053500e+01 2.120000e+01 2.078937e+01 2.079241e+01 2.054000e+01 2.120500e+01 2.078835e+01 2.079417e+01
2.103500e+01 2.120000e+01 2.078351e+01 2.079914e+01 2.103000e+01 2.120500e+01 2.078448e+01 2.080077e+01
2.104000e+01 2.119500e+01 2.078263e+01 2.079758e+01 2.103500e+01 2.120000e+01 2.078351e+01 2.079914e+01
2.054000e+01 2.120500e+01 2.078835e+01 2.079417e+01 2.054500e+01 2.121000e+01 2.078741e+01 2.079607e+01
2.054500e+01 2.121000e+01 2.078741e+01 2.079607e+01 2.055500e+01 2.121000e+01 2.078951e+01 2.079194e+01
2.055500e+01 2.121000e+01 2.078951e+01 2.079194e+01 2.056000e+01 2.121500e+01 2.078841e+01 2.079401e+01
2.101500e+01 2.121000e+01 2.078305e+01 2.079825e+01 2.101000e+01 2.121500e+01 2.078411e+01 2.080019e+01
2.101500e+01 2.121000e+01 2.078305e+01 2.079825e+01 2.102500e+01 2.121000e+01 2.078538e+01 2.080254e+01
2.103000e+01 2.120500e+01 2.078448e+01 2.080077e+01 2.102500e+01 2.121000e+01 2.078538e+01 2.080254e+01
2.056000e+01 2.121500e+01 2.078841e+01 2.079401e+01 2.056500e+01 2.122000e+01 2.078741e+01 2.079622e+01
2.056500e+01 2.122000e+01 2.078741e+01 2.079622e+01 2.057500e+01 2.122000e+01 2.078913e+01 2.079237e+01
2.057500e+01 2.122000e+01 2.078913e+01 2.079237e+01 2.058000e+01 2.122500e+01 2.078800e+01 2.079477e+01
2.099500e+01 2.122000e+01 2.078314e+01 2.079822e+01 2.099000e+01 2.122500e+01 2.078426e+01 2.080048e+01
2.099500e+01 2.122000e+01 2.078314e+01 2.079822e+01 2.100500e+01 2.122000e+01 2.078509e+01 2.080226e+01
2.101000e+01 2.121500e+01 2.078411e+01 2.080019e+01 2.100500e+01 2.122000e+01 2.078509e+01 2.080226e+01
2.058000e+01 2.122500e+01 2.078800e+01 2.079477e+01 2.058500e+01 2.123000e+01 2.078697e+01 2.079730e+01
2.058500e+01 2.123000e+01 2.078697e+01 2.079730e+01 2.059500e+01 2.123000e+01 2.078837e+01 2.079376e+01
2.059500e+01 2.123000e+01 2.078837e+01 2.079376e+01 2.060000e+01 2.123500e+01 2.078725e+01 2.079650e+01
2.097500e+01 2.123000e+01 2.078367e+01 2.079912e+01 2.097000e+01 2.123500e+01 2.078479e+01 2.080171e+01
2.097500e+01 2.123000e+01 2.078367e+01 2.079912e+01 2.098500e+01 2.123000e+01 2.078527e+01 2.080286e+01
2.099000e+01 2.122500e+01 2.078426e+01 2.080048e+01 2.098500e+01 2.123000e+01 2.078527e+01 2.080286e+01
2.060000e+01 2.123500e+01 2.078725e+01 2.079650e+01 2.060500e+01 2.124000e+01 2.078623e+01 2.079936e+01
2.060500e+01 2.124000e+01 2.078623e+01 2.079936e+01 2.061500e+01 2.124000e+01 2.078735e+01 2.079616e+01
2.061500e+01 2.124000e+01 2.078735e+01 2.079616e+01 2.062000e+01 2.124500e+01 2.078628e+01 2.079924e+01
2.095500e+01 2.124000e+01 2.078450e+01 2.080099e+01 2.095000e+01 2.124500e+01 2.078559e+01 2.080391e+01
2.095500e+01 2.124000e+01 2.078450e+01 2.080099e+01 2.096500e+01 2.124000e+01 2.078581e+01 2.080441e+01
2.097000e+01 2.123500e+01 2.078479e+01 2.080171e+01 2.096500e+01 2.124000e+01 2.078581e+01 2.080441e+01
2.062000e+01 2.124500e+01 2.078628e+01 2.079924e+01 2.062500e+01 2.125000e+01 2.078533e+01 2.080243e+01
2.062500e+01 2.125000e+01 2.078533e+01 2.080243e+01 2.063500e+01 2.125000e+01 2.078622e+01 2.079959e+01
2.063500e+01 2.125000e+01 2.078622e+01 2.079959e+01 2.064500e+01 2.125000e+01 2.078695e+01 2.079690e+01
2.064500e+01 2.125000e+01 2.078695e+01 2.079690e+01 2.065000e+01 2.125500e+01 2.078597e+01 2.080044e+01
2.092500e+01 2.125000e+01 2.078460e+01 2.080094e+01 2.092000e+01 2.125500e+01 2.078563e+01 2.080432e+01
2.092500e+01 2.125000e+01 2.078460e+01 2.080094e+01 2.093500e+01 2.125000e+01 2.078550e+01 2.080387e+01
2.093500e+01 2.125000e+01 2.078550e+01 2.080387e+01 2.094500e+01 2.125000e+01 2.078657e+01 2.080694e+01
2.095000e+01 2.124500e+01 2.078559e+01 2.080391e+01 2.094500e+01 2.125000e+01 2.078657e+01 2.080694e+01
2.065000e+01 2.125500e+01 2.078597e+01 2.080044e+01 2.065500e+01 2.126000e+01 2.078511e+01 2.080407e+01
2.065500e+01 2.126000e+01 2.078511e+01 2.080407e+01 2.066500e+01 2.126000e+01 2.078570e+01 2.080178e+01
2.066500e+01 2.126000e+01 2.078570e+01 2.080178e+01 2.067500e+01 2.126000e+01 2.078615e+01 2.079966e+01
2.067500e+01 2.126000e+01 2.078615e+01 2.079966e+01 2.068500e+01 2.126000e+01 2.078648e+01 2.079771e+01
2.068500e+01 2.126000e+01 2.078648e+01 2.079771e+01 2.069000e+01 2.126500e+01 2.078570e+01 2.080182e+01
2.088500e+01 2.126000e+01 2.078476e+01 2.080063e+01 2.088000e+01 2.126500e+01 2.078562e+01 2.080458e+01
2.088500e+01 2.126000e+01 2.078476e+01 2.080063e+01 2.089500e+01 2.126000e+01 2.078522e+01 2.080285e+01
2.089500e+01 2.126000e+01 2.078522e+01 2.080285e+01 2.090500e+01 2.126000e+01 2.078581e+01 2.080524e+01
2.090500e+01 2.126000e+01 2.078581e+01 2.080524e+01 2.091500e+01 2.126000e+01 2.078654e+01 2.080778e+01
2.092000e+01 2.125500e+01 2.078563e+01 2.080432e+01 2.091500e+01 2.126000e+01 2.078654e+01 2.080778e+01
2.069000e+01 2.126500e+01 2.078570e+01 2.080182e+01 2.069500e+01 2.127000e+01 2.078505e+01 2.080600e+01
2.069500e+01 2.127000e+01 2.078505e+01 2.080600e+01 2.070500e+01 2.127000e+01 2.078534e+01 2.080447e+01
2.070500e+01 2.127000e+01 2.078534e+01 2.080447e+01 2.071500e+01 2.127000e+01 2.078555e+01 2.080312e+01
2.071500e+01 2.127000e+01 2.078555e+01 2.080312e+01 2.072500e+01 2.127000e+01 2.078567e+01 2.080197e+01
2.072500e+01 2.127000e+01 2.078567e+01 2.080197e+01 2.073500e+01 2.127000e+01 2.078574e+01 2.080101e+01
2.073500e+01 2.127000e+01 2.078574e+01 2.080101e+01 2.074500e+01 2.127000e+01 2.078574e+01 2.080025e+01
2.074500e+01 2.127000e+01 2.078574e+01 2.080025e+01 2.075500e+01 2.127000e+01 2.078570e+01 2.079968e+01
2.075500e+01 2.127000e+01 2.078570e+01 2.079968e+01 2.076500e+01 2.127000e+01 2.078564e+01 2.079932e+01
2.076500e+01 2.127000e+01 2.078564e+01 2.079932e+01 2.077500e+01 2.127000e+01 2.078555e+01 2.079916e+01
2.077500e+01 2.127000e+01 2.078555e+01 2.079916e+01 2.078500e+01 2.127000e+01 2.078546e+01 2.079921e+01
2.078500e+01 2.127000e+01 2.078546e+01 2.079921e+01 2.079500e+01 2.127000e+01 2.078537e+01 2.079946e+01
2.079500e+01 2.127000e+01 2.078537e+01 2.079946e+01 2.080500e+01 2.127000e+01 2.078530e+01 2.079992e+01
2.080500e+01 2.127000e+01 2.078530e+01 2.079992e+01 2.081500e+01 2.127000e+01 2.078526e+01 2.080057e+01
2.081500e+01 2.127000e+01 2.078526e+01 2.080057e+01 2.082500e+01 2.127000e+01 2.078527e+01 2.080143e+01
2.082500e+01 2.127000e+01 2.078527e+01 2.080143e+01 2.083500e+01 2.127000e+01 2.078533e+01 2.080248e+01
2.083500e+01 2.127000e+01 2.078533e+01 2.080248e+01 2.084500e+01 2.127000e+01 2.078546e+01 2.080373e+01
2.084500e+01 2.127000e+01 2.078546e+01 2.080373e+01 2.085500e+01 2.127000e+01 2.078567e+01 2.080517e+01
2.085500e+01 2.127000e+01 2.078567e+01 2.080517e+01 2.086500e+01 2.127000e+01 2.078596e+01 2.080679e+01
2.086500e+01 2.127000e+01 2.078596e+01 2.080679e+01 2.087500e+01 2.127000e+01 2.078636e+01 2.080859e+01
2.088000e+01 2.126500e+01 2.078562e+01 2.080458e+01 2.087500e+01 2.127000e+01 2.078636e+01 2.080859e+01
