2.074500e+01 2.024000e+01 2.080287e+01 2.071495e+01 2.074000e+01 2.024500e+01 2.080351e+01 2.071914e+01
2.074500e+01 2.024000e+01 2.080287e+01 2.071495e+01 2.075500e+01 2.024000e+01 2.080314e+01 2.071641e+01
2.075500e+01 2.024000e+01 2.080314e+01 2.071641e+01 2.076500e+01 2.024000e+01 2.080333e+01 2.071768e+01
2.076500e+01 2.024000e+01 2.080333e+01 2.071768e+01 2.077500e+01 2.024000e+01 2.080344e+01 2.071877e+01
2.077500e+01 2.024000e+01 2.080344e+01 2.071877e+01 2.078500e+01 2.024000e+01 2.080350e+01 2.071966e+01
2.078500e+01 2.024000e+01 2.080350e+01 2.071966e+01 2.079500e+01 2.024000e+01 2.080351e+01 2.072036e+01
2.079500e+01 2.024000e+01 2.080351e+01 2.072036e+01 2.080500e+01 2.024000e+01 2.080349e+01 2.072087e+01
2.080500e+01 2.024000e+01 2.080349e+01 2.072087e+01 2.081500e+01 2.024000e+01 2.080345e+01 2.072118e+01
2.081500e+01 2.024000e+01 2.080345e+01 2.072118e+01 2.082500e+01 2.024000e+01 2.080340e+01 2.072129e+01
2.082500e+01 2.024000e+01 2.080340e+01 2.072129e+01 2.083500e+01 2.024000e+01 2.080335e+01 2.072121e+01
2.083500e+01 2.024000e+01 2.080335e+01 2.072121e+01 2.084500e+01 2.024000e+01 2.080332e+01 2.072093e+01
2.084500e+01 2.024000e+01 2.080332e+01 2.072093e+01 2.085500e+01 2.024000e+01 2.080331e+01 2.072045e+01
2.085500e+01 2.024000e+01 2.080331e+01 2.072045e+01 2.086500e+01 2.024000e+01 2.080335e+01 2.071979e+01
2.086500e+01 2.024000e+01 2.080335e+01 2.071979e+01 2.087500e+01 2.024000e+01 2.080344e+01 2.071893e+01
2.087500e+01 2.024000e+01 2.080344e+01 2.071893e+01 2.088500e+01 2.024000e+01 2.080359e+01 2.071789e+01
2.088500e+01 2.024000e+01 2.080359e+01 2.071789e+01 2.089500e+01 2.024000e+01 2.080382e+01 2.071666e+01
2.089500e+01 2.024000e+01 2.080382e+01 2.071666e+01 2.090000e+01 2.024500e+01 2.080327e+01 2.072091e+01
2.070500e+01 2.025000e+01 2.080306e+01 2.071717e+01 2.070000e+01 2.025500e+01 2.080392e+01 2.072085e+01
2.070500e+01 2.025000e+01 2.080306e+01 2.071717e+01 2.071500e+01 2.025000e+01 2.080359e+01 2.071937e+01
2.071500e+01 2.025000e+01 2.080359e+01 2.071937e+01 2.072500e+01 2.025000e+01 2.080398e+01 2.072141e+01
2.072500e+01 2.025000e+01 2.080398e+01 2.072141e+01 2.073500e+01 2.025000e+01 2.080427e+01 2.072327e+01
2.074000e+01 2.024500e+01 2.080351e+01 2.071914e+01 2.073500e+01 2.025000e+01 2.080427e+01 2.072327e+01
2.090000e+01 2.024500e+01 2.080327e+01 2.072091e+01 2.090500e+01 2.025000e+01 2.080261e+01 2.072509e+01
2.090500e+01 2.025000e+01 2.080261e+01 2.072509e+01 2.091500e+01 2.025000e+01 2.080285e+01 2.072345e+01
2.091500e+01 2.025000e+01 2.080285e+01 2.072345e+01 2.092500e+01 2.025000e+01 2.080320e+01 2.072164e+01
2.092500e+01 2.025000e+01 2.080320e+01 2.072164e+01 2.093500e+01 2.025000e+01 2.080367e+01 2.071966e+01
2.093500e+01 2.025000e+01 2.080367e+01 2.071966e+01 2.094000e+01 2.025500e+01 2.080290e+01 2.072337e+01
2.067500e+01 2.026000e+01 2.080343e+01 2.071912e+01 2.067000e+01 2.026500e+01 2.080439e+01 2.072239e+01
2.067500e+01 2.026000e+01 2.080343e+01 2.071912e+01 2.068500e+01 2.026000e+01 2.080424e+01 2.072186e+01
2.068500e+01 2.026000e+01 2.080424e+01 2.072186e+01 2.069500e+01 2.026000e+01 2.080488e+01 2.072445e+01
2.070000e+01 2.025500e+01 2.080392e+01 2.072085e+01 2.069500e+01 2.026000e+01 2.080488e+01 2.072445e+01
2.094000e+01 2.025500e+01 2.080290e+01 2.072337e+01 2.094500e+01 2.026000e+01 2.080201e+01 2.072700e+01
2.094500e+01 2.026000e+01 2.080201e+01 2.072700e+01 2.095500e+01 2.026000e+01 2.080260e+01 2.072463e+01
2.095500e+01 2.026000e+01 2.080260e+01 2.072463e+01 2.096000e+01 2.026500e+01 2.080172e+01 2.072802e+01
2.064500e+01 2.027000e+01 2.080327e+01 2.071923e+01 2.064000e+01 2.027500e+01 2.080427e+01 2.072209e+01
2.064500e+01 2.027000e+01 2.080327e+01 2.071923e+01 2.065500e+01 2.027000e+01 2.080446e+01 2.072247e+01
2.065500e+01 2.027000e+01 2.080446e+01 2.072247e+01 2.066500e+01 2.027000e+01 2.080547e+01 2.072558e+01
2.067000e+01 2.026500e+01 2.080439e+01 2.072239e+01 2.066500e+01 2.027000e+01 2.080547e+01 2.072558e+01
2.096000e+01 2.026500e+01 2.080172e+01 2.072802e+01 2.096500e+01 2.027000e+01 2.080071e+01 2.073132e+01
2.096500e+01 2.027000e+01 2.080071e+01 2.073132e+01 2.097500e+01 2.027000e+01 2.080149e+01 2.072857e+01
2.097500e+01 2.027000e+01 2.080149e+01 2.072857e+01 2.098500e+01 2.027000e+01 2.080243e+01 2.072568e+01
2.098500e+01 2.027000e+01 2.080243e+01 2.072568e+01 2.099000e+01 2.027500e+01 2.080149e+01 2.072864e+01
2.062500e+01 2.028000e+01 2.080391e+01 2.072129e+01 2.062000e+01 2.028500e+01 2.080491e+01 2.072386e+01
2.062500e+01 2.028000e+01 2.080391e+01 2.072129e+01 2.063500e+01 2.028000e+01 2.080537e+01 2.072486e+01
2.064000e+01 2.027500e+01 2.080427e+01 2.072209e+01 2.063500e+01 2.028000e+01 2.080537e+01 2.072486e+01
2.099000e+01 2.027500e+01 2.080149e+01 2.072864e+01 2.099500e+01 2.028000e+01 2.080044e+01 2.073150e+01
2.099500e+01 2.028000e+01 2.080044e+01 2.073150e+01 2.100500e+01 2.028000e+01 2.080165e+01 2.072827e+01
2.100500e+01 2.028000e+01 2.080165e+01 2.072827e+01 2.101000e+01 2.028500e+01 2.080069e+01 2.073091e+01
2.060500e+01 2.029000e+01 2.080424e+01 2.072246e+01 2.060000e+01 2.029500e+01 2.080522e+01 2.072473e+01
2.060500e+01 2.029000e+01 2.080424e+01 2.072246e+01 2.061500e+01 2.029000e+01 2.080602e+01 2.072633e+01
2.062000e+01 2.028500e+01 2.080491e+01 2.072386e+01 2.061500e+01 2.029000e+01 2.080602e+01 2.072633e+01
2.101000e+01 2.028500e+01 2.080069e+01 2.073091e+01 2.101500e+01 2.029000e+01 2.079962e+01 2.073344e+01
2.101500e+01 2.029000e+01 2.079962e+01 2.073344e+01 2.102500e+01 2.029000e+01 2.080114e+01 2.072990e+01
2.102500e+01 2.029000e+01 2.080114e+01 2.072990e+01 2.103000e+01 2.029500e+01 2.080019e+01 2.073223e+01
2.059500e+01 2.030000e+01 2.080629e+01 2.072690e+01 2.059000e+01 2.030500e+01 2.080729e+01 2.072897e+01
2.060000e+01 2.029500e+01 2.080522e+01 2.072473e+01 2.059500e+01 2.030000e+01 2.080629e+01 2.072690e+01
2.103000e+01 2.029500e+01 2.080019e+01 2.073223e+01 2.103500e+01 2.030000e+01 2.079915e+01 2.073444e+01
2.103500e+01 2.030000e+01 2.079915e+01 2.073444e+01 2.104000e+01 2.030500e+01 2.079818e+01 2.073655e+01
2.057500e+01 2.031000e+01 2.080607e+01 2.072662e+01 2.057000e+01 2.031500e+01 2.080698e+01 2.072842e+01
2.057500e+01 2.031000e+01 2.080607e+01 2.072662e+01 2.058500e+01 2.031000e+01 2.080837e+01 2.073093e+01
2.059000e+01 2.030500e+01 2.080729e+01 2.072897e+01 2.058500e+01 2.031000e+01 2.080837e+01 2.073093e+01
2.104000e+01 2.030500e+01 2.079818e+01 2.073655e+01 2.104500e+01 2.031000e+01 2.079712e+01 2.073854e+01
2.104500e+01 2.031000e+01 2.079712e+01 2.073854e+01 2.105500e+01 2.031000e+01 2.079917e+01 2.073455e+01
2.105500e+01 2.031000e+01 2.079917e+01 2.073455e+01 2.106000e+01 2.031500e+01 2.079828e+01 2.073636e+01
2.056500e+01 2.032000e+01 2.080797e+01 2.073009e+01 2.056000e+01 2.032500e+01 2.080886e+01 2.073169e+01
2.057000e+01 2.031500e+01 2.080698e+01 2.072842e+01 2.056500e+01 2.032000e+01 2.080797e+01 2.073009e+01
2.106000e+01 2.031500e+01 2.079828e+01 2.073636e+01 2.106500e+01 2.032000e+01 2.079732e+01 2.073805e+01
2.106500e+01 2.032000e+01 2.079732e+01 2.073805e+01 2.107000e+01 2.032500e+01 2.079645e+01 2.073966e+01
2.055500e+01 2.033000e+01 2.080983e+01 2.073316e+01 2.055000e+01 2.033500e+01 2.081068e+01 2.073457e+01
2.056000e+01 2.032500e+01 2.080886e+01 2.073169e+01 2.055500e+01 2.033000e+01 2.080983e+01 2.073316e+01
2.107000e+01 2.032500e+01 2.079645e+01 2.073966e+01 2.107500e+01 2.033000e+01 2.079552e+01 2.074114e+01
2.107500e+01 2.033000e+01 2.079552e+01 2.074114e+01 2.108000e+01 2.033500e+01 2.079469e+01 2.074254e+01
2.053500e+01 2.034000e+01 2.080845e+01 2.073108e+01 2.053000e+01 2.034500e+01 2.080915e+01 2.073224e+01
2.053500e+01 2.034000e+01 2.080845e+01 2.073108e+01 2.054500e+01 2.034000e+01 2.081160e+01 2.073584e+01
2.055000e+01 2.033500e+01 2.081068e+01 2.073457e+01 2.054500e+01 2.034000e+01 2.081160e+01 2.073584e+01
2.108000e+01 2.033500e+01 2.079469e+01 2.074254e+01 2.108500e+01 2.034000e+01 2.079380e+01 2.074381e+01
2.108500e+01 2.034000e+01 2.079380e+01 2.074381e+01 2.109000e+01 2.034500e+01 2.079302e+01 2.074501e+01
2.052500e+01 2.035000e+01 2.080989e+01 2.073327e+01 2.052000e+01 2.035500e+01 2.081051e+01 2.073425e+01
2.053000e+01 2.034500e+01 2.080915e+01 2.073224e+01 2.052500e+01 2.035000e+01 2.080989e+01 2.073327e+01
2.109000e+01 2.034500e+01 2.079302e+01 2.074501e+01 2.109500e+01 2.035000e+01 2.079219e+01 2.074608e+01
2.109500e+01 2.035000e+01 2.079219e+01 2.074608e+01 2.110500e+01 2.035000e+01 2.079536e+01 2.074150e+01
2.110500e+01 2.035000e+01 2.079536e+01 2.074150e+01 2.111000e+01 2.035500e+01 2.079478e+01 2.074246e+01
2.051500e+01 2.036000e+01 2.081117e+01 2.073510e+01 2.051000e+01 2.036500e+01 2.081171e+01 2.073590e+01
2.052000e+01 2.035500e+01 2.081051e+01 2.073425e+01 2.051500e+01 2.036000e+01 2.081117e+01 2.073510e+01
2.111000e+01 2.035500e+01 2.079478e+01 2.074246e+01 2.111500e+01 2.036000e+01 2.079416e+01 2.074328e+01
2.111500e+01 2.036000e+01 2.079416e+01 2.074328e+01 2.112000e+01 2.036500e+01 2.079368e+01 2.074407e+01
2.050500e+01 2.037000e+01 2.081228e+01 2.073658e+01 2.050000e+01 2.037500e+01 2.081272e+01 2.073722e+01
2.051000e+01 2.036500e+01 2.081171e+01 2.073590e+01 2.050500e+01 2.037000e+01 2.081228e+01 2.073658e+01
2.112000e+01 2.036500e+01 2.079368e+01 2.074407e+01 2.112500e+01 2.037000e+01 2.079316e+01 2.074471e+01
2.112500e+01 2.037000e+01 2.079316e+01 2.074471e+01 2.113000e+01 2.037500e+01 2.079278e+01 2.074532e+01
2.049500e+01 2.038000e+01 2.081318e+01 2.073773e+01 2.049000e+01 2.038500e+01 2.081350e+01 2.073822e+01
2.050000e+01 2.037500e+01 2.081272e+01 2.073722e+01 2.049500e+01 2.038000e+01 2.081318e+01 2.073773e+01
2.113000e+01 2.037500e+01 2.079278e+01 2.074532e+01 2.113000e+01 2.038500e+01 2.078799e+01 2.075106e+01
2.048500e+01 2.039000e+01 2.081384e+01 2.073857e+01 2.048000e+01 2.039500e+01 2.081404e+01 2.073891e+01
2.049000e+01 2.038500e+01 2.081350e+01 2.073822e+01 2.048500e+01 2.039000e+01 2.081384e+01 2.073857e+01
2.113000e+01 2.038500e+01 2.078799e+01 2.075106e+01 2.113500e+01 2.039000e+01 2.078758e+01 2.075138e+01
2.113500e+01 2.039000e+01 2.078758e+01 2.075138e+01 2.114000e+01 2.039500e+01 2.078731e+01 2.075169e+01
2.047500e+01 2.040000e+01 2.081425e+01 2.073911e+01 2.047000e+01 2.040500e+01 2.081431e+01 2.073932e+01
2.048000e+01 2.039500e+01 2.081404e+01 2.073891e+01 2.047500e+01 2.040000e+01 2.081425e+01 2.073911e+01
2.114000e+01 2.039500e+01 2.078731e+01 2.075169e+01 2.114500e+01 2.040000e+01 2.078704e+01 2.075186e+01
2.114500e+01 2.040000e+01 2.078704e+01 2.075186e+01 2.115000e+01 2.040500e+01 2.078692e+01 2.075203e+01
2.047000e+01 2.040500e+01 2.081431e+01 2.073932e+01 2.047000e+01 2.041500e+01 2.081947e+01 2.074462e+01
2.115000e+01 2.040500e+01 2.078692e+01 2.075203e+01 2.115500e+01 2.041000e+01 2.078681e+01 2.075206e+01
2.115500e+01 2.041000e+01 2.078681e+01 2.075206e+01 2.116000e+01 2.041500e+01 2.078685e+01 2.075209e+01
2.046500e+01 2.042000e+01 2.081952e+01 2.074455e+01 2.046000e+01 2.042500e+01 2.081942e+01 2.074450e+01
2.047000e+01 2.041500e+01 2.081947e+01 2.074462e+01 2.046500e+01 2.042000e+01 2.081952e+01 2.074455e+01
2.116000e+01 2.041500e+01 2.078685e+01 2.075209e+01 2.116500e+01 2.042000e+01 2.078690e+01 2.075198e+01
2.116500e+01 2.042000e+01 2.078690e+01 2.075198e+01 2.117000e+01 2.042500e+01 2.078712e+01 2.075190e+01
2.045500e+01 2.043000e+01 2.081931e+01 2.074432e+01 2.045000e+01 2.043500e+01 2.081904e+01 2.074415e+01
2.046000e+01 2.042500e+01 2.081942e+01 2.074450e+01 2.045500e+01 2.043000e+01 2.081931e+01 2.074432e+01
2.117000e+01 2.042500e+01 2.078712e+01 2.075190e+01 2.117000e+01 2.043500e+01 2.078230e+01 2.075628e+01
2.044500e+01 2.044000e+01 2.081875e+01 2.074387e+01 2.044000e+01 2.044500e+01 2.081831e+01 2.074361e+01
2.045000e+01 2.043500e+01 2.081904e+01 2.074415e+01 2.044500e+01 2.044000e+01 2.081875e+01 2.074387e+01
2.117000e+01 2.043500e+01 2.078230e+01 2.075628e+01 2.117500e+01 2.044000e+01 2.078256e+01 2.075593e+01
2.117500e+01 2.044000e+01 2.078256e+01 2.075593e+01 2.118000e+01 2.044500e+01 2.078299e+01 2.075561e+01
2.044000e+01 2.044500e+01 2.081831e+01 2.074361e+01 2.044000e+01 2.045500e+01 2.082338e+01 2.074791e+01
2.118000e+01 2.044500e+01 2.078299e+01 2.075561e+01 2.118500e+01 2.045000e+01 2.078346e+01 2.075517e+01
2.118500e+01 2.045000e+01 2.078346e+01 2.075517e+01 2.119000e+01 2.045500e+01 2.078409e+01 2.075477e+01
2.043500e+01 2.046000e+01 2.082286e+01 2.074741e+01 2.043000e+01 2.046500e+01 2.082219e+01 2.074695e+01
2.044000e+01 2.045500e+01 2.082338e+01 2.074791e+01 2.043500e+01 2.046000e+01 2.082286e+01 2.074741e+01
2.119000e+01 2.045500e+01 2.078409e+01 2.075477e+01 2.119000e+01 2.046500e+01 2.077941e+01 2.075841e+01
2.043000e+01 2.046500e+01 2.082219e+01 2.074695e+01 2.043000e+01 2.047500e+01 2.082717e+01 2.075079e+01
2.119000e+01 2.046500e+01 2.077941e+01 2.075841e+01 2.119500e+01 2.047000e+01 2.078015e+01 2.075777e+01
2.119500e+01 2.047000e+01 2.078015e+01 2.075777e+01 2.120000e+01 2.047500e+01 2.078104e+01 2.075720e+01
2.042500e+01 2.048000e+01 2.082640e+01 2.075010e+01 2.042000e+01 2.048500e+01 2.082548e+01 2.074947e+01
2.043000e+01 2.047500e+01 2.082717e+01 2.075079e+01 2.042500e+01 2.048000e+01 2.082640e+01 2.075010e+01
2.120000e+01 2.047500e+01 2.078104e+01 2.075720e+01 2.120000e+01 2.048500e+01 2.077650e+01 2.076037e+01
2.041500e+01 2.049000e+01 2.082450e+01 2.074874e+01 2.041000e+01 2.049500e+01 2.082337e+01 2.074807e+01
2.042000e+01 2.048500e+01 2.082548e+01 2.074947e+01 2.041500e+01 2.049000e+01 2.082450e+01 2.074874e+01
2.120000e+01 2.048500e+01 2.077650e+01 2.076037e+01 2.120500e+01 2.049000e+01 2.077752e+01 2.075958e+01
2.120500e+01 2.049000e+01 2.077752e+01 2.075958e+01 2.121000e+01 2.049500e+01 2.077871e+01 2.075885e+01
2.041000e+01 2.049500e+01 2.082337e+01 2.074807e+01 2.041000e+01 2.050500e+01 2.082808e+01 2.075125e+01
2.121000e+01 2.049500e+01 2.077871e+01 2.075885e+01 2.121000e+01 2.050500e+01 2.077435e+01 2.076159e+01
2.040500e+01 2.051000e+01 2.082681e+01 2.075039e+01 2.040000e+01 2.051500e+01 2.082539e+01 2.074961e+01
2.041000e+01 2.050500e+01 2.082808e+01 2.075125e+01 2.040500e+01 2.051000e+01 2.082681e+01 2.075039e+01
2.121000e+01 2.050500e+01 2.077435e+01 2.076159e+01 2.121500e+01 2.051000e+01 2.077570e+01 2.076068e+01
2.121500e+01 2.051000e+01 2.077570e+01 2.076068e+01 2.122000e+01 2.051500e+01 2.077721e+01 2.075985e+01
2.040000e+01 2.051500e+01 2.082539e+01 2.074961e+01 2.040000e+01 2.052500e+01 2.082989e+01 2.075238e+01
2.122000e+01 2.051500e+01 2.077721e+01 2.075985e+01 2.122000e+01 2.052500e+01 2.077307e+01 2.076217e+01
2.040000e+01 2.052500e+01 2.082989e+01 2.075238e+01 2.040000e+01 2.053500e+01 2.083433e+01 2.075492e+01
2.122000e+01 2.052500e+01 2.077307e+01 2.076217e+01 2.122500e+01 2.053000e+01 2.077476e+01 2.076119e+01
2.122500e+01 2.053000e+01 2.077476e+01 2.076119e+01 2.123000e+01 2.053500e+01 2.077660e+01 2.076031e+01
2.039500e+01 2.054000e+01 2.083266e+01 2.075389e+01 2.039000e+01 2.054500e+01 2.083085e+01 2.075296e+01
2.040000e+01 2.053500e+01 2.083433e+01 2.075492e+01 2.039500e+01 2.054000e+01 2.083266e+01 2.075389e+01
2.123000e+01 2.053500e+01 2.077660e+01 2.076031e+01 2.123000e+01 2.054500e+01 2.077274e+01 2.076226e+01
2.039000e+01 2.054500e+01 2.083085e+01 2.075296e+01 2.039000e+01 2.055500e+01 2.083502e+01 2.075513e+01
2.123000e+01 2.054500e+01 2.077274e+01 2.076226e+01 2.123000e+01 2.055500e+01 2.076898e+01 2.076400e+01
2.038500e+01 2.056000e+01 2.083301e+01 2.075407e+01 2.038000e+01 2.056500e+01 2.083087e+01 2.075311e+01
2.039000e+01 2.055500e+01 2.083502e+01 2.075513e+01 2.038500e+01 2.056000e+01 2.083301e+01 2.075407e+01
2.123000e+01 2.055500e+01 2.076898e+01 2.076400e+01 2.123500e+01 2.056000e+01 2.077114e+01 2.076293e+01
2.123500e+01 2.056000e+01 2.077114e+01 2.076293e+01 2.124000e+01 2.056500e+01 2.077344e+01 2.076198e+01
2.038000e+01 2.056500e+01 2.083087e+01 2.075311e+01 2.038000e+01 2.057500e+01 2.083475e+01 2.075496e+01
2.124000e+01 2.056500e+01 2.077344e+01 2.076198e+01 2.124000e+01 2.057500e+01 2.077001e+01 2.076341e+01
2.038000e+01 2.057500e+01 2.083475e+01 2.075496e+01 2.038000e+01 2.058500e+01 2.083850e+01 2.075660e+01
2.124000e+01 2.057500e+01 2.077001e+01 2.076341e+01 2.124000e+01 2.058500e+01 2.076671e+01 2.076465e+01
2.037500e+01 2.059000e+01 2.083604e+01 2.075551e+01 2.037000e+01 2.059500e+01 2.083346e+01 2.075453e+01
2.038000e+01 2.058500e+01 2.083850e+01 2.075660e+01 2.037500e+01 2.059000e+01 2.083604e+01 2.075551e+01
2.124000e+01 2.058500e+01 2.076671e+01 2.076465e+01 2.124500e+01 2.059000e+01 2.076936e+01 2.076359e+01
2.124500e+01 2.059000e+01 2.076936e+01 2.076359e+01 2.125000e+01 2.059500e+01 2.077214e+01 2.076265e+01
2.037000e+01 2.059500e+01 2.083346e+01 2.075453e+01 2.037000e+01 2.060500e+01 2.083686e+01 2.075591e+01
2.125000e+01 2.059500e+01 2.077214e+01 2.076265e+01 2.125000e+01 2.060500e+01 2.076922e+01 2.076366e+01
2.037000e+01 2.060500e+01 2.083686e+01 2.075591e+01 2.037000e+01 2.061500e+01 2.084013e+01 2.075711e+01
2.125000e+01 2.060500e+01 2.076922e+01 2.076366e+01 2.125000e+01 2.061500e+01 2.076645e+01 2.076449e+01
2.037000e+01 2.061500e+01 2.084013e+01 2.075711e+01 2.037000e+01 2.062500e+01 2.084325e+01 2.075814e+01
2.078500e+01 2.062000e+01 2.086044e+01 2.099271e+01 2.078000e+01 2.062500e+01 2.087120e+01 2.099060e+01
2.078500e+01 2.062000e+01 2.086044e+01 2.099271e+01 2.079500e+01 2.062000e+01 2.084189e+01 2.099536e+01
2.079500e+01 2.062000e+01 2.084189e+01 2.099536e+01 2.080500e+01 2.062000e+01 2.082277e+01 2.099676e+01
2.080500e+01 2.062000e+01 2.082277e+01 2.099676e+01 2.081500e+01 2.062000e+01 2.080338e+01 2.099684e+01
2.081500e+01 2.062000e+01 2.080338e+01 2.099684e+01 2.082500e+01 2.062000e+01 2.078402e+01 2.099559e+01
2.082500e+01 2.062000e+01 2.078402e+01 2.099559e+01 2.083500e+01 2.062000e+01 2.076502e+01 2.099305e+01
2.083500e+01 2.062000e+01 2.076502e+01 2.099305e+01 2.084500e+01 2.062000e+01 2.074665e+01 2.098932e+01
2.084500e+01 2.062000e+01 2.074665e+01 2.098932e+01 2.085000e+01 2.062500e+01 2.073552e+01 2.098644e+01
2.125000e+01 2.061500e+01 2.076645e+01 2.076449e+01 2.125000e+01 2.062500e+01 2.076384e+01 2.076517e+01
2.036500e+01 2.063000e+01 2.084019e+01 2.075709e+01 2.036000e+01 2.063500e+01 2.083704e+01 2.075616e+01
2.037000e+01 2.062500e+01 2.084325e+01 2.075814e+01 2.036500e+01 2.063000e+01 2.084019e+01 2.075709e+01
2.075500e+01 2.063000e+01 2.091657e+01 2.097656e+01 2.075000e+01 2.063500e+01 2.092736e+01 2.097186e+01
2.075500e+01 2.063000e+01 2.091657e+01 2.097656e+01 2.076500e+01 2.063000e+01 2.090031e+01 2.098264e+01
2.076500e+01 2.063000e+01 2.090031e+01 2.098264e+01 2.077500e+01 2.063000e+01 2.088266e+01 2.098783e+01
2.078000e+01 2.062500e+01 2.087120e+01 2.099060e+01 2.077500e+01 2.063000e+01 2.088266e+01 2.098783e+01
2.085000e+01 2.062500e+01 2.073552e+01 2.098644e+01 2.085500e+01 2.063000e+01 2.072366e+01 2.098280e+01
2.085500e+01 2.063000e+01 2.072366e+01 2.098280e+01 2.086500e+01 2.063000e+01 2.070642e+01 2.097660e+01
2.086500e+01 2.063000e+01 2.070642e+01 2.097660e+01 2.087500e+01 2.063000e+01 2.069061e+01 2.096962e+01
2.087500e+01 2.063000e+01 2.069061e+01 2.096962e+01 2.088000e+01 2.063500e+01 2.067970e+01 2.096412e+01
2.125000e+01 2.062500e+01 2.076384e+01 2.076517e+01 2.125500e+01 2.063000e+01 2.076713e+01 2.076421e+01
2.125500e+01 2.063000e+01 2.076713e+01 2.076421e+01 2.126000e+01 2.063500e+01 2.077052e+01 2.076339e+01
2.036000e+01 2.063500e+01 2.083704e+01 2.075616e+01 2.036000e+01 2.064500e+01 2.083976e+01 2.075702e+01
2.073500e+01 2.064000e+01 2.095232e+01 2.095860e+01 2.073000e+01 2.064500e+01 2.096233e+01 2.095228e+01
2.073500e+01 2.064000e+01 2.095232e+01 2.095860e+01 2.074500e+01 2.064000e+01 2.093865e+01 2.096633e+01
2.075000e+01 2.063500e+01 2.092736e+01 2.097186e+01 2.074500e+01 2.064000e+01 2.093865e+01 2.096633e+01
2.088000e+01 2.063500e+01 2.067970e+01 2.096412e+01 2.088500e+01 2.064000e+01 2.066832e+01 2.095772e+01
2.088500e+01 2.064000e+01 2.066832e+01 2.095772e+01 2.089500e+01 2.064000e+01 2.065530e+01 2.094936e+01
2.089500e+01 2.064000e+01 2.065530e+01 2.094936e+01 2.090000e+01 2.064500e+01 2.064536e+01 2.094231e+01
2.126000e+01 2.063500e+01 2.077052e+01 2.076339e+01 2.126000e+01 2.064500e+01 2.076835e+01 2.076394e+01
2.036000e+01 2.064500e+01 2.083976e+01 2.075702e+01 2.036000e+01 2.065500e+01 2.084230e+01 2.075773e+01
2.072500e+01 2.065000e+01 2.097260e+01 2.094509e+01 2.072000e+01 2.065500e+01 2.098203e+01 2.093772e+01
2.073000e+01 2.064500e+01 2.096233e+01 2.095228e+01 2.072500e+01 2.065000e+01 2.097260e+01 2.094509e+01
2.090000e+01 2.064500e+01 2.064536e+01 2.094231e+01 2.090500e+01 2.065000e+01 2.063525e+01 2.093439e+01
2.090500e+01 2.065000e+01 2.063525e+01 2.093439e+01 2.091000e+01 2.065500e+01 2.062602e+01 2.092638e+01
2.126000e+01 2.064500e+01 2.076835e+01 2.076394e+01 2.126000e+01 2.065500e+01 2.076635e+01 2.076437e+01
2.036000e+01 2.065500e+01 2.084230e+01 2.075773e+01 2.036000e+01 2.066500e+01 2.084467e+01 2.075831e+01
2.071500e+01 2.066000e+01 2.099155e+01 2.092950e+01 2.071000e+01 2.066500e+01 2.100014e+01 2.092128e+01
2.072000e+01 2.065500e+01 2.098203e+01 2.093772e+01 2.071500e+01 2.066000e+01 2.099155e+01 2.092950e+01
2.091000e+01 2.065500e+01 2.062602e+01 2.092638e+01 2.091500e+01 2.066000e+01 2.061681e+01 2.091756e+01
2.091500e+01 2.066000e+01 2.061681e+01 2.091756e+01 2.092000e+01 2.066500e+01 2.060856e+01 2.090883e+01
2.126000e+01 2.065500e+01 2.076635e+01 2.076437e+01 2.126000e+01 2.066500e+01 2.076454e+01 2.076468e+01
2.036000e+01 2.066500e+01 2.084467e+01 2.075831e+01 2.036000e+01 2.067500e+01 2.084686e+01 2.075875e+01
2.070500e+01 2.067000e+01 2.100864e+01 2.091229e+01 2.070000e+01 2.067500e+01 2.101616e+01 2.090348e+01
2.071000e+01 2.066500e+01 2.100014e+01 2.092128e+01 2.070500e+01 2.067000e+01 2.100864e+01 2.091229e+01
2.092000e+01 2.066500e+01 2.060856e+01 2.090883e+01 2.092500e+01 2.067000e+01 2.060051e+01 2.089940e+01
2.092500e+01 2.067000e+01 2.060051e+01 2.089940e+01 2.093000e+01 2.067500e+01 2.059344e+01 2.089025e+01
2.126000e+01 2.066500e+01 2.076454e+01 2.076468e+01 2.126000e+01 2.067500e+01 2.076293e+01 2.076489e+01
2.036000e+01 2.067500e+01 2.084686e+01 2.075875e+01 2.036000e+01 2.068500e+01 2.084885e+01 2.075908e+01
2.069500e+01 2.068000e+01 2.102342e+01 2.089402e+01 2.069000e+01 2.068500e+01 2.102973e+01 2.088489e+01
2.070000e+01 2.067500e+01 2.101616e+01 2.090348e+01 2.069500e+01 2.068000e+01 2.102342e+01 2.089402e+01
2.093000e+01 2.067500e+01 2.059344e+01 2.089025e+01 2.093000e+01 2.068500e+01 2.058546e+01 2.087879e+01
2.126000e+01 2.067500e+01 2.076293e+01 2.076489e+01 2.126500e+01 2.068000e+01 2.076697e+01 2.076424e+01
2.126500e+01 2.068000e+01 2.076697e+01 2.076424e+01 2.127000e+01 2.068500e+01 2.077110e+01 2.076371e+01
2.035500e+01 2.069000e+01 2.084495e+01 2.075829e+01 2.035000e+01 2.069500e+01 2.084099e+01 2.075763e+01
2.036000e+01 2.068500e+01 2.084885e+01 2.075908e+01 2.035500e+01 2.069000e+01 2.084495e+01 2.075829e+01
2.069000e+01 2.068500e+01 2.102973e+01 2.088489e+01 2.069000e+01 2.069500e+01 2.103706e+01 2.087296e+01
2.093000e+01 2.068500e+01 2.058546e+01 2.087879e+01 2.093500e+01 2.069000e+01 2.057919e+01 2.086860e+01
2.093500e+01 2.069000e+01 2.057919e+01 2.086860e+01 2.094000e+01 2.069500e+01 2.057387e+01 2.085891e+01
2.127000e+01 2.068500e+01 2.077110e+01 2.076371e+01 2.127000e+01 2.069500e+01 2.076994e+01 2.076394e+01
2.035000e+01 2.069500e+01 2.084099e+01 2.075763e+01 2.035000e+01 2.070500e+01 2.084254e+01 2.075795e+01
2.068500e+01 2.070000e+01 2.104249e+01 2.086292e+01 2.068000e+01 2.070500e+01 2.104703e+01 2.085342e+01
2.069000e+01 2.069500e+01 2.103706e+01 2.087296e+01 2.068500e+01 2.070000e+01 2.104249e+01 2.086292e+01
2.094000e+01 2.069500e+01 2.057387e+01 2.085891e+01 2.094000e+01 2.070500e+01 2.056743e+01 2.084541e+01
2.127000e+01 2.069500e+01 2.076994e+01 2.076394e+01 2.127000e+01 2.070500e+01 2.076898e+01 2.076410e+01
2.035000e+01 2.070500e+01 2.084254e+01 2.075795e+01 2.035000e+01 2.071500e+01 2.084389e+01 2.075819e+01
2.068000e+01 2.070500e+01 2.104703e+01 2.085342e+01 2.068000e+01 2.071500e+01 2.105266e+01 2.083959e+01
2.094000e+01 2.070500e+01 2.056743e+01 2.084541e+01 2.094500e+01 2.071000e+01 2.056329e+01 2.083528e+01
2.094500e+01 2.071000e+01 2.056329e+01 2.083528e+01 2.095000e+01 2.071500e+01 2.055997e+01 2.082580e+01
2.127000e+01 2.070500e+01 2.076898e+01 2.076410e+01 2.127000e+01 2.071500e+01 2.076823e+01 2.076421e+01
2.035000e+01 2.071500e+01 2.084389e+01 2.075819e+01 2.035000e+01 2.072500e+01 2.084504e+01 2.075837e+01
2.067500e+01 2.072000e+01 2.105601e+01 2.082977e+01 2.067000e+01 2.072500e+01 2.105863e+01 2.082058e+01
2.068000e+01 2.071500e+01 2.105266e+01 2.083959e+01 2.067500e+01 2.072000e+01 2.105601e+01 2.082977e+01
2.095000e+01 2.071500e+01 2.055997e+01 2.082580e+01 2.095000e+01 2.072500e+01 2.055563e+01 2.081122e+01
2.127000e+01 2.071500e+01 2.076823e+01 2.076421e+01 2.127000e+01 2.072500e+01 2.076768e+01 2.076427e+01
2.035000e+01 2.072500e+01 2.084504e+01 2.075837e+01 2.035000e+01 2.073500e+01 2.084598e+01 2.075848e+01
2.067000e+01 2.072500e+01 2.105863e+01 2.082058e+01 2.067000e+01 2.073500e+01 2.106210e+01 2.080583e+01
2.095000e+01 2.072500e+01 2.055563e+01 2.081122e+01 2.095000e+01 2.073500e+01 2.055230e+01 2.079597e+01
2.127000e+01 2.072500e+01 2.076768e+01 2.076427e+01 2.127000e+01 2.073500e+01 2.076735e+01 2.076430e+01
2.035000e+01 2.073500e+01 2.084598e+01 2.075848e+01 2.035000e+01 2.074500e+01 2.084672e+01 2.075855e+01
2.067000e+01 2.073500e+01 2.106210e+01 2.080583e+01 2.067000e+01 2.074500e+01 2.106450e+01 2.079045e+01
2.095000e+01 2.073500e+01 2.055230e+01 2.079597e+01 2.095000e+01 2.074500e+01 2.055007e+01 2.078025e+01
2.127000e+01 2.073500e+01 2.076735e+01 2.076430e+01 2.127000e+01 2.074500e+01 2.076723e+01 2.076432e+01
2.035000e+01 2.074500e+01 2.084672e+01 2.075855e+01 2.035000e+01 2.075500e+01 2.084724e+01 2.075859e+01
2.067000e+01 2.074500e+01 2.106450e+01 2.079045e+01 2.067000e+01 2.075500e+01 2.106578e+01 2.077466e+01
2.095000e+01 2.074500e+01 2.055007e+01 2.078025e+01 2.095000e+01 2.075500e+01 2.054898e+01 2.076428e+01
2.127000e+01 2.074500e+01 2.076723e+01 2.076432e+01 2.127000e+01 2.075500e+01 2.076732e+01 2.076433e+01
2.035000e+01 2.075500e+01 2.084724e+01 2.075859e+01 2.035000e+01 2.076500e+01 2.084754e+01 2.075861e+01
2.067000e+01 2.075500e+01 2.106578e+01 2.077466e+01 2.067000e+01 2.076500e+01 2.106588e+01 2.075866e+01
2.095000e+01 2.075500e+01 2.054898e+01 2.076428e+01 2.095000e+01 2.076500e+01 2.054908e+01 2.074828e+01
2.127000e+01 2.075500e+01 2.076732e+01 2.076433e+01 2.127000e+01 2.076500e+01 2.076763e+01 2.076434e+01
2.035000e+01 2.076500e+01 2.084754e+01 2.075861e+01 2.035000e+01 2.077500e+01 2.084764e+01 2.075862e+01
2.067000e+01 2.076500e+01 2.106588e+01 2.075866e+01 2.067000e+01 2.077500e+01 2.106480e+01 2.074268e+01
2.095000e+01 2.076500e+01 2.054908e+01 2.074828e+01 2.095000e+01 2.077500e+01 2.055036e+01 2.073248e+01
2.127000e+01 2.076500e+01 2.076763e+01 2.076434e+01 2.127000e+01 2.077500e+01 2.076815e+01 2.076438e+01
2.035000e+01 2.077500e+01 2.084764e+01 2.075862e+01 2.035000e+01 2.078500e+01 2.084752e+01 2.075863e+01
2.067000e+01 2.077500e+01 2.106480e+01 2.074268e+01 2.067000e+01 2.078500e+01 2.106256e+01 2.072696e+01
2.095000e+01 2.077500e+01 2.055036e+01 2.073248e+01 2.095000e+01 2.078500e+01 2.055277e+01 2.071710e+01
2.127000e+01 2.077500e+01 2.076815e+01 2.076438e+01 2.127000e+01 2.078500e+01 2.076888e+01 2.076445e+01
2.035000e+01 2.078500e+01 2.084752e+01 2.075863e+01 2.035000e+01 2.079500e+01 2.084718e+01 2.075866e+01
2.067000e+01 2.078500e+01 2.106256e+01 2.072696e+01 2.067000e+01 2.079500e+01 2.105923e+01 2.071172e+01
2.095000e+01 2.078500e+01 2.055277e+01 2.071710e+01 2.095000e+01 2.079500e+01 2.055623e+01 2.070235e+01
2.127000e+01 2.078500e+01 2.076888e+01 2.076445e+01 2.127000e+01 2.079500e+01 2.076982e+01 2.076456e+01
2.035000e+01 2.079500e+01 2.084718e+01 2.075866e+01 2.035000e+01 2.080500e+01 2.084664e+01 2.075873e+01
2.067000e+01 2.079500e+01 2.105923e+01 2.071172e+01 2.067000e+01 2.080500e+01 2.105490e+01 2.069713e+01
2.094500e+01 2.080000e+01 2.055885e+01 2.069316e+01 2.094000e+01 2.080500e+01 2.056221e+01 2.068335e+01
2.095000e+01 2.079500e+01 2.055623e+01 2.070235e+01 2.094500e+01 2.080000e+01 2.055885e+01 2.069316e+01
2.127000e+01 2.079500e+01 2.076982e+01 2.076456e+01 2.127000e+01 2.080500e+01 2.077097e+01 2.076474e+01
2.035000e+01 2.080500e+01 2.084664e+01 2.075873e+01 2.035000e+01 2.081500e+01 2.084589e+01 2.075883e+01
2.067000e+01 2.080500e+01 2.105490e+01 2.069713e+01 2.067500e+01 2.081000e+01 2.105158e+01 2.068765e+01
2.067500e+01 2.081000e+01 2.105158e+01 2.068765e+01 2.068000e+01 2.081500e+01 2.104743e+01 2.067752e+01
2.094000e+01 2.080500e+01 2.056221e+01 2.068335e+01 2.094000e+01 2.081500e+01 2.056784e+01 2.066952e+01
2.127000e+01 2.080500e+01 2.077097e+01 2.076474e+01 2.127000e+01 2.081500e+01 2.077232e+01 2.076498e+01
2.035000e+01 2.081500e+01 2.084589e+01 2.075883e+01 2.035000e+01 2.082500e+01 2.084493e+01 2.075899e+01
2.068000e+01 2.081500e+01 2.104743e+01 2.067752e+01 2.068000e+01 2.082500e+01 2.104099e+01 2.066402e+01
2.093500e+01 2.082000e+01 2.057238e+01 2.066001e+01 2.093000e+01 2.082500e+01 2.057780e+01 2.064998e+01
2.094000e+01 2.081500e+01 2.056784e+01 2.066952e+01 2.093500e+01 2.082000e+01 2.057238e+01 2.066001e+01
2.127000e+01 2.081500e+01 2.077232e+01 2.076498e+01 2.127000e+01 2.082500e+01 2.077388e+01 2.076530e+01
2.035000e+01 2.082500e+01 2.084493e+01 2.075899e+01 2.035000e+01 2.083500e+01 2.084377e+01 2.075922e+01
2.068000e+01 2.082500e+01 2.104099e+01 2.066402e+01 2.068500e+01 2.083000e+01 2.103568e+01 2.065433e+01
2.068500e+01 2.083000e+01 2.103568e+01 2.065433e+01 2.069000e+01 2.083500e+01 2.102940e+01 2.064414e+01
2.093000e+01 2.082500e+01 2.057780e+01 2.064998e+01 2.093000e+01 2.083500e+01 2.058514e+01 2.063805e+01
2.126500e+01 2.083000e+01 2.076991e+01 2.076464e+01 2.126000e+01 2.083500e+01 2.076602e+01 2.076385e+01
2.127000e+01 2.082500e+01 2.077388e+01 2.076530e+01 2.126500e+01 2.083000e+01 2.076991e+01 2.076464e+01
2.035000e+01 2.083500e+01 2.084377e+01 2.075922e+01 2.035500e+01 2.084000e+01 2.084789e+01 2.075870e+01
2.035500e+01 2.084000e+01 2.084789e+01 2.075870e+01 2.036000e+01 2.084500e+01 2.085194e+01 2.075804e+01
2.069000e+01 2.083500e+01 2.102940e+01 2.064414e+01 2.069000e+01 2.084500e+01 2.102143e+01 2.063268e+01
2.092500e+01 2.084000e+01 2.059145e+01 2.062891e+01 2.092000e+01 2.084500e+01 2.059871e+01 2.061945e+01
2.093000e+01 2.083500e+01 2.058514e+01 2.063805e+01 2.092500e+01 2.084000e+01 2.059145e+01 2.062891e+01
2.126000e+01 2.083500e+01 2.076602e+01 2.076385e+01 2.126000e+01 2.084500e+01 2.076801e+01 2.076418e+01
2.036000e+01 2.084500e+01 2.085194e+01 2.075804e+01 2.036000e+01 2.085500e+01 2.085032e+01 2.075825e+01
2.069000e+01 2.084500e+01 2.102143e+01 2.063268e+01 2.069500e+01 2.085000e+01 2.101436e+01 2.062353e+01
2.069500e+01 2.085000e+01 2.101436e+01 2.062353e+01 2.070000e+01 2.085500e+01 2.100630e+01 2.061410e+01
2.091500e+01 2.085000e+01 2.060623e+01 2.061064e+01 2.091000e+01 2.085500e+01 2.061473e+01 2.060165e+01
2.092000e+01 2.084500e+01 2.059871e+01 2.061945e+01 2.091500e+01 2.085000e+01 2.060623e+01 2.061064e+01
2.126000e+01 2.084500e+01 2.076801e+01 2.076418e+01 2.126000e+01 2.085500e+01 2.077020e+01 2.076463e+01
2.036000e+01 2.085500e+01 2.085032e+01 2.075825e+01 2.036000e+01 2.086500e+01 2.084851e+01 2.075856e+01
2.070000e+01 2.085500e+01 2.100630e+01 2.061410e+01 2.070500e+01 2.086000e+01 2.099806e+01 2.060538e+01
2.070500e+01 2.086000e+01 2.099806e+01 2.060538e+01 2.071000e+01 2.086500e+01 2.098884e+01 2.059655e+01
2.090500e+01 2.086000e+01 2.062331e+01 2.059343e+01 2.090000e+01 2.086500e+01 2.063284e+01 2.058522e+01
2.091000e+01 2.085500e+01 2.061473e+01 2.060165e+01 2.090500e+01 2.086000e+01 2.062331e+01 2.059343e+01
2.126000e+01 2.085500e+01 2.077020e+01 2.076463e+01 2.126000e+01 2.086500e+01 2.077256e+01 2.076520e+01
2.036000e+01 2.086500e+01 2.084851e+01 2.075856e+01 2.036000e+01 2.087500e+01 2.084652e+01 2.075899e+01
2.071000e+01 2.086500e+01 2.098884e+01 2.059655e+01 2.071500e+01 2.087000e+01 2.097962e+01 2.058854e+01
2.071500e+01 2.087000e+01 2.097962e+01 2.058854e+01 2.072000e+01 2.087500e+01 2.096951e+01 2.058062e+01
2.089500e+01 2.087000e+01 2.064227e+01 2.057785e+01 2.089000e+01 2.087500e+01 2.065254e+01 2.057065e+01
2.090000e+01 2.086500e+01 2.063284e+01 2.058522e+01 2.089500e+01 2.087000e+01 2.064227e+01 2.057785e+01
2.126000e+01 2.086500e+01 2.077256e+01 2.076520e+01 2.126000e+01 2.087500e+01 2.077511e+01 2.076592e+01
2.036000e+01 2.087500e+01 2.084652e+01 2.075899e+01 2.036000e+01 2.088500e+01 2.084434e+01 2.075955e+01
2.072000e+01 2.087500e+01 2.096951e+01 2.058062e+01 2.072500e+01 2.088000e+01 2.095957e+01 2.057357e+01
2.072500e+01 2.088000e+01 2.095957e+01 2.057357e+01 2.073500e+01 2.088000e+01 2.094654e+01 2.056521e+01
2.073500e+01 2.088000e+01 2.094654e+01 2.056521e+01 2.074000e+01 2.088500e+01 2.093517e+01 2.055881e+01
2.087500e+01 2.088000e+01 2.067621e+01 2.055660e+01 2.087000e+01 2.088500e+01 2.068751e+01 2.055107e+01
2.087500e+01 2.088000e+01 2.067621e+01 2.055660e+01 2.088500e+01 2.088000e+01 2.066254e+01 2.056433e+01
2.089000e+01 2.087500e+01 2.065254e+01 2.057065e+01 2.088500e+01 2.088000e+01 2.066254e+01 2.056433e+01
2.126000e+01 2.087500e+01 2.077511e+01 2.076592e+01 2.126000e+01 2.088500e+01 2.077782e+01 2.076678e+01
2.036000e+01 2.088500e+01 2.084434e+01 2.075955e+01 2.036500e+01 2.089000e+01 2.084773e+01 2.075872e+01
2.036500e+01 2.089000e+01 2.084773e+01 2.075872e+01 2.037000e+01 2.089500e+01 2.085102e+01 2.075776e+01
2.074000e+01 2.088500e+01 2.093517e+01 2.055881e+01 2.074500e+01 2.089000e+01 2.092425e+01 2.055331e+01
2.074500e+01 2.089000e+01 2.092425e+01 2.055331e+01 2.075500e+01 2.089000e+01 2.090844e+01 2.054633e+01
2.075500e+01 2.089000e+01 2.090844e+01 2.054633e+01 2.076500e+01 2.089000e+01 2.089121e+01 2.054013e+01
2.076500e+01 2.089000e+01 2.089121e+01 2.054013e+01 2.077000e+01 2.089500e+01 2.087935e+01 2.053649e+01
2.084500e+01 2.089000e+01 2.073220e+01 2.053510e+01 2.084000e+01 2.089500e+01 2.074367e+01 2.053233e+01
2.084500e+01 2.089000e+01 2.073220e+01 2.053510e+01 2.085500e+01 2.089000e+01 2.071456e+01 2.054029e+01
2.085500e+01 2.089000e+01 2.071456e+01 2.054029e+01 2.086500e+01 2.089000e+01 2.069829e+01 2.054638e+01
2.087000e+01 2.088500e+01 2.068751e+01 2.055107e+01 2.086500e+01 2.089000e+01 2.069829e+01 2.054638e+01
2.125500e+01 2.089000e+01 2.077467e+01 2.076585e+01 2.125000e+01 2.089500e+01 2.077162e+01 2.076479e+01
2.126000e+01 2.088500e+01 2.077782e+01 2.076678e+01 2.125500e+01 2.089000e+01 2.077467e+01 2.076585e+01
2.037000e+01 2.089500e+01 2.085102e+01 2.075776e+01 2.037000e+01 2.090500e+01 2.084842e+01 2.075844e+01
2.077000e+01 2.089500e+01 2.087935e+01 2.053649e+01 2.077500e+01 2.090000e+01 2.086821e+01 2.053361e+01
2.077500e+01 2.090000e+01 2.086821e+01 2.053361e+01 2.078500e+01 2.090000e+01 2.084985e+01 2.052988e+01
2.078500e+01 2.090000e+01 2.084985e+01 2.052988e+01 2.079500e+01 2.090000e+01 2.083084e+01 2.052734e+01
2.079500e+01 2.090000e+01 2.083084e+01 2.052734e+01 2.080500e+01 2.090000e+01 2.081149e+01 2.052610e+01
2.080500e+01 2.090000e+01 2.081149e+01 2.052610e+01 2.081500e+01 2.090000e+01 2.079209e+01 2.052618e+01
2.081500e+01 2.090000e+01 2.079209e+01 2.052618e+01 2.082500e+01 2.090000e+01 2.077297e+01 2.052757e+01
2.082500e+01 2.090000e+01 2.077297e+01 2.052757e+01 2.083500e+01 2.090000e+01 2.075442e+01 2.053022e+01
2.084000e+01 2.089500e+01 2.074367e+01 2.053233e+01 2.083500e+01 2.090000e+01 2.075442e+01 2.053022e+01
2.125000e+01 2.089500e+01 2.077162e+01 2.076479e+01 2.125000e+01 2.090500e+01 2.077474e+01 2.076582e+01
2.037000e+01 2.090500e+01 2.084842e+01 2.075844e+01 2.037000e+01 2.091500e+01 2.084565e+01 2.075928e+01
2.125000e+01 2.090500e+01 2.077474e+01 2.076582e+01 2.125000e+01 2.091500e+01 2.077800e+01 2.076702e+01
2.037000e+01 2.091500e+01 2.084565e+01 2.075928e+01 2.037000e+01 2.092500e+01 2.084273e+01 2.076028e+01
2.125000e+01 2.091500e+01 2.077800e+01 2.076702e+01 2.125000e+01 2.092500e+01 2.078141e+01 2.076840e+01
2.037000e+01 2.092500e+01 2.084273e+01 2.076028e+01 2.037500e+01 2.093000e+01 2.084551e+01 2.075935e+01
2.037500e+01 2.093000e+01 2.084551e+01 2.075935e+01 2.038000e+01 2.093500e+01 2.084816e+01 2.075829e+01
2.124500e+01 2.093000e+01 2.077883e+01 2.076742e+01 2.124000e+01 2.093500e+01 2.077636e+01 2.076633e+01
2.125000e+01 2.092500e+01 2.078141e+01 2.076840e+01 2.124500e+01 2.093000e+01 2.077883e+01 2.076742e+01
2.038000e+01 2.093500e+01 2.084816e+01 2.075829e+01 2.038000e+01 2.094500e+01 2.084486e+01 2.075952e+01
2.124000e+01 2.093500e+01 2.077636e+01 2.076633e+01 2.124000e+01 2.094500e+01 2.078012e+01 2.076797e+01
2.038000e+01 2.094500e+01 2.084486e+01 2.075952e+01 2.038000e+01 2.095500e+01 2.084143e+01 2.076096e+01
2.124000e+01 2.094500e+01 2.078012e+01 2.076797e+01 2.124000e+01 2.095500e+01 2.078399e+01 2.076982e+01
2.038000e+01 2.095500e+01 2.084143e+01 2.076096e+01 2.038500e+01 2.096000e+01 2.084373e+01 2.076000e+01
2.038500e+01 2.096000e+01 2.084373e+01 2.076000e+01 2.039000e+01 2.096500e+01 2.084588e+01 2.075894e+01
2.123500e+01 2.096000e+01 2.078185e+01 2.076886e+01 2.123000e+01 2.096500e+01 2.077984e+01 2.076780e+01
2.124000e+01 2.095500e+01 2.078399e+01 2.076982e+01 2.123500e+01 2.096000e+01 2.078185e+01 2.076886e+01
2.039000e+01 2.096500e+01 2.084588e+01 2.075894e+01 2.039000e+01 2.097500e+01 2.084212e+01 2.076067e+01
2.123000e+01 2.096500e+01 2.077984e+01 2.076780e+01 2.123000e+01 2.097500e+01 2.078402e+01 2.076997e+01
2.039000e+01 2.097500e+01 2.084212e+01 2.076067e+01 2.039000e+01 2.098500e+01 2.083826e+01 2.076263e+01
2.122500e+01 2.098000e+01 2.078221e+01 2.076904e+01 2.122000e+01 2.098500e+01 2.078053e+01 2.076801e+01
2.123000e+01 2.097500e+01 2.078402e+01 2.076997e+01 2.122500e+01 2.098000e+01 2.078221e+01 2.076904e+01
2.039000e+01 2.098500e+01 2.083826e+01 2.076263e+01 2.039500e+01 2.099000e+01 2.084010e+01 2.076174e+01
2.039500e+01 2.099000e+01 2.084010e+01 2.076174e+01 2.040000e+01 2.099500e+01 2.084179e+01 2.076076e+01
2.122000e+01 2.098500e+01 2.078053e+01 2.076801e+01 2.122000e+01 2.099500e+01 2.078497e+01 2.077055e+01
2.040000e+01 2.099500e+01 2.084179e+01 2.076076e+01 2.040000e+01 2.100500e+01 2.083766e+01 2.076308e+01
2.122000e+01 2.099500e+01 2.078497e+01 2.077055e+01 2.122000e+01 2.100500e+01 2.078948e+01 2.077332e+01
2.040000e+01 2.100500e+01 2.083766e+01 2.076308e+01 2.040500e+01 2.101000e+01 2.083917e+01 2.076226e+01
2.040500e+01 2.101000e+01 2.083917e+01 2.076226e+01 2.041000e+01 2.101500e+01 2.084052e+01 2.076135e+01
2.121500e+01 2.101000e+01 2.078806e+01 2.077254e+01 2.121000e+01 2.101500e+01 2.078679e+01 2.077168e+01
2.122000e+01 2.100500e+01 2.078948e+01 2.077332e+01 2.121500e+01 2.101000e+01 2.078806e+01 2.077254e+01
2.041000e+01 2.101500e+01 2.084052e+01 2.076135e+01 2.041000e+01 2.102500e+01 2.083615e+01 2.076408e+01
2.121000e+01 2.101500e+01 2.078679e+01 2.077168e+01 2.121000e+01 2.102500e+01 2.079150e+01 2.077486e+01
2.041000e+01 2.102500e+01 2.083615e+01 2.076408e+01 2.041500e+01 2.103000e+01 2.083734e+01 2.076336e+01
2.041500e+01 2.103000e+01 2.083734e+01 2.076336e+01 2.042000e+01 2.103500e+01 2.083837e+01 2.076256e+01
2.120500e+01 2.103000e+01 2.079037e+01 2.077419e+01 2.120000e+01 2.103500e+01 2.078938e+01 2.077346e+01
2.121000e+01 2.102500e+01 2.079150e+01 2.077486e+01 2.120500e+01 2.103000e+01 2.079037e+01 2.077419e+01
2.042000e+01 2.103500e+01 2.083837e+01 2.076256e+01 2.042000e+01 2.104500e+01 2.083382e+01 2.076574e+01
2.119500e+01 2.104000e+01 2.078846e+01 2.077283e+01 2.119000e+01 2.104500e+01 2.078769e+01 2.077215e+01
2.120000e+01 2.103500e+01 2.078938e+01 2.077346e+01 2.119500e+01 2.104000e+01 2.078846e+01 2.077283e+01
2.042000e+01 2.104500e+01 2.083382e+01 2.076574e+01 2.042500e+01 2.105000e+01 2.083472e+01 2.076516e+01
2.042500e+01 2.105000e+01 2.083472e+01 2.076516e+01 2.043000e+01 2.105500e+01 2.083545e+01 2.076452e+01
2.119000e+01 2.104500e+01 2.078769e+01 2.077215e+01 2.119000e+01 2.105500e+01 2.079267e+01 2.077598e+01
2.043000e+01 2.105500e+01 2.083545e+01 2.076452e+01 2.043000e+01 2.106500e+01 2.083077e+01 2.076816e+01
2.118500e+01 2.106000e+01 2.079200e+01 2.077552e+01 2.118000e+01 2.106500e+01 2.079149e+01 2.077502e+01
2.119000e+01 2.105500e+01 2.079267e+01 2.077598e+01 2.118500e+01 2.106000e+01 2.079200e+01 2.077552e+01
2.043000e+01 2.106500e+01 2.083077e+01 2.076816e+01 2.043500e+01 2.107000e+01 2.083140e+01 2.076776e+01
2.043500e+01 2.107000e+01 2.083140e+01 2.076776e+01 2.044000e+01 2.107500e+01 2.083187e+01 2.076732e+01
2.118000e+01 2.106500e+01 2.079149e+01 2.077502e+01 2.118000e+01 2.107500e+01 2.079656e+01 2.077933e+01
2.044000e+01 2.107500e+01 2.083187e+01 2.076732e+01 2.044500e+01 2.108000e+01 2.083230e+01 2.076700e+01
2.044500e+01 2.108000e+01 2.083230e+01 2.076700e+01 2.045000e+01 2.108500e+01 2.083257e+01 2.076665e+01
2.117500e+01 2.108000e+01 2.079611e+01 2.077907e+01 2.117000e+01 2.108500e+01 2.079582e+01 2.077878e+01
2.118000e+01 2.107500e+01 2.079656e+01 2.077933e+01 2.117500e+01 2.108000e+01 2.079611e+01 2.077907e+01
2.045000e+01 2.108500e+01 2.083257e+01 2.076665e+01 2.045000e+01 2.109500e+01 2.082775e+01 2.077104e+01
2.116500e+01 2.109000e+01 2.079556e+01 2.077862e+01 2.116000e+01 2.109500e+01 2.079544e+01 2.077843e+01
2.117000e+01 2.108500e+01 2.079582e+01 2.077878e+01 2.116500e+01 2.109000e+01 2.079556e+01 2.077862e+01
2.045000e+01 2.109500e+01 2.082775e+01 2.077104e+01 2.045500e+01 2.110000e+01 2.082796e+01 2.077095e+01
2.045500e+01 2.110000e+01 2.082796e+01 2.077095e+01 2.046000e+01 2.110500e+01 2.082802e+01 2.077084e+01
2.115500e+01 2.110000e+01 2.079534e+01 2.077838e+01 2.115000e+01 2.110500e+01 2.079540e+01 2.077832e+01
2.116000e+01 2.109500e+01 2.079544e+01 2.077843e+01 2.115500e+01 2.110000e+01 2.079534e+01 2.077838e+01
2.046000e+01 2.110500e+01 2.082802e+01 2.077084e+01 2.046500e+01 2.111000e+01 2.082806e+01 2.077088e+01
2.046500e+01 2.111000e+01 2.082806e+01 2.077088e+01 2.047000e+01 2.111500e+01 2.082794e+01 2.077090e+01
2.115000e+01 2.110500e+01 2.079540e+01 2.077832e+01 2.115000e+01 2.111500e+01 2.080056e+01 2.078362e+01
2.047000e+01 2.111500e+01 2.082794e+01 2.077090e+01 2.047500e+01 2.112000e+01 2.082783e+01 2.077107e+01
2.047500e+01 2.112000e+01 2.082783e+01 2.077107e+01 2.048000e+01 2.112500e+01 2.082755e+01 2.077124e+01
2.114500e+01 2.112000e+01 2.080062e+01 2.078382e+01 2.114000e+01 2.112500e+01 2.080082e+01 2.078402e+01
2.115000e+01 2.111500e+01 2.080056e+01 2.078362e+01 2.114500e+01 2.112000e+01 2.080062e+01 2.078382e+01
2.048000e+01 2.112500e+01 2.082755e+01 2.077124e+01 2.048500e+01 2.113000e+01 2.082729e+01 2.077155e+01
2.048500e+01 2.113000e+01 2.082729e+01 2.077155e+01 2.049000e+01 2.113500e+01 2.082687e+01 2.077188e+01
2.113500e+01 2.113000e+01 2.080102e+01 2.078436e+01 2.113000e+01 2.113500e+01 2.080136e+01 2.078471e+01
2.114000e+01 2.112500e+01 2.080082e+01 2.078402e+01 2.113500e+01 2.113000e+01 2.080102e+01 2.078436e+01
2.049000e+01 2.113500e+01 2.082687e+01 2.077188e+01 2.049000e+01 2.114500e+01 2.082208e+01 2.077761e+01
2.112500e+01 2.114000e+01 2.080169e+01 2.078520e+01 2.112000e+01 2.114500e+01 2.080215e+01 2.078571e+01
2.113000e+01 2.113500e+01 2.080136e+01 2.078471e+01 2.112500e+01 2.114000e+01 2.080169e+01 2.078520e+01
2.049000e+01 2.114500e+01 2.082208e+01 2.077761e+01 2.049500e+01 2.115000e+01 2.082171e+01 2.077822e+01
2.049500e+01 2.115000e+01 2.082171e+01 2.077822e+01 2.050000e+01 2.115500e+01 2.082119e+01 2.077886e+01
2.111500e+01 2.115000e+01 2.080258e+01 2.078635e+01 2.111000e+01 2.115500e+01 2.080316e+01 2.078703e+01
2.112000e+01 2.114500e+01 2.080215e+01 2.078571e+01 2.111500e+01 2.115000e+01 2.080258e+01 2.078635e+01
2.050000e+01 2.115500e+01 2.082119e+01 2.077886e+01 2.050500e+01 2.116000e+01 2.082071e+01 2.077965e+01
2.050500e+01 2.116000e+01 2.082071e+01 2.077965e+01 2.051000e+01 2.116500e+01 2.082009e+01 2.078047e+01
2.110500e+01 2.116000e+01 2.080369e+01 2.078784e+01 2.110000e+01 2.116500e+01 2.080436e+01 2.078868e+01
2.111000e+01 2.115500e+01 2.080316e+01 2.078703e+01 2.110500e+01 2.116000e+01 2.080369e+01 2.078784e+01
2.051000e+01 2.116500e+01 2.082009e+01 2.078047e+01 2.051500e+01 2.117000e+01 2.081951e+01 2.078143e+01
2.051500e+01 2.117000e+01 2.081951e+01 2.078143e+01 2.052500e+01 2.117000e+01 2.082268e+01 2.077686e+01
2.052500e+01 2.117000e+01 2.082268e+01 2.077686e+01 2.053000e+01 2.117500e+01 2.082184e+01 2.077792e+01
2.109500e+01 2.117000e+01 2.080498e+01 2.078967e+01 2.109000e+01 2.117500e+01 2.080572e+01 2.079070e+01
2.110000e+01 2.116500e+01 2.080436e+01 2.078868e+01 2.109500e+01 2.117000e+01 2.080498e+01 2.078967e+01
2.053000e+01 2.117500e+01 2.082184e+01 2.077792e+01 2.053500e+01 2.118000e+01 2.082107e+01 2.077912e+01
2.053500e+01 2.118000e+01 2.082107e+01 2.077912e+01 2.054000e+01 2.118500e+01 2.082018e+01 2.078039e+01
2.107500e+01 2.118000e+01 2.080326e+01 2.078709e+01 2.107000e+01 2.118500e+01 2.080418e+01 2.078836e+01
2.107500e+01 2.118000e+01 2.080326e+01 2.078709e+01 2.108500e+01 2.118000e+01 2.080641e+01 2.079186e+01
2.109000e+01 2.117500e+01 2.080572e+01 2.079070e+01 2.108500e+01 2.118000e+01 2.080641e+01 2.079186e+01
2.054000e+01 2.118500e+01 2.082018e+01 2.078039e+01 2.054500e+01 2.119000e+01 2.081935e+01 2.078179e+01
2.054500e+01 2.119000e+01 2.081935e+01 2.078179e+01 2.055000e+01 2.119500e+01 2.081841e+01 2.078327e+01
2.106500e+01 2.119000e+01 2.080504e+01 2.078977e+01 2.106000e+01 2.119500e+01 2.080600e+01 2.079124e+01
2.107000e+01 2.118500e+01 2.080418e+01 2.078836e+01 2.106500e+01 2.119000e+01 2.080504e+01 2.078977e+01
2.055000e+01 2.119500e+01 2.081841e+01 2.078327e+01 2.055500e+01 2.120000e+01 2.081755e+01 2.078488e+01
2.055500e+01 2.120000e+01 2.081755e+01 2.078488e+01 2.056000e+01 2.120500e+01 2.081658e+01 2.078657e+01
2.105500e+01 2.120000e+01 2.080690e+01 2.079284e+01 2.105000e+01 2.120500e+01 2.080788e+01 2.079451e+01
2.106000e+01 2.119500e+01 2.080600e+01 2.079124e+01 2.105500e+01 2.120000e+01 2.080690e+01 2.079284e+01
2.056000e+01 2.120500e+01 2.081658e+01 2.078657e+01 2.056500e+01 2.121000e+01 2.081570e+01 2.078839e+01
2.056500e+01 2.121000e+01 2.081570e+01 2.078839e+01 2.057500e+01 2.121000e+01 2.081774e+01 2.078439e+01
2.057500e+01 2.121000e+01 2.081774e+01 2.078439e+01 2.058000e+01 2.121500e+01 2.081668e+01 2.078638e+01
2.103500e+01 2.121000e+01 2.080650e+01 2.079200e+01 2.103000e+01 2.121500e+01 2.080758e+01 2.079396e+01
2.103500e+01 2.121000e+01 2.080650e+01 2.079200e+01 2.104500e+01 2.121000e+01 2.080880e+01 2.079631e+01
2.105000e+01 2.120500e+01 2.080788e+01 2.079451e+01 2.104500e+01 2.121000e+01 2.080880e+01 2.079631e+01
2.058000e+01 2.121500e+01 2.081668e+01 2.078638e+01 2.058500e+01 2.122000e+01 2.081571e+01 2.078850e+01
2.058500e+01 2.122000e+01 2.081571e+01 2.078850e+01 2.059000e+01 2.122500e+01 2.081467e+01 2.079070e+01
2.102500e+01 2.122000e+01 2.080858e+01 2.079604e+01 2.102000e+01 2.122500e+01 2.080965e+01 2.079820e+01
2.103000e+01 2.121500e+01 2.080758e+01 2.079396e+01 2.102500e+01 2.122000e+01 2.080858e+01 2.079604e+01
2.059000e+01 2.122500e+01 2.081467e+01 2.079070e+01 2.059500e+01 2.123000e+01 2.081372e+01 2.079303e+01
2.059500e+01 2.123000e+01 2.081372e+01 2.079303e+01 2.060500e+01 2.123000e+01 2.081525e+01 2.078949e+01
2.060500e+01 2.123000e+01 2.081525e+01 2.078949e+01 2.061000e+01 2.123500e+01 2.081418e+01 2.079202e+01
2.100500e+01 2.123000e+01 2.080885e+01 2.079661e+01 2.100000e+01 2.123500e+01 2.080995e+01 2.079907e+01
2.100500e+01 2.123000e+01 2.080885e+01 2.079661e+01 2.101500e+01 2.123000e+01 2.081063e+01 2.080048e+01
2.102000e+01 2.122500e+01 2.080965e+01 2.079820e+01 2.101500e+01 2.123000e+01 2.081063e+01 2.080048e+01
2.061000e+01 2.123500e+01 2.081418e+01 2.079202e+01 2.061500e+01 2.124000e+01 2.081321e+01 2.079466e+01
2.061500e+01 2.124000e+01 2.081321e+01 2.079466e+01 2.062500e+01 2.124000e+01 2.081442e+01 2.079143e+01
2.062500e+01 2.124000e+01 2.081442e+01 2.079143e+01 2.063000e+01 2.124500e+01 2.081337e+01 2.079429e+01
2.098500e+01 2.124000e+01 2.080950e+01 2.079807e+01 2.098000e+01 2.124500e+01 2.081060e+01 2.080084e+01
2.098500e+01 2.124000e+01 2.080950e+01 2.079807e+01 2.099500e+01 2.124000e+01 2.081096e+01 2.080164e+01
2.100000e+01 2.123500e+01 2.080995e+01 2.079907e+01 2.099500e+01 2.124000e+01 2.081096e+01 2.080164e+01
2.063000e+01 2.124500e+01 2.081337e+01 2.079429e+01 2.063500e+01 2.125000e+01 2.081243e+01 2.079725e+01
2.063500e+01 2.125000e+01 2.081243e+01 2.079725e+01 2.064500e+01 2.125000e+01 2.081338e+01 2.079436e+01
2.064500e+01 2.125000e+01 2.081338e+01 2.079436e+01 2.065500e+01 2.125000e+01 2.081415e+01 2.079161e+01
2.065500e+01 2.125000e+01 2.081415e+01 2.079161e+01 2.066000e+01 2.125500e+01 2.081315e+01 2.079491e+01
2.095500e+01 2.125000e+01 2.080940e+01 2.079735e+01 2.095000e+01 2.125500e+01 2.081047e+01 2.080054e+01
2.095500e+01 2.125000e+01 2.080940e+01 2.079735e+01 2.096500e+01 2.125000e+01 2.081040e+01 2.080046e+01
2.096500e+01 2.125000e+01 2.081040e+01 2.080046e+01 2.097500e+01 2.125000e+01 2.081159e+01 2.080370e+01
2.098000e+01 2.124500e+01 2.081060e+01 2.080084e+01 2.097500e+01 2.125000e+01 2.081159e+01 2.080370e+01
2.066000e+01 2.125500e+01 2.081315e+01 2.079491e+01 2.066500e+01 2.126000e+01 2.081226e+01 2.079830e+01
2.066500e+01 2.126000e+01 2.081226e+01 2.079830e+01 2.067500e+01 2.126000e+01 2.081285e+01 2.079593e+01
2.067500e+01 2.126000e+01 2.081285e+01 2.079593e+01 2.068000e+01 2.126500e+01 2.081197e+01 2.079956e+01
2.092500e+01 2.126000e+01 2.080998e+01 2.079848e+01 2.092000e+01 2.126500e+01 2.081095e+01 2.080209e+01
2.092500e+01 2.126000e+01 2.080998e+01 2.079848e+01 2.093500e+01 2.126000e+01 2.081063e+01 2.080107e+01
2.093500e+01 2.126000e+01 2.081063e+01 2.080107e+01 2.094500e+01 2.126000e+01 2.081143e+01 2.080381e+01
2.095000e+01 2.125500e+01 2.081047e+01 2.080054e+01 2.094500e+01 2.126000e+01 2.081143e+01 2.080381e+01
2.068000e+01 2.126500e+01 2.081197e+01 2.079956e+01 2.068500e+01 2.127000e+01 2.081120e+01 2.080327e+01
2.068500e+01 2.127000e+01 2.081120e+01 2.080327e+01 2.069500e+01 2.127000e+01 2.081167e+01 2.080129e+01
2.069500e+01 2.127000e+01 2.081167e+01 2.080129e+01 2.070500e+01 2.127000e+01 2.081202e+01 2.079948e+01
2.070500e+01 2.127000e+01 2.081202e+01 2.079948e+01 2.071500e+01 2.127000e+01 2.081226e+01 2.079784e+01
2.071500e+01 2.127000e+01 2.081226e+01 2.079784e+01 2.072000e+01 2.127500e+01 2.081159e+01 2.080202e+01
2.088500e+01 2.127000e+01 2.081060e+01 2.079967e+01 2.088000e+01 2.127500e+01 2.081135e+01 2.080380e+01
2.088500e+01 2.127000e+01 2.081060e+01 2.079967e+01 2.089500e+01 2.127000e+01 2.081088e+01 2.080153e+01
2.089500e+01 2.127000e+01 2.081088e+01 2.080153e+01 2.090500e+01 2.127000e+01 2.081128e+01 2.080356e+01
2.090500e+01 2.127000e+01 2.081128e+01 2.080356e+01 2.091500e+01 2.127000e+01 2.081180e+01 2.080576e+01
2.092000e+01 2.126500e+01 2.081095e+01 2.080209e+01 2.091500e+01 2.127000e+01 2.081180e+01 2.080576e+01
2.072000e+01 2.127500e+01 2.081159e+01 2.080202e+01 2.072500e+01 2.128000e+01 2.081105e+01 2.080627e+01
2.072500e+01 2.128000e+01 2.081105e+01 2.080627e+01 2.073500e+01 2.128000e+01 2.081128e+01 2.080504e+01
2.073500e+01 2.128000e+01 2.081128e+01 2.080504e+01 2.074500e+01 2.128000e+01 2.081143e+01 2.080400e+01
2.074500e+01 2.128000e+01 2.081143e+01 2.080400e+01 2.075500e+01 2.128000e+01 2.081151e+01 2.080314e+01
2.075500e+01 2.128000e+01 2.081151e+01 2.080314e+01 2.076500e+01 2.128000e+01 2.081155e+01 2.080248e+01
2.076500e+01 2.128000e+01 2.081155e+01 2.080248e+01 2.077500e+01 2.128000e+01 2.081155e+01 2.080200e+01
2.077500e+01 2.128000e+01 2.081155e+01 2.080200e+01 2.078500e+01 2.128000e+01 2.081151e+01 2.080172e+01
2.078500e+01 2.128000e+01 2.081151e+01 2.080172e+01 2.079500e+01 2.128000e+01 2.081147e+01 2.080164e+01
2.079500e+01 2.128000e+01 2.081147e+01 2.080164e+01 2.080500e+01 2.128000e+01 2.081141e+01 2.080175e+01
2.080500e+01 2.128000e+01 2.081141e+01 2.080175e+01 2.081500e+01 2.128000e+01 2.081137e+01 2.080206e+01
2.081500e+01 2.128000e+01 2.081137e+01 2.080206e+01 2.082500e+01 2.128000e+01 2.081135e+01 2.080257e+01
2.082500e+01 2.128000e+01 2.081135e+01 2.080257e+01 2.083500e+01 2.128000e+01 2.081137e+01 2.080327e+01
2.083500e+01 2.128000e+01 2.081137e+01 2.080327e+01 2.084500e+01 2.128000e+01 2.081142e+01 2.080416e+01
2.084500e+01 2.128000e+01 2.081142e+01 2.080416e+01 2.085500e+01 2.128000e+01 2.081154e+01 2.080525e+01
2.085500e+01 2.128000e+01 2.081154e+01 2.080525e+01 2.086500e+01 2.128000e+01 2.081173e+01 2.080652e+01
2.086500e+01 2.128000e+01 2.081173e+01 2.080652e+01 2.087500e+01 2.128000e+01 2.081199e+01 2.080798e+01
2.088000e+01 2.127500e+01 2.081135e+01 2.080380e+01 2.087500e+01 2.128000e+01 2.081199e+01 2.080798e+01
