2.081500e+01 2.024000e+01 2.080014e+01 2.072312e+01 2.081000e+01 2.024500e+01 2.080033e+01 2.072834e+01
2.081500e+01 2.024000e+01 2.080014e+01 2.072312e+01 2.082500e+01 2.024000e+01 2.080025e+01 2.072342e+01
2.082500e+01 2.024000e+01 2.080025e+01 2.072342e+01 2.083500e+01 2.024000e+01 2.080035e+01 2.072351e+01
2.083500e+01 2.024000e+01 2.080035e+01 2.072351e+01 2.084000e+01 2.024500e+01 2.080035e+01 2.072892e+01
2.073500e+01 2.025000e+01 2.079952e+01 2.072418e+01 2.073000e+01 2.025500e+01 2.080031e+01 2.072846e+01
2.073500e+01 2.025000e+01 2.079952e+01 2.072418e+01 2.074500e+01 2.025000e+01 2.079994e+01 2.072611e+01
2.074500e+01 2.025000e+01 2.079994e+01 2.072611e+01 2.075500e+01 2.025000e+01 2.080026e+01 2.072785e+01
2.075500e+01 2.025000e+01 2.080026e+01 2.072785e+01 2.076500e+01 2.025000e+01 2.080048e+01 2.072939e+01
2.076500e+01 2.025000e+01 2.080048e+01 2.072939e+01 2.077500e+01 2.025000e+01 2.080061e+01 2.073073e+01
2.077500e+01 2.025000e+01 2.080061e+01 2.073073e+01 2.078500e+01 2.025000e+01 2.080067e+01 2.073186e+01
2.078500e+01 2.025000e+01 2.080067e+01 2.073186e+01 2.079500e+01 2.025000e+01 2.080067e+01 2.073279e+01
2.079500e+01 2.025000e+01 2.080067e+01 2.073279e+01 2.080500e+01 2.025000e+01 2.080062e+01 2.073350e+01
2.081000e+01 2.024500e+01 2.080033e+01 2.072834e+01 2.080500e+01 2.025000e+01 2.080062e+01 2.073350e+01
2.084000e+01 2.024500e+01 2.080035e+01 2.072892e+01 2.084500e+01 2.025000e+01 2.080023e+01 2.073425e+01
2.084500e+01 2.025000e+01 2.080023e+01 2.073425e+01 2.085500e+01 2.025000e+01 2.080014e+01 2.073391e+01
2.085500e+01 2.025000e+01 2.080014e+01 2.073391e+01 2.086500e+01 2.025000e+01 2.080009e+01 2.073336e+01
2.086500e+01 2.025000e+01 2.080009e+01 2.073336e+01 2.087500e+01 2.025000e+01 2.080008e+01 2.073260e+01
2.087500e+01 2.025000e+01 2.080008e+01 2.073260e+01 2.088500e+01 2.025000e+01 2.080013e+01 2.073164e+01
2.088500e+01 2.025000e+01 2.080013e+01 2.073164e+01 2.089500e+01 2.025000e+01 2.080025e+01 2.073048e+01
2.089500e+01 2.025000e+01 2.080025e+01 2.073048e+01 2.090500e+01 2.025000e+01 2.080045e+01 2.072912e+01
2.090500e+01 2.025000e+01 2.080045e+01 2.072912e+01 2.091500e+01 2.025000e+01 2.080075e+01 2.072756e+01
2.091500e+01 2.025000e+01 2.080075e+01 2.072756e+01 2.092000e+01 2.025500e+01 2.080008e+01 2.073194e+01
2.070500e+01 2.026000e+01 2.080010e+01 2.072777e+01 2.070000e+01 2.026500e+01 2.080107e+01 2.073161e+01
2.070500e+01 2.026000e+01 2.080010e+01 2.072777e+01 2.071500e+01 2.026000e+01 2.080073e+01 2.073030e+01
2.071500e+01 2.026000e+01 2.080073e+01 2.073030e+01 2.072500e+01 2.026000e+01 2.080122e+01 2.073265e+01
2.073000e+01 2.025500e+01 2.080031e+01 2.072846e+01 2.072500e+01 2.026000e+01 2.080122e+01 2.073265e+01
2.092000e+01 2.025500e+01 2.080008e+01 2.073194e+01 2.092500e+01 2.026000e+01 2.079929e+01 2.073621e+01
2.092500e+01 2.026000e+01 2.079929e+01 2.073621e+01 2.093500e+01 2.026000e+01 2.079962e+01 2.073422e+01
2.093500e+01 2.026000e+01 2.079962e+01 2.073422e+01 2.094500e+01 2.026000e+01 2.080009e+01 2.073205e+01
2.094500e+01 2.026000e+01 2.080009e+01 2.073205e+01 2.095000e+01 2.026500e+01 2.079923e+01 2.073596e+01
2.067500e+01 2.027000e+01 2.080041e+01 2.072933e+01 2.067000e+01 2.027500e+01 2.080147e+01 2.073273e+01
2.067500e+01 2.027000e+01 2.080041e+01 2.072933e+01 2.068500e+01 2.027000e+01 2.080136e+01 2.073242e+01
2.068500e+01 2.027000e+01 2.080136e+01 2.073242e+01 2.069500e+01 2.027000e+01 2.080214e+01 2.073535e+01
2.070000e+01 2.026500e+01 2.080107e+01 2.073161e+01 2.069500e+01 2.027000e+01 2.080214e+01 2.073535e+01
2.095000e+01 2.026500e+01 2.079923e+01 2.073596e+01 2.095500e+01 2.027000e+01 2.079824e+01 2.073975e+01
2.095500e+01 2.027000e+01 2.079824e+01 2.073975e+01 2.096500e+01 2.027000e+01 2.079885e+01 2.073716e+01
2.096500e+01 2.027000e+01 2.079885e+01 2.073716e+01 2.097500e+01 2.027000e+01 2.079962e+01 2.073441e+01
2.097500e+01 2.027000e+01 2.079962e+01 2.073441e+01 2.098000e+01 2.027500e+01 2.079864e+01 2.073784e+01
2.064500e+01 2.028000e+01 2.080007e+01 2.072894e+01 2.064000e+01 2.028500e+01 2.080115e+01 2.073191e+01
2.064500e+01 2.028000e+01 2.080007e+01 2.072894e+01 2.065500e+01 2.028000e+01 2.080146e+01 2.073255e+01
2.065500e+01 2.028000e+01 2.080146e+01 2.073255e+01 2.066500e+01 2.028000e+01 2.080264e+01 2.073602e+01
2.067000e+01 2.027500e+01 2.080147e+01 2.073273e+01 2.066500e+01 2.028000e+01 2.080264e+01 2.073602e+01
2.098000e+01 2.027500e+01 2.079864e+01 2.073784e+01 2.098500e+01 2.028000e+01 2.079755e+01 2.074115e+01
2.098500e+01 2.028000e+01 2.079755e+01 2.074115e+01 2.099500e+01 2.028000e+01 2.079854e+01 2.073802e+01
2.099500e+01 2.028000e+01 2.079854e+01 2.073802e+01 2.100500e+01 2.028000e+01 2.079974e+01 2.073474e+01
2.100500e+01 2.028000e+01 2.079974e+01 2.073474e+01 2.101000e+01 2.028500e+01 2.079873e+01 2.073771e+01
2.062500e+01 2.029000e+01 2.080064e+01 2.073081e+01 2.062000e+01 2.029500e+01 2.080172e+01 2.073346e+01
2.062500e+01 2.029000e+01 2.080064e+01 2.073081e+01 2.063500e+01 2.029000e+01 2.080233e+01 2.073476e+01
2.064000e+01 2.028500e+01 2.080115e+01 2.073191e+01 2.063500e+01 2.029000e+01 2.080233e+01 2.073476e+01
2.101000e+01 2.028500e+01 2.079873e+01 2.073771e+01 2.101500e+01 2.029000e+01 2.079762e+01 2.074054e+01
2.101500e+01 2.029000e+01 2.079762e+01 2.074054e+01 2.102500e+01 2.029000e+01 2.079912e+01 2.073692e+01
2.102500e+01 2.029000e+01 2.079912e+01 2.073692e+01 2.103000e+01 2.029500e+01 2.079811e+01 2.073954e+01
2.061500e+01 2.030000e+01 2.080289e+01 2.073599e+01 2.061000e+01 2.030500e+01 2.080400e+01 2.073842e+01
2.062000e+01 2.029500e+01 2.080172e+01 2.073346e+01 2.061500e+01 2.030000e+01 2.080289e+01 2.073599e+01
2.103000e+01 2.029500e+01 2.079811e+01 2.073954e+01 2.103500e+01 2.030000e+01 2.079700e+01 2.074202e+01
2.103500e+01 2.030000e+01 2.079700e+01 2.074202e+01 2.104000e+01 2.030500e+01 2.079596e+01 2.074441e+01
2.059500e+01 2.031000e+01 2.080302e+01 2.073628e+01 2.059000e+01 2.031500e+01 2.080407e+01 2.073840e+01
2.059500e+01 2.031000e+01 2.080302e+01 2.073628e+01 2.060500e+01 2.031000e+01 2.080521e+01 2.074072e+01
2.061000e+01 2.030500e+01 2.080400e+01 2.073842e+01 2.060500e+01 2.031000e+01 2.080521e+01 2.074072e+01
2.104000e+01 2.030500e+01 2.079596e+01 2.074441e+01 2.104500e+01 2.031000e+01 2.079483e+01 2.074664e+01
2.104500e+01 2.031000e+01 2.079483e+01 2.074664e+01 2.105500e+01 2.031000e+01 2.079683e+01 2.074253e+01
2.105500e+01 2.031000e+01 2.079683e+01 2.074253e+01 2.106000e+01 2.031500e+01 2.079586e+01 2.074459e+01
2.057500e+01 2.032000e+01 2.080260e+01 2.073569e+01 2.057000e+01 2.032500e+01 2.080355e+01 2.073752e+01
2.057500e+01 2.032000e+01 2.080260e+01 2.073569e+01 2.058500e+01 2.032000e+01 2.080521e+01 2.074039e+01
2.059000e+01 2.031500e+01 2.080407e+01 2.073840e+01 2.058500e+01 2.032000e+01 2.080521e+01 2.074039e+01
2.106000e+01 2.031500e+01 2.079586e+01 2.074459e+01 2.106500e+01 2.032000e+01 2.079481e+01 2.074649e+01
2.106500e+01 2.032000e+01 2.079481e+01 2.074649e+01 2.107000e+01 2.032500e+01 2.079385e+01 2.074832e+01
2.056500e+01 2.033000e+01 2.080457e+01 2.073921e+01 2.056000e+01 2.033500e+01 2.080550e+01 2.074083e+01
2.057000e+01 2.032500e+01 2.080355e+01 2.073752e+01 2.056500e+01 2.033000e+01 2.080457e+01 2.073921e+01
2.107000e+01 2.032500e+01 2.079385e+01 2.074832e+01 2.107500e+01 2.033000e+01 2.079281e+01 2.074999e+01
2.107500e+01 2.033000e+01 2.079281e+01 2.074999e+01 2.108500e+01 2.033000e+01 2.079546e+01 2.074547e+01
2.108500e+01 2.033000e+01 2.079546e+01 2.074547e+01 2.109000e+01 2.033500e+01 2.079463e+01 2.074700e+01
2.055500e+01 2.034000e+01 2.080648e+01 2.074231e+01 2.055000e+01 2.034500e+01 2.080736e+01 2.074372e+01
2.056000e+01 2.033500e+01 2.080550e+01 2.074083e+01 2.055500e+01 2.034000e+01 2.080648e+01 2.074231e+01
2.109000e+01 2.033500e+01 2.079463e+01 2.074700e+01 2.109500e+01 2.034000e+01 2.079375e+01 2.074837e+01
2.109500e+01 2.034000e+01 2.079375e+01 2.074837e+01 2.110000e+01 2.034500e+01 2.079298e+01 2.074968e+01
2.053500e+01 2.035000e+01 2.080478e+01 2.073983e+01 2.053000e+01 2.035500e+01 2.080548e+01 2.074100e+01
2.053500e+01 2.035000e+01 2.080478e+01 2.073983e+01 2.054500e+01 2.035000e+01 2.080830e+01 2.074499e+01
2.055000e+01 2.034500e+01 2.080736e+01 2.074372e+01 2.054500e+01 2.035000e+01 2.080830e+01 2.074499e+01
2.110000e+01 2.034500e+01 2.079298e+01 2.074968e+01 2.110500e+01 2.035000e+01 2.079215e+01 2.075084e+01
2.110500e+01 2.035000e+01 2.079215e+01 2.075084e+01 2.111000e+01 2.035500e+01 2.079146e+01 2.075194e+01
2.052500e+01 2.036000e+01 2.080623e+01 2.074201e+01 2.052000e+01 2.036500e+01 2.080684e+01 2.074298e+01
2.053000e+01 2.035500e+01 2.080548e+01 2.074100e+01 2.052500e+01 2.036000e+01 2.080623e+01 2.074201e+01
2.111000e+01 2.035500e+01 2.079146e+01 2.075194e+01 2.111500e+01 2.036000e+01 2.079071e+01 2.075288e+01
2.111500e+01 2.036000e+01 2.079071e+01 2.075288e+01 2.112000e+01 2.036500e+01 2.079011e+01 2.075378e+01
2.051500e+01 2.037000e+01 2.080750e+01 2.074381e+01 2.051000e+01 2.037500e+01 2.080802e+01 2.074460e+01
2.052000e+01 2.036500e+01 2.080684e+01 2.074298e+01 2.051500e+01 2.037000e+01 2.080750e+01 2.074381e+01
2.112000e+01 2.036500e+01 2.079011e+01 2.075378e+01 2.112500e+01 2.037000e+01 2.078946e+01 2.075452e+01
2.112500e+01 2.037000e+01 2.078946e+01 2.075452e+01 2.113000e+01 2.037500e+01 2.078896e+01 2.075523e+01
2.050500e+01 2.038000e+01 2.080857e+01 2.074524e+01 2.050000e+01 2.038500e+01 2.080898e+01 2.074586e+01
2.051000e+01 2.037500e+01 2.080802e+01 2.074460e+01 2.050500e+01 2.038000e+01 2.080857e+01 2.074524e+01
2.113000e+01 2.037500e+01 2.078896e+01 2.075523e+01 2.113500e+01 2.038000e+01 2.078843e+01 2.075578e+01
2.113500e+01 2.038000e+01 2.078843e+01 2.075578e+01 2.114000e+01 2.038500e+01 2.078805e+01 2.075631e+01
2.049500e+01 2.039000e+01 2.080942e+01 2.074633e+01 2.049000e+01 2.039500e+01 2.080971e+01 2.074679e+01
2.050000e+01 2.038500e+01 2.080898e+01 2.074586e+01 2.049500e+01 2.039000e+01 2.080942e+01 2.074633e+01
2.114000e+01 2.038500e+01 2.078805e+01 2.075631e+01 2.114500e+01 2.039000e+01 2.078765e+01 2.075668e+01
2.114500e+01 2.039000e+01 2.078765e+01 2.075668e+01 2.115000e+01 2.039500e+01 2.078741e+01 2.075703e+01
2.048500e+01 2.040000e+01 2.081001e+01 2.074710e+01 2.048000e+01 2.040500e+01 2.081016e+01 2.074740e+01
2.049000e+01 2.039500e+01 2.080971e+01 2.074679e+01 2.048500e+01 2.040000e+01 2.081001e+01 2.074710e+01
2.115000e+01 2.039500e+01 2.078741e+01 2.075703e+01 2.115500e+01 2.040000e+01 2.078716e+01 2.075724e+01
2.115500e+01 2.040000e+01 2.078716e+01 2.075724e+01 2.116000e+01 2.040500e+01 2.078707e+01 2.075744e+01
2.048000e+01 2.040500e+01 2.081016e+01 2.074740e+01 2.048000e+01 2.041500e+01 2.081566e+01 2.075321e+01
2.116000e+01 2.040500e+01 2.078707e+01 2.075744e+01 2.116500e+01 2.041000e+01 2.078699e+01 2.075749e+01
2.116500e+01 2.041000e+01 2.078699e+01 2.075749e+01 2.117000e+01 2.041500e+01 2.078706e+01 2.075755e+01
2.047500e+01 2.042000e+01 2.081582e+01 2.075323e+01 2.047000e+01 2.042500e+01 2.081582e+01 2.075325e+01
2.048000e+01 2.041500e+01 2.081566e+01 2.075321e+01 2.047500e+01 2.042000e+01 2.081582e+01 2.075323e+01
2.117000e+01 2.041500e+01 2.078706e+01 2.075755e+01 2.117000e+01 2.042500e+01 2.078200e+01 2.076244e+01
2.046500e+01 2.043000e+01 2.081581e+01 2.075313e+01 2.046000e+01 2.043500e+01 2.081564e+01 2.075302e+01
2.047000e+01 2.042500e+01 2.081582e+01 2.075325e+01 2.046500e+01 2.043000e+01 2.081581e+01 2.075313e+01
2.117000e+01 2.042500e+01 2.078200e+01 2.076244e+01 2.117500e+01 2.043000e+01 2.078211e+01 2.076221e+01
2.117500e+01 2.043000e+01 2.078211e+01 2.076221e+01 2.118000e+01 2.043500e+01 2.078239e+01 2.076201e+01
2.045500e+01 2.044000e+01 2.081545e+01 2.075277e+01 2.045000e+01 2.044500e+01 2.081510e+01 2.075255e+01
2.046000e+01 2.043500e+01 2.081564e+01 2.075302e+01 2.045500e+01 2.044000e+01 2.081545e+01 2.075277e+01
2.118000e+01 2.043500e+01 2.078239e+01 2.076201e+01 2.118500e+01 2.044000e+01 2.078270e+01 2.076166e+01
2.118500e+01 2.044000e+01 2.078270e+01 2.076166e+01 2.119000e+01 2.044500e+01 2.078318e+01 2.076135e+01
2.045000e+01 2.044500e+01 2.081510e+01 2.075255e+01 2.045000e+01 2.045500e+01 2.082053e+01 2.075728e+01
2.119000e+01 2.044500e+01 2.078318e+01 2.076135e+01 2.119000e+01 2.045500e+01 2.077823e+01 2.076542e+01
2.044500e+01 2.046000e+01 2.082013e+01 2.075680e+01 2.044000e+01 2.046500e+01 2.081955e+01 2.075636e+01
2.045000e+01 2.045500e+01 2.082053e+01 2.075728e+01 2.044500e+01 2.046000e+01 2.082013e+01 2.075680e+01
2.119000e+01 2.045500e+01 2.077823e+01 2.076542e+01 2.119500e+01 2.046000e+01 2.077879e+01 2.076485e+01
2.119500e+01 2.046000e+01 2.077879e+01 2.076485e+01 2.120000e+01 2.046500e+01 2.077953e+01 2.076432e+01
2.043500e+01 2.047000e+01 2.081894e+01 2.075579e+01 2.043000e+01 2.047500e+01 2.081817e+01 2.075527e+01
2.044000e+01 2.046500e+01 2.081955e+01 2.075636e+01 2.043500e+01 2.047000e+01 2.081894e+01 2.075579e+01
2.120000e+01 2.046500e+01 2.077953e+01 2.076432e+01 2.120500e+01 2.047000e+01 2.078032e+01 2.076368e+01
2.120500e+01 2.047000e+01 2.078032e+01 2.076368e+01 2.121000e+01 2.047500e+01 2.078129e+01 2.076309e+01
2.043000e+01 2.047500e+01 2.081817e+01 2.075527e+01 2.043000e+01 2.048500e+01 2.082346e+01 2.075925e+01
2.121000e+01 2.047500e+01 2.078129e+01 2.076309e+01 2.121000e+01 2.048500e+01 2.077655e+01 2.076639e+01
2.042500e+01 2.049000e+01 2.082254e+01 2.075848e+01 2.042000e+01 2.049500e+01 2.082149e+01 2.075778e+01
2.043000e+01 2.048500e+01 2.082346e+01 2.075925e+01 2.042500e+01 2.049000e+01 2.082254e+01 2.075848e+01
2.121000e+01 2.048500e+01 2.077655e+01 2.076639e+01 2.121500e+01 2.049000e+01 2.077767e+01 2.076560e+01
2.121500e+01 2.049000e+01 2.077767e+01 2.076560e+01 2.122000e+01 2.049500e+01 2.077894e+01 2.076486e+01
2.041500e+01 2.050000e+01 2.082039e+01 2.075698e+01 2.041000e+01 2.050500e+01 2.081913e+01 2.075625e+01
2.042000e+01 2.049500e+01 2.082149e+01 2.075778e+01 2.041500e+01 2.050000e+01 2.082039e+01 2.075698e+01
2.122000e+01 2.049500e+01 2.077894e+01 2.076486e+01 2.122000e+01 2.050500e+01 2.077440e+01 2.076769e+01
2.041000e+01 2.050500e+01 2.081913e+01 2.075625e+01 2.041000e+01 2.051500e+01 2.082412e+01 2.075954e+01
2.122000e+01 2.050500e+01 2.077440e+01 2.076769e+01 2.122500e+01 2.051000e+01 2.077586e+01 2.076678e+01
2.122500e+01 2.051000e+01 2.077586e+01 2.076678e+01 2.123000e+01 2.051500e+01 2.077746e+01 2.076593e+01
2.040500e+01 2.052000e+01 2.082267e+01 2.075860e+01 2.040000e+01 2.052500e+01 2.082110e+01 2.075775e+01
2.041000e+01 2.051500e+01 2.082412e+01 2.075954e+01 2.040500e+01 2.052000e+01 2.082267e+01 2.075860e+01
2.123000e+01 2.051500e+01 2.077746e+01 2.076593e+01 2.123000e+01 2.052500e+01 2.077316e+01 2.076834e+01
2.040000e+01 2.052500e+01 2.082110e+01 2.075775e+01 2.040000e+01 2.053500e+01 2.082586e+01 2.076062e+01
2.123000e+01 2.052500e+01 2.077316e+01 2.076834e+01 2.123500e+01 2.053000e+01 2.077494e+01 2.076733e+01
2.123500e+01 2.053000e+01 2.077494e+01 2.076733e+01 2.124000e+01 2.053500e+01 2.077689e+01 2.076643e+01
2.040000e+01 2.053500e+01 2.082586e+01 2.076062e+01 2.040000e+01 2.054500e+01 2.083049e+01 2.076321e+01
2.124000e+01 2.053500e+01 2.077689e+01 2.076643e+01 2.124000e+01 2.054500e+01 2.077291e+01 2.076846e+01
2.039500e+01 2.055000e+01 2.082867e+01 2.076212e+01 2.039000e+01 2.055500e+01 2.082670e+01 2.076113e+01
2.040000e+01 2.054500e+01 2.083049e+01 2.076321e+01 2.039500e+01 2.055000e+01 2.082867e+01 2.076212e+01
2.124000e+01 2.054500e+01 2.077291e+01 2.076846e+01 2.124000e+01 2.055500e+01 2.076905e+01 2.077026e+01
2.039000e+01 2.055500e+01 2.082670e+01 2.076113e+01 2.039000e+01 2.056500e+01 2.083104e+01 2.076334e+01
2.124000e+01 2.055500e+01 2.076905e+01 2.077026e+01 2.124500e+01 2.056000e+01 2.077131e+01 2.076917e+01
2.124500e+01 2.056000e+01 2.077131e+01 2.076917e+01 2.125000e+01 2.056500e+01 2.077373e+01 2.076820e+01
2.038500e+01 2.057000e+01 2.082888e+01 2.076222e+01 2.038000e+01 2.057500e+01 2.082656e+01 2.076120e+01
2.039000e+01 2.056500e+01 2.083104e+01 2.076334e+01 2.038500e+01 2.057000e+01 2.082888e+01 2.076222e+01
2.125000e+01 2.056500e+01 2.077373e+01 2.076820e+01 2.125000e+01 2.057500e+01 2.077021e+01 2.076969e+01
2.038000e+01 2.057500e+01 2.082656e+01 2.076120e+01 2.038000e+01 2.058500e+01 2.083058e+01 2.076308e+01
2.077500e+01 2.058000e+01 2.085645e+01 2.095702e+01 2.077000e+01 2.058500e+01 2.086321e+01 2.095560e+01
2.077500e+01 2.058000e+01 2.085645e+01 2.095702e+01 2.078500e+01 2.058000e+01 2.084509e+01 2.095910e+01
2.078500e+01 2.058000e+01 2.084509e+01 2.095910e+01 2.079500e+01 2.058000e+01 2.083335e+01 2.096061e+01
2.079500e+01 2.058000e+01 2.083335e+01 2.096061e+01 2.080500e+01 2.058000e+01 2.082134e+01 2.096153e+01
2.080500e+01 2.058000e+01 2.082134e+01 2.096153e+01 2.081500e+01 2.058000e+01 2.080916e+01 2.096182e+01
2.081500e+01 2.058000e+01 2.080916e+01 2.096182e+01 2.082500e+01 2.058000e+01 2.079692e+01 2.096150e+01
2.082500e+01 2.058000e+01 2.079692e+01 2.096150e+01 2.083500e+01 2.058000e+01 2.078472e+01 2.096056e+01
2.083500e+01 2.058000e+01 2.078472e+01 2.096056e+01 2.084500e+01 2.058000e+01 2.077268e+01 2.095902e+01
2.084500e+01 2.058000e+01 2.077268e+01 2.095902e+01 2.085500e+01 2.058000e+01 2.076091e+01 2.095689e+01
2.085500e+01 2.058000e+01 2.076091e+01 2.095689e+01 2.086500e+01 2.058000e+01 2.074949e+01 2.095421e+01
2.086500e+01 2.058000e+01 2.074949e+01 2.095421e+01 2.087000e+01 2.058500e+01 2.074242e+01 2.095230e+01
2.125000e+01 2.057500e+01 2.077021e+01 2.076969e+01 2.125000e+01 2.058500e+01 2.076680e+01 2.077095e+01
2.038000e+01 2.058500e+01 2.083058e+01 2.076308e+01 2.038000e+01 2.059500e+01 2.083451e+01 2.076476e+01
2.074500e+01 2.059000e+01 2.089132e+01 2.094693e+01 2.074000e+01 2.059500e+01 2.089810e+01 2.094430e+01
2.074500e+01 2.059000e+01 2.089132e+01 2.094693e+01 2.075500e+01 2.059000e+01 2.088112e+01 2.095058e+01
2.075500e+01 2.059000e+01 2.088112e+01 2.095058e+01 2.076500e+01 2.059000e+01 2.087026e+01 2.095377e+01
2.077000e+01 2.058500e+01 2.086321e+01 2.095560e+01 2.076500e+01 2.059000e+01 2.087026e+01 2.095377e+01
2.087000e+01 2.058500e+01 2.074242e+01 2.095230e+01 2.087500e+01 2.059000e+01 2.073503e+01 2.094994e+01
2.087500e+01 2.059000e+01 2.073503e+01 2.094994e+01 2.088500e+01 2.059000e+01 2.072414e+01 2.094615e+01
2.088500e+01 2.059000e+01 2.072414e+01 2.094615e+01 2.089500e+01 2.059000e+01 2.071391e+01 2.094194e+01
2.089500e+01 2.059000e+01 2.071391e+01 2.094194e+01 2.090000e+01 2.059500e+01 2.070686e+01 2.093874e+01
2.125000e+01 2.058500e+01 2.076680e+01 2.077095e+01 2.125500e+01 2.059000e+01 2.076957e+01 2.076988e+01
2.125500e+01 2.059000e+01 2.076957e+01 2.076988e+01 2.126000e+01 2.059500e+01 2.077253e+01 2.076893e+01
2.037500e+01 2.060000e+01 2.083188e+01 2.076362e+01 2.037000e+01 2.060500e+01 2.082907e+01 2.076256e+01
2.038000e+01 2.059500e+01 2.083451e+01 2.076476e+01 2.037500e+01 2.060000e+01 2.083188e+01 2.076362e+01
2.072500e+01 2.060000e+01 2.091421e+01 2.093675e+01 2.072000e+01 2.060500e+01 2.092074e+01 2.093328e+01
2.072500e+01 2.060000e+01 2.091421e+01 2.093675e+01 2.073500e+01 2.060000e+01 2.090511e+01 2.094123e+01
2.074000e+01 2.059500e+01 2.089810e+01 2.094430e+01 2.073500e+01 2.060000e+01 2.090511e+01 2.094123e+01
2.090000e+01 2.059500e+01 2.070686e+01 2.093874e+01 2.090500e+01 2.060000e+01 2.069958e+01 2.093508e+01
2.090500e+01 2.060000e+01 2.069958e+01 2.093508e+01 2.091500e+01 2.060000e+01 2.069051e+01 2.093008e+01
2.091500e+01 2.060000e+01 2.069051e+01 2.093008e+01 2.092000e+01 2.060500e+01 2.068377e+01 2.092603e+01
2.126000e+01 2.059500e+01 2.077253e+01 2.076893e+01 2.126000e+01 2.060500e+01 2.076954e+01 2.076998e+01
2.037000e+01 2.060500e+01 2.082907e+01 2.076256e+01 2.037000e+01 2.061500e+01 2.083258e+01 2.076396e+01
2.071500e+01 2.061000e+01 2.092743e+01 2.092938e+01 2.071000e+01 2.061500e+01 2.093380e+01 2.092534e+01
2.072000e+01 2.060500e+01 2.092074e+01 2.093328e+01 2.071500e+01 2.061000e+01 2.092743e+01 2.092938e+01
2.092000e+01 2.060500e+01 2.068377e+01 2.092603e+01 2.092500e+01 2.061000e+01 2.067690e+01 2.092152e+01
2.092500e+01 2.061000e+01 2.067690e+01 2.092152e+01 2.093000e+01 2.061500e+01 2.067038e+01 2.091690e+01
2.126000e+01 2.060500e+01 2.076954e+01 2.076998e+01 2.126000e+01 2.061500e+01 2.076672e+01 2.077086e+01
2.037000e+01 2.061500e+01 2.083258e+01 2.076396e+01 2.037000e+01 2.062500e+01 2.083599e+01 2.076518e+01
2.070500e+01 2.062000e+01 2.094028e+01 2.092087e+01 2.070000e+01 2.062500e+01 2.094637e+01 2.091631e+01
2.071000e+01 2.061500e+01 2.093380e+01 2.092534e+01 2.070500e+01 2.062000e+01 2.094028e+01 2.092087e+01
2.093000e+01 2.061500e+01 2.067038e+01 2.091690e+01 2.093500e+01 2.062000e+01 2.066378e+01 2.091183e+01
2.093500e+01 2.062000e+01 2.066378e+01 2.091183e+01 2.094500e+01 2.062000e+01 2.065703e+01 2.090622e+01
2.094500e+01 2.062000e+01 2.065703e+01 2.090622e+01 2.095000e+01 2.062500e+01 2.065128e+01 2.090108e+01
2.126000e+01 2.061500e+01 2.076672e+01 2.077086e+01 2.126000e+01 2.062500e+01 2.076403e+01 2.077155e+01
2.037000e+01 2.062500e+01 2.083599e+01 2.076518e+01 2.037000e+01 2.063500e+01 2.083918e+01 2.076620e+01
2.068500e+01 2.063000e+01 2.095864e+01 2.090599e+01 2.068000e+01 2.063500e+01 2.096393e+01 2.090099e+01
2.068500e+01 2.063000e+01 2.095864e+01 2.090599e+01 2.069500e+01 2.063000e+01 2.095253e+01 2.091133e+01
2.070000e+01 2.062500e+01 2.094637e+01 2.091631e+01 2.069500e+01 2.063000e+01 2.095253e+01 2.091133e+01
2.095000e+01 2.062500e+01 2.065128e+01 2.090108e+01 2.095500e+01 2.063000e+01 2.064555e+01 2.089555e+01
2.095500e+01 2.063000e+01 2.064555e+01 2.089555e+01 2.096000e+01 2.063500e+01 2.064029e+01 2.089007e+01
2.126000e+01 2.062500e+01 2.076403e+01 2.077155e+01 2.126500e+01 2.063000e+01 2.076746e+01 2.077058e+01
2.126500e+01 2.063000e+01 2.076746e+01 2.077058e+01 2.127000e+01 2.063500e+01 2.077106e+01 2.076977e+01
2.036500e+01 2.064000e+01 2.083594e+01 2.076511e+01 2.036000e+01 2.064500e+01 2.083255e+01 2.076413e+01
2.037000e+01 2.063500e+01 2.083918e+01 2.076620e+01 2.036500e+01 2.064000e+01 2.083594e+01 2.076511e+01
2.068000e+01 2.063500e+01 2.096393e+01 2.090099e+01 2.068000e+01 2.064500e+01 2.096924e+01 2.089557e+01
2.096000e+01 2.063500e+01 2.064029e+01 2.089007e+01 2.096000e+01 2.064500e+01 2.063479e+01 2.088391e+01
2.127000e+01 2.063500e+01 2.077106e+01 2.076977e+01 2.127000e+01 2.064500e+01 2.076884e+01 2.077035e+01
2.036000e+01 2.064500e+01 2.083255e+01 2.076413e+01 2.036000e+01 2.065500e+01 2.083533e+01 2.076498e+01
2.067500e+01 2.065000e+01 2.097444e+01 2.088986e+01 2.067000e+01 2.065500e+01 2.097917e+01 2.088424e+01
2.068000e+01 2.064500e+01 2.096924e+01 2.089557e+01 2.067500e+01 2.065000e+01 2.097444e+01 2.088986e+01
2.096000e+01 2.064500e+01 2.063479e+01 2.088391e+01 2.096500e+01 2.065000e+01 2.062971e+01 2.087776e+01
2.096500e+01 2.065000e+01 2.062971e+01 2.087776e+01 2.097000e+01 2.065500e+01 2.062514e+01 2.087176e+01
2.127000e+01 2.064500e+01 2.076884e+01 2.077035e+01 2.127000e+01 2.065500e+01 2.076679e+01 2.077080e+01
2.036000e+01 2.065500e+01 2.083533e+01 2.076498e+01 2.036000e+01 2.066500e+01 2.083796e+01 2.076570e+01
2.066500e+01 2.066000e+01 2.098378e+01 2.087831e+01 2.066000e+01 2.066500e+01 2.098791e+01 2.087253e+01
2.067000e+01 2.065500e+01 2.097917e+01 2.088424e+01 2.066500e+01 2.066000e+01 2.098378e+01 2.087831e+01
2.097000e+01 2.065500e+01 2.062514e+01 2.087176e+01 2.097500e+01 2.066000e+01 2.062073e+01 2.086549e+01
2.097500e+01 2.066000e+01 2.062073e+01 2.086549e+01 2.098000e+01 2.066500e+01 2.061684e+01 2.085941e+01
2.127000e+01 2.065500e+01 2.076679e+01 2.077080e+01 2.127000e+01 2.066500e+01 2.076496e+01 2.077113e+01
2.036000e+01 2.066500e+01 2.083796e+01 2.076570e+01 2.036000e+01 2.067500e+01 2.084036e+01 2.076626e+01
2.065500e+01 2.067000e+01 2.099187e+01 2.086650e+01 2.065000e+01 2.067500e+01 2.099536e+01 2.086065e+01
2.066000e+01 2.066500e+01 2.098791e+01 2.087253e+01 2.065500e+01 2.067000e+01 2.099187e+01 2.086650e+01
2.098000e+01 2.066500e+01 2.061684e+01 2.085941e+01 2.098000e+01 2.067500e+01 2.061220e+01 2.085149e+01
2.127000e+01 2.066500e+01 2.076496e+01 2.077113e+01 2.127000e+01 2.067500e+01 2.076334e+01 2.077136e+01
2.036000e+01 2.067500e+01 2.084036e+01 2.076626e+01 2.036000e+01 2.068500e+01 2.084257e+01 2.076668e+01
2.065000e+01 2.067500e+01 2.099536e+01 2.086065e+01 2.065000e+01 2.068500e+01 2.099962e+01 2.085284e+01
2.098000e+01 2.067500e+01 2.061220e+01 2.085149e+01 2.098500e+01 2.068000e+01 2.060875e+01 2.084507e+01
2.098500e+01 2.068000e+01 2.060875e+01 2.084507e+01 2.099000e+01 2.068500e+01 2.060580e+01 2.083891e+01
2.127000e+01 2.067500e+01 2.076334e+01 2.077136e+01 2.127000e+01 2.068500e+01 2.076192e+01 2.077152e+01
2.035500e+01 2.069000e+01 2.083860e+01 2.076584e+01 2.035000e+01 2.069500e+01 2.083450e+01 2.076510e+01
2.036000e+01 2.068500e+01 2.084257e+01 2.076668e+01 2.035500e+01 2.069000e+01 2.083860e+01 2.076584e+01
2.064500e+01 2.069000e+01 2.100269e+01 2.084667e+01 2.064000e+01 2.069500e+01 2.100529e+01 2.084073e+01
2.065000e+01 2.068500e+01 2.099962e+01 2.085284e+01 2.064500e+01 2.069000e+01 2.100269e+01 2.084667e+01
2.099000e+01 2.068500e+01 2.060580e+01 2.083891e+01 2.099000e+01 2.069500e+01 2.060204e+01 2.083018e+01
2.127000e+01 2.068500e+01 2.076192e+01 2.077152e+01 2.127000e+01 2.069500e+01 2.076071e+01 2.077157e+01
2.035000e+01 2.069500e+01 2.083450e+01 2.076510e+01 2.035000e+01 2.070500e+01 2.083625e+01 2.076550e+01
2.064000e+01 2.069500e+01 2.100529e+01 2.084073e+01 2.064000e+01 2.070500e+01 2.100869e+01 2.083210e+01
2.099000e+01 2.069500e+01 2.060204e+01 2.083018e+01 2.099000e+01 2.070500e+01 2.059870e+01 2.082097e+01
2.127000e+01 2.069500e+01 2.076071e+01 2.077157e+01 2.127500e+01 2.070000e+01 2.076521e+01 2.077105e+01
2.127500e+01 2.070000e+01 2.076521e+01 2.077105e+01 2.128000e+01 2.070500e+01 2.076983e+01 2.077069e+01
2.035000e+01 2.070500e+01 2.083625e+01 2.076550e+01 2.035000e+01 2.071500e+01 2.083780e+01 2.076581e+01
2.064000e+01 2.070500e+01 2.100869e+01 2.083210e+01 2.064000e+01 2.071500e+01 2.101164e+01 2.082295e+01
2.099000e+01 2.070500e+01 2.059870e+01 2.082097e+01 2.099500e+01 2.071000e+01 2.059661e+01 2.081472e+01
2.099500e+01 2.071000e+01 2.059661e+01 2.081472e+01 2.100000e+01 2.071500e+01 2.059499e+01 2.080879e+01
2.128000e+01 2.070500e+01 2.076983e+01 2.077069e+01 2.128000e+01 2.071500e+01 2.076910e+01 2.077083e+01
2.035000e+01 2.071500e+01 2.083780e+01 2.076581e+01 2.035000e+01 2.072500e+01 2.083914e+01 2.076603e+01
2.063500e+01 2.072000e+01 2.101345e+01 2.081692e+01 2.063000e+01 2.072500e+01 2.101483e+01 2.081118e+01
2.064000e+01 2.071500e+01 2.101164e+01 2.082295e+01 2.063500e+01 2.072000e+01 2.101345e+01 2.081692e+01
2.100000e+01 2.071500e+01 2.059499e+01 2.080879e+01 2.100000e+01 2.072500e+01 2.059276e+01 2.079932e+01
2.128000e+01 2.071500e+01 2.076910e+01 2.077083e+01 2.128000e+01 2.072500e+01 2.076859e+01 2.077093e+01
2.035000e+01 2.072500e+01 2.083914e+01 2.076603e+01 2.035000e+01 2.073500e+01 2.084031e+01 2.076621e+01
2.063000e+01 2.072500e+01 2.101483e+01 2.081118e+01 2.063000e+01 2.073500e+01 2.101671e+01 2.080172e+01
2.100000e+01 2.072500e+01 2.059276e+01 2.079932e+01 2.100000e+01 2.073500e+01 2.059106e+01 2.078960e+01
2.128000e+01 2.072500e+01 2.076859e+01 2.077093e+01 2.128000e+01 2.073500e+01 2.076829e+01 2.077100e+01
2.035000e+01 2.073500e+01 2.084031e+01 2.076621e+01 2.035000e+01 2.074500e+01 2.084121e+01 2.076631e+01
2.063000e+01 2.073500e+01 2.101671e+01 2.080172e+01 2.063000e+01 2.074500e+01 2.101806e+01 2.079197e+01
2.100000e+01 2.073500e+01 2.059106e+01 2.078960e+01 2.100000e+01 2.074500e+01 2.058990e+01 2.077972e+01
2.128000e+01 2.073500e+01 2.076829e+01 2.077100e+01 2.128000e+01 2.074500e+01 2.076822e+01 2.077106e+01
2.035000e+01 2.074500e+01 2.084121e+01 2.076631e+01 2.035000e+01 2.075500e+01 2.084189e+01 2.076636e+01
2.063000e+01 2.074500e+01 2.101806e+01 2.079197e+01 2.063000e+01 2.075500e+01 2.101884e+01 2.078202e+01
2.100000e+01 2.074500e+01 2.058990e+01 2.077972e+01 2.100000e+01 2.075500e+01 2.058930e+01 2.076976e+01
2.128000e+01 2.074500e+01 2.076822e+01 2.077106e+01 2.128000e+01 2.075500e+01 2.076837e+01 2.077112e+01
2.035000e+01 2.075500e+01 2.084189e+01 2.076636e+01 2.035000e+01 2.076500e+01 2.084236e+01 2.076638e+01
2.063000e+01 2.075500e+01 2.101884e+01 2.078202e+01 2.063000e+01 2.076500e+01 2.101906e+01 2.077194e+01
2.100000e+01 2.075500e+01 2.058930e+01 2.076976e+01 2.100000e+01 2.076500e+01 2.058928e+01 2.075979e+01
2.128000e+01 2.075500e+01 2.076837e+01 2.077112e+01 2.128000e+01 2.076500e+01 2.076873e+01 2.077119e+01
2.035000e+01 2.076500e+01 2.084236e+01 2.076638e+01 2.035000e+01 2.077500e+01 2.084260e+01 2.076639e+01
2.063000e+01 2.076500e+01 2.101906e+01 2.077194e+01 2.063000e+01 2.077500e+01 2.101870e+01 2.076183e+01
2.100000e+01 2.076500e+01 2.058928e+01 2.075979e+01 2.100000e+01 2.077500e+01 2.058982e+01 2.074992e+01
2.128000e+01 2.076500e+01 2.076873e+01 2.077119e+01 2.128000e+01 2.077500e+01 2.076932e+01 2.077128e+01
2.035000e+01 2.077500e+01 2.084260e+01 2.076639e+01 2.035000e+01 2.078500e+01 2.084261e+01 2.076639e+01
2.063000e+01 2.077500e+01 2.101870e+01 2.076183e+01 2.063000e+01 2.078500e+01 2.101777e+01 2.075176e+01
2.100000e+01 2.077500e+01 2.058982e+01 2.074992e+01 2.100000e+01 2.078500e+01 2.059093e+01 2.074021e+01
2.128000e+01 2.077500e+01 2.076932e+01 2.077128e+01 2.128000e+01 2.078500e+01 2.077013e+01 2.077141e+01
2.035000e+01 2.078500e+01 2.084261e+01 2.076639e+01 2.035000e+01 2.079500e+01 2.084241e+01 2.076640e+01
2.063000e+01 2.078500e+01 2.101777e+01 2.075176e+01 2.063000e+01 2.079500e+01 2.101627e+01 2.074183e+01
2.100000e+01 2.078500e+01 2.059093e+01 2.074021e+01 2.100000e+01 2.079500e+01 2.059257e+01 2.073075e+01
2.128000e+01 2.078500e+01 2.077013e+01 2.077141e+01 2.128000e+01 2.079500e+01 2.077116e+01 2.077159e+01
2.035000e+01 2.079500e+01 2.084241e+01 2.076640e+01 2.035000e+01 2.080500e+01 2.084198e+01 2.076644e+01
2.063000e+01 2.079500e+01 2.101627e+01 2.074183e+01 2.063000e+01 2.080500e+01 2.101424e+01 2.073212e+01
2.099500e+01 2.080000e+01 2.059373e+01 2.072510e+01 2.099000e+01 2.080500e+01 2.059531e+01 2.071916e+01
2.100000e+01 2.079500e+01 2.059257e+01 2.073075e+01 2.099500e+01 2.080000e+01 2.059373e+01 2.072510e+01
2.128000e+01 2.079500e+01 2.077116e+01 2.077159e+01 2.128000e+01 2.080500e+01 2.077240e+01 2.077184e+01
2.035000e+01 2.080500e+01 2.084198e+01 2.076644e+01 2.035000e+01 2.081500e+01 2.084134e+01 2.076651e+01
2.063000e+01 2.080500e+01 2.101424e+01 2.073212e+01 2.063000e+01 2.081500e+01 2.101169e+01 2.072270e+01
2.099000e+01 2.080500e+01 2.059531e+01 2.071916e+01 2.099000e+01 2.081500e+01 2.059803e+01 2.070992e+01
2.127500e+01 2.081000e+01 2.076798e+01 2.077126e+01 2.127000e+01 2.081500e+01 2.076369e+01 2.077059e+01
2.128000e+01 2.080500e+01 2.077240e+01 2.077184e+01 2.127500e+01 2.081000e+01 2.076798e+01 2.077126e+01
2.035000e+01 2.081500e+01 2.084134e+01 2.076651e+01 2.035000e+01 2.082500e+01 2.084044e+01 2.076661e+01
2.063000e+01 2.081500e+01 2.101169e+01 2.072270e+01 2.063000e+01 2.082500e+01 2.100866e+01 2.071365e+01
2.099000e+01 2.081500e+01 2.059803e+01 2.070992e+01 2.099000e+01 2.082500e+01 2.060123e+01 2.070118e+01
2.127000e+01 2.081500e+01 2.076369e+01 2.077059e+01 2.127000e+01 2.082500e+01 2.076538e+01 2.077079e+01
2.035000e+01 2.082500e+01 2.084044e+01 2.076661e+01 2.035000e+01 2.083500e+01 2.083936e+01 2.076679e+01
2.063000e+01 2.082500e+01 2.100866e+01 2.071365e+01 2.063500e+01 2.083000e+01 2.100646e+01 2.070761e+01
2.063500e+01 2.083000e+01 2.100646e+01 2.070761e+01 2.064000e+01 2.083500e+01 2.100377e+01 2.070128e+01
2.098500e+01 2.083000e+01 2.060361e+01 2.069526e+01 2.098000e+01 2.083500e+01 2.060646e+01 2.068910e+01
2.099000e+01 2.082500e+01 2.060123e+01 2.070118e+01 2.098500e+01 2.083000e+01 2.060361e+01 2.069526e+01
2.127000e+01 2.082500e+01 2.076538e+01 2.077079e+01 2.127000e+01 2.083500e+01 2.076729e+01 2.077108e+01
2.035000e+01 2.083500e+01 2.083936e+01 2.076679e+01 2.035000e+01 2.084500e+01 2.083807e+01 2.076705e+01
2.064000e+01 2.083500e+01 2.100377e+01 2.070128e+01 2.064000e+01 2.084500e+01 2.099975e+01 2.069276e+01
2.098000e+01 2.083500e+01 2.060646e+01 2.068910e+01 2.098000e+01 2.084500e+01 2.061055e+01 2.068110e+01
2.127000e+01 2.083500e+01 2.076729e+01 2.077108e+01 2.127000e+01 2.084500e+01 2.076939e+01 2.077150e+01
2.035000e+01 2.084500e+01 2.083807e+01 2.076705e+01 2.035500e+01 2.085000e+01 2.084234e+01 2.076649e+01
2.035500e+01 2.085000e+01 2.084234e+01 2.076649e+01 2.036000e+01 2.085500e+01 2.084647e+01 2.076576e+01
2.064000e+01 2.084500e+01 2.099975e+01 2.069276e+01 2.064500e+01 2.085000e+01 2.099654e+01 2.068660e+01
2.064500e+01 2.085000e+01 2.099654e+01 2.068660e+01 2.065000e+01 2.085500e+01 2.099282e+01 2.068020e+01
2.097500e+01 2.085000e+01 2.061384e+01 2.067522e+01 2.097000e+01 2.085500e+01 2.061761e+01 2.066914e+01
2.098000e+01 2.084500e+01 2.061055e+01 2.068110e+01 2.097500e+01 2.085000e+01 2.061384e+01 2.067522e+01
2.127000e+01 2.084500e+01 2.076939e+01 2.077150e+01 2.127000e+01 2.085500e+01 2.077170e+01 2.077205e+01
2.036000e+01 2.085500e+01 2.084647e+01 2.076576e+01 2.036000e+01 2.086500e+01 2.084471e+01 2.076603e+01
2.065000e+01 2.085500e+01 2.099282e+01 2.068020e+01 2.065000e+01 2.086500e+01 2.098799e+01 2.067259e+01
2.096500e+01 2.086000e+01 2.062155e+01 2.066328e+01 2.096000e+01 2.086500e+01 2.062599e+01 2.065727e+01
2.097000e+01 2.085500e+01 2.061761e+01 2.066914e+01 2.096500e+01 2.086000e+01 2.062155e+01 2.066328e+01
2.127000e+01 2.085500e+01 2.077170e+01 2.077205e+01 2.127000e+01 2.086500e+01 2.077424e+01 2.077275e+01
2.036000e+01 2.086500e+01 2.084471e+01 2.076603e+01 2.036000e+01 2.087500e+01 2.084275e+01 2.076638e+01
2.065000e+01 2.086500e+01 2.098799e+01 2.067259e+01 2.065500e+01 2.087000e+01 2.098386e+01 2.066659e+01
2.065500e+01 2.087000e+01 2.098386e+01 2.066659e+01 2.066000e+01 2.087500e+01 2.097923e+01 2.066043e+01
2.096000e+01 2.086500e+01 2.062599e+01 2.065727e+01 2.096000e+01 2.087500e+01 2.063106e+01 2.065088e+01
2.126500e+01 2.087000e+01 2.077064e+01 2.077181e+01 2.126000e+01 2.087500e+01 2.076720e+01 2.077076e+01
2.127000e+01 2.086500e+01 2.077424e+01 2.077275e+01 2.126500e+01 2.087000e+01 2.077064e+01 2.077181e+01
2.036000e+01 2.087500e+01 2.084275e+01 2.076638e+01 2.036000e+01 2.088500e+01 2.084057e+01 2.076685e+01
2.066000e+01 2.087500e+01 2.097923e+01 2.066043e+01 2.066500e+01 2.088000e+01 2.097446e+01 2.065455e+01
2.066500e+01 2.088000e+01 2.097446e+01 2.065455e+01 2.067000e+01 2.088500e+01 2.096919e+01 2.064856e+01
2.095500e+01 2.088000e+01 2.063572e+01 2.064546e+01 2.095000e+01 2.088500e+01 2.064085e+01 2.063996e+01
2.096000e+01 2.087500e+01 2.063106e+01 2.065088e+01 2.095500e+01 2.088000e+01 2.063572e+01 2.064546e+01
2.126000e+01 2.087500e+01 2.076720e+01 2.077076e+01 2.126000e+01 2.088500e+01 2.077013e+01 2.077157e+01
2.036000e+01 2.088500e+01 2.084057e+01 2.076685e+01 2.036000e+01 2.089500e+01 2.083823e+01 2.076747e+01
2.067000e+01 2.088500e+01 2.096919e+01 2.064856e+01 2.067500e+01 2.089000e+01 2.096384e+01 2.064291e+01
2.067500e+01 2.089000e+01 2.096384e+01 2.064291e+01 2.068000e+01 2.089500e+01 2.095800e+01 2.063721e+01
2.094500e+01 2.089000e+01 2.064602e+01 2.063481e+01 2.094000e+01 2.089500e+01 2.065164e+01 2.062964e+01
2.095000e+01 2.088500e+01 2.064085e+01 2.063996e+01 2.094500e+01 2.089000e+01 2.064602e+01 2.063481e+01
2.126000e+01 2.088500e+01 2.077013e+01 2.077157e+01 2.126000e+01 2.089500e+01 2.077323e+01 2.077255e+01
2.036000e+01 2.089500e+01 2.083823e+01 2.076747e+01 2.036500e+01 2.090000e+01 2.084172e+01 2.076662e+01
2.036500e+01 2.090000e+01 2.084172e+01 2.076662e+01 2.037000e+01 2.090500e+01 2.084505e+01 2.076561e+01
2.068000e+01 2.089500e+01 2.095800e+01 2.063721e+01 2.068500e+01 2.090000e+01 2.095215e+01 2.063190e+01
2.068500e+01 2.090000e+01 2.095215e+01 2.063190e+01 2.069000e+01 2.090500e+01 2.094585e+01 2.062660e+01
2.092500e+01 2.090000e+01 2.066402e+01 2.061957e+01 2.092000e+01 2.090500e+01 2.067045e+01 2.061489e+01
2.092500e+01 2.090000e+01 2.066402e+01 2.061957e+01 2.093500e+01 2.090000e+01 2.065726e+01 2.062486e+01
2.094000e+01 2.089500e+01 2.065164e+01 2.062964e+01 2.093500e+01 2.090000e+01 2.065726e+01 2.062486e+01
2.126000e+01 2.089500e+01 2.077323e+01 2.077255e+01 2.126000e+01 2.090500e+01 2.077655e+01 2.077373e+01
2.037000e+01 2.090500e+01 2.084505e+01 2.076561e+01 2.037000e+01 2.091500e+01 2.084227e+01 2.076637e+01
2.069000e+01 2.090500e+01 2.094585e+01 2.062660e+01 2.069500e+01 2.091000e+01 2.093960e+01 2.062173e+01
2.069500e+01 2.091000e+01 2.093960e+01 2.062173e+01 2.070000e+01 2.091500e+01 2.093294e+01 2.061694e+01
2.091500e+01 2.091000e+01 2.067678e+01 2.061064e+01 2.091000e+01 2.091500e+01 2.068345e+01 2.060650e+01
2.092000e+01 2.090500e+01 2.067045e+01 2.061489e+01 2.091500e+01 2.091000e+01 2.067678e+01 2.061064e+01
2.125500e+01 2.091000e+01 2.077355e+01 2.077267e+01 2.125000e+01 2.091500e+01 2.077072e+01 2.077152e+01
2.126000e+01 2.090500e+01 2.077655e+01 2.077373e+01 2.125500e+01 2.091000e+01 2.077355e+01 2.077267e+01
2.037000e+01 2.091500e+01 2.084227e+01 2.076637e+01 2.037000e+01 2.092500e+01 2.083930e+01 2.076729e+01
2.070000e+01 2.091500e+01 2.093294e+01 2.061694e+01 2.070500e+01 2.092000e+01 2.092640e+01 2.061260e+01
2.070500e+01 2.092000e+01 2.092640e+01 2.061260e+01 2.071500e+01 2.092000e+01 2.091786e+01 2.060738e+01
2.071500e+01 2.092000e+01 2.091786e+01 2.060738e+01 2.072000e+01 2.092500e+01 2.091068e+01 2.060334e+01
2.089500e+01 2.092000e+01 2.069901e+01 2.059822e+01 2.089000e+01 2.092500e+01 2.070607e+01 2.059490e+01
2.089500e+01 2.092000e+01 2.069901e+01 2.059822e+01 2.090500e+01 2.092000e+01 2.068998e+01 2.060282e+01
2.091000e+01 2.091500e+01 2.068345e+01 2.060650e+01 2.090500e+01 2.092000e+01 2.068998e+01 2.060282e+01
2.125000e+01 2.091500e+01 2.077072e+01 2.077152e+01 2.125000e+01 2.092500e+01 2.077437e+01 2.077291e+01
2.037000e+01 2.092500e+01 2.083930e+01 2.076729e+01 2.037000e+01 2.093500e+01 2.083620e+01 2.076841e+01
2.072000e+01 2.092500e+01 2.091068e+01 2.060334e+01 2.072500e+01 2.093000e+01 2.090370e+01 2.059978e+01
2.072500e+01 2.093000e+01 2.090370e+01 2.059978e+01 2.073500e+01 2.093000e+01 2.089384e+01 2.059523e+01
2.073500e+01 2.093000e+01 2.089384e+01 2.059523e+01 2.074000e+01 2.093500e+01 2.088647e+01 2.059215e+01
2.087500e+01 2.093000e+01 2.072312e+01 2.058824e+01 2.087000e+01 2.093500e+01 2.073024e+01 2.058587e+01
2.087500e+01 2.093000e+01 2.072312e+01 2.058824e+01 2.088500e+01 2.093000e+01 2.071290e+01 2.059203e+01
2.089000e+01 2.092500e+01 2.070607e+01 2.059490e+01 2.088500e+01 2.093000e+01 2.071290e+01 2.059203e+01
2.125000e+01 2.092500e+01 2.077437e+01 2.077291e+01 2.125000e+01 2.093500e+01 2.077823e+01 2.077453e+01
2.037000e+01 2.093500e+01 2.083620e+01 2.076841e+01 2.037500e+01 2.094000e+01 2.083906e+01 2.076745e+01
2.037500e+01 2.094000e+01 2.083906e+01 2.076745e+01 2.038000e+01 2.094500e+01 2.084172e+01 2.076635e+01
2.074000e+01 2.093500e+01 2.088647e+01 2.059215e+01 2.074500e+01 2.094000e+01 2.087937e+01 2.058954e+01
2.074500e+01 2.094000e+01 2.087937e+01 2.058954e+01 2.075500e+01 2.094000e+01 2.086860e+01 2.058593e+01
2.075500e+01 2.094000e+01 2.086860e+01 2.058593e+01 2.076500e+01 2.094000e+01 2.085730e+01 2.058281e+01
2.076500e+01 2.094000e+01 2.085730e+01 2.058281e+01 2.077500e+01 2.094000e+01 2.084555e+01 2.058021e+01
2.077500e+01 2.094000e+01 2.084555e+01 2.058021e+01 2.078000e+01 2.094500e+01 2.083849e+01 2.057886e+01
2.083500e+01 2.094000e+01 2.077148e+01 2.057725e+01 2.083000e+01 2.094500e+01 2.077812e+01 2.057650e+01
2.083500e+01 2.094000e+01 2.077148e+01 2.057725e+01 2.084500e+01 2.094000e+01 2.075958e+01 2.057891e+01
2.084500e+01 2.094000e+01 2.075958e+01 2.057891e+01 2.085500e+01 2.094000e+01 2.074809e+01 2.058115e+01
2.085500e+01 2.094000e+01 2.074809e+01 2.058115e+01 2.086500e+01 2.094000e+01 2.073709e+01 2.058392e+01
2.087000e+01 2.093500e+01 2.073024e+01 2.058587e+01 2.086500e+01 2.094000e+01 2.073709e+01 2.058392e+01
2.125000e+01 2.093500e+01 2.077823e+01 2.077453e+01 2.125000e+01 2.094500e+01 2.078217e+01 2.077635e+01
2.038000e+01 2.094500e+01 2.084172e+01 2.076635e+01 2.038000e+01 2.095500e+01 2.083820e+01 2.076771e+01
2.078000e+01 2.094500e+01 2.083849e+01 2.057886e+01 2.078500e+01 2.095000e+01 2.083176e+01 2.057793e+01
2.078500e+01 2.095000e+01 2.083176e+01 2.057793e+01 2.079500e+01 2.095000e+01 2.082001e+01 2.057657e+01
2.079500e+01 2.095000e+01 2.082001e+01 2.057657e+01 2.080500e+01 2.095000e+01 2.080814e+01 2.057582e+01
2.080500e+01 2.095000e+01 2.080814e+01 2.057582e+01 2.081500e+01 2.095000e+01 2.079626e+01 2.057567e+01
2.081500e+01 2.095000e+01 2.079626e+01 2.057567e+01 2.082500e+01 2.095000e+01 2.078446e+01 2.057612e+01
2.083000e+01 2.094500e+01 2.077812e+01 2.057650e+01 2.082500e+01 2.095000e+01 2.078446e+01 2.057612e+01
2.124500e+01 2.095000e+01 2.077978e+01 2.077533e+01 2.124000e+01 2.095500e+01 2.077753e+01 2.077422e+01
2.125000e+01 2.094500e+01 2.078217e+01 2.077635e+01 2.124500e+01 2.095000e+01 2.077978e+01 2.077533e+01
2.038000e+01 2.095500e+01 2.083820e+01 2.076771e+01 2.038000e+01 2.096500e+01 2.083458e+01 2.076928e+01
2.124000e+01 2.095500e+01 2.077753e+01 2.077422e+01 2.124000e+01 2.096500e+01 2.078180e+01 2.077636e+01
2.038000e+01 2.096500e+01 2.083458e+01 2.076928e+01 2.038500e+01 2.097000e+01 2.083691e+01 2.076831e+01
2.038500e+01 2.097000e+01 2.083691e+01 2.076831e+01 2.039000e+01 2.097500e+01 2.083906e+01 2.076722e+01
2.123500e+01 2.097000e+01 2.077975e+01 2.077535e+01 2.123000e+01 2.097500e+01 2.077786e+01 2.077426e+01
2.124000e+01 2.096500e+01 2.078180e+01 2.077636e+01 2.123500e+01 2.097000e+01 2.077975e+01 2.077535e+01
2.039000e+01 2.097500e+01 2.083906e+01 2.076722e+01 2.039000e+01 2.098500e+01 2.083511e+01 2.076913e+01
2.123000e+01 2.097500e+01 2.077786e+01 2.077426e+01 2.123000e+01 2.098500e+01 2.078242e+01 2.077677e+01
2.039000e+01 2.098500e+01 2.083511e+01 2.076913e+01 2.039000e+01 2.099500e+01 2.083101e+01 2.077126e+01
2.122500e+01 2.099000e+01 2.078071e+01 2.077582e+01 2.122000e+01 2.099500e+01 2.077915e+01 2.077479e+01
2.123000e+01 2.098500e+01 2.078242e+01 2.077677e+01 2.122500e+01 2.099000e+01 2.078071e+01 2.077582e+01
2.039000e+01 2.099500e+01 2.083101e+01 2.077126e+01 2.039500e+01 2.100000e+01 2.083287e+01 2.077037e+01
2.039500e+01 2.100000e+01 2.083287e+01 2.077037e+01 2.040000e+01 2.100500e+01 2.083459e+01 2.076940e+01
2.122000e+01 2.099500e+01 2.077915e+01 2.077479e+01 2.122000e+01 2.100500e+01 2.078397e+01 2.077772e+01
2.040000e+01 2.100500e+01 2.083459e+01 2.076940e+01 2.040000e+01 2.101500e+01 2.083022e+01 2.077192e+01
2.121500e+01 2.101000e+01 2.078257e+01 2.077686e+01 2.121000e+01 2.101500e+01 2.078133e+01 2.077593e+01
2.122000e+01 2.100500e+01 2.078397e+01 2.077772e+01 2.121500e+01 2.101000e+01 2.078257e+01 2.077686e+01
2.040000e+01 2.101500e+01 2.083022e+01 2.077192e+01 2.040500e+01 2.102000e+01 2.083173e+01 2.077111e+01
2.040500e+01 2.102000e+01 2.083173e+01 2.077111e+01 2.041000e+01 2.102500e+01 2.083310e+01 2.077022e+01
2.121000e+01 2.101500e+01 2.078133e+01 2.077593e+01 2.121000e+01 2.102500e+01 2.078641e+01 2.077933e+01
2.041000e+01 2.102500e+01 2.083310e+01 2.077022e+01 2.041000e+01 2.103500e+01 2.082850e+01 2.077319e+01
2.120500e+01 2.103000e+01 2.078530e+01 2.077860e+01 2.120000e+01 2.103500e+01 2.078432e+01 2.077780e+01
2.121000e+01 2.102500e+01 2.078641e+01 2.077933e+01 2.120500e+01 2.103000e+01 2.078530e+01 2.077860e+01
2.041000e+01 2.103500e+01 2.082850e+01 2.077319e+01 2.041500e+01 2.104000e+01 2.082969e+01 2.077249e+01
2.041500e+01 2.104000e+01 2.082969e+01 2.077249e+01 2.042000e+01 2.104500e+01 2.083070e+01 2.077173e+01
2.120000e+01 2.103500e+01 2.078432e+01 2.077780e+01 2.120000e+01 2.104500e+01 2.078957e+01 2.078168e+01
2.042000e+01 2.104500e+01 2.083070e+01 2.077173e+01 2.042000e+01 2.105500e+01 2.082594e+01 2.077519e+01
2.119500e+01 2.105000e+01 2.078874e+01 2.078111e+01 2.119000e+01 2.105500e+01 2.078807e+01 2.078051e+01
2.120000e+01 2.104500e+01 2.078957e+01 2.078168e+01 2.119500e+01 2.105000e+01 2.078874e+01 2.078111e+01
2.042000e+01 2.105500e+01 2.082594e+01 2.077519e+01 2.042500e+01 2.106000e+01 2.082684e+01 2.077465e+01
2.042500e+01 2.106000e+01 2.082684e+01 2.077465e+01 2.043000e+01 2.106500e+01 2.082755e+01 2.077406e+01
2.119000e+01 2.105500e+01 2.078807e+01 2.078051e+01 2.119000e+01 2.106500e+01 2.079340e+01 2.078487e+01
2.043000e+01 2.106500e+01 2.082755e+01 2.077406e+01 2.043500e+01 2.107000e+01 2.082822e+01 2.077359e+01
2.043500e+01 2.107000e+01 2.082822e+01 2.077359e+01 2.044000e+01 2.107500e+01 2.082872e+01 2.077309e+01
2.118500e+01 2.107000e+01 2.079281e+01 2.078450e+01 2.118000e+01 2.107500e+01 2.079239e+01 2.078410e+01
2.119000e+01 2.106500e+01 2.079340e+01 2.078487e+01 2.118500e+01 2.107000e+01 2.079281e+01 2.078450e+01
2.044000e+01 2.107500e+01 2.082872e+01 2.077309e+01 2.044000e+01 2.108500e+01 2.082374e+01 2.077730e+01
2.117500e+01 2.108000e+01 2.079199e+01 2.078383e+01 2.117000e+01 2.108500e+01 2.079175e+01 2.078354e+01
2.118000e+01 2.107500e+01 2.079239e+01 2.078410e+01 2.117500e+01 2.108000e+01 2.079199e+01 2.078383e+01
2.044000e+01 2.108500e+01 2.082374e+01 2.077730e+01 2.044500e+01 2.109000e+01 2.082416e+01 2.077706e+01
2.044500e+01 2.109000e+01 2.082416e+01 2.077706e+01 2.045000e+01 2.109500e+01 2.082441e+01 2.077679e+01
2.116500e+01 2.109000e+01 2.079154e+01 2.078338e+01 2.116000e+01 2.109500e+01 2.079148e+01 2.078320e+01
2.117000e+01 2.108500e+01 2.079175e+01 2.078354e+01 2.116500e+01 2.109000e+01 2.079154e+01 2.078338e+01
2.045000e+01 2.109500e+01 2.082441e+01 2.077679e+01 2.045500e+01 2.110000e+01 2.082464e+01 2.077665e+01
2.045500e+01 2.110000e+01 2.082464e+01 2.077665e+01 2.046000e+01 2.110500e+01 2.082469e+01 2.077650e+01
2.116000e+01 2.109500e+01 2.079148e+01 2.078320e+01 2.116000e+01 2.110500e+01 2.079698e+01 2.078861e+01
2.046000e+01 2.110500e+01 2.082469e+01 2.077650e+01 2.046500e+01 2.111000e+01 2.082474e+01 2.077650e+01
2.046500e+01 2.111000e+01 2.082474e+01 2.077650e+01 2.047000e+01 2.111500e+01 2.082461e+01 2.077648e+01
2.115500e+01 2.111000e+01 2.079694e+01 2.078871e+01 2.115000e+01 2.111500e+01 2.079706e+01 2.078881e+01
2.116000e+01 2.110500e+01 2.079698e+01 2.078861e+01 2.115500e+01 2.111000e+01 2.079694e+01 2.078871e+01
2.047000e+01 2.111500e+01 2.082461e+01 2.077648e+01 2.047000e+01 2.112500e+01 2.081954e+01 2.078183e+01
2.114500e+01 2.112000e+01 2.079718e+01 2.078905e+01 2.114000e+01 2.112500e+01 2.079745e+01 2.078929e+01
2.115000e+01 2.111500e+01 2.079706e+01 2.078881e+01 2.114500e+01 2.112000e+01 2.079718e+01 2.078905e+01
2.047000e+01 2.112500e+01 2.081954e+01 2.078183e+01 2.047500e+01 2.113000e+01 2.081941e+01 2.078212e+01
2.047500e+01 2.113000e+01 2.081941e+01 2.078212e+01 2.048000e+01 2.113500e+01 2.081913e+01 2.078241e+01
2.113500e+01 2.113000e+01 2.079771e+01 2.078968e+01 2.113000e+01 2.113500e+01 2.079811e+01 2.079008e+01
2.114000e+01 2.112500e+01 2.079745e+01 2.078929e+01 2.113500e+01 2.113000e+01 2.079771e+01 2.078968e+01
2.048000e+01 2.113500e+01 2.081913e+01 2.078241e+01 2.048500e+01 2.114000e+01 2.081886e+01 2.078286e+01
2.048500e+01 2.114000e+01 2.081886e+01 2.078286e+01 2.049000e+01 2.114500e+01 2.081843e+01 2.078332e+01
2.112500e+01 2.114000e+01 2.079850e+01 2.079063e+01 2.112000e+01 2.114500e+01 2.079903e+01 2.079121e+01
2.113000e+01 2.113500e+01 2.079811e+01 2.079008e+01 2.112500e+01 2.114000e+01 2.079850e+01 2.079063e+01
2.049000e+01 2.114500e+01 2.081843e+01 2.078332e+01 2.049500e+01 2.115000e+01 2.081803e+01 2.078394e+01
2.049500e+01 2.115000e+01 2.081803e+01 2.078394e+01 2.050000e+01 2.115500e+01 2.081748e+01 2.078459e+01
2.111500e+01 2.115000e+01 2.079953e+01 2.079193e+01 2.111000e+01 2.115500e+01 2.080017e+01 2.079268e+01
2.112000e+01 2.114500e+01 2.079903e+01 2.079121e+01 2.111500e+01 2.115000e+01 2.079953e+01 2.079193e+01
2.050000e+01 2.115500e+01 2.081748e+01 2.078459e+01 2.050500e+01 2.116000e+01 2.081696e+01 2.078539e+01
2.050500e+01 2.116000e+01 2.081696e+01 2.078539e+01 2.051000e+01 2.116500e+01 2.081630e+01 2.078623e+01
2.110500e+01 2.116000e+01 2.080077e+01 2.079358e+01 2.110000e+01 2.116500e+01 2.080150e+01 2.079452e+01
2.111000e+01 2.115500e+01 2.080017e+01 2.079268e+01 2.110500e+01 2.116000e+01 2.080077e+01 2.079358e+01
2.051000e+01 2.116500e+01 2.081630e+01 2.078623e+01 2.051500e+01 2.117000e+01 2.081569e+01 2.078723e+01
2.051500e+01 2.117000e+01 2.081569e+01 2.078723e+01 2.052000e+01 2.117500e+01 2.081494e+01 2.078828e+01
2.109500e+01 2.117000e+01 2.080219e+01 2.079561e+01 2.109000e+01 2.117500e+01 2.080300e+01 2.079674e+01
2.110000e+01 2.116500e+01 2.080150e+01 2.079452e+01 2.109500e+01 2.117000e+01 2.080219e+01 2.079561e+01
2.052000e+01 2.117500e+01 2.081494e+01 2.078828e+01 2.052500e+01 2.118000e+01 2.081424e+01 2.078948e+01
2.052500e+01 2.118000e+01 2.081424e+01 2.078948e+01 2.053500e+01 2.118000e+01 2.081731e+01 2.078477e+01
2.053500e+01 2.118000e+01 2.081731e+01 2.078477e+01 2.054000e+01 2.118500e+01 2.081636e+01 2.078608e+01
2.107500e+01 2.118000e+01 2.080043e+01 2.079294e+01 2.107000e+01 2.118500e+01 2.080142e+01 2.079434e+01
2.107500e+01 2.118000e+01 2.080043e+01 2.079294e+01 2.108500e+01 2.118000e+01 2.080376e+01 2.079802e+01
2.109000e+01 2.117500e+01 2.080300e+01 2.079674e+01 2.108500e+01 2.118000e+01 2.080376e+01 2.079802e+01
2.054000e+01 2.118500e+01 2.081636e+01 2.078608e+01 2.054500e+01 2.119000e+01 2.081548e+01 2.078756e+01
2.054500e+01 2.119000e+01 2.081548e+01 2.078756e+01 2.055000e+01 2.119500e+01 2.081449e+01 2.078910e+01
2.106500e+01 2.119000e+01 2.080235e+01 2.079588e+01 2.106000e+01 2.119500e+01 2.080338e+01 2.079749e+01
2.107000e+01 2.118500e+01 2.080142e+01 2.079434e+01 2.106500e+01 2.119000e+01 2.080235e+01 2.079588e+01
2.055000e+01 2.119500e+01 2.081449e+01 2.078910e+01 2.055500e+01 2.120000e+01 2.081357e+01 2.079081e+01
2.055500e+01 2.120000e+01 2.081357e+01 2.079081e+01 2.056000e+01 2.120500e+01 2.081256e+01 2.079258e+01
2.105500e+01 2.120000e+01 2.080434e+01 2.079925e+01 2.105000e+01 2.120500e+01 2.080539e+01 2.080107e+01
2.106000e+01 2.119500e+01 2.080338e+01 2.079749e+01 2.105500e+01 2.120000e+01 2.080434e+01 2.079925e+01
2.056000e+01 2.120500e+01 2.081256e+01 2.079258e+01 2.056500e+01 2.121000e+01 2.081162e+01 2.079451e+01
2.056500e+01 2.121000e+01 2.081162e+01 2.079451e+01 2.057500e+01 2.121000e+01 2.081378e+01 2.079029e+01
2.057500e+01 2.121000e+01 2.081378e+01 2.079029e+01 2.058000e+01 2.121500e+01 2.081266e+01 2.079239e+01
2.103500e+01 2.121000e+01 2.080391e+01 2.079845e+01 2.103000e+01 2.121500e+01 2.080506e+01 2.080058e+01
2.103500e+01 2.121000e+01 2.080391e+01 2.079845e+01 2.104500e+01 2.121000e+01 2.080637e+01 2.080304e+01
2.105000e+01 2.120500e+01 2.080539e+01 2.080107e+01 2.104500e+01 2.121000e+01 2.080637e+01 2.080304e+01
2.058000e+01 2.121500e+01 2.081266e+01 2.079239e+01 2.058500e+01 2.122000e+01 2.081164e+01 2.079465e+01
2.058500e+01 2.122000e+01 2.081164e+01 2.079465e+01 2.059000e+01 2.122500e+01 2.081054e+01 2.079699e+01
2.101500e+01 2.122000e+01 2.080406e+01 2.079852e+01 2.101000e+01 2.122500e+01 2.080527e+01 2.080097e+01
2.101500e+01 2.122000e+01 2.080406e+01 2.079852e+01 2.102500e+01 2.122000e+01 2.080612e+01 2.080284e+01
2.103000e+01 2.121500e+01 2.080506e+01 2.080058e+01 2.102500e+01 2.122000e+01 2.080612e+01 2.080284e+01
2.059000e+01 2.122500e+01 2.081054e+01 2.079699e+01 2.059500e+01 2.123000e+01 2.080954e+01 2.079948e+01
2.059500e+01 2.123000e+01 2.080954e+01 2.079948e+01 2.060500e+01 2.123000e+01 2.081116e+01 2.079573e+01
2.060500e+01 2.123000e+01 2.081116e+01 2.079573e+01 2.061000e+01 2.123500e+01 2.081004e+01 2.079842e+01
2.099500e+01 2.123000e+01 2.080468e+01 2.079953e+01 2.099000e+01 2.123500e+01 2.080589e+01 2.080230e+01
2.099500e+01 2.123000e+01 2.080468e+01 2.079953e+01 2.100500e+01 2.123000e+01 2.080637e+01 2.080354e+01
2.101000e+01 2.122500e+01 2.080527e+01 2.080097e+01 2.100500e+01 2.123000e+01 2.080637e+01 2.080354e+01
2.061000e+01 2.123500e+01 2.081004e+01 2.079842e+01 2.061500e+01 2.124000e+01 2.080902e+01 2.080125e+01
2.061500e+01 2.124000e+01 2.080902e+01 2.080125e+01 2.062500e+01 2.124000e+01 2.081032e+01 2.079784e+01
2.062500e+01 2.124000e+01 2.081032e+01 2.079784e+01 2.063000e+01 2.124500e+01 2.080922e+01 2.080088e+01
2.097500e+01 2.124000e+01 2.080562e+01 2.080152e+01 2.097000e+01 2.124500e+01 2.080681e+01 2.080463e+01
2.097500e+01 2.124000e+01 2.080562e+01 2.080152e+01 2.098500e+01 2.124000e+01 2.080700e+01 2.080520e+01
2.099000e+01 2.123500e+01 2.080589e+01 2.080230e+01 2.098500e+01 2.124000e+01 2.080700e+01 2.080520e+01
2.063000e+01 2.124500e+01 2.080922e+01 2.080088e+01 2.063500e+01 2.125000e+01 2.080823e+01 2.080406e+01
2.063500e+01 2.125000e+01 2.080823e+01 2.080406e+01 2.064500e+01 2.125000e+01 2.080926e+01 2.080101e+01
2.064500e+01 2.125000e+01 2.080926e+01 2.080101e+01 2.065500e+01 2.125000e+01 2.081010e+01 2.079810e+01
2.065500e+01 2.125000e+01 2.081010e+01 2.079810e+01 2.066000e+01 2.125500e+01 2.080906e+01 2.080163e+01
2.094500e+01 2.125000e+01 2.080584e+01 2.080137e+01 2.094000e+01 2.125500e+01 2.080697e+01 2.080492e+01
2.094500e+01 2.125000e+01 2.080584e+01 2.080137e+01 2.095500e+01 2.125000e+01 2.080677e+01 2.080453e+01
2.095500e+01 2.125000e+01 2.080677e+01 2.080453e+01 2.096500e+01 2.125000e+01 2.080789e+01 2.080785e+01
2.097000e+01 2.124500e+01 2.080681e+01 2.080463e+01 2.096500e+01 2.125000e+01 2.080789e+01 2.080785e+01
2.066000e+01 2.125500e+01 2.080906e+01 2.080163e+01 2.066500e+01 2.126000e+01 2.080814e+01 2.080527e+01
2.066500e+01 2.126000e+01 2.080814e+01 2.080527e+01 2.067500e+01 2.126000e+01 2.080880e+01 2.080277e+01
2.067500e+01 2.126000e+01 2.080880e+01 2.080277e+01 2.068500e+01 2.126000e+01 2.080930e+01 2.080044e+01
2.068500e+01 2.126000e+01 2.080930e+01 2.080044e+01 2.069000e+01 2.126500e+01 2.080841e+01 2.080445e+01
2.091500e+01 2.126000e+01 2.080664e+01 2.080322e+01 2.091000e+01 2.126500e+01 2.080763e+01 2.080722e+01
2.091500e+01 2.126000e+01 2.080664e+01 2.080322e+01 2.092500e+01 2.126000e+01 2.080723e+01 2.080581e+01
2.092500e+01 2.126000e+01 2.080723e+01 2.080581e+01 2.093500e+01 2.126000e+01 2.080798e+01 2.080858e+01
2.094000e+01 2.125500e+01 2.080697e+01 2.080492e+01 2.093500e+01 2.126000e+01 2.080798e+01 2.080858e+01
2.069000e+01 2.126500e+01 2.080841e+01 2.080445e+01 2.069500e+01 2.127000e+01 2.080763e+01 2.080856e+01
2.069500e+01 2.127000e+01 2.080763e+01 2.080856e+01 2.070500e+01 2.127000e+01 2.080804e+01 2.080666e+01
2.070500e+01 2.127000e+01 2.080804e+01 2.080666e+01 2.071500e+01 2.127000e+01 2.080834e+01 2.080493e+01
2.071500e+01 2.127000e+01 2.080834e+01 2.080493e+01 2.072500e+01 2.127000e+01 2.080853e+01 2.080340e+01
2.072500e+01 2.127000e+01 2.080853e+01 2.080340e+01 2.073500e+01 2.127000e+01 2.080862e+01 2.080207e+01
2.073500e+01 2.127000e+01 2.080862e+01 2.080207e+01 2.074000e+01 2.127500e+01 2.080806e+01 2.080680e+01
2.086500e+01 2.127000e+01 2.080724e+01 2.080374e+01 2.086000e+01 2.127500e+01 2.080790e+01 2.080841e+01
2.086500e+01 2.127000e+01 2.080724e+01 2.080374e+01 2.087500e+01 2.127000e+01 2.080739e+01 2.080534e+01
2.087500e+01 2.127000e+01 2.080739e+01 2.080534e+01 2.088500e+01 2.127000e+01 2.080764e+01 2.080714e+01
2.088500e+01 2.127000e+01 2.080764e+01 2.080714e+01 2.089500e+01 2.127000e+01 2.080801e+01 2.080913e+01
2.089500e+01 2.127000e+01 2.080801e+01 2.080913e+01 2.090500e+01 2.127000e+01 2.080850e+01 2.081131e+01
2.091000e+01 2.126500e+01 2.080763e+01 2.080722e+01 2.090500e+01 2.127000e+01 2.080850e+01 2.081131e+01
2.074000e+01 2.127500e+01 2.080806e+01 2.080680e+01 2.074500e+01 2.128000e+01 2.080763e+01 2.081162e+01
2.074500e+01 2.128000e+01 2.080763e+01 2.081162e+01 2.075500e+01 2.128000e+01 2.080778e+01 2.081073e+01
2.075500e+01 2.128000e+01 2.080778e+01 2.081073e+01 2.076500e+01 2.128000e+01 2.080787e+01 2.081004e+01
2.076500e+01 2.128000e+01 2.080787e+01 2.081004e+01 2.077500e+01 2.128000e+01 2.080793e+01 2.080955e+01
2.077500e+01 2.128000e+01 2.080793e+01 2.080955e+01 2.078500e+01 2.128000e+01 2.080795e+01 2.080927e+01
2.078500e+01 2.128000e+01 2.080795e+01 2.080927e+01 2.079500e+01 2.128000e+01 2.080797e+01 2.080920e+01
2.079500e+01 2.128000e+01 2.080797e+01 2.080920e+01 2.080500e+01 2.128000e+01 2.080798e+01 2.080934e+01
2.080500e+01 2.128000e+01 2.080798e+01 2.080934e+01 2.081500e+01 2.128000e+01 2.080800e+01 2.080969e+01
2.081500e+01 2.128000e+01 2.080800e+01 2.080969e+01 2.082500e+01 2.128000e+01 2.080805e+01 2.081025e+01
2.082500e+01 2.128000e+01 2.080805e+01 2.081025e+01 2.083500e+01 2.128000e+01 2.080813e+01 2.081101e+01
2.083500e+01 2.128000e+01 2.080813e+01 2.081101e+01 2.084500e+01 2.128000e+01 2.080826e+01 2.081198e+01
2.084500e+01 2.128000e+01 2.080826e+01 2.081198e+01 2.085500e+01 2.128000e+01 2.080845e+01 2.081315e+01
2.086000e+01 2.127500e+01 2.080790e+01 2.080841e+01 2.085500e+01 2.128000e+01 2.080845e+01 2.081315e+01
