2.077500e+01 2.025000e+01 2.080301e+01 2.073635e+01 2.077000e+01 2.025500e+01 2.080356e+01 2.074170e+01
2.077500e+01 2.025000e+01 2.080301e+01 2.073635e+01 2.078500e+01 2.025000e+01 2.080323e+01 2.073751e+01
2.078500e+01 2.025000e+01 2.080323e+01 2.073751e+01 2.079500e+01 2.025000e+01 2.080338e+01 2.073844e+01
2.079500e+01 2.025000e+01 2.080338e+01 2.073844e+01 2.080500e+01 2.025000e+01 2.080349e+01 2.073915e+01
2.080500e+01 2.025000e+01 2.080349e+01 2.073915e+01 2.081500e+01 2.025000e+01 2.080356e+01 2.073963e+01
2.081500e+01 2.025000e+01 2.080356e+01 2.073963e+01 2.082500e+01 2.025000e+01 2.080362e+01 2.073987e+01
2.082500e+01 2.025000e+01 2.080362e+01 2.073987e+01 2.083500e+01 2.025000e+01 2.080367e+01 2.073989e+01
2.083500e+01 2.025000e+01 2.080367e+01 2.073989e+01 2.084500e+01 2.025000e+01 2.080374e+01 2.073968e+01
2.084500e+01 2.025000e+01 2.080374e+01 2.073968e+01 2.085500e+01 2.025000e+01 2.080383e+01 2.073923e+01
2.085500e+01 2.025000e+01 2.080383e+01 2.073923e+01 2.086500e+01 2.025000e+01 2.080395e+01 2.073856e+01
2.086500e+01 2.025000e+01 2.080395e+01 2.073856e+01 2.087000e+01 2.025500e+01 2.080359e+01 2.074413e+01
2.072500e+01 2.026000e+01 2.080297e+01 2.073911e+01 2.072000e+01 2.026500e+01 2.080390e+01 2.074375e+01
2.072500e+01 2.026000e+01 2.080297e+01 2.073911e+01 2.073500e+01 2.026000e+01 2.080346e+01 2.074140e+01
2.073500e+01 2.026000e+01 2.080346e+01 2.074140e+01 2.074500e+01 2.026000e+01 2.080383e+01 2.074347e+01
2.074500e+01 2.026000e+01 2.080383e+01 2.074347e+01 2.075500e+01 2.026000e+01 2.080408e+01 2.074533e+01
2.075500e+01 2.026000e+01 2.080408e+01 2.074533e+01 2.076500e+01 2.026000e+01 2.080424e+01 2.074696e+01
2.077000e+01 2.025500e+01 2.080356e+01 2.074170e+01 2.076500e+01 2.026000e+01 2.080424e+01 2.074696e+01
2.087000e+01 2.025500e+01 2.080359e+01 2.074413e+01 2.087500e+01 2.026000e+01 2.080310e+01 2.074959e+01
2.087500e+01 2.026000e+01 2.080310e+01 2.074959e+01 2.088500e+01 2.026000e+01 2.080312e+01 2.074843e+01
2.088500e+01 2.026000e+01 2.080312e+01 2.074843e+01 2.089500e+01 2.026000e+01 2.080322e+01 2.074705e+01
2.089500e+01 2.026000e+01 2.080322e+01 2.074705e+01 2.090500e+01 2.026000e+01 2.080342e+01 2.074544e+01
2.090500e+01 2.026000e+01 2.080342e+01 2.074544e+01 2.091500e+01 2.026000e+01 2.080373e+01 2.074362e+01
2.091500e+01 2.026000e+01 2.080373e+01 2.074362e+01 2.092500e+01 2.026000e+01 2.080416e+01 2.074160e+01
2.092500e+01 2.026000e+01 2.080416e+01 2.074160e+01 2.093000e+01 2.026500e+01 2.080332e+01 2.074626e+01
2.068500e+01 2.027000e+01 2.080269e+01 2.073944e+01 2.068000e+01 2.027500e+01 2.080379e+01 2.074346e+01
2.068500e+01 2.027000e+01 2.080269e+01 2.073944e+01 2.069500e+01 2.027000e+01 2.080362e+01 2.074258e+01
2.069500e+01 2.027000e+01 2.080362e+01 2.074258e+01 2.070500e+01 2.027000e+01 2.080437e+01 2.074552e+01
2.070500e+01 2.027000e+01 2.080437e+01 2.074552e+01 2.071500e+01 2.027000e+01 2.080495e+01 2.074827e+01
2.072000e+01 2.026500e+01 2.080390e+01 2.074375e+01 2.071500e+01 2.027000e+01 2.080495e+01 2.074827e+01
2.093000e+01 2.026500e+01 2.080332e+01 2.074626e+01 2.093500e+01 2.027000e+01 2.080235e+01 2.075079e+01
2.093500e+01 2.027000e+01 2.080235e+01 2.075079e+01 2.094500e+01 2.027000e+01 2.080286e+01 2.074829e+01
2.094500e+01 2.027000e+01 2.080286e+01 2.074829e+01 2.095500e+01 2.027000e+01 2.080354e+01 2.074559e+01
2.095500e+01 2.027000e+01 2.080354e+01 2.074559e+01 2.096000e+01 2.027500e+01 2.080252e+01 2.074973e+01
2.066500e+01 2.028000e+01 2.080388e+01 2.074380e+01 2.066000e+01 2.028500e+01 2.080507e+01 2.074744e+01
2.066500e+01 2.028000e+01 2.080388e+01 2.074380e+01 2.067500e+01 2.028000e+01 2.080502e+01 2.074736e+01
2.068000e+01 2.027500e+01 2.080379e+01 2.074346e+01 2.067500e+01 2.028000e+01 2.080502e+01 2.074736e+01
2.096000e+01 2.027500e+01 2.080252e+01 2.074973e+01 2.096500e+01 2.028000e+01 2.080138e+01 2.075372e+01
2.096500e+01 2.028000e+01 2.080138e+01 2.075372e+01 2.097500e+01 2.028000e+01 2.080223e+01 2.075058e+01
2.097500e+01 2.028000e+01 2.080223e+01 2.075058e+01 2.098500e+01 2.028000e+01 2.080329e+01 2.074727e+01
2.098500e+01 2.028000e+01 2.080329e+01 2.074727e+01 2.099000e+01 2.028500e+01 2.080218e+01 2.075088e+01
2.063500e+01 2.029000e+01 2.080334e+01 2.074287e+01 2.063000e+01 2.029500e+01 2.080454e+01 2.074603e+01
2.063500e+01 2.029000e+01 2.080334e+01 2.074287e+01 2.064500e+01 2.029000e+01 2.080498e+01 2.074699e+01
2.064500e+01 2.029000e+01 2.080498e+01 2.074699e+01 2.065500e+01 2.029000e+01 2.080639e+01 2.075096e+01
2.066000e+01 2.028500e+01 2.080507e+01 2.074744e+01 2.065500e+01 2.029000e+01 2.080639e+01 2.075096e+01
2.099000e+01 2.028500e+01 2.080218e+01 2.075088e+01 2.099500e+01 2.029000e+01 2.080095e+01 2.075434e+01
2.099500e+01 2.029000e+01 2.080095e+01 2.075434e+01 2.100500e+01 2.029000e+01 2.080228e+01 2.075061e+01
2.100500e+01 2.029000e+01 2.080228e+01 2.075061e+01 2.101000e+01 2.029500e+01 2.080113e+01 2.075383e+01
2.061500e+01 2.030000e+01 2.080386e+01 2.074457e+01 2.061000e+01 2.030500e+01 2.080505e+01 2.074738e+01
2.061500e+01 2.030000e+01 2.080386e+01 2.074457e+01 2.062500e+01 2.030000e+01 2.080585e+01 2.074906e+01
2.063000e+01 2.029500e+01 2.080454e+01 2.074603e+01 2.062500e+01 2.030000e+01 2.080585e+01 2.074906e+01
2.101000e+01 2.029500e+01 2.080113e+01 2.075383e+01 2.101500e+01 2.030000e+01 2.079986e+01 2.075689e+01
2.101500e+01 2.030000e+01 2.079986e+01 2.075689e+01 2.102500e+01 2.030000e+01 2.080152e+01 2.075279e+01
2.102500e+01 2.030000e+01 2.080152e+01 2.075279e+01 2.103000e+01 2.030500e+01 2.080037e+01 2.075563e+01
2.060500e+01 2.031000e+01 2.080634e+01 2.075005e+01 2.060000e+01 2.031500e+01 2.080755e+01 2.075261e+01
2.061000e+01 2.030500e+01 2.080505e+01 2.074738e+01 2.060500e+01 2.031000e+01 2.080634e+01 2.075005e+01
2.103000e+01 2.030500e+01 2.080037e+01 2.075563e+01 2.103500e+01 2.031000e+01 2.079911e+01 2.075830e+01
2.103500e+01 2.031000e+01 2.079911e+01 2.075830e+01 2.104500e+01 2.031000e+01 2.080118e+01 2.075385e+01
2.104500e+01 2.031000e+01 2.080118e+01 2.075385e+01 2.105000e+01 2.031500e+01 2.080007e+01 2.075632e+01
2.058500e+01 2.032000e+01 2.080630e+01 2.075001e+01 2.058000e+01 2.032500e+01 2.080744e+01 2.075223e+01
2.058500e+01 2.032000e+01 2.080630e+01 2.075001e+01 2.059500e+01 2.032000e+01 2.080886e+01 2.075502e+01
2.060000e+01 2.031500e+01 2.080755e+01 2.075261e+01 2.059500e+01 2.032000e+01 2.080886e+01 2.075502e+01
2.105000e+01 2.031500e+01 2.080007e+01 2.075632e+01 2.105500e+01 2.032000e+01 2.079887e+01 2.075861e+01
2.105500e+01 2.032000e+01 2.079887e+01 2.075861e+01 2.106000e+01 2.032500e+01 2.079776e+01 2.076081e+01
2.056500e+01 2.033000e+01 2.080562e+01 2.074901e+01 2.056000e+01 2.033500e+01 2.080663e+01 2.075091e+01
2.056500e+01 2.033000e+01 2.080562e+01 2.074901e+01 2.057500e+01 2.033000e+01 2.080866e+01 2.075429e+01
2.058000e+01 2.032500e+01 2.080744e+01 2.075223e+01 2.057500e+01 2.033000e+01 2.080866e+01 2.075429e+01
2.106000e+01 2.032500e+01 2.079776e+01 2.076081e+01 2.106500e+01 2.033000e+01 2.079656e+01 2.076284e+01
2.106500e+01 2.033000e+01 2.079656e+01 2.076284e+01 2.107500e+01 2.033000e+01 2.079928e+01 2.075792e+01
2.107500e+01 2.033000e+01 2.079928e+01 2.075792e+01 2.108000e+01 2.033500e+01 2.079830e+01 2.075978e+01
2.055500e+01 2.034000e+01 2.080772e+01 2.075265e+01 2.055000e+01 2.034500e+01 2.080869e+01 2.075431e+01
2.056000e+01 2.033500e+01 2.080663e+01 2.075091e+01 2.055500e+01 2.034000e+01 2.080772e+01 2.075265e+01
2.108000e+01 2.033500e+01 2.079830e+01 2.075978e+01 2.108500e+01 2.034000e+01 2.079724e+01 2.076146e+01
2.108500e+01 2.034000e+01 2.079724e+01 2.076146e+01 2.109000e+01 2.034500e+01 2.079630e+01 2.076307e+01
2.054500e+01 2.035000e+01 2.080973e+01 2.075581e+01 2.054000e+01 2.035500e+01 2.081065e+01 2.075725e+01
2.055000e+01 2.034500e+01 2.080869e+01 2.075431e+01 2.054500e+01 2.035000e+01 2.080973e+01 2.075581e+01
2.109000e+01 2.034500e+01 2.079630e+01 2.076307e+01 2.109500e+01 2.035000e+01 2.079529e+01 2.076450e+01
2.109500e+01 2.035000e+01 2.079529e+01 2.076450e+01 2.110000e+01 2.035500e+01 2.079441e+01 2.076587e+01
2.053500e+01 2.036000e+01 2.081162e+01 2.075852e+01 2.053000e+01 2.036500e+01 2.081246e+01 2.075973e+01
2.054000e+01 2.035500e+01 2.081065e+01 2.075725e+01 2.053500e+01 2.036000e+01 2.081162e+01 2.075852e+01
2.110000e+01 2.035500e+01 2.079441e+01 2.076587e+01 2.110500e+01 2.036000e+01 2.079347e+01 2.076706e+01
2.110500e+01 2.036000e+01 2.079347e+01 2.076706e+01 2.111500e+01 2.036000e+01 2.079726e+01 2.076167e+01
2.111500e+01 2.036000e+01 2.079726e+01 2.076167e+01 2.112000e+01 2.036500e+01 2.079661e+01 2.076275e+01
2.051500e+01 2.037000e+01 2.080901e+01 2.075493e+01 2.051000e+01 2.037500e+01 2.080961e+01 2.075589e+01
2.051500e+01 2.037000e+01 2.080901e+01 2.075493e+01 2.052500e+01 2.037000e+01 2.081335e+01 2.076078e+01
2.053000e+01 2.036500e+01 2.081246e+01 2.075973e+01 2.052500e+01 2.037000e+01 2.081335e+01 2.076078e+01
2.112000e+01 2.036500e+01 2.079661e+01 2.076275e+01 2.112500e+01 2.037000e+01 2.079592e+01 2.076366e+01
2.112500e+01 2.037000e+01 2.079592e+01 2.076366e+01 2.113000e+01 2.037500e+01 2.079537e+01 2.076453e+01
2.050500e+01 2.038000e+01 2.081025e+01 2.075668e+01 2.050000e+01 2.038500e+01 2.081075e+01 2.075743e+01
2.051000e+01 2.037500e+01 2.080961e+01 2.075589e+01 2.050500e+01 2.038000e+01 2.081025e+01 2.075668e+01
2.113000e+01 2.037500e+01 2.079537e+01 2.076453e+01 2.113500e+01 2.038000e+01 2.079480e+01 2.076522e+01
2.113500e+01 2.038000e+01 2.079480e+01 2.076522e+01 2.114000e+01 2.038500e+01 2.079438e+01 2.076589e+01
2.049500e+01 2.039000e+01 2.081126e+01 2.075803e+01 2.049000e+01 2.039500e+01 2.081163e+01 2.075860e+01
2.050000e+01 2.038500e+01 2.081075e+01 2.075743e+01 2.049500e+01 2.039000e+01 2.081126e+01 2.075803e+01
2.114000e+01 2.038500e+01 2.079438e+01 2.076589e+01 2.114500e+01 2.039000e+01 2.079394e+01 2.076638e+01
2.114500e+01 2.039000e+01 2.079394e+01 2.076638e+01 2.115000e+01 2.039500e+01 2.079367e+01 2.076685e+01
2.048500e+01 2.040000e+01 2.081201e+01 2.075900e+01 2.048000e+01 2.040500e+01 2.081223e+01 2.075939e+01
2.049000e+01 2.039500e+01 2.081163e+01 2.075860e+01 2.048500e+01 2.040000e+01 2.081201e+01 2.075900e+01
2.115000e+01 2.039500e+01 2.079367e+01 2.076685e+01 2.115500e+01 2.040000e+01 2.079338e+01 2.076715e+01
2.115500e+01 2.040000e+01 2.079338e+01 2.076715e+01 2.116000e+01 2.040500e+01 2.079327e+01 2.076744e+01
2.047500e+01 2.041000e+01 2.081245e+01 2.075962e+01 2.047000e+01 2.041500e+01 2.081251e+01 2.075985e+01
2.048000e+01 2.040500e+01 2.081223e+01 2.075939e+01 2.047500e+01 2.041000e+01 2.081245e+01 2.075962e+01
2.116000e+01 2.040500e+01 2.079327e+01 2.076744e+01 2.116000e+01 2.041500e+01 2.078762e+01 2.077334e+01
2.047000e+01 2.041500e+01 2.081251e+01 2.075985e+01 2.047000e+01 2.042500e+01 2.081856e+01 2.076604e+01
2.116000e+01 2.041500e+01 2.078762e+01 2.077334e+01 2.116500e+01 2.042000e+01 2.078751e+01 2.077331e+01
2.116500e+01 2.042000e+01 2.078751e+01 2.077331e+01 2.117000e+01 2.042500e+01 2.078759e+01 2.077328e+01
2.046500e+01 2.043000e+01 2.081861e+01 2.076595e+01 2.046000e+01 2.043500e+01 2.081849e+01 2.076587e+01
2.047000e+01 2.042500e+01 2.081856e+01 2.076604e+01 2.046500e+01 2.043000e+01 2.081861e+01 2.076595e+01
2.117000e+01 2.042500e+01 2.078759e+01 2.077328e+01 2.117500e+01 2.043000e+01 2.078767e+01 2.077308e+01
2.117500e+01 2.043000e+01 2.078767e+01 2.077308e+01 2.118000e+01 2.043500e+01 2.078794e+01 2.077291e+01
2.045500e+01 2.044000e+01 2.081835e+01 2.076564e+01 2.045000e+01 2.044500e+01 2.081804e+01 2.076543e+01
2.046000e+01 2.043500e+01 2.081849e+01 2.076587e+01 2.045500e+01 2.044000e+01 2.081835e+01 2.076564e+01
2.118000e+01 2.043500e+01 2.078794e+01 2.077291e+01 2.118500e+01 2.044000e+01 2.078824e+01 2.077258e+01
2.118500e+01 2.044000e+01 2.078824e+01 2.077258e+01 2.119000e+01 2.044500e+01 2.078873e+01 2.077229e+01
2.044500e+01 2.045000e+01 2.081770e+01 2.076507e+01 2.044000e+01 2.045500e+01 2.081718e+01 2.076474e+01
2.045000e+01 2.044500e+01 2.081804e+01 2.076543e+01 2.044500e+01 2.045000e+01 2.081770e+01 2.076507e+01
2.119000e+01 2.044500e+01 2.078873e+01 2.077229e+01 2.119000e+01 2.045500e+01 2.078320e+01 2.077693e+01
2.044000e+01 2.045500e+01 2.081718e+01 2.076474e+01 2.044000e+01 2.046500e+01 2.082310e+01 2.076972e+01
2.119000e+01 2.045500e+01 2.078320e+01 2.077693e+01 2.119500e+01 2.046000e+01 2.078376e+01 2.077634e+01
2.119500e+01 2.046000e+01 2.078376e+01 2.077634e+01 2.120000e+01 2.046500e+01 2.078452e+01 2.077580e+01
2.043500e+01 2.047000e+01 2.082250e+01 2.076911e+01 2.043000e+01 2.047500e+01 2.082173e+01 2.076855e+01
2.044000e+01 2.046500e+01 2.082310e+01 2.076972e+01 2.043500e+01 2.047000e+01 2.082250e+01 2.076911e+01
2.120000e+01 2.046500e+01 2.078452e+01 2.077580e+01 2.120500e+01 2.047000e+01 2.078533e+01 2.077512e+01
2.120500e+01 2.047000e+01 2.078533e+01 2.077512e+01 2.121000e+01 2.047500e+01 2.078634e+01 2.077450e+01
2.042500e+01 2.048000e+01 2.082090e+01 2.076785e+01 2.042000e+01 2.048500e+01 2.081989e+01 2.076721e+01
2.043000e+01 2.047500e+01 2.082173e+01 2.076855e+01 2.042500e+01 2.048000e+01 2.082090e+01 2.076785e+01
2.121000e+01 2.047500e+01 2.078634e+01 2.077450e+01 2.121000e+01 2.048500e+01 2.078105e+01 2.077829e+01
2.042000e+01 2.048500e+01 2.081989e+01 2.076721e+01 2.042000e+01 2.049500e+01 2.082557e+01 2.077135e+01
2.121000e+01 2.048500e+01 2.078105e+01 2.077829e+01 2.121500e+01 2.049000e+01 2.078219e+01 2.077742e+01
2.121500e+01 2.049000e+01 2.078219e+01 2.077742e+01 2.122000e+01 2.049500e+01 2.078351e+01 2.077662e+01
2.041500e+01 2.050000e+01 2.082444e+01 2.077046e+01 2.041000e+01 2.050500e+01 2.082313e+01 2.076964e+01
2.042000e+01 2.049500e+01 2.082557e+01 2.077135e+01 2.041500e+01 2.050000e+01 2.082444e+01 2.077046e+01
2.122000e+01 2.049500e+01 2.078351e+01 2.077662e+01 2.122000e+01 2.050500e+01 2.077844e+01 2.077987e+01
2.041000e+01 2.050500e+01 2.082313e+01 2.076964e+01 2.041000e+01 2.051500e+01 2.082861e+01 2.077326e+01
2.122000e+01 2.050500e+01 2.077844e+01 2.077987e+01 2.122500e+01 2.051000e+01 2.077993e+01 2.077885e+01
2.122500e+01 2.051000e+01 2.077993e+01 2.077885e+01 2.123000e+01 2.051500e+01 2.078161e+01 2.077792e+01
2.040500e+01 2.052000e+01 2.082715e+01 2.077222e+01 2.040000e+01 2.052500e+01 2.082551e+01 2.077126e+01
2.041000e+01 2.051500e+01 2.082861e+01 2.077326e+01 2.040500e+01 2.052000e+01 2.082715e+01 2.077222e+01
2.123000e+01 2.051500e+01 2.078161e+01 2.077792e+01 2.123000e+01 2.052500e+01 2.077680e+01 2.078067e+01
2.040000e+01 2.052500e+01 2.082551e+01 2.077126e+01 2.040000e+01 2.053500e+01 2.083074e+01 2.077438e+01
2.123000e+01 2.052500e+01 2.077680e+01 2.078067e+01 2.123500e+01 2.053000e+01 2.077867e+01 2.077956e+01
2.123500e+01 2.053000e+01 2.077867e+01 2.077956e+01 2.124000e+01 2.053500e+01 2.078073e+01 2.077854e+01
2.039500e+01 2.054000e+01 2.082893e+01 2.077323e+01 2.039000e+01 2.054500e+01 2.082694e+01 2.077218e+01
2.040000e+01 2.053500e+01 2.083074e+01 2.077438e+01 2.039500e+01 2.054000e+01 2.082893e+01 2.077323e+01
2.124000e+01 2.053500e+01 2.078073e+01 2.077854e+01 2.124000e+01 2.054500e+01 2.077622e+01 2.078085e+01
2.039000e+01 2.054500e+01 2.082694e+01 2.077218e+01 2.039000e+01 2.055500e+01 2.083187e+01 2.077485e+01
2.124000e+01 2.054500e+01 2.077622e+01 2.078085e+01 2.124500e+01 2.055000e+01 2.077849e+01 2.077969e+01
2.124500e+01 2.055000e+01 2.077849e+01 2.077969e+01 2.125000e+01 2.055500e+01 2.078095e+01 2.077863e+01
2.038500e+01 2.056000e+01 2.082968e+01 2.077364e+01 2.038000e+01 2.056500e+01 2.082733e+01 2.077253e+01
2.039000e+01 2.055500e+01 2.083187e+01 2.077485e+01 2.038500e+01 2.056000e+01 2.082968e+01 2.077364e+01
2.125000e+01 2.055500e+01 2.078095e+01 2.077863e+01 2.125000e+01 2.056500e+01 2.077679e+01 2.078056e+01
2.038000e+01 2.056500e+01 2.082733e+01 2.077253e+01 2.038000e+01 2.057500e+01 2.083193e+01 2.077479e+01
2.076500e+01 2.057000e+01 2.086633e+01 2.097400e+01 2.076000e+01 2.057500e+01 2.087277e+01 2.097245e+01
2.076500e+01 2.057000e+01 2.086633e+01 2.097400e+01 2.077500e+01 2.057000e+01 2.085577e+01 2.097631e+01
2.077500e+01 2.057000e+01 2.085577e+01 2.097631e+01 2.078500e+01 2.057000e+01 2.084485e+01 2.097812e+01
2.078500e+01 2.057000e+01 2.084485e+01 2.097812e+01 2.079500e+01 2.057000e+01 2.083363e+01 2.097942e+01
2.079500e+01 2.057000e+01 2.083363e+01 2.097942e+01 2.080500e+01 2.057000e+01 2.082220e+01 2.098019e+01
2.080500e+01 2.057000e+01 2.082220e+01 2.098019e+01 2.081500e+01 2.057000e+01 2.081064e+01 2.098043e+01
2.081500e+01 2.057000e+01 2.081064e+01 2.098043e+01 2.082500e+01 2.057000e+01 2.079904e+01 2.098011e+01
2.082500e+01 2.057000e+01 2.079904e+01 2.098011e+01 2.083500e+01 2.057000e+01 2.078749e+01 2.097926e+01
2.083500e+01 2.057000e+01 2.078749e+01 2.097926e+01 2.084500e+01 2.057000e+01 2.077607e+01 2.097788e+01
2.084500e+01 2.057000e+01 2.077607e+01 2.097788e+01 2.085500e+01 2.057000e+01 2.076487e+01 2.097598e+01
2.085500e+01 2.057000e+01 2.076487e+01 2.097598e+01 2.086500e+01 2.057000e+01 2.075398e+01 2.097359e+01
2.086500e+01 2.057000e+01 2.075398e+01 2.097359e+01 2.087500e+01 2.057000e+01 2.074346e+01 2.097073e+01
2.087500e+01 2.057000e+01 2.074346e+01 2.097073e+01 2.088000e+01 2.057500e+01 2.073677e+01 2.096873e+01
2.125000e+01 2.056500e+01 2.077679e+01 2.078056e+01 2.125000e+01 2.057500e+01 2.077278e+01 2.078224e+01
2.038000e+01 2.057500e+01 2.083193e+01 2.077479e+01 2.038000e+01 2.058500e+01 2.083639e+01 2.077680e+01
2.073500e+01 2.058000e+01 2.089897e+01 2.096361e+01 2.073000e+01 2.058500e+01 2.090539e+01 2.096100e+01
2.073500e+01 2.058000e+01 2.089897e+01 2.096361e+01 2.074500e+01 2.058000e+01 2.088951e+01 2.096726e+01
2.074500e+01 2.058000e+01 2.088951e+01 2.096726e+01 2.075500e+01 2.058000e+01 2.087946e+01 2.097050e+01
2.076000e+01 2.057500e+01 2.087277e+01 2.097245e+01 2.075500e+01 2.058000e+01 2.087946e+01 2.097050e+01
2.088000e+01 2.057500e+01 2.073677e+01 2.096873e+01 2.088500e+01 2.058000e+01 2.072983e+01 2.096630e+01
2.088500e+01 2.058000e+01 2.072983e+01 2.096630e+01 2.089500e+01 2.058000e+01 2.071988e+01 2.096251e+01
2.089500e+01 2.058000e+01 2.071988e+01 2.096251e+01 2.090500e+01 2.058000e+01 2.071051e+01 2.095837e+01
2.090500e+01 2.058000e+01 2.071051e+01 2.095837e+01 2.091000e+01 2.058500e+01 2.070392e+01 2.095527e+01
2.125000e+01 2.057500e+01 2.077278e+01 2.078224e+01 2.125500e+01 2.058000e+01 2.077560e+01 2.078104e+01
2.125500e+01 2.058000e+01 2.077560e+01 2.078104e+01 2.126000e+01 2.058500e+01 2.077858e+01 2.077996e+01
2.037500e+01 2.059000e+01 2.083370e+01 2.077552e+01 2.037000e+01 2.059500e+01 2.083085e+01 2.077437e+01
2.038000e+01 2.058500e+01 2.083639e+01 2.077680e+01 2.037500e+01 2.059000e+01 2.083370e+01 2.077552e+01
2.072500e+01 2.059000e+01 2.091200e+01 2.095798e+01 2.072000e+01 2.059500e+01 2.091842e+01 2.095479e+01
2.073000e+01 2.058500e+01 2.090539e+01 2.096100e+01 2.072500e+01 2.059000e+01 2.091200e+01 2.095798e+01
2.091000e+01 2.058500e+01 2.070392e+01 2.095527e+01 2.091500e+01 2.059000e+01 2.069714e+01 2.095173e+01
2.091500e+01 2.059000e+01 2.069714e+01 2.095173e+01 2.092500e+01 2.059000e+01 2.068883e+01 2.094693e+01
2.092500e+01 2.059000e+01 2.068883e+01 2.094693e+01 2.093000e+01 2.059500e+01 2.068253e+01 2.094309e+01
2.126000e+01 2.058500e+01 2.077858e+01 2.077996e+01 2.126000e+01 2.059500e+01 2.077498e+01 2.078134e+01
2.037000e+01 2.059500e+01 2.083085e+01 2.077437e+01 2.037000e+01 2.060500e+01 2.083492e+01 2.077605e+01
2.070500e+01 2.060000e+01 2.093300e+01 2.094652e+01 2.070000e+01 2.060500e+01 2.093906e+01 2.094265e+01
2.070500e+01 2.060000e+01 2.093300e+01 2.094652e+01 2.071500e+01 2.060000e+01 2.092499e+01 2.095116e+01
2.072000e+01 2.059500e+01 2.091842e+01 2.095479e+01 2.071500e+01 2.060000e+01 2.092499e+01 2.095116e+01
2.093000e+01 2.059500e+01 2.068253e+01 2.094309e+01 2.093500e+01 2.060000e+01 2.067611e+01 2.093882e+01
2.093500e+01 2.060000e+01 2.067611e+01 2.093882e+01 2.094000e+01 2.060500e+01 2.067000e+01 2.093446e+01
2.126000e+01 2.059500e+01 2.077498e+01 2.078134e+01 2.126000e+01 2.060500e+01 2.077155e+01 2.078250e+01
2.037000e+01 2.060500e+01 2.083492e+01 2.077605e+01 2.037000e+01 2.061500e+01 2.083883e+01 2.077750e+01
2.069500e+01 2.061000e+01 2.094521e+01 2.093838e+01 2.069000e+01 2.061500e+01 2.095103e+01 2.093404e+01
2.070000e+01 2.060500e+01 2.093906e+01 2.094265e+01 2.069500e+01 2.061000e+01 2.094521e+01 2.093838e+01
2.094000e+01 2.060500e+01 2.067000e+01 2.093446e+01 2.094500e+01 2.061000e+01 2.066382e+01 2.092970e+01
2.094500e+01 2.061000e+01 2.066382e+01 2.092970e+01 2.095000e+01 2.061500e+01 2.065800e+01 2.092489e+01
2.126000e+01 2.060500e+01 2.077155e+01 2.078250e+01 2.126000e+01 2.061500e+01 2.076831e+01 2.078346e+01
2.036500e+01 2.062000e+01 2.083561e+01 2.077625e+01 2.036000e+01 2.062500e+01 2.083224e+01 2.077512e+01
2.037000e+01 2.061500e+01 2.083883e+01 2.077750e+01 2.036500e+01 2.062000e+01 2.083561e+01 2.077625e+01
2.068500e+01 2.062000e+01 2.095691e+01 2.092932e+01 2.068000e+01 2.062500e+01 2.096243e+01 2.092456e+01
2.069000e+01 2.061500e+01 2.095103e+01 2.093404e+01 2.068500e+01 2.062000e+01 2.095691e+01 2.092932e+01
2.095000e+01 2.061500e+01 2.065800e+01 2.092489e+01 2.095500e+01 2.062000e+01 2.065216e+01 2.091970e+01
2.095500e+01 2.062000e+01 2.065216e+01 2.091970e+01 2.096000e+01 2.062500e+01 2.064670e+01 2.091451e+01
2.126000e+01 2.061500e+01 2.076831e+01 2.078346e+01 2.126500e+01 2.062000e+01 2.077183e+01 2.078232e+01
2.126500e+01 2.062000e+01 2.077183e+01 2.078232e+01 2.127000e+01 2.062500e+01 2.077550e+01 2.078131e+01
2.036000e+01 2.062500e+01 2.083224e+01 2.077512e+01 2.036000e+01 2.063500e+01 2.083572e+01 2.077633e+01
2.067500e+01 2.063000e+01 2.096795e+01 2.091945e+01 2.067000e+01 2.063500e+01 2.097308e+01 2.091436e+01
2.068000e+01 2.062500e+01 2.096243e+01 2.092456e+01 2.067500e+01 2.063000e+01 2.096795e+01 2.091945e+01
2.096000e+01 2.062500e+01 2.064670e+01 2.091451e+01 2.096500e+01 2.063000e+01 2.064128e+01 2.090899e+01
2.096500e+01 2.063000e+01 2.064128e+01 2.090899e+01 2.097000e+01 2.063500e+01 2.063629e+01 2.090351e+01
2.127000e+01 2.062500e+01 2.077550e+01 2.078131e+01 2.127000e+01 2.063500e+01 2.077272e+01 2.078209e+01
2.036000e+01 2.063500e+01 2.083572e+01 2.077633e+01 2.036000e+01 2.064500e+01 2.083900e+01 2.077734e+01
2.066500e+01 2.064000e+01 2.097817e+01 2.090894e+01 2.066000e+01 2.064500e+01 2.098284e+01 2.090359e+01
2.067000e+01 2.063500e+01 2.097308e+01 2.091436e+01 2.066500e+01 2.064000e+01 2.097817e+01 2.090894e+01
2.097000e+01 2.063500e+01 2.063629e+01 2.090351e+01 2.097500e+01 2.064000e+01 2.063136e+01 2.089774e+01
2.097500e+01 2.064000e+01 2.063136e+01 2.089774e+01 2.098000e+01 2.064500e+01 2.062689e+01 2.089206e+01
2.127000e+01 2.063500e+01 2.077272e+01 2.078209e+01 2.127000e+01 2.064500e+01 2.077014e+01 2.078270e+01
2.036000e+01 2.064500e+01 2.083900e+01 2.077734e+01 2.036000e+01 2.065500e+01 2.084208e+01 2.077817e+01
2.065500e+01 2.065000e+01 2.098743e+01 2.089795e+01 2.065000e+01 2.065500e+01 2.099160e+01 2.089241e+01
2.066000e+01 2.064500e+01 2.098284e+01 2.090359e+01 2.065500e+01 2.065000e+01 2.098743e+01 2.089795e+01
2.098000e+01 2.064500e+01 2.062689e+01 2.089206e+01 2.098500e+01 2.065000e+01 2.062253e+01 2.088613e+01
2.098500e+01 2.065000e+01 2.062253e+01 2.088613e+01 2.099000e+01 2.065500e+01 2.061863e+01 2.088035e+01
2.127000e+01 2.064500e+01 2.077014e+01 2.078270e+01 2.127000e+01 2.065500e+01 2.076777e+01 2.078317e+01
2.035500e+01 2.066000e+01 2.083820e+01 2.077706e+01 2.035000e+01 2.066500e+01 2.083418e+01 2.077608e+01
2.036000e+01 2.065500e+01 2.084208e+01 2.077817e+01 2.035500e+01 2.066000e+01 2.083820e+01 2.077706e+01
2.064500e+01 2.066000e+01 2.099564e+01 2.088663e+01 2.064000e+01 2.066500e+01 2.099924e+01 2.088099e+01
2.065000e+01 2.065500e+01 2.099160e+01 2.089241e+01 2.064500e+01 2.066000e+01 2.099564e+01 2.088663e+01
2.099000e+01 2.065500e+01 2.061863e+01 2.088035e+01 2.099000e+01 2.066500e+01 2.061402e+01 2.087299e+01
2.127000e+01 2.065500e+01 2.076777e+01 2.078317e+01 2.127500e+01 2.066000e+01 2.077202e+01 2.078225e+01
2.127500e+01 2.066000e+01 2.077202e+01 2.078225e+01 2.128000e+01 2.066500e+01 2.077639e+01 2.078148e+01
2.035000e+01 2.066500e+01 2.083418e+01 2.077608e+01 2.035000e+01 2.067500e+01 2.083679e+01 2.077678e+01
2.064000e+01 2.066500e+01 2.099924e+01 2.088099e+01 2.064000e+01 2.067500e+01 2.100356e+01 2.087365e+01
2.099000e+01 2.066500e+01 2.061402e+01 2.087299e+01 2.099500e+01 2.067000e+01 2.061046e+01 2.086685e+01
2.099500e+01 2.067000e+01 2.061046e+01 2.086685e+01 2.100000e+01 2.067500e+01 2.060736e+01 2.086090e+01
2.128000e+01 2.066500e+01 2.077639e+01 2.078148e+01 2.128000e+01 2.067500e+01 2.077453e+01 2.078189e+01
2.035000e+01 2.067500e+01 2.083679e+01 2.077678e+01 2.035000e+01 2.068500e+01 2.083918e+01 2.077734e+01
2.063500e+01 2.068000e+01 2.100683e+01 2.086766e+01 2.063000e+01 2.068500e+01 2.100966e+01 2.086186e+01
2.064000e+01 2.067500e+01 2.100356e+01 2.087365e+01 2.063500e+01 2.068000e+01 2.100683e+01 2.086766e+01
2.100000e+01 2.067500e+01 2.060736e+01 2.086090e+01 2.100000e+01 2.068500e+01 2.060346e+01 2.085269e+01
2.128000e+01 2.067500e+01 2.077453e+01 2.078189e+01 2.128000e+01 2.068500e+01 2.077288e+01 2.078220e+01
2.035000e+01 2.068500e+01 2.083918e+01 2.077734e+01 2.035000e+01 2.069500e+01 2.084135e+01 2.077777e+01
2.063000e+01 2.068500e+01 2.100966e+01 2.086186e+01 2.063000e+01 2.069500e+01 2.101327e+01 2.085366e+01
2.100000e+01 2.068500e+01 2.060346e+01 2.085269e+01 2.100500e+01 2.069000e+01 2.060080e+01 2.084658e+01
2.100500e+01 2.069000e+01 2.060080e+01 2.084658e+01 2.101000e+01 2.069500e+01 2.059860e+01 2.084070e+01
2.128000e+01 2.068500e+01 2.077288e+01 2.078220e+01 2.128000e+01 2.069500e+01 2.077147e+01 2.078241e+01
2.035000e+01 2.069500e+01 2.084135e+01 2.077777e+01 2.035000e+01 2.070500e+01 2.084330e+01 2.077807e+01
2.062500e+01 2.070000e+01 2.101568e+01 2.084770e+01 2.062000e+01 2.070500e+01 2.101767e+01 2.084196e+01
2.063000e+01 2.069500e+01 2.101327e+01 2.085366e+01 2.062500e+01 2.070000e+01 2.101568e+01 2.084770e+01
2.101000e+01 2.069500e+01 2.059860e+01 2.084070e+01 2.101000e+01 2.070500e+01 2.059556e+01 2.083196e+01
2.128000e+01 2.069500e+01 2.077147e+01 2.078241e+01 2.128000e+01 2.070500e+01 2.077030e+01 2.078253e+01
2.035000e+01 2.070500e+01 2.084330e+01 2.077807e+01 2.035000e+01 2.071500e+01 2.084505e+01 2.077829e+01
2.062000e+01 2.070500e+01 2.101767e+01 2.084196e+01 2.062000e+01 2.071500e+01 2.102041e+01 2.083320e+01
2.101000e+01 2.070500e+01 2.059556e+01 2.083196e+01 2.101000e+01 2.071500e+01 2.059296e+01 2.082286e+01
2.128000e+01 2.070500e+01 2.077030e+01 2.078253e+01 2.128000e+01 2.071500e+01 2.076936e+01 2.078259e+01
2.035000e+01 2.071500e+01 2.084505e+01 2.077829e+01 2.035000e+01 2.072500e+01 2.084652e+01 2.077839e+01
2.062000e+01 2.071500e+01 2.102041e+01 2.083320e+01 2.062000e+01 2.072500e+01 2.102270e+01 2.082405e+01
2.101000e+01 2.071500e+01 2.059296e+01 2.082286e+01 2.101000e+01 2.072500e+01 2.059080e+01 2.081346e+01
2.128000e+01 2.071500e+01 2.076936e+01 2.078259e+01 2.128000e+01 2.072500e+01 2.076866e+01 2.078260e+01
2.035000e+01 2.072500e+01 2.084652e+01 2.077839e+01 2.035000e+01 2.073500e+01 2.084776e+01 2.077841e+01
2.061500e+01 2.073000e+01 2.102398e+01 2.081841e+01 2.061000e+01 2.073500e+01 2.102484e+01 2.081301e+01
2.062000e+01 2.072500e+01 2.102270e+01 2.082405e+01 2.061500e+01 2.073000e+01 2.102398e+01 2.081841e+01
2.101000e+01 2.072500e+01 2.059080e+01 2.081346e+01 2.101000e+01 2.073500e+01 2.058913e+01 2.080382e+01
2.128000e+01 2.072500e+01 2.076866e+01 2.078260e+01 2.128000e+01 2.073500e+01 2.076821e+01 2.078256e+01
2.034500e+01 2.074000e+01 2.084264e+01 2.077788e+01 2.034000e+01 2.074500e+01 2.083747e+01 2.077749e+01
2.035000e+01 2.073500e+01 2.084776e+01 2.077841e+01 2.034500e+01 2.074000e+01 2.084264e+01 2.077788e+01
2.061000e+01 2.073500e+01 2.102484e+01 2.081301e+01 2.061000e+01 2.074500e+01 2.102615e+01 2.080376e+01
2.101000e+01 2.073500e+01 2.058913e+01 2.080382e+01 2.101500e+01 2.074000e+01 2.058827e+01 2.079833e+01
2.101500e+01 2.074000e+01 2.058827e+01 2.079833e+01 2.102000e+01 2.074500e+01 2.058782e+01 2.079312e+01
2.128000e+01 2.073500e+01 2.076821e+01 2.078256e+01 2.128000e+01 2.074500e+01 2.076796e+01 2.078249e+01
2.034000e+01 2.074500e+01 2.083747e+01 2.077749e+01 2.034000e+01 2.075500e+01 2.083821e+01 2.077764e+01
2.061000e+01 2.074500e+01 2.102615e+01 2.080376e+01 2.061000e+01 2.075500e+01 2.102696e+01 2.079432e+01
2.102000e+01 2.074500e+01 2.058782e+01 2.079312e+01 2.102000e+01 2.075500e+01 2.058720e+01 2.078373e+01
2.128000e+01 2.074500e+01 2.076796e+01 2.078249e+01 2.128000e+01 2.075500e+01 2.076800e+01 2.078243e+01
2.034000e+01 2.075500e+01 2.083821e+01 2.077764e+01 2.034000e+01 2.076500e+01 2.083870e+01 2.077776e+01
2.061000e+01 2.075500e+01 2.102696e+01 2.079432e+01 2.061000e+01 2.076500e+01 2.102727e+01 2.078478e+01
2.102000e+01 2.075500e+01 2.058720e+01 2.078373e+01 2.102000e+01 2.076500e+01 2.058709e+01 2.077432e+01
2.128000e+01 2.075500e+01 2.076800e+01 2.078243e+01 2.128000e+01 2.076500e+01 2.076828e+01 2.078237e+01
2.034000e+01 2.076500e+01 2.083870e+01 2.077776e+01 2.034000e+01 2.077500e+01 2.083896e+01 2.077786e+01
2.061000e+01 2.076500e+01 2.102727e+01 2.078478e+01 2.061000e+01 2.077500e+01 2.102708e+01 2.077519e+01
2.101500e+01 2.077000e+01 2.058711e+01 2.076944e+01 2.101000e+01 2.077500e+01 2.058752e+01 2.076433e+01
2.102000e+01 2.076500e+01 2.058709e+01 2.077432e+01 2.101500e+01 2.077000e+01 2.058711e+01 2.076944e+01
2.128000e+01 2.076500e+01 2.076828e+01 2.078237e+01 2.128000e+01 2.077500e+01 2.076881e+01 2.078233e+01
2.034000e+01 2.077500e+01 2.083896e+01 2.077786e+01 2.034000e+01 2.078500e+01 2.083897e+01 2.077795e+01
2.061000e+01 2.077500e+01 2.102708e+01 2.077519e+01 2.061000e+01 2.078500e+01 2.102637e+01 2.076562e+01
2.101000e+01 2.077500e+01 2.058752e+01 2.076433e+01 2.101000e+01 2.078500e+01 2.058841e+01 2.075459e+01
2.128000e+01 2.077500e+01 2.076881e+01 2.078233e+01 2.128000e+01 2.078500e+01 2.076963e+01 2.078235e+01
2.034000e+01 2.078500e+01 2.083897e+01 2.077795e+01 2.034000e+01 2.079500e+01 2.083874e+01 2.077805e+01
2.061000e+01 2.078500e+01 2.102637e+01 2.076562e+01 2.061000e+01 2.079500e+01 2.102517e+01 2.075616e+01
2.101000e+01 2.078500e+01 2.058841e+01 2.075459e+01 2.101000e+01 2.079500e+01 2.058980e+01 2.074505e+01
2.128000e+01 2.078500e+01 2.076963e+01 2.078235e+01 2.128000e+01 2.079500e+01 2.077065e+01 2.078240e+01
2.034000e+01 2.079500e+01 2.083874e+01 2.077805e+01 2.034000e+01 2.080500e+01 2.083827e+01 2.077818e+01
2.061000e+01 2.079500e+01 2.102517e+01 2.075616e+01 2.061000e+01 2.080500e+01 2.102348e+01 2.074686e+01
2.101000e+01 2.079500e+01 2.058980e+01 2.074505e+01 2.101000e+01 2.080500e+01 2.059168e+01 2.073578e+01
2.128000e+01 2.079500e+01 2.077065e+01 2.078240e+01 2.128000e+01 2.080500e+01 2.077191e+01 2.078252e+01
2.034000e+01 2.080500e+01 2.083827e+01 2.077818e+01 2.034500e+01 2.081000e+01 2.084354e+01 2.077791e+01
2.034500e+01 2.081000e+01 2.084354e+01 2.077791e+01 2.035000e+01 2.081500e+01 2.084874e+01 2.077752e+01
2.061000e+01 2.080500e+01 2.102348e+01 2.074686e+01 2.061500e+01 2.081000e+01 2.102230e+01 2.074125e+01
2.061500e+01 2.081000e+01 2.102230e+01 2.074125e+01 2.062000e+01 2.081500e+01 2.102069e+01 2.073536e+01
2.101000e+01 2.080500e+01 2.059168e+01 2.073578e+01 2.101000e+01 2.081500e+01 2.059402e+01 2.072684e+01
2.128000e+01 2.080500e+01 2.077191e+01 2.078252e+01 2.128000e+01 2.081500e+01 2.077341e+01 2.078271e+01
2.035000e+01 2.081500e+01 2.084874e+01 2.077752e+01 2.035000e+01 2.082500e+01 2.084772e+01 2.077749e+01
2.062000e+01 2.081500e+01 2.102069e+01 2.073536e+01 2.062000e+01 2.082500e+01 2.101798e+01 2.072616e+01
2.100500e+01 2.082000e+01 2.059566e+01 2.072117e+01 2.100000e+01 2.082500e+01 2.059773e+01 2.071527e+01
2.101000e+01 2.081500e+01 2.059402e+01 2.072684e+01 2.100500e+01 2.082000e+01 2.059566e+01 2.072117e+01
2.128000e+01 2.081500e+01 2.077341e+01 2.078271e+01 2.128000e+01 2.082500e+01 2.077514e+01 2.078301e+01
2.035000e+01 2.082500e+01 2.084772e+01 2.077749e+01 2.035000e+01 2.083500e+01 2.084649e+01 2.077754e+01
2.062000e+01 2.082500e+01 2.101798e+01 2.072616e+01 2.062000e+01 2.083500e+01 2.101485e+01 2.071733e+01
2.100000e+01 2.082500e+01 2.059773e+01 2.071527e+01 2.100000e+01 2.083500e+01 2.060098e+01 2.070676e+01
2.128000e+01 2.082500e+01 2.077514e+01 2.078301e+01 2.128000e+01 2.083500e+01 2.077710e+01 2.078341e+01
2.035000e+01 2.083500e+01 2.084649e+01 2.077754e+01 2.035000e+01 2.084500e+01 2.084503e+01 2.077768e+01
2.062000e+01 2.083500e+01 2.101485e+01 2.071733e+01 2.062000e+01 2.084500e+01 2.101133e+01 2.070894e+01
2.099500e+01 2.084000e+01 2.060349e+01 2.070095e+01 2.099000e+01 2.084500e+01 2.060643e+01 2.069493e+01
2.100000e+01 2.083500e+01 2.060098e+01 2.070676e+01 2.099500e+01 2.084000e+01 2.060349e+01 2.070095e+01
2.128000e+01 2.083500e+01 2.077710e+01 2.078341e+01 2.128000e+01 2.084500e+01 2.077929e+01 2.078393e+01
2.035000e+01 2.084500e+01 2.084503e+01 2.077768e+01 2.035000e+01 2.085500e+01 2.084334e+01 2.077792e+01
2.062000e+01 2.084500e+01 2.101133e+01 2.070894e+01 2.062500e+01 2.085000e+01 2.100870e+01 2.070305e+01
2.062500e+01 2.085000e+01 2.100870e+01 2.070305e+01 2.063000e+01 2.085500e+01 2.100562e+01 2.069693e+01
2.099000e+01 2.084500e+01 2.060643e+01 2.069493e+01 2.099000e+01 2.085500e+01 2.061047e+01 2.068716e+01
2.127500e+01 2.085000e+01 2.077499e+01 2.078305e+01 2.127000e+01 2.085500e+01 2.077076e+01 2.078202e+01
2.035000e+01 2.085500e+01 2.084334e+01 2.077792e+01 2.035000e+01 2.086500e+01 2.084142e+01 2.077828e+01
2.063000e+01 2.085500e+01 2.100562e+01 2.069693e+01 2.063000e+01 2.086500e+01 2.100131e+01 2.068924e+01
2.098500e+01 2.086000e+01 2.061379e+01 2.068141e+01 2.098000e+01 2.086500e+01 2.061754e+01 2.067550e+01
2.099000e+01 2.085500e+01 2.061047e+01 2.068716e+01 2.098500e+01 2.086000e+01 2.061379e+01 2.068141e+01
2.127000e+01 2.085500e+01 2.077076e+01 2.078202e+01 2.127000e+01 2.086500e+01 2.077348e+01 2.078262e+01
2.035000e+01 2.086500e+01 2.084142e+01 2.077828e+01 2.035000e+01 2.087500e+01 2.083928e+01 2.077876e+01
2.063000e+01 2.086500e+01 2.100131e+01 2.068924e+01 2.063500e+01 2.087000e+01 2.099784e+01 2.068339e+01
2.063500e+01 2.087000e+01 2.099784e+01 2.068339e+01 2.064000e+01 2.087500e+01 2.099391e+01 2.067738e+01
2.098000e+01 2.086500e+01 2.061754e+01 2.067550e+01 2.098000e+01 2.087500e+01 2.062219e+01 2.066875e+01
2.127000e+01 2.086500e+01 2.077348e+01 2.078262e+01 2.127000e+01 2.087500e+01 2.077636e+01 2.078337e+01
2.035000e+01 2.087500e+01 2.083928e+01 2.077876e+01 2.035500e+01 2.088000e+01 2.084345e+01 2.077789e+01
2.035500e+01 2.088000e+01 2.084345e+01 2.077789e+01 2.036000e+01 2.088500e+01 2.084748e+01 2.077688e+01
2.064000e+01 2.087500e+01 2.099391e+01 2.067738e+01 2.064500e+01 2.088000e+01 2.098983e+01 2.067157e+01
2.064500e+01 2.088000e+01 2.098983e+01 2.067157e+01 2.065000e+01 2.088500e+01 2.098529e+01 2.066563e+01
2.097500e+01 2.088000e+01 2.062621e+01 2.066328e+01 2.097000e+01 2.088500e+01 2.063067e+01 2.065771e+01
2.098000e+01 2.087500e+01 2.062219e+01 2.066875e+01 2.097500e+01 2.088000e+01 2.062621e+01 2.066328e+01
2.127000e+01 2.087500e+01 2.077636e+01 2.078337e+01 2.127000e+01 2.088500e+01 2.077945e+01 2.078429e+01
2.036000e+01 2.088500e+01 2.084748e+01 2.077688e+01 2.036000e+01 2.089500e+01 2.084484e+01 2.077745e+01
2.065000e+01 2.088500e+01 2.098529e+01 2.066563e+01 2.065500e+01 2.089000e+01 2.098064e+01 2.065996e+01
2.065500e+01 2.089000e+01 2.098064e+01 2.065996e+01 2.066000e+01 2.089500e+01 2.097555e+01 2.065419e+01
2.096500e+01 2.089000e+01 2.063520e+01 2.065241e+01 2.096000e+01 2.089500e+01 2.064015e+01 2.064706e+01
2.097000e+01 2.088500e+01 2.063067e+01 2.065771e+01 2.096500e+01 2.089000e+01 2.063520e+01 2.065241e+01
2.127000e+01 2.088500e+01 2.077945e+01 2.078429e+01 2.127000e+01 2.089500e+01 2.078274e+01 2.078540e+01
2.036000e+01 2.089500e+01 2.084484e+01 2.077745e+01 2.036000e+01 2.090500e+01 2.084201e+01 2.077819e+01
2.066000e+01 2.089500e+01 2.097555e+01 2.065419e+01 2.066000e+01 2.090500e+01 2.097025e+01 2.064859e+01
2.095500e+01 2.090000e+01 2.064515e+01 2.064202e+01 2.095000e+01 2.090500e+01 2.065053e+01 2.063696e+01
2.096000e+01 2.089500e+01 2.064015e+01 2.064706e+01 2.095500e+01 2.090000e+01 2.064515e+01 2.064202e+01
2.126500e+01 2.090000e+01 2.077922e+01 2.078431e+01 2.126000e+01 2.090500e+01 2.077583e+01 2.078310e+01
2.127000e+01 2.089500e+01 2.078274e+01 2.078540e+01 2.126500e+01 2.090000e+01 2.077922e+01 2.078431e+01
2.036000e+01 2.090500e+01 2.084201e+01 2.077819e+01 2.036000e+01 2.091500e+01 2.083897e+01 2.077910e+01
2.066000e+01 2.090500e+01 2.097025e+01 2.064859e+01 2.066500e+01 2.091000e+01 2.096506e+01 2.064347e+01
2.066500e+01 2.091000e+01 2.096506e+01 2.064347e+01 2.067500e+01 2.091000e+01 2.095923e+01 2.063811e+01
2.067500e+01 2.091000e+01 2.095923e+01 2.063811e+01 2.068000e+01 2.091500e+01 2.095325e+01 2.063298e+01
2.094500e+01 2.091000e+01 2.065592e+01 2.063226e+01 2.094000e+01 2.091500e+01 2.066166e+01 2.062757e+01
2.095000e+01 2.090500e+01 2.065053e+01 2.063696e+01 2.094500e+01 2.091000e+01 2.065592e+01 2.063226e+01
2.126000e+01 2.090500e+01 2.077583e+01 2.078310e+01 2.126000e+01 2.091500e+01 2.077956e+01 2.078442e+01
2.036000e+01 2.091500e+01 2.083897e+01 2.077910e+01 2.036000e+01 2.092500e+01 2.083576e+01 2.078021e+01
2.068000e+01 2.091500e+01 2.095325e+01 2.063298e+01 2.068500e+01 2.092000e+01 2.094731e+01 2.062824e+01
2.068500e+01 2.092000e+01 2.094731e+01 2.062824e+01 2.069000e+01 2.092500e+01 2.094102e+01 2.062356e+01
2.092500e+01 2.092000e+01 2.067448e+01 2.061833e+01 2.092000e+01 2.092500e+01 2.068081e+01 2.061418e+01
2.092500e+01 2.092000e+01 2.067448e+01 2.061833e+01 2.093500e+01 2.092000e+01 2.066736e+01 2.062326e+01
2.094000e+01 2.091500e+01 2.066166e+01 2.062757e+01 2.093500e+01 2.092000e+01 2.066736e+01 2.062326e+01
2.126000e+01 2.091500e+01 2.077956e+01 2.078442e+01 2.126000e+01 2.092500e+01 2.078346e+01 2.078596e+01
2.036000e+01 2.092500e+01 2.083576e+01 2.078021e+01 2.036500e+01 2.093000e+01 2.083909e+01 2.077917e+01
2.036500e+01 2.093000e+01 2.083909e+01 2.077917e+01 2.037000e+01 2.093500e+01 2.084226e+01 2.077799e+01
2.069000e+01 2.092500e+01 2.094102e+01 2.062356e+01 2.069500e+01 2.093000e+01 2.093481e+01 2.061929e+01
2.069500e+01 2.093000e+01 2.093481e+01 2.061929e+01 2.070000e+01 2.093500e+01 2.092831e+01 2.061512e+01
2.091500e+01 2.093000e+01 2.068703e+01 2.061044e+01 2.091000e+01 2.093500e+01 2.069350e+01 2.060683e+01
2.092000e+01 2.092500e+01 2.068081e+01 2.061418e+01 2.091500e+01 2.093000e+01 2.068703e+01 2.061044e+01
2.125500e+01 2.093000e+01 2.078046e+01 2.078481e+01 2.125000e+01 2.093500e+01 2.077761e+01 2.078354e+01
2.126000e+01 2.092500e+01 2.078346e+01 2.078596e+01 2.125500e+01 2.093000e+01 2.078046e+01 2.078481e+01
2.037000e+01 2.093500e+01 2.084226e+01 2.077799e+01 2.037000e+01 2.094500e+01 2.083860e+01 2.077934e+01
2.070000e+01 2.093500e+01 2.092831e+01 2.061512e+01 2.070500e+01 2.094000e+01 2.092193e+01 2.061138e+01
2.070500e+01 2.094000e+01 2.092193e+01 2.061138e+01 2.071500e+01 2.094000e+01 2.091340e+01 2.060668e+01
2.071500e+01 2.094000e+01 2.091340e+01 2.060668e+01 2.072000e+01 2.094500e+01 2.090658e+01 2.060327e+01
2.089500e+01 2.094000e+01 2.070872e+01 2.059948e+01 2.089000e+01 2.094500e+01 2.071540e+01 2.059664e+01
2.089500e+01 2.094000e+01 2.070872e+01 2.059948e+01 2.090500e+01 2.094000e+01 2.069982e+01 2.060363e+01
2.091000e+01 2.093500e+01 2.069350e+01 2.060683e+01 2.090500e+01 2.094000e+01 2.069982e+01 2.060363e+01
2.125000e+01 2.093500e+01 2.077761e+01 2.078354e+01 2.125000e+01 2.094500e+01 2.078191e+01 2.078539e+01
2.037000e+01 2.094500e+01 2.083860e+01 2.077934e+01 2.037000e+01 2.095500e+01 2.083478e+01 2.078092e+01
2.072000e+01 2.094500e+01 2.090658e+01 2.060327e+01 2.072500e+01 2.095000e+01 2.089996e+01 2.060029e+01
2.072500e+01 2.095000e+01 2.089996e+01 2.060029e+01 2.073500e+01 2.095000e+01 2.089043e+01 2.059628e+01
2.073500e+01 2.095000e+01 2.089043e+01 2.059628e+01 2.074500e+01 2.095000e+01 2.088033e+01 2.059265e+01
2.074500e+01 2.095000e+01 2.088033e+01 2.059265e+01 2.075000e+01 2.095500e+01 2.087341e+01 2.059036e+01
2.086500e+01 2.095000e+01 2.074200e+01 2.058788e+01 2.086000e+01 2.095500e+01 2.074866e+01 2.058614e+01
2.086500e+01 2.095000e+01 2.074200e+01 2.058788e+01 2.087500e+01 2.095000e+01 2.073167e+01 2.059083e+01
2.087500e+01 2.095000e+01 2.073167e+01 2.059083e+01 2.088500e+01 2.095000e+01 2.072188e+01 2.059421e+01
2.089000e+01 2.094500e+01 2.071540e+01 2.059664e+01 2.088500e+01 2.095000e+01 2.072188e+01 2.059421e+01
2.125000e+01 2.094500e+01 2.078191e+01 2.078539e+01 2.125000e+01 2.095500e+01 2.078636e+01 2.078748e+01
2.037000e+01 2.095500e+01 2.083478e+01 2.078092e+01 2.037500e+01 2.096000e+01 2.083757e+01 2.077984e+01
2.037500e+01 2.096000e+01 2.083757e+01 2.077984e+01 2.038000e+01 2.096500e+01 2.084018e+01 2.077864e+01
2.075000e+01 2.095500e+01 2.087341e+01 2.059036e+01 2.075500e+01 2.096000e+01 2.086676e+01 2.058852e+01
2.075500e+01 2.096000e+01 2.086676e+01 2.058852e+01 2.076500e+01 2.096000e+01 2.085616e+01 2.058583e+01
2.076500e+01 2.096000e+01 2.085616e+01 2.058583e+01 2.077500e+01 2.096000e+01 2.084522e+01 2.058362e+01
2.077500e+01 2.096000e+01 2.084522e+01 2.058362e+01 2.078500e+01 2.096000e+01 2.083401e+01 2.058191e+01
2.078500e+01 2.096000e+01 2.083401e+01 2.058191e+01 2.079500e+01 2.096000e+01 2.082261e+01 2.058072e+01
2.079500e+01 2.096000e+01 2.082261e+01 2.058072e+01 2.080500e+01 2.096000e+01 2.081110e+01 2.058006e+01
2.080500e+01 2.096000e+01 2.081110e+01 2.058006e+01 2.081500e+01 2.096000e+01 2.079958e+01 2.057995e+01
2.081500e+01 2.096000e+01 2.079958e+01 2.057995e+01 2.082500e+01 2.096000e+01 2.078814e+01 2.058037e+01
2.082500e+01 2.096000e+01 2.078814e+01 2.058037e+01 2.083500e+01 2.096000e+01 2.077685e+01 2.058133e+01
2.083500e+01 2.096000e+01 2.077685e+01 2.058133e+01 2.084500e+01 2.096000e+01 2.076579e+01 2.058282e+01
2.084500e+01 2.096000e+01 2.076579e+01 2.058282e+01 2.085500e+01 2.096000e+01 2.075506e+01 2.058481e+01
2.086000e+01 2.095500e+01 2.074866e+01 2.058614e+01 2.085500e+01 2.096000e+01 2.075506e+01 2.058481e+01
2.124500e+01 2.096000e+01 2.078386e+01 2.078636e+01 2.124000e+01 2.096500e+01 2.078152e+01 2.078513e+01
2.125000e+01 2.095500e+01 2.078636e+01 2.078748e+01 2.124500e+01 2.096000e+01 2.078386e+01 2.078636e+01
2.038000e+01 2.096500e+01 2.084018e+01 2.077864e+01 2.038000e+01 2.097500e+01 2.083597e+01 2.078056e+01
2.124000e+01 2.096500e+01 2.078152e+01 2.078513e+01 2.124000e+01 2.097500e+01 2.078632e+01 2.078760e+01
2.038000e+01 2.097500e+01 2.083597e+01 2.078056e+01 2.038500e+01 2.098000e+01 2.083835e+01 2.077947e+01
2.038500e+01 2.098000e+01 2.083835e+01 2.077947e+01 2.039000e+01 2.098500e+01 2.084054e+01 2.077828e+01
2.123500e+01 2.098000e+01 2.078419e+01 2.078651e+01 2.123000e+01 2.098500e+01 2.078223e+01 2.078533e+01
2.124000e+01 2.097500e+01 2.078632e+01 2.078760e+01 2.123500e+01 2.098000e+01 2.078419e+01 2.078651e+01
2.039000e+01 2.098500e+01 2.084054e+01 2.077828e+01 2.039000e+01 2.099500e+01 2.083598e+01 2.078059e+01
2.123000e+01 2.098500e+01 2.078223e+01 2.078533e+01 2.123000e+01 2.099500e+01 2.078734e+01 2.078824e+01
2.039000e+01 2.099500e+01 2.083598e+01 2.078059e+01 2.039000e+01 2.100500e+01 2.083132e+01 2.078317e+01
2.122500e+01 2.100000e+01 2.078557e+01 2.078723e+01 2.122000e+01 2.100500e+01 2.078397e+01 2.078613e+01
2.123000e+01 2.099500e+01 2.078734e+01 2.078824e+01 2.122500e+01 2.100000e+01 2.078557e+01 2.078723e+01
2.039000e+01 2.100500e+01 2.083132e+01 2.078317e+01 2.039500e+01 2.101000e+01 2.083320e+01 2.078222e+01
2.039500e+01 2.101000e+01 2.083320e+01 2.078222e+01 2.040000e+01 2.101500e+01 2.083489e+01 2.078117e+01
2.122000e+01 2.100500e+01 2.078397e+01 2.078613e+01 2.122000e+01 2.101500e+01 2.078936e+01 2.078952e+01
2.040000e+01 2.101500e+01 2.083489e+01 2.078117e+01 2.040000e+01 2.102500e+01 2.082994e+01 2.078422e+01
2.121500e+01 2.102000e+01 2.078792e+01 2.078863e+01 2.121000e+01 2.102500e+01 2.078667e+01 2.078766e+01
2.122000e+01 2.101500e+01 2.078936e+01 2.078952e+01 2.121500e+01 2.102000e+01 2.078792e+01 2.078863e+01
2.040000e+01 2.102500e+01 2.082994e+01 2.078422e+01 2.040500e+01 2.103000e+01 2.083146e+01 2.078338e+01
2.040500e+01 2.103000e+01 2.083146e+01 2.078338e+01 2.041000e+01 2.103500e+01 2.083278e+01 2.078245e+01
2.121000e+01 2.102500e+01 2.078667e+01 2.078766e+01 2.121000e+01 2.103500e+01 2.079227e+01 2.079157e+01
2.041000e+01 2.103500e+01 2.083278e+01 2.078245e+01 2.041500e+01 2.104000e+01 2.083403e+01 2.078164e+01
2.041500e+01 2.104000e+01 2.083403e+01 2.078164e+01 2.042000e+01 2.104500e+01 2.083509e+01 2.078076e+01
2.120500e+01 2.104000e+01 2.079115e+01 2.079084e+01 2.120000e+01 2.104500e+01 2.079021e+01 2.079005e+01
2.121000e+01 2.103500e+01 2.079227e+01 2.079157e+01 2.120500e+01 2.104000e+01 2.079115e+01 2.079084e+01
2.042000e+01 2.104500e+01 2.083509e+01 2.078076e+01 2.042000e+01 2.105500e+01 2.082977e+01 2.078457e+01
2.120000e+01 2.104500e+01 2.079021e+01 2.079005e+01 2.120000e+01 2.105500e+01 2.079599e+01 2.079451e+01
2.042000e+01 2.105500e+01 2.082977e+01 2.078457e+01 2.042500e+01 2.106000e+01 2.083070e+01 2.078395e+01
2.042500e+01 2.106000e+01 2.083070e+01 2.078395e+01 2.043000e+01 2.106500e+01 2.083143e+01 2.078327e+01
2.119500e+01 2.106000e+01 2.079516e+01 2.079398e+01 2.119000e+01 2.106500e+01 2.079451e+01 2.079340e+01
2.120000e+01 2.105500e+01 2.079599e+01 2.079451e+01 2.119500e+01 2.106000e+01 2.079516e+01 2.079398e+01
2.043000e+01 2.106500e+01 2.083143e+01 2.078327e+01 2.043000e+01 2.107500e+01 2.082596e+01 2.078766e+01
2.118500e+01 2.107000e+01 2.079389e+01 2.079297e+01 2.118000e+01 2.107500e+01 2.079346e+01 2.079249e+01
2.119000e+01 2.106500e+01 2.079451e+01 2.079340e+01 2.118500e+01 2.107000e+01 2.079389e+01 2.079297e+01
2.043000e+01 2.107500e+01 2.082596e+01 2.078766e+01 2.043500e+01 2.108000e+01 2.082660e+01 2.078727e+01
2.043500e+01 2.108000e+01 2.082660e+01 2.078727e+01 2.044000e+01 2.108500e+01 2.082705e+01 2.078683e+01
2.117500e+01 2.108000e+01 2.079306e+01 2.079216e+01 2.117000e+01 2.108500e+01 2.079284e+01 2.079181e+01
2.118000e+01 2.107500e+01 2.079346e+01 2.079249e+01 2.117500e+01 2.108000e+01 2.079306e+01 2.079216e+01
2.044000e+01 2.108500e+01 2.082705e+01 2.078683e+01 2.044500e+01 2.109000e+01 2.082747e+01 2.078654e+01
2.044500e+01 2.109000e+01 2.082747e+01 2.078654e+01 2.045000e+01 2.109500e+01 2.082770e+01 2.078623e+01
2.117000e+01 2.108500e+01 2.079284e+01 2.079181e+01 2.117000e+01 2.109500e+01 2.079886e+01 2.079742e+01
2.045000e+01 2.109500e+01 2.082770e+01 2.078623e+01 2.045500e+01 2.110000e+01 2.082790e+01 2.078607e+01
2.045500e+01 2.110000e+01 2.082790e+01 2.078607e+01 2.046000e+01 2.110500e+01 2.082792e+01 2.078589e+01
2.116500e+01 2.110000e+01 2.079868e+01 2.079737e+01 2.116000e+01 2.110500e+01 2.079867e+01 2.079731e+01
2.117000e+01 2.109500e+01 2.079886e+01 2.079742e+01 2.116500e+01 2.110000e+01 2.079868e+01 2.079737e+01
2.046000e+01 2.110500e+01 2.082792e+01 2.078589e+01 2.046000e+01 2.111500e+01 2.082228e+01 2.079151e+01
2.115500e+01 2.111000e+01 2.079867e+01 2.079740e+01 2.115000e+01 2.111500e+01 2.079884e+01 2.079749e+01
2.116000e+01 2.110500e+01 2.079867e+01 2.079731e+01 2.115500e+01 2.111000e+01 2.079867e+01 2.079740e+01
2.046000e+01 2.111500e+01 2.082228e+01 2.079151e+01 2.046500e+01 2.112000e+01 2.082228e+01 2.079167e+01
2.046500e+01 2.112000e+01 2.082228e+01 2.079167e+01 2.047000e+01 2.112500e+01 2.082210e+01 2.079182e+01
2.114500e+01 2.112000e+01 2.079901e+01 2.079774e+01 2.114000e+01 2.112500e+01 2.079934e+01 2.079800e+01
2.115000e+01 2.111500e+01 2.079884e+01 2.079749e+01 2.114500e+01 2.112000e+01 2.079901e+01 2.079774e+01
2.047000e+01 2.112500e+01 2.082210e+01 2.079182e+01 2.047500e+01 2.113000e+01 2.082193e+01 2.079214e+01
2.047500e+01 2.113000e+01 2.082193e+01 2.079214e+01 2.048000e+01 2.113500e+01 2.082158e+01 2.079247e+01
2.113500e+01 2.113000e+01 2.079966e+01 2.079842e+01 2.113000e+01 2.113500e+01 2.080015e+01 2.079886e+01
2.114000e+01 2.112500e+01 2.079934e+01 2.079800e+01 2.113500e+01 2.113000e+01 2.079966e+01 2.079842e+01
2.048000e+01 2.113500e+01 2.082158e+01 2.079247e+01 2.048500e+01 2.114000e+01 2.082125e+01 2.079297e+01
2.048500e+01 2.114000e+01 2.082125e+01 2.079297e+01 2.049000e+01 2.114500e+01 2.082076e+01 2.079349e+01
2.112500e+01 2.114000e+01 2.080061e+01 2.079947e+01 2.112000e+01 2.114500e+01 2.080122e+01 2.080010e+01
2.113000e+01 2.113500e+01 2.080015e+01 2.079886e+01 2.112500e+01 2.114000e+01 2.080061e+01 2.079947e+01
2.049000e+01 2.114500e+01 2.082076e+01 2.079349e+01 2.049500e+01 2.115000e+01 2.082029e+01 2.079419e+01
2.049500e+01 2.115000e+01 2.082029e+01 2.079419e+01 2.050000e+01 2.115500e+01 2.081966e+01 2.079492e+01
2.111500e+01 2.115000e+01 2.080181e+01 2.080090e+01 2.111000e+01 2.115500e+01 2.080254e+01 2.080174e+01
2.112000e+01 2.114500e+01 2.080122e+01 2.080010e+01 2.111500e+01 2.115000e+01 2.080181e+01 2.080090e+01
2.050000e+01 2.115500e+01 2.081966e+01 2.079492e+01 2.050500e+01 2.116000e+01 2.081907e+01 2.079582e+01
2.050500e+01 2.116000e+01 2.081907e+01 2.079582e+01 2.051000e+01 2.116500e+01 2.081832e+01 2.079677e+01
2.110500e+01 2.116000e+01 2.080323e+01 2.080274e+01 2.110000e+01 2.116500e+01 2.080407e+01 2.080379e+01
2.111000e+01 2.115500e+01 2.080254e+01 2.080174e+01 2.110500e+01 2.116000e+01 2.080323e+01 2.080274e+01
2.051000e+01 2.116500e+01 2.081832e+01 2.079677e+01 2.051500e+01 2.117000e+01 2.081763e+01 2.079789e+01
2.051500e+01 2.117000e+01 2.081763e+01 2.079789e+01 2.052000e+01 2.117500e+01 2.081679e+01 2.079907e+01
2.109500e+01 2.117000e+01 2.080485e+01 2.080501e+01 2.109000e+01 2.117500e+01 2.080577e+01 2.080628e+01
2.110000e+01 2.116500e+01 2.080407e+01 2.080379e+01 2.109500e+01 2.117000e+01 2.080485e+01 2.080501e+01
2.052000e+01 2.117500e+01 2.081679e+01 2.079907e+01 2.052500e+01 2.118000e+01 2.081601e+01 2.080042e+01
2.052500e+01 2.118000e+01 2.081601e+01 2.080042e+01 2.053500e+01 2.118000e+01 2.081942e+01 2.079517e+01
2.053500e+01 2.118000e+01 2.081942e+01 2.079517e+01 2.054000e+01 2.118500e+01 2.081837e+01 2.079666e+01
2.107500e+01 2.118000e+01 2.080302e+01 2.080213e+01 2.107000e+01 2.118500e+01 2.080413e+01 2.080370e+01
2.107500e+01 2.118000e+01 2.080302e+01 2.080213e+01 2.108500e+01 2.118000e+01 2.080663e+01 2.080772e+01
2.109000e+01 2.117500e+01 2.080577e+01 2.080628e+01 2.108500e+01 2.118000e+01 2.080663e+01 2.080772e+01
2.054000e+01 2.118500e+01 2.081837e+01 2.079666e+01 2.054500e+01 2.119000e+01 2.081740e+01 2.079831e+01
2.054500e+01 2.119000e+01 2.081740e+01 2.079831e+01 2.055000e+01 2.119500e+01 2.081631e+01 2.080005e+01
2.106500e+01 2.119000e+01 2.080517e+01 2.080544e+01 2.106000e+01 2.119500e+01 2.080632e+01 2.080725e+01
2.107000e+01 2.118500e+01 2.080413e+01 2.080370e+01 2.106500e+01 2.119000e+01 2.080517e+01 2.080544e+01
2.055000e+01 2.119500e+01 2.081631e+01 2.080005e+01 2.055500e+01 2.120000e+01 2.081529e+01 2.080196e+01
2.055500e+01 2.120000e+01 2.081529e+01 2.080196e+01 2.056000e+01 2.120500e+01 2.081417e+01 2.080395e+01
2.105500e+01 2.120000e+01 2.080739e+01 2.080922e+01 2.105000e+01 2.120500e+01 2.080856e+01 2.081127e+01
2.106000e+01 2.119500e+01 2.080632e+01 2.080725e+01 2.105500e+01 2.120000e+01 2.080739e+01 2.080922e+01
2.056000e+01 2.120500e+01 2.081417e+01 2.080395e+01 2.056500e+01 2.121000e+01 2.081314e+01 2.080612e+01
2.056500e+01 2.121000e+01 2.081314e+01 2.080612e+01 2.057500e+01 2.121000e+01 2.081557e+01 2.080142e+01
2.057500e+01 2.121000e+01 2.081557e+01 2.080142e+01 2.058000e+01 2.121500e+01 2.081435e+01 2.080377e+01
2.103500e+01 2.121000e+01 2.080698e+01 2.080845e+01 2.103000e+01 2.121500e+01 2.080825e+01 2.081085e+01
2.103500e+01 2.121000e+01 2.080698e+01 2.080845e+01 2.104500e+01 2.121000e+01 2.080965e+01 2.081348e+01
2.105000e+01 2.120500e+01 2.080856e+01 2.081127e+01 2.104500e+01 2.121000e+01 2.080965e+01 2.081348e+01
2.058000e+01 2.121500e+01 2.081435e+01 2.080377e+01 2.058500e+01 2.122000e+01 2.081323e+01 2.080630e+01
2.058500e+01 2.122000e+01 2.081323e+01 2.080630e+01 2.059500e+01 2.122000e+01 2.081522e+01 2.080191e+01
2.059500e+01 2.122000e+01 2.081522e+01 2.080191e+01 2.060000e+01 2.122500e+01 2.081395e+01 2.080464e+01
2.101500e+01 2.122000e+01 2.080719e+01 2.080867e+01 2.101000e+01 2.122500e+01 2.080851e+01 2.081142e+01
2.101500e+01 2.122000e+01 2.080719e+01 2.080867e+01 2.102500e+01 2.122000e+01 2.080942e+01 2.081339e+01
2.103000e+01 2.121500e+01 2.080825e+01 2.081085e+01 2.102500e+01 2.122000e+01 2.080942e+01 2.081339e+01
2.060000e+01 2.122500e+01 2.081395e+01 2.080464e+01 2.060500e+01 2.123000e+01 2.081279e+01 2.080753e+01
2.060500e+01 2.123000e+01 2.081279e+01 2.080753e+01 2.061500e+01 2.123000e+01 2.081439e+01 2.080349e+01
2.061500e+01 2.123000e+01 2.081439e+01 2.080349e+01 2.062000e+01 2.123500e+01 2.081312e+01 2.080662e+01
2.099500e+01 2.123000e+01 2.080788e+01 2.080993e+01 2.099000e+01 2.123500e+01 2.080920e+01 2.081305e+01
2.099500e+01 2.123000e+01 2.080788e+01 2.080993e+01 2.100500e+01 2.123000e+01 2.080972e+01 2.081432e+01
2.101000e+01 2.122500e+01 2.080851e+01 2.081142e+01 2.100500e+01 2.123000e+01 2.080972e+01 2.081432e+01
2.062000e+01 2.123500e+01 2.081312e+01 2.080662e+01 2.062500e+01 2.124000e+01 2.081197e+01 2.080990e+01
2.062500e+01 2.124000e+01 2.081197e+01 2.080990e+01 2.063500e+01 2.124000e+01 2.081324e+01 2.080624e+01
2.063500e+01 2.124000e+01 2.081324e+01 2.080624e+01 2.064000e+01 2.124500e+01 2.081201e+01 2.080976e+01
2.097500e+01 2.124000e+01 2.080891e+01 2.081229e+01 2.097000e+01 2.124500e+01 2.081019e+01 2.081579e+01
2.097500e+01 2.124000e+01 2.080891e+01 2.081229e+01 2.098500e+01 2.124000e+01 2.081041e+01 2.081631e+01
2.099000e+01 2.123500e+01 2.080920e+01 2.081305e+01 2.098500e+01 2.124000e+01 2.081041e+01 2.081631e+01
2.064000e+01 2.124500e+01 2.081201e+01 2.080976e+01 2.064500e+01 2.125000e+01 2.081092e+01 2.081344e+01
2.064500e+01 2.125000e+01 2.081092e+01 2.081344e+01 2.065500e+01 2.125000e+01 2.081192e+01 2.081020e+01
2.065500e+01 2.125000e+01 2.081192e+01 2.081020e+01 2.066500e+01 2.125000e+01 2.081274e+01 2.080713e+01
2.066500e+01 2.125000e+01 2.081274e+01 2.080713e+01 2.067000e+01 2.125500e+01 2.081161e+01 2.081119e+01
2.094500e+01 2.125000e+01 2.080910e+01 2.081236e+01 2.094000e+01 2.125500e+01 2.081031e+01 2.081635e+01
2.094500e+01 2.125000e+01 2.080910e+01 2.081236e+01 2.095500e+01 2.125000e+01 2.081013e+01 2.081580e+01
2.095500e+01 2.125000e+01 2.081013e+01 2.081580e+01 2.096500e+01 2.125000e+01 2.081136e+01 2.081941e+01
2.097000e+01 2.124500e+01 2.081019e+01 2.081579e+01 2.096500e+01 2.125000e+01 2.081136e+01 2.081941e+01
2.067000e+01 2.125500e+01 2.081161e+01 2.081119e+01 2.067500e+01 2.126000e+01 2.081061e+01 2.081539e+01
2.067500e+01 2.126000e+01 2.081061e+01 2.081539e+01 2.068500e+01 2.126000e+01 2.081125e+01 2.081277e+01
2.068500e+01 2.126000e+01 2.081125e+01 2.081277e+01 2.069500e+01 2.126000e+01 2.081174e+01 2.081035e+01
2.069500e+01 2.126000e+01 2.081174e+01 2.081035e+01 2.070000e+01 2.126500e+01 2.081080e+01 2.081495e+01
2.090500e+01 2.126000e+01 2.080938e+01 2.081205e+01 2.090000e+01 2.126500e+01 2.081039e+01 2.081667e+01
2.090500e+01 2.126000e+01 2.080938e+01 2.081205e+01 2.091500e+01 2.126000e+01 2.080989e+01 2.081466e+01
2.091500e+01 2.126000e+01 2.080989e+01 2.081466e+01 2.092500e+01 2.126000e+01 2.081056e+01 2.081747e+01
2.092500e+01 2.126000e+01 2.081056e+01 2.081747e+01 2.093500e+01 2.126000e+01 2.081140e+01 2.082047e+01
2.094000e+01 2.125500e+01 2.081031e+01 2.081635e+01 2.093500e+01 2.126000e+01 2.081140e+01 2.082047e+01
2.070000e+01 2.126500e+01 2.081080e+01 2.081495e+01 2.070500e+01 2.127000e+01 2.080999e+01 2.081967e+01
2.070500e+01 2.127000e+01 2.080999e+01 2.081967e+01 2.071500e+01 2.127000e+01 2.081041e+01 2.081772e+01
2.071500e+01 2.127000e+01 2.081041e+01 2.081772e+01 2.072500e+01 2.127000e+01 2.081071e+01 2.081599e+01
2.072500e+01 2.127000e+01 2.081071e+01 2.081599e+01 2.073500e+01 2.127000e+01 2.081090e+01 2.081447e+01
2.073500e+01 2.127000e+01 2.081090e+01 2.081447e+01 2.074500e+01 2.127000e+01 2.081100e+01 2.081317e+01
2.074500e+01 2.127000e+01 2.081100e+01 2.081317e+01 2.075500e+01 2.127000e+01 2.081103e+01 2.081209e+01
2.075500e+01 2.127000e+01 2.081103e+01 2.081209e+01 2.076500e+01 2.127000e+01 2.081099e+01 2.081124e+01
2.076500e+01 2.127000e+01 2.081099e+01 2.081124e+01 2.077000e+01 2.127500e+01 2.081064e+01 2.081690e+01
2.084500e+01 2.127000e+01 2.081014e+01 2.081289e+01 2.084000e+01 2.127500e+01 2.081066e+01 2.081836e+01
2.084500e+01 2.127000e+01 2.081014e+01 2.081289e+01 2.085500e+01 2.127000e+01 2.081018e+01 2.081414e+01
2.085500e+01 2.127000e+01 2.081018e+01 2.081414e+01 2.086500e+01 2.127000e+01 2.081030e+01 2.081563e+01
2.086500e+01 2.127000e+01 2.081030e+01 2.081563e+01 2.087500e+01 2.127000e+01 2.081052e+01 2.081734e+01
2.087500e+01 2.127000e+01 2.081052e+01 2.081734e+01 2.088500e+01 2.127000e+01 2.081084e+01 2.081926e+01
2.088500e+01 2.127000e+01 2.081084e+01 2.081926e+01 2.089500e+01 2.127000e+01 2.081128e+01 2.082140e+01
2.090000e+01 2.126500e+01 2.081039e+01 2.081667e+01 2.089500e+01 2.127000e+01 2.081128e+01 2.082140e+01
2.077000e+01 2.127500e+01 2.081064e+01 2.081690e+01 2.077500e+01 2.128000e+01 2.081042e+01 2.082265e+01
2.077500e+01 2.128000e+01 2.081042e+01 2.082265e+01 2.078500e+01 2.128000e+01 2.081053e+01 2.082229e+01
2.078500e+01 2.128000e+01 2.081053e+01 2.082229e+01 2.079500e+01 2.128000e+01 2.081062e+01 2.082216e+01
2.079500e+01 2.128000e+01 2.081062e+01 2.082216e+01 2.080500e+01 2.128000e+01 2.081070e+01 2.082226e+01
2.080500e+01 2.128000e+01 2.081070e+01 2.082226e+01 2.081500e+01 2.128000e+01 2.081080e+01 2.082258e+01
2.081500e+01 2.128000e+01 2.081080e+01 2.082258e+01 2.082500e+01 2.128000e+01 2.081091e+01 2.082314e+01
2.082500e+01 2.128000e+01 2.081091e+01 2.082314e+01 2.083500e+01 2.128000e+01 2.081107e+01 2.082393e+01
2.084000e+01 2.127500e+01 2.081066e+01 2.081836e+01 2.083500e+01 2.128000e+01 2.081107e+01 2.082393e+01
2.128070e+01 2.084980e+01 2.077807e+01 2.078374e+01 2.128070e+01 2.084980e+01 2.077775e+01 2.078367e+01
2.128070e+01 2.084980e+01 2.077775e+01 2.078367e+01 2.128070e+01 2.084980e+01 2.077744e+01 2.078360e+01
2.128070e+01 2.084980e+01 2.077744e+01 2.078360e+01 2.128070e+01 2.084980e+01 2.077716e+01 2.078353e+01
2.128070e+01 2.084980e+01 2.077716e+01 2.078353e+01 2.128070e+01 2.084980e+01 2.077689e+01 2.078347e+01
2.128070e+01 2.084980e+01 2.077689e+01 2.078347e+01 2.128070e+01 2.084980e+01 2.077665e+01 2.078341e+01
2.128070e+01 2.084980e+01 2.077665e+01 2.078341e+01 2.128070e+01 2.084980e+01 2.077642e+01 2.078336e+01
2.128070e+01 2.084980e+01 2.077642e+01 2.078336e+01 2.128070e+01 2.084980e+01 2.077622e+01 2.078332e+01
2.128070e+01 2.084980e+01 2.077622e+01 2.078332e+01 2.128070e+01 2.084980e+01 2.077605e+01 2.078328e+01
2.128070e+01 2.084980e+01 2.077605e+01 2.078328e+01 2.128070e+01 2.084980e+01 2.077590e+01 2.078324e+01
2.128070e+01 2.084980e+01 2.077590e+01 2.078324e+01 2.128070e+01 2.084980e+01 2.077577e+01 2.078321e+01
2.128070e+01 2.084980e+01 2.077577e+01 2.078321e+01 2.128070e+01 2.084980e+01 2.077568e+01 2.078319e+01
2.128070e+01 2.084980e+01 2.077568e+01 2.078319e+01 2.128070e+01 2.084980e+01 2.077561e+01 2.078317e+01
2.128070e+01 2.084980e+01 2.077561e+01 2.078317e+01 2.128070e+01 2.084980e+01 2.077556e+01 2.078316e+01
2.128070e+01 2.084980e+01 2.077556e+01 2.078316e+01 2.128070e+01 2.084980e+01 2.077555e+01 2.078316e+01
2.128070e+01 2.084980e+01 2.077555e+01 2.078316e+01 2.128070e+01 2.084980e+01 2.077556e+01 2.078316e+01
2.128070e+01 2.084980e+01 2.077556e+01 2.078316e+01 2.128070e+01 2.084980e+01 2.077560e+01 2.078317e+01
2.128070e+01 2.084980e+01 2.077560e+01 2.078317e+01 2.128070e+01 2.084980e+01 2.077566e+01 2.078318e+01
2.128070e+01 2.084980e+01 2.077566e+01 2.078318e+01 2.128070e+01 2.084980e+01 2.077575e+01 2.078320e+01
2.128070e+01 2.084980e+01 2.077575e+01 2.078320e+01 2.128070e+01 2.084980e+01 2.077587e+01 2.078323e+01
2.128070e+01 2.084980e+01 2.077587e+01 2.078323e+01 2.128070e+01 2.084980e+01 2.077602e+01 2.078326e+01
2.128070e+01 2.084980e+01 2.077602e+01 2.078326e+01 2.128070e+01 2.084980e+01 2.077619e+01 2.078329e+01
2.128070e+01 2.084980e+01 2.077619e+01 2.078329e+01 2.128070e+01 2.084980e+01 2.077639e+01 2.078333e+01
2.128070e+01 2.084980e+01 2.077639e+01 2.078333e+01 2.128070e+01 2.084980e+01 2.077661e+01 2.078338e+01
2.128070e+01 2.084980e+01 2.077661e+01 2.078338e+01 2.128070e+01 2.084980e+01 2.077685e+01 2.078343e+01
2.128070e+01 2.084980e+01 2.077685e+01 2.078343e+01 2.128070e+01 2.084980e+01 2.077711e+01 2.078349e+01
2.128070e+01 2.084980e+01 2.077711e+01 2.078349e+01 2.128070e+01 2.084980e+01 2.077739e+01 2.078354e+01
2.128070e+01 2.084980e+01 2.077739e+01 2.078354e+01 2.128070e+01 2.084980e+01 2.077770e+01 2.078361e+01
2.128070e+01 2.084980e+01 2.077807e+01 2.078374e+01 2.128070e+01 2.084980e+01 2.077775e+01 2.078367e+01
2.128070e+01 2.084980e+01 2.077775e+01 2.078367e+01 2.128070e+01 2.084980e+01 2.077744e+01 2.078360e+01
2.128070e+01 2.084980e+01 2.077744e+01 2.078360e+01 2.128070e+01 2.084980e+01 2.077716e+01 2.078353e+01
2.128070e+01 2.084980e+01 2.077716e+01 2.078353e+01 2.128070e+01 2.084980e+01 2.077689e+01 2.078347e+01
2.128070e+01 2.084980e+01 2.077689e+01 2.078347e+01 2.128070e+01 2.084980e+01 2.077665e+01 2.078341e+01
2.128070e+01 2.084980e+01 2.077665e+01 2.078341e+01 2.128070e+01 2.084980e+01 2.077642e+01 2.078336e+01
2.128070e+01 2.084980e+01 2.077642e+01 2.078336e+01 2.128070e+01 2.084980e+01 2.077622e+01 2.078332e+01
2.128070e+01 2.084980e+01 2.077622e+01 2.078332e+01 2.128070e+01 2.084980e+01 2.077605e+01 2.078328e+01
2.128070e+01 2.084980e+01 2.077605e+01 2.078328e+01 2.128070e+01 2.084980e+01 2.077590e+01 2.078324e+01
2.128070e+01 2.084980e+01 2.077590e+01 2.078324e+01 2.128070e+01 2.084980e+01 2.077577e+01 2.078321e+01
2.128070e+01 2.084980e+01 2.077577e+01 2.078321e+01 2.128070e+01 2.084980e+01 2.077568e+01 2.078319e+01
2.128070e+01 2.084980e+01 2.077568e+01 2.078319e+01 2.128070e+01 2.084980e+01 2.077561e+01 2.078317e+01
2.128070e+01 2.084980e+01 2.077561e+01 2.078317e+01 2.128070e+01 2.084980e+01 2.077556e+01 2.078316e+01
2.128070e+01 2.084980e+01 2.077556e+01 2.078316e+01 2.128070e+01 2.084980e+01 2.077555e+01 2.078316e+01
2.128070e+01 2.084980e+01 2.077555e+01 2.078316e+01 2.128070e+01 2.084980e+01 2.077556e+01 2.078316e+01
2.128070e+01 2.084980e+01 2.077556e+01 2.078316e+01 2.128070e+01 2.084980e+01 2.077560e+01 2.078317e+01
2.128070e+01 2.084980e+01 2.077560e+01 2.078317e+01 2.128070e+01 2.084980e+01 2.077566e+01 2.078318e+01
2.128070e+01 2.084980e+01 2.077566e+01 2.078318e+01 2.128070e+01 2.084980e+01 2.077575e+01 2.078320e+01
2.128070e+01 2.084980e+01 2.077575e+01 2.078320e+01 2.128070e+01 2.084980e+01 2.077587e+01 2.078323e+01
2.128070e+01 2.084980e+01 2.077587e+01 2.078323e+01 2.128070e+01 2.084980e+01 2.077602e+01 2.078326e+01
2.128070e+01 2.084980e+01 2.077602e+01 2.078326e+01 2.128070e+01 2.084980e+01 2.077619e+01 2.078329e+01
2.128070e+01 2.084980e+01 2.077619e+01 2.078329e+01 2.128070e+01 2.084980e+01 2.077639e+01 2.078333e+01
2.128070e+01 2.084980e+01 2.077639e+01 2.078333e+01 2.128070e+01 2.084980e+01 2.077661e+01 2.078338e+01
2.128070e+01 2.084980e+01 2.077661e+01 2.078338e+01 2.128070e+01 2.084980e+01 2.077685e+01 2.078343e+01
2.128070e+01 2.084980e+01 2.077685e+01 2.078343e+01 2.128070e+01 2.084980e+01 2.077711e+01 2.078349e+01
2.128070e+01 2.084980e+01 2.077711e+01 2.078349e+01 2.128070e+01 2.084980e+01 2.077739e+01 2.078354e+01
2.128070e+01 2.084980e+01 2.077739e+01 2.078354e+01 2.128070e+01 2.084980e+01 2.077770e+01 2.078361e+01
