2.074500e+01 2.021000e+01 2.080549e+01 2.067957e+01 2.074000e+01 2.021500e+01 2.080612e+01 2.068368e+01
2.074500e+01 2.021000e+01 2.080549e+01 2.067957e+01 2.075500e+01 2.021000e+01 2.080577e+01 2.068102e+01
2.075500e+01 2.021000e+01 2.080577e+01 2.068102e+01 2.076500e+01 2.021000e+01 2.080597e+01 2.068228e+01
2.076500e+01 2.021000e+01 2.080597e+01 2.068228e+01 2.077500e+01 2.021000e+01 2.080611e+01 2.068336e+01
2.077500e+01 2.021000e+01 2.080611e+01 2.068336e+01 2.078500e+01 2.021000e+01 2.080618e+01 2.068426e+01
2.078500e+01 2.021000e+01 2.080618e+01 2.068426e+01 2.079500e+01 2.021000e+01 2.080621e+01 2.068496e+01
2.079500e+01 2.021000e+01 2.080621e+01 2.068496e+01 2.080500e+01 2.021000e+01 2.080620e+01 2.068547e+01
2.080500e+01 2.021000e+01 2.080620e+01 2.068547e+01 2.081500e+01 2.021000e+01 2.080617e+01 2.068580e+01
2.081500e+01 2.021000e+01 2.080617e+01 2.068580e+01 2.082500e+01 2.021000e+01 2.080613e+01 2.068592e+01
2.082500e+01 2.021000e+01 2.080613e+01 2.068592e+01 2.083500e+01 2.021000e+01 2.080610e+01 2.068586e+01
2.083500e+01 2.021000e+01 2.080610e+01 2.068586e+01 2.084500e+01 2.021000e+01 2.080608e+01 2.068561e+01
2.084500e+01 2.021000e+01 2.080608e+01 2.068561e+01 2.085500e+01 2.021000e+01 2.080609e+01 2.068516e+01
2.085500e+01 2.021000e+01 2.080609e+01 2.068516e+01 2.086500e+01 2.021000e+01 2.080615e+01 2.068453e+01
2.086500e+01 2.021000e+01 2.080615e+01 2.068453e+01 2.087500e+01 2.021000e+01 2.080625e+01 2.068371e+01
2.087500e+01 2.021000e+01 2.080625e+01 2.068371e+01 2.088500e+01 2.021000e+01 2.080642e+01 2.068270e+01
2.088500e+01 2.021000e+01 2.080642e+01 2.068270e+01 2.089000e+01 2.021500e+01 2.080596e+01 2.068701e+01
2.070500e+01 2.022000e+01 2.080557e+01 2.068171e+01 2.070000e+01 2.022500e+01 2.080640e+01 2.068533e+01
2.070500e+01 2.022000e+01 2.080557e+01 2.068171e+01 2.071500e+01 2.022000e+01 2.080612e+01 2.068389e+01
2.071500e+01 2.022000e+01 2.080612e+01 2.068389e+01 2.072500e+01 2.022000e+01 2.080654e+01 2.068589e+01
2.072500e+01 2.022000e+01 2.080654e+01 2.068589e+01 2.073500e+01 2.022000e+01 2.080685e+01 2.068773e+01
2.074000e+01 2.021500e+01 2.080612e+01 2.068368e+01 2.073500e+01 2.022000e+01 2.080685e+01 2.068773e+01
2.089000e+01 2.021500e+01 2.080596e+01 2.068701e+01 2.089500e+01 2.022000e+01 2.080538e+01 2.069125e+01
2.089500e+01 2.022000e+01 2.080538e+01 2.069125e+01 2.090500e+01 2.022000e+01 2.080554e+01 2.068984e+01
2.090500e+01 2.022000e+01 2.080554e+01 2.068984e+01 2.091500e+01 2.022000e+01 2.080580e+01 2.068826e+01
2.091500e+01 2.022000e+01 2.080580e+01 2.068826e+01 2.092500e+01 2.022000e+01 2.080618e+01 2.068651e+01
2.092500e+01 2.022000e+01 2.080618e+01 2.068651e+01 2.093000e+01 2.022500e+01 2.080547e+01 2.069030e+01
2.067500e+01 2.023000e+01 2.080582e+01 2.068362e+01 2.067000e+01 2.023500e+01 2.080674e+01 2.068684e+01
2.067500e+01 2.023000e+01 2.080582e+01 2.068362e+01 2.068500e+01 2.023000e+01 2.080666e+01 2.068632e+01
2.068500e+01 2.023000e+01 2.080666e+01 2.068632e+01 2.069500e+01 2.023000e+01 2.080733e+01 2.068887e+01
2.070000e+01 2.022500e+01 2.080640e+01 2.068533e+01 2.069500e+01 2.023000e+01 2.080733e+01 2.068887e+01
2.093000e+01 2.022500e+01 2.080547e+01 2.069030e+01 2.093500e+01 2.023000e+01 2.080466e+01 2.069401e+01
2.093500e+01 2.023000e+01 2.080466e+01 2.069401e+01 2.094500e+01 2.023000e+01 2.080514e+01 2.069187e+01
2.094500e+01 2.023000e+01 2.080514e+01 2.069187e+01 2.095000e+01 2.023500e+01 2.080430e+01 2.069535e+01
2.065500e+01 2.024000e+01 2.080672e+01 2.068693e+01 2.065000e+01 2.024500e+01 2.080770e+01 2.068986e+01
2.065500e+01 2.024000e+01 2.080672e+01 2.068693e+01 2.066500e+01 2.024000e+01 2.080776e+01 2.068998e+01
2.067000e+01 2.023500e+01 2.080674e+01 2.068684e+01 2.066500e+01 2.024000e+01 2.080776e+01 2.068998e+01
2.095000e+01 2.023500e+01 2.080430e+01 2.069535e+01 2.095500e+01 2.024000e+01 2.080336e+01 2.069874e+01
2.095500e+01 2.024000e+01 2.080336e+01 2.069874e+01 2.096500e+01 2.024000e+01 2.080400e+01 2.069623e+01
2.096500e+01 2.024000e+01 2.080400e+01 2.069623e+01 2.097500e+01 2.024000e+01 2.080481e+01 2.069358e+01
2.097500e+01 2.024000e+01 2.080481e+01 2.069358e+01 2.098000e+01 2.024500e+01 2.080391e+01 2.069664e+01
2.063500e+01 2.025000e+01 2.080748e+01 2.068932e+01 2.063000e+01 2.025500e+01 2.080847e+01 2.069196e+01
2.063500e+01 2.025000e+01 2.080748e+01 2.068932e+01 2.064500e+01 2.025000e+01 2.080877e+01 2.069269e+01
2.065000e+01 2.024500e+01 2.080770e+01 2.068986e+01 2.064500e+01 2.025000e+01 2.080877e+01 2.069269e+01
2.098000e+01 2.024500e+01 2.080391e+01 2.069664e+01 2.098500e+01 2.025000e+01 2.080291e+01 2.069961e+01
2.098500e+01 2.025000e+01 2.080291e+01 2.069961e+01 2.099500e+01 2.025000e+01 2.080396e+01 2.069661e+01
2.099500e+01 2.025000e+01 2.080396e+01 2.069661e+01 2.100000e+01 2.025500e+01 2.080303e+01 2.069937e+01
2.061500e+01 2.026000e+01 2.080795e+01 2.069081e+01 2.061000e+01 2.026500e+01 2.080893e+01 2.069316e+01
2.061500e+01 2.026000e+01 2.080795e+01 2.069081e+01 2.062500e+01 2.026000e+01 2.080956e+01 2.069449e+01
2.063000e+01 2.025500e+01 2.080847e+01 2.069196e+01 2.062500e+01 2.026000e+01 2.080956e+01 2.069449e+01
2.100000e+01 2.025500e+01 2.080303e+01 2.069937e+01 2.100500e+01 2.026000e+01 2.080200e+01 2.070201e+01
2.100500e+01 2.026000e+01 2.080200e+01 2.070201e+01 2.101000e+01 2.026500e+01 2.080102e+01 2.070456e+01
2.060500e+01 2.027000e+01 2.081000e+01 2.069541e+01 2.060000e+01 2.027500e+01 2.081099e+01 2.069756e+01
2.061000e+01 2.026500e+01 2.080893e+01 2.069316e+01 2.060500e+01 2.027000e+01 2.081000e+01 2.069541e+01
2.101000e+01 2.026500e+01 2.080102e+01 2.070456e+01 2.101500e+01 2.027000e+01 2.079994e+01 2.070700e+01
2.101500e+01 2.027000e+01 2.079994e+01 2.070700e+01 2.102500e+01 2.027000e+01 2.080141e+01 2.070350e+01
2.102500e+01 2.027000e+01 2.080141e+01 2.070350e+01 2.103000e+01 2.027500e+01 2.080046e+01 2.070574e+01
2.058500e+01 2.028000e+01 2.080996e+01 2.069549e+01 2.058000e+01 2.028500e+01 2.081088e+01 2.069738e+01
2.058500e+01 2.028000e+01 2.080996e+01 2.069549e+01 2.059500e+01 2.028000e+01 2.081207e+01 2.069960e+01
2.060000e+01 2.027500e+01 2.081099e+01 2.069756e+01 2.059500e+01 2.028000e+01 2.081207e+01 2.069960e+01
2.103000e+01 2.027500e+01 2.080046e+01 2.070574e+01 2.103500e+01 2.028000e+01 2.079942e+01 2.070787e+01
2.103500e+01 2.028000e+01 2.079942e+01 2.070787e+01 2.104000e+01 2.028500e+01 2.079846e+01 2.070991e+01
2.057500e+01 2.029000e+01 2.081187e+01 2.069914e+01 2.057000e+01 2.029500e+01 2.081277e+01 2.070084e+01
2.058000e+01 2.028500e+01 2.081088e+01 2.069738e+01 2.057500e+01 2.029000e+01 2.081187e+01 2.069914e+01
2.104000e+01 2.028500e+01 2.079846e+01 2.070991e+01 2.104500e+01 2.029000e+01 2.079742e+01 2.071183e+01
2.104500e+01 2.029000e+01 2.079742e+01 2.071183e+01 2.105500e+01 2.029000e+01 2.079944e+01 2.070790e+01
2.105500e+01 2.029000e+01 2.079944e+01 2.070790e+01 2.106000e+01 2.029500e+01 2.079858e+01 2.070966e+01
2.056500e+01 2.030000e+01 2.081374e+01 2.070241e+01 2.056000e+01 2.030500e+01 2.081462e+01 2.070391e+01
2.057000e+01 2.029500e+01 2.081277e+01 2.070084e+01 2.056500e+01 2.030000e+01 2.081374e+01 2.070241e+01
2.106000e+01 2.029500e+01 2.079858e+01 2.070966e+01 2.106500e+01 2.030000e+01 2.079764e+01 2.071129e+01
2.106500e+01 2.030000e+01 2.079764e+01 2.071129e+01 2.107000e+01 2.030500e+01 2.079681e+01 2.071286e+01
2.055500e+01 2.031000e+01 2.081555e+01 2.070530e+01 2.055000e+01 2.031500e+01 2.081637e+01 2.070662e+01
2.056000e+01 2.030500e+01 2.081462e+01 2.070391e+01 2.055500e+01 2.031000e+01 2.081555e+01 2.070530e+01
2.107000e+01 2.030500e+01 2.079681e+01 2.071286e+01 2.107500e+01 2.031000e+01 2.079592e+01 2.071429e+01
2.107500e+01 2.031000e+01 2.079592e+01 2.071429e+01 2.108000e+01 2.031500e+01 2.079513e+01 2.071566e+01
2.053500e+01 2.032000e+01 2.081409e+01 2.070312e+01 2.053000e+01 2.032500e+01 2.081474e+01 2.070421e+01
2.053500e+01 2.032000e+01 2.081409e+01 2.070312e+01 2.054500e+01 2.032000e+01 2.081725e+01 2.070781e+01
2.055000e+01 2.031500e+01 2.081637e+01 2.070662e+01 2.054500e+01 2.032000e+01 2.081725e+01 2.070781e+01
2.108000e+01 2.031500e+01 2.079513e+01 2.071566e+01 2.108500e+01 2.032000e+01 2.079429e+01 2.071689e+01
2.108500e+01 2.032000e+01 2.079429e+01 2.071689e+01 2.109000e+01 2.032500e+01 2.079356e+01 2.071807e+01
2.052500e+01 2.033000e+01 2.081543e+01 2.070518e+01 2.052000e+01 2.033500e+01 2.081600e+01 2.070611e+01
2.053000e+01 2.032500e+01 2.081474e+01 2.070421e+01 2.052500e+01 2.033000e+01 2.081543e+01 2.070518e+01
2.109000e+01 2.032500e+01 2.079356e+01 2.071807e+01 2.109500e+01 2.033000e+01 2.079279e+01 2.071912e+01
2.109500e+01 2.033000e+01 2.079279e+01 2.071912e+01 2.110000e+01 2.033500e+01 2.079214e+01 2.072011e+01
2.051500e+01 2.034000e+01 2.081660e+01 2.070691e+01 2.051000e+01 2.034500e+01 2.081708e+01 2.070767e+01
2.052000e+01 2.033500e+01 2.081600e+01 2.070611e+01 2.051500e+01 2.034000e+01 2.081660e+01 2.070691e+01
2.110000e+01 2.033500e+01 2.079214e+01 2.072011e+01 2.110500e+01 2.034000e+01 2.079145e+01 2.072098e+01
2.110500e+01 2.034000e+01 2.079145e+01 2.072098e+01 2.111000e+01 2.034500e+01 2.079090e+01 2.072180e+01
2.051000e+01 2.034500e+01 2.081708e+01 2.070767e+01 2.051000e+01 2.035500e+01 2.082200e+01 2.071388e+01
2.111000e+01 2.034500e+01 2.079090e+01 2.072180e+01 2.111500e+01 2.035000e+01 2.079031e+01 2.072249e+01
2.111500e+01 2.035000e+01 2.079031e+01 2.072249e+01 2.112000e+01 2.035500e+01 2.078986e+01 2.072315e+01
2.050500e+01 2.036000e+01 2.082253e+01 2.071439e+01 2.050000e+01 2.036500e+01 2.082292e+01 2.071487e+01
2.051000e+01 2.035500e+01 2.082200e+01 2.071388e+01 2.050500e+01 2.036000e+01 2.082253e+01 2.071439e+01
2.112000e+01 2.035500e+01 2.078986e+01 2.072315e+01 2.112500e+01 2.036000e+01 2.078939e+01 2.072367e+01
2.112500e+01 2.036000e+01 2.078939e+01 2.072367e+01 2.113000e+01 2.036500e+01 2.078907e+01 2.072418e+01
2.049500e+01 2.037000e+01 2.082332e+01 2.071523e+01 2.049000e+01 2.037500e+01 2.082359e+01 2.071558e+01
2.050000e+01 2.036500e+01 2.082292e+01 2.071487e+01 2.049500e+01 2.037000e+01 2.082332e+01 2.071523e+01
2.113000e+01 2.036500e+01 2.078907e+01 2.072418e+01 2.113500e+01 2.037000e+01 2.078873e+01 2.072455e+01
2.113500e+01 2.037000e+01 2.078873e+01 2.072455e+01 2.114000e+01 2.037500e+01 2.078854e+01 2.072491e+01
2.048500e+01 2.038000e+01 2.082385e+01 2.071579e+01 2.048000e+01 2.038500e+01 2.082398e+01 2.071601e+01
2.049000e+01 2.037500e+01 2.082359e+01 2.071558e+01 2.048500e+01 2.038000e+01 2.082385e+01 2.071579e+01
2.114000e+01 2.037500e+01 2.078854e+01 2.072491e+01 2.114000e+01 2.038500e+01 2.078384e+01 2.073007e+01
2.047500e+01 2.039000e+01 2.082410e+01 2.071610e+01 2.047000e+01 2.039500e+01 2.082407e+01 2.071619e+01
2.048000e+01 2.038500e+01 2.082398e+01 2.071601e+01 2.047500e+01 2.039000e+01 2.082410e+01 2.071610e+01
2.114000e+01 2.038500e+01 2.078384e+01 2.073007e+01 2.114500e+01 2.039000e+01 2.078364e+01 2.073016e+01
2.114500e+01 2.039000e+01 2.078364e+01 2.073016e+01 2.115000e+01 2.039500e+01 2.078361e+01 2.073026e+01
2.047000e+01 2.039500e+01 2.082407e+01 2.071619e+01 2.047000e+01 2.040500e+01 2.082910e+01 2.072116e+01
2.115000e+01 2.039500e+01 2.078361e+01 2.073026e+01 2.115500e+01 2.040000e+01 2.078358e+01 2.073023e+01
2.115500e+01 2.040000e+01 2.078358e+01 2.073023e+01 2.116000e+01 2.040500e+01 2.078371e+01 2.073022e+01
2.046500e+01 2.041000e+01 2.082905e+01 2.072101e+01 2.046000e+01 2.041500e+01 2.082885e+01 2.072088e+01
2.047000e+01 2.040500e+01 2.082910e+01 2.072116e+01 2.046500e+01 2.041000e+01 2.082905e+01 2.072101e+01
2.116000e+01 2.040500e+01 2.078371e+01 2.073022e+01 2.116000e+01 2.041500e+01 2.077902e+01 2.073463e+01
2.045500e+01 2.042000e+01 2.082862e+01 2.072062e+01 2.045000e+01 2.042500e+01 2.082824e+01 2.072040e+01
2.046000e+01 2.041500e+01 2.082885e+01 2.072088e+01 2.045500e+01 2.042000e+01 2.082862e+01 2.072062e+01
2.116000e+01 2.041500e+01 2.077902e+01 2.073463e+01 2.116500e+01 2.042000e+01 2.077919e+01 2.073437e+01
2.116500e+01 2.042000e+01 2.077919e+01 2.073437e+01 2.117000e+01 2.042500e+01 2.077953e+01 2.073413e+01
2.045000e+01 2.042500e+01 2.082824e+01 2.072040e+01 2.045000e+01 2.043500e+01 2.083319e+01 2.072467e+01
2.117000e+01 2.042500e+01 2.077953e+01 2.073413e+01 2.117500e+01 2.043000e+01 2.077990e+01 2.073377e+01
2.117500e+01 2.043000e+01 2.077990e+01 2.073377e+01 2.118000e+01 2.043500e+01 2.078044e+01 2.073345e+01
2.044500e+01 2.044000e+01 2.083275e+01 2.072422e+01 2.044000e+01 2.044500e+01 2.083214e+01 2.072381e+01
2.045000e+01 2.043500e+01 2.083319e+01 2.072467e+01 2.044500e+01 2.044000e+01 2.083275e+01 2.072422e+01
2.118000e+01 2.043500e+01 2.078044e+01 2.073345e+01 2.118000e+01 2.044500e+01 2.077584e+01 2.073716e+01
2.044000e+01 2.044500e+01 2.083214e+01 2.072381e+01 2.044000e+01 2.045500e+01 2.083705e+01 2.072764e+01
2.118000e+01 2.044500e+01 2.077584e+01 2.073716e+01 2.118500e+01 2.045000e+01 2.077646e+01 2.073662e+01
2.118500e+01 2.045000e+01 2.077646e+01 2.073662e+01 2.119000e+01 2.045500e+01 2.077726e+01 2.073612e+01
2.043500e+01 2.046000e+01 2.083636e+01 2.072702e+01 2.043000e+01 2.046500e+01 2.083550e+01 2.072645e+01
2.044000e+01 2.045500e+01 2.083705e+01 2.072764e+01 2.043500e+01 2.046000e+01 2.083636e+01 2.072702e+01
2.119000e+01 2.045500e+01 2.077726e+01 2.073612e+01 2.119000e+01 2.046500e+01 2.077281e+01 2.073939e+01
2.043000e+01 2.046500e+01 2.083550e+01 2.072645e+01 2.043000e+01 2.047500e+01 2.084028e+01 2.072985e+01
2.119000e+01 2.046500e+01 2.077281e+01 2.073939e+01 2.119500e+01 2.047000e+01 2.077371e+01 2.073869e+01
2.119500e+01 2.047000e+01 2.077371e+01 2.073869e+01 2.120000e+01 2.047500e+01 2.077479e+01 2.073806e+01
2.042500e+01 2.048000e+01 2.083932e+01 2.072909e+01 2.042000e+01 2.048500e+01 2.083816e+01 2.072838e+01
2.043000e+01 2.047500e+01 2.084028e+01 2.072985e+01 2.042500e+01 2.048000e+01 2.083932e+01 2.072909e+01
2.120000e+01 2.047500e+01 2.077479e+01 2.073806e+01 2.120000e+01 2.048500e+01 2.077047e+01 2.074090e+01
2.042000e+01 2.048500e+01 2.083816e+01 2.072838e+01 2.042000e+01 2.049500e+01 2.084276e+01 2.073137e+01
2.120000e+01 2.048500e+01 2.077047e+01 2.074090e+01 2.120000e+01 2.049500e+01 2.076625e+01 2.074351e+01
2.041500e+01 2.050000e+01 2.084150e+01 2.073050e+01 2.041000e+01 2.050500e+01 2.084005e+01 2.072970e+01
2.042000e+01 2.049500e+01 2.084276e+01 2.073137e+01 2.041500e+01 2.050000e+01 2.084150e+01 2.073050e+01
2.120000e+01 2.049500e+01 2.076625e+01 2.074351e+01 2.120500e+01 2.050000e+01 2.076754e+01 2.074262e+01
2.120500e+01 2.050000e+01 2.076754e+01 2.074262e+01 2.121000e+01 2.050500e+01 2.076899e+01 2.074181e+01
2.041000e+01 2.050500e+01 2.084005e+01 2.072970e+01 2.041000e+01 2.051500e+01 2.084444e+01 2.073232e+01
2.121000e+01 2.050500e+01 2.076899e+01 2.074181e+01 2.121000e+01 2.051500e+01 2.076500e+01 2.074404e+01
2.041000e+01 2.051500e+01 2.084444e+01 2.073232e+01 2.041000e+01 2.052500e+01 2.084872e+01 2.073471e+01
2.121000e+01 2.051500e+01 2.076500e+01 2.074404e+01 2.121500e+01 2.052000e+01 2.076663e+01 2.074309e+01
2.121500e+01 2.052000e+01 2.076663e+01 2.074309e+01 2.122000e+01 2.052500e+01 2.076842e+01 2.074223e+01
2.040500e+01 2.053000e+01 2.084706e+01 2.073370e+01 2.040000e+01 2.053500e+01 2.084526e+01 2.073278e+01
2.041000e+01 2.052500e+01 2.084872e+01 2.073471e+01 2.040500e+01 2.053000e+01 2.084706e+01 2.073370e+01
2.122000e+01 2.052500e+01 2.076842e+01 2.074223e+01 2.122000e+01 2.053500e+01 2.076469e+01 2.074412e+01
2.040000e+01 2.053500e+01 2.084526e+01 2.073278e+01 2.040000e+01 2.054500e+01 2.084927e+01 2.073484e+01
2.122000e+01 2.053500e+01 2.076469e+01 2.074412e+01 2.122000e+01 2.054500e+01 2.076107e+01 2.074580e+01
2.039500e+01 2.055000e+01 2.084728e+01 2.073382e+01 2.039000e+01 2.055500e+01 2.084515e+01 2.073289e+01
2.040000e+01 2.054500e+01 2.084927e+01 2.073484e+01 2.039500e+01 2.055000e+01 2.084728e+01 2.073382e+01
2.122000e+01 2.054500e+01 2.076107e+01 2.074580e+01 2.122500e+01 2.055000e+01 2.076315e+01 2.074479e+01
2.122500e+01 2.055000e+01 2.076315e+01 2.074479e+01 2.123000e+01 2.055500e+01 2.076538e+01 2.074387e+01
2.039000e+01 2.055500e+01 2.084515e+01 2.073289e+01 2.039000e+01 2.056500e+01 2.084886e+01 2.073465e+01
2.123000e+01 2.055500e+01 2.076538e+01 2.074387e+01 2.123000e+01 2.056500e+01 2.076209e+01 2.074528e+01
2.039000e+01 2.056500e+01 2.084886e+01 2.073465e+01 2.039000e+01 2.057500e+01 2.085245e+01 2.073623e+01
2.076500e+01 2.057000e+01 2.087125e+01 2.091067e+01 2.076000e+01 2.057500e+01 2.087825e+01 2.090892e+01
2.076500e+01 2.057000e+01 2.087125e+01 2.091067e+01 2.077500e+01 2.057000e+01 2.085973e+01 2.091321e+01
2.077500e+01 2.057000e+01 2.085973e+01 2.091321e+01 2.078500e+01 2.057000e+01 2.084775e+01 2.091522e+01
2.078500e+01 2.057000e+01 2.084775e+01 2.091522e+01 2.079500e+01 2.057000e+01 2.083540e+01 2.091664e+01
2.079500e+01 2.057000e+01 2.083540e+01 2.091664e+01 2.080500e+01 2.057000e+01 2.082280e+01 2.091746e+01
2.080500e+01 2.057000e+01 2.082280e+01 2.091746e+01 2.081500e+01 2.057000e+01 2.081007e+01 2.091765e+01
2.081500e+01 2.057000e+01 2.081007e+01 2.091765e+01 2.082500e+01 2.057000e+01 2.079733e+01 2.091721e+01
2.082500e+01 2.057000e+01 2.079733e+01 2.091721e+01 2.083500e+01 2.057000e+01 2.078471e+01 2.091616e+01
2.083500e+01 2.057000e+01 2.078471e+01 2.091616e+01 2.084500e+01 2.057000e+01 2.077232e+01 2.091450e+01
2.084500e+01 2.057000e+01 2.077232e+01 2.091450e+01 2.085500e+01 2.057000e+01 2.076029e+01 2.091228e+01
2.085500e+01 2.057000e+01 2.076029e+01 2.091228e+01 2.086500e+01 2.057000e+01 2.074872e+01 2.090952e+01
2.086500e+01 2.057000e+01 2.074872e+01 2.090952e+01 2.087000e+01 2.057500e+01 2.074159e+01 2.090757e+01
2.123000e+01 2.056500e+01 2.076209e+01 2.074528e+01 2.123000e+01 2.057500e+01 2.075891e+01 2.074652e+01
2.039000e+01 2.057500e+01 2.085245e+01 2.073623e+01 2.039000e+01 2.058500e+01 2.085591e+01 2.073762e+01
2.074500e+01 2.058000e+01 2.089629e+01 2.090320e+01 2.074000e+01 2.058500e+01 2.090329e+01 2.090055e+01
2.074500e+01 2.058000e+01 2.089629e+01 2.090320e+01 2.075500e+01 2.058000e+01 2.088553e+01 2.090679e+01
2.076000e+01 2.057500e+01 2.087825e+01 2.090892e+01 2.075500e+01 2.058000e+01 2.088553e+01 2.090679e+01
2.087000e+01 2.057500e+01 2.074159e+01 2.090757e+01 2.087500e+01 2.058000e+01 2.073417e+01 2.090520e+01
2.087500e+01 2.058000e+01 2.073417e+01 2.090520e+01 2.088500e+01 2.058000e+01 2.072337e+01 2.090140e+01
2.088500e+01 2.058000e+01 2.072337e+01 2.090140e+01 2.089500e+01 2.058000e+01 2.071331e+01 2.089723e+01
2.089500e+01 2.058000e+01 2.071331e+01 2.089723e+01 2.090000e+01 2.058500e+01 2.070643e+01 2.089412e+01
2.123000e+01 2.057500e+01 2.075891e+01 2.074652e+01 2.123500e+01 2.058000e+01 2.076147e+01 2.074550e+01
2.123500e+01 2.058000e+01 2.076147e+01 2.074550e+01 2.124000e+01 2.058500e+01 2.076418e+01 2.074461e+01
2.038500e+01 2.059000e+01 2.085337e+01 2.073656e+01 2.038000e+01 2.059500e+01 2.085071e+01 2.073561e+01
2.039000e+01 2.058500e+01 2.085591e+01 2.073762e+01 2.038500e+01 2.059000e+01 2.085337e+01 2.073656e+01
2.072500e+01 2.059000e+01 2.092006e+01 2.089308e+01 2.072000e+01 2.059500e+01 2.092675e+01 2.088963e+01
2.072500e+01 2.059000e+01 2.092006e+01 2.089308e+01 2.073500e+01 2.059000e+01 2.091052e+01 2.089749e+01
2.074000e+01 2.058500e+01 2.090329e+01 2.090055e+01 2.073500e+01 2.059000e+01 2.091052e+01 2.089749e+01
2.090000e+01 2.058500e+01 2.070643e+01 2.089412e+01 2.090500e+01 2.059000e+01 2.069936e+01 2.089058e+01
2.090500e+01 2.059000e+01 2.069936e+01 2.089058e+01 2.091500e+01 2.059000e+01 2.069068e+01 2.088575e+01
2.091500e+01 2.059000e+01 2.069068e+01 2.088575e+01 2.092000e+01 2.059500e+01 2.068427e+01 2.088191e+01
2.124000e+01 2.058500e+01 2.076418e+01 2.074461e+01 2.124000e+01 2.059500e+01 2.076137e+01 2.074562e+01
2.038000e+01 2.059500e+01 2.085071e+01 2.073561e+01 2.038000e+01 2.060500e+01 2.085382e+01 2.073679e+01
2.070500e+01 2.060000e+01 2.094156e+01 2.088081e+01 2.070000e+01 2.060500e+01 2.094765e+01 2.087675e+01
2.070500e+01 2.060000e+01 2.094156e+01 2.088081e+01 2.071500e+01 2.060000e+01 2.093358e+01 2.088578e+01
2.072000e+01 2.059500e+01 2.092675e+01 2.088963e+01 2.071500e+01 2.060000e+01 2.093358e+01 2.088578e+01
2.092000e+01 2.059500e+01 2.068427e+01 2.088191e+01 2.092500e+01 2.060000e+01 2.067775e+01 2.087768e+01
2.092500e+01 2.060000e+01 2.067775e+01 2.087768e+01 2.093000e+01 2.060500e+01 2.067165e+01 2.087337e+01
2.124000e+01 2.059500e+01 2.076137e+01 2.074562e+01 2.124000e+01 2.060500e+01 2.075871e+01 2.074649e+01
2.038000e+01 2.060500e+01 2.085382e+01 2.073679e+01 2.038000e+01 2.061500e+01 2.085678e+01 2.073781e+01
2.069500e+01 2.061000e+01 2.095379e+01 2.087230e+01 2.069000e+01 2.061500e+01 2.095951e+01 2.086783e+01
2.070000e+01 2.060500e+01 2.094765e+01 2.087675e+01 2.069500e+01 2.061000e+01 2.095379e+01 2.087230e+01
2.093000e+01 2.060500e+01 2.067165e+01 2.087337e+01 2.093500e+01 2.061000e+01 2.066550e+01 2.086868e+01
2.093500e+01 2.061000e+01 2.066550e+01 2.086868e+01 2.094000e+01 2.061500e+01 2.065981e+01 2.086398e+01
2.124000e+01 2.060500e+01 2.075871e+01 2.074649e+01 2.124000e+01 2.061500e+01 2.075621e+01 2.074719e+01
2.038000e+01 2.061500e+01 2.085678e+01 2.073781e+01 2.038000e+01 2.062500e+01 2.085959e+01 2.073868e+01
2.068500e+01 2.062000e+01 2.096523e+01 2.086300e+01 2.068000e+01 2.062500e+01 2.097049e+01 2.085819e+01
2.069000e+01 2.061500e+01 2.095951e+01 2.086783e+01 2.068500e+01 2.062000e+01 2.096523e+01 2.086300e+01
2.094000e+01 2.061500e+01 2.065981e+01 2.086398e+01 2.094500e+01 2.062000e+01 2.065413e+01 2.085893e+01
2.094500e+01 2.062000e+01 2.065413e+01 2.085893e+01 2.095000e+01 2.062500e+01 2.064894e+01 2.085392e+01
2.124000e+01 2.061500e+01 2.075621e+01 2.074719e+01 2.124000e+01 2.062500e+01 2.075387e+01 2.074774e+01
2.038000e+01 2.062500e+01 2.085959e+01 2.073868e+01 2.038000e+01 2.063500e+01 2.086223e+01 2.073940e+01
2.067500e+01 2.063000e+01 2.097569e+01 2.085307e+01 2.067000e+01 2.063500e+01 2.098041e+01 2.084802e+01
2.068000e+01 2.062500e+01 2.097049e+01 2.085819e+01 2.067500e+01 2.063000e+01 2.097569e+01 2.085307e+01
2.095000e+01 2.062500e+01 2.064894e+01 2.085392e+01 2.095500e+01 2.063000e+01 2.064382e+01 2.084862e+01
2.095500e+01 2.063000e+01 2.064382e+01 2.084862e+01 2.096000e+01 2.063500e+01 2.063921e+01 2.084341e+01
2.124000e+01 2.062500e+01 2.075387e+01 2.074774e+01 2.124500e+01 2.063000e+01 2.075716e+01 2.074687e+01
2.124500e+01 2.063000e+01 2.075716e+01 2.074687e+01 2.125000e+01 2.063500e+01 2.076058e+01 2.074612e+01
2.037500e+01 2.064000e+01 2.085900e+01 2.073845e+01 2.037000e+01 2.064500e+01 2.085565e+01 2.073761e+01
2.038000e+01 2.063500e+01 2.086223e+01 2.073940e+01 2.037500e+01 2.064000e+01 2.085900e+01 2.073845e+01
2.067000e+01 2.063500e+01 2.098041e+01 2.084802e+01 2.067000e+01 2.064500e+01 2.098533e+01 2.084230e+01
2.096000e+01 2.063500e+01 2.063921e+01 2.084341e+01 2.096500e+01 2.064000e+01 2.063473e+01 2.083795e+01
2.096500e+01 2.064000e+01 2.063473e+01 2.083795e+01 2.097000e+01 2.064500e+01 2.063075e+01 2.083264e+01
2.125000e+01 2.063500e+01 2.076058e+01 2.074612e+01 2.125000e+01 2.064500e+01 2.075866e+01 2.074659e+01
2.037000e+01 2.064500e+01 2.085565e+01 2.073761e+01 2.037000e+01 2.065500e+01 2.085790e+01 2.073824e+01
2.066500e+01 2.065000e+01 2.098983e+01 2.083674e+01 2.066000e+01 2.065500e+01 2.099381e+01 2.083132e+01
2.067000e+01 2.064500e+01 2.098533e+01 2.084230e+01 2.066500e+01 2.065000e+01 2.098983e+01 2.083674e+01
2.097000e+01 2.064500e+01 2.063075e+01 2.083264e+01 2.097000e+01 2.065500e+01 2.062623e+01 2.082616e+01
2.125000e+01 2.064500e+01 2.075866e+01 2.074659e+01 2.125000e+01 2.065500e+01 2.075692e+01 2.074695e+01
2.037000e+01 2.065500e+01 2.085790e+01 2.073824e+01 2.037000e+01 2.066500e+01 2.085996e+01 2.073875e+01
2.065500e+01 2.066000e+01 2.099762e+01 2.082572e+01 2.065000e+01 2.066500e+01 2.100094e+01 2.082030e+01
2.066000e+01 2.065500e+01 2.099381e+01 2.083132e+01 2.065500e+01 2.066000e+01 2.099762e+01 2.082572e+01
2.097000e+01 2.065500e+01 2.062623e+01 2.082616e+01 2.097500e+01 2.066000e+01 2.062262e+01 2.082049e+01
2.097500e+01 2.066000e+01 2.062262e+01 2.082049e+01 2.098000e+01 2.066500e+01 2.061952e+01 2.081504e+01
2.125000e+01 2.065500e+01 2.075692e+01 2.074695e+01 2.125000e+01 2.066500e+01 2.075537e+01 2.074721e+01
2.037000e+01 2.066500e+01 2.085996e+01 2.073875e+01 2.037000e+01 2.067500e+01 2.086185e+01 2.073915e+01
2.065000e+01 2.066500e+01 2.100094e+01 2.082030e+01 2.065000e+01 2.067500e+01 2.100492e+01 2.081319e+01
2.098000e+01 2.066500e+01 2.061952e+01 2.081504e+01 2.098000e+01 2.067500e+01 2.061572e+01 2.080773e+01
2.125000e+01 2.066500e+01 2.075537e+01 2.074721e+01 2.125000e+01 2.067500e+01 2.075400e+01 2.074738e+01
2.037000e+01 2.067500e+01 2.086185e+01 2.073915e+01 2.037000e+01 2.068500e+01 2.086354e+01 2.073946e+01
2.064500e+01 2.068000e+01 2.100780e+01 2.080755e+01 2.064000e+01 2.068500e+01 2.101021e+01 2.080214e+01
2.065000e+01 2.067500e+01 2.100492e+01 2.081319e+01 2.064500e+01 2.068000e+01 2.100780e+01 2.080755e+01
2.098000e+01 2.067500e+01 2.061572e+01 2.080773e+01 2.098500e+01 2.068000e+01 2.061310e+01 2.080212e+01
2.098500e+01 2.068000e+01 2.061310e+01 2.080212e+01 2.099000e+01 2.068500e+01 2.061096e+01 2.079678e+01
2.125000e+01 2.067500e+01 2.075400e+01 2.074738e+01 2.125000e+01 2.068500e+01 2.075283e+01 2.074747e+01
2.037000e+01 2.068500e+01 2.086354e+01 2.073946e+01 2.037000e+01 2.069500e+01 2.086504e+01 2.073968e+01
2.064000e+01 2.068500e+01 2.101021e+01 2.080214e+01 2.064000e+01 2.069500e+01 2.101334e+01 2.079439e+01
2.099000e+01 2.068500e+01 2.061096e+01 2.079678e+01 2.099000e+01 2.069500e+01 2.060808e+01 2.078896e+01
2.125000e+01 2.068500e+01 2.075283e+01 2.074747e+01 2.125000e+01 2.069500e+01 2.075186e+01 2.074751e+01
2.037000e+01 2.069500e+01 2.086504e+01 2.073968e+01 2.037000e+01 2.070500e+01 2.086635e+01 2.073982e+01
2.064000e+01 2.069500e+01 2.101334e+01 2.079439e+01 2.064000e+01 2.070500e+01 2.101603e+01 2.078623e+01
2.099000e+01 2.069500e+01 2.060808e+01 2.078896e+01 2.099000e+01 2.070500e+01 2.060563e+01 2.078080e+01
2.125000e+01 2.069500e+01 2.075186e+01 2.074751e+01 2.125500e+01 2.070000e+01 2.075612e+01 2.074711e+01
2.125500e+01 2.070000e+01 2.075612e+01 2.074711e+01 2.126000e+01 2.070500e+01 2.076048e+01 2.074681e+01
2.037000e+01 2.070500e+01 2.086635e+01 2.073982e+01 2.037000e+01 2.071500e+01 2.086745e+01 2.073990e+01
2.063500e+01 2.071000e+01 2.101766e+01 2.078085e+01 2.063000e+01 2.071500e+01 2.101886e+01 2.077574e+01
2.064000e+01 2.070500e+01 2.101603e+01 2.078623e+01 2.063500e+01 2.071000e+01 2.101766e+01 2.078085e+01
2.099000e+01 2.070500e+01 2.060563e+01 2.078080e+01 2.099000e+01 2.071500e+01 2.060365e+01 2.077234e+01
2.126000e+01 2.070500e+01 2.076048e+01 2.074681e+01 2.126000e+01 2.071500e+01 2.075995e+01 2.074694e+01
2.037000e+01 2.071500e+01 2.086745e+01 2.073990e+01 2.037000e+01 2.072500e+01 2.086836e+01 2.073993e+01
2.063000e+01 2.071500e+01 2.101886e+01 2.077574e+01 2.063000e+01 2.072500e+01 2.102054e+01 2.076741e+01
2.099000e+01 2.071500e+01 2.060365e+01 2.077234e+01 2.099000e+01 2.072500e+01 2.060216e+01 2.076365e+01
2.126000e+01 2.071500e+01 2.075995e+01 2.074694e+01 2.126000e+01 2.072500e+01 2.075961e+01 2.074704e+01
2.037000e+01 2.072500e+01 2.086836e+01 2.073993e+01 2.037000e+01 2.073500e+01 2.086906e+01 2.073991e+01
2.063000e+01 2.072500e+01 2.102054e+01 2.076741e+01 2.063000e+01 2.073500e+01 2.102171e+01 2.075887e+01
2.099000e+01 2.072500e+01 2.060216e+01 2.076365e+01 2.099500e+01 2.073000e+01 2.060144e+01 2.075875e+01
2.099500e+01 2.073000e+01 2.060144e+01 2.075875e+01 2.100000e+01 2.073500e+01 2.060113e+01 2.075413e+01
2.126000e+01 2.072500e+01 2.075961e+01 2.074704e+01 2.126000e+01 2.073500e+01 2.075948e+01 2.074711e+01
2.037000e+01 2.073500e+01 2.086906e+01 2.073991e+01 2.037000e+01 2.074500e+01 2.086955e+01 2.073986e+01
2.063000e+01 2.073500e+01 2.102171e+01 2.075887e+01 2.063000e+01 2.074500e+01 2.102236e+01 2.075019e+01
2.100000e+01 2.073500e+01 2.060113e+01 2.075413e+01 2.100000e+01 2.074500e+01 2.060073e+01 2.074573e+01
2.126000e+01 2.073500e+01 2.075948e+01 2.074711e+01 2.126000e+01 2.074500e+01 2.075955e+01 2.074718e+01
2.037000e+01 2.074500e+01 2.086955e+01 2.073986e+01 2.037000e+01 2.075500e+01 2.086983e+01 2.073980e+01
2.063000e+01 2.074500e+01 2.102236e+01 2.075019e+01 2.063000e+01 2.075500e+01 2.102249e+01 2.074144e+01
2.099500e+01 2.075000e+01 2.060061e+01 2.074147e+01 2.099000e+01 2.075500e+01 2.060086e+01 2.073695e+01
2.100000e+01 2.074500e+01 2.060073e+01 2.074573e+01 2.099500e+01 2.075000e+01 2.060061e+01 2.074147e+01
2.126000e+01 2.074500e+01 2.075955e+01 2.074718e+01 2.126000e+01 2.075500e+01 2.075983e+01 2.074725e+01
2.037000e+01 2.075500e+01 2.086983e+01 2.073980e+01 2.037000e+01 2.076500e+01 2.086991e+01 2.073973e+01
2.063000e+01 2.075500e+01 2.102249e+01 2.074144e+01 2.063000e+01 2.076500e+01 2.102209e+01 2.073270e+01
2.099000e+01 2.075500e+01 2.060086e+01 2.073695e+01 2.099000e+01 2.076500e+01 2.060149e+01 2.072808e+01
2.126000e+01 2.075500e+01 2.075983e+01 2.074725e+01 2.126000e+01 2.076500e+01 2.076031e+01 2.074734e+01
2.037000e+01 2.076500e+01 2.086991e+01 2.073973e+01 2.037000e+01 2.077500e+01 2.086978e+01 2.073968e+01
2.063000e+01 2.076500e+01 2.102209e+01 2.073270e+01 2.063000e+01 2.077500e+01 2.102117e+01 2.072403e+01
2.099000e+01 2.076500e+01 2.060149e+01 2.072808e+01 2.099000e+01 2.077500e+01 2.060265e+01 2.071936e+01
2.126000e+01 2.076500e+01 2.076031e+01 2.074734e+01 2.126000e+01 2.077500e+01 2.076099e+01 2.074746e+01
2.037000e+01 2.077500e+01 2.086978e+01 2.073968e+01 2.037000e+01 2.078500e+01 2.086944e+01 2.073964e+01
2.063000e+01 2.077500e+01 2.102117e+01 2.072403e+01 2.063000e+01 2.078500e+01 2.101974e+01 2.071551e+01
2.099000e+01 2.077500e+01 2.060265e+01 2.071936e+01 2.099000e+01 2.078500e+01 2.060432e+01 2.071085e+01
2.126000e+01 2.077500e+01 2.076099e+01 2.074746e+01 2.126000e+01 2.078500e+01 2.076187e+01 2.074762e+01
2.037000e+01 2.078500e+01 2.086944e+01 2.073964e+01 2.037000e+01 2.079500e+01 2.086889e+01 2.073963e+01
2.063000e+01 2.078500e+01 2.101974e+01 2.071551e+01 2.063000e+01 2.079500e+01 2.101782e+01 2.070720e+01
2.099000e+01 2.078500e+01 2.060432e+01 2.071085e+01 2.099000e+01 2.079500e+01 2.060648e+01 2.070262e+01
2.126000e+01 2.078500e+01 2.076187e+01 2.074762e+01 2.126000e+01 2.079500e+01 2.076295e+01 2.074783e+01
2.037000e+01 2.079500e+01 2.086889e+01 2.073963e+01 2.037000e+01 2.080500e+01 2.086814e+01 2.073967e+01
2.063000e+01 2.079500e+01 2.101782e+01 2.070720e+01 2.063000e+01 2.080500e+01 2.101543e+01 2.069918e+01
2.098500e+01 2.080000e+01 2.060808e+01 2.069736e+01 2.098000e+01 2.080500e+01 2.061013e+01 2.069184e+01
2.099000e+01 2.079500e+01 2.060648e+01 2.070262e+01 2.098500e+01 2.080000e+01 2.060808e+01 2.069736e+01
2.125500e+01 2.080000e+01 2.075885e+01 2.074732e+01 2.125000e+01 2.080500e+01 2.075485e+01 2.074671e+01
2.126000e+01 2.079500e+01 2.076295e+01 2.074783e+01 2.125500e+01 2.080000e+01 2.075885e+01 2.074732e+01
2.037000e+01 2.080500e+01 2.086814e+01 2.073967e+01 2.037000e+01 2.081500e+01 2.086720e+01 2.073976e+01
2.063000e+01 2.080500e+01 2.101543e+01 2.069918e+01 2.063500e+01 2.081000e+01 2.101372e+01 2.069392e+01
2.063500e+01 2.081000e+01 2.101372e+01 2.069392e+01 2.064000e+01 2.081500e+01 2.101155e+01 2.068839e+01
2.098000e+01 2.080500e+01 2.061013e+01 2.069184e+01 2.098000e+01 2.081500e+01 2.061326e+01 2.068393e+01
2.125000e+01 2.080500e+01 2.075485e+01 2.074671e+01 2.125000e+01 2.081500e+01 2.075636e+01 2.074686e+01
2.037000e+01 2.081500e+01 2.086720e+01 2.073976e+01 2.037000e+01 2.082500e+01 2.086605e+01 2.073991e+01
2.064000e+01 2.081500e+01 2.101155e+01 2.068839e+01 2.064000e+01 2.082500e+01 2.100819e+01 2.068071e+01
2.098000e+01 2.081500e+01 2.061326e+01 2.068393e+01 2.098000e+01 2.082500e+01 2.061681e+01 2.067649e+01
2.125000e+01 2.081500e+01 2.075636e+01 2.074686e+01 2.125000e+01 2.082500e+01 2.075805e+01 2.074709e+01
2.037000e+01 2.082500e+01 2.086605e+01 2.073991e+01 2.037000e+01 2.083500e+01 2.086471e+01 2.074015e+01
2.064000e+01 2.082500e+01 2.100819e+01 2.068071e+01 2.064500e+01 2.083000e+01 2.100550e+01 2.067524e+01
2.064500e+01 2.083000e+01 2.100550e+01 2.067524e+01 2.065000e+01 2.083500e+01 2.100231e+01 2.066953e+01
2.097500e+01 2.083000e+01 2.061959e+01 2.067109e+01 2.097000e+01 2.083500e+01 2.062286e+01 2.066546e+01
2.098000e+01 2.082500e+01 2.061681e+01 2.067649e+01 2.097500e+01 2.083000e+01 2.061959e+01 2.067109e+01
2.125000e+01 2.082500e+01 2.075805e+01 2.074709e+01 2.125000e+01 2.083500e+01 2.075994e+01 2.074742e+01
2.037000e+01 2.083500e+01 2.086471e+01 2.074015e+01 2.037000e+01 2.084500e+01 2.086319e+01 2.074047e+01
2.065000e+01 2.083500e+01 2.100231e+01 2.066953e+01 2.065000e+01 2.084500e+01 2.099811e+01 2.066252e+01
2.097000e+01 2.083500e+01 2.062286e+01 2.066546e+01 2.097000e+01 2.084500e+01 2.062718e+01 2.065879e+01
2.125000e+01 2.083500e+01 2.075994e+01 2.074742e+01 2.125000e+01 2.084500e+01 2.076202e+01 2.074786e+01
2.037000e+01 2.084500e+01 2.086319e+01 2.074047e+01 2.037500e+01 2.085000e+01 2.086689e+01 2.073982e+01
2.037500e+01 2.085000e+01 2.086689e+01 2.073982e+01 2.038000e+01 2.085500e+01 2.087048e+01 2.073905e+01
2.065000e+01 2.084500e+01 2.099811e+01 2.066252e+01 2.065500e+01 2.085000e+01 2.099449e+01 2.065707e+01
2.065500e+01 2.085000e+01 2.099449e+01 2.065707e+01 2.066000e+01 2.085500e+01 2.099035e+01 2.065144e+01
2.096500e+01 2.085000e+01 2.063083e+01 2.065348e+01 2.096000e+01 2.085500e+01 2.063498e+01 2.064800e+01
2.097000e+01 2.084500e+01 2.062718e+01 2.065879e+01 2.096500e+01 2.085000e+01 2.063083e+01 2.065348e+01
2.125000e+01 2.084500e+01 2.076202e+01 2.074786e+01 2.125000e+01 2.085500e+01 2.076427e+01 2.074842e+01
2.038000e+01 2.085500e+01 2.087048e+01 2.073905e+01 2.038000e+01 2.086500e+01 2.086852e+01 2.073940e+01
2.066000e+01 2.085500e+01 2.099035e+01 2.065144e+01 2.066000e+01 2.086500e+01 2.098554e+01 2.064541e+01
2.095500e+01 2.086000e+01 2.063927e+01 2.064275e+01 2.095000e+01 2.086500e+01 2.064406e+01 2.063738e+01
2.096000e+01 2.085500e+01 2.063498e+01 2.064800e+01 2.095500e+01 2.086000e+01 2.063927e+01 2.064275e+01
2.125000e+01 2.085500e+01 2.076427e+01 2.074842e+01 2.125000e+01 2.086500e+01 2.076670e+01 2.074911e+01
2.038000e+01 2.086500e+01 2.086852e+01 2.073940e+01 2.038000e+01 2.087500e+01 2.086639e+01 2.073987e+01
2.066000e+01 2.086500e+01 2.098554e+01 2.064541e+01 2.066500e+01 2.087000e+01 2.098110e+01 2.064023e+01
2.066500e+01 2.087000e+01 2.098110e+01 2.064023e+01 2.067000e+01 2.087500e+01 2.097617e+01 2.063494e+01
2.094500e+01 2.087000e+01 2.064894e+01 2.063229e+01 2.094000e+01 2.087500e+01 2.065431e+01 2.062714e+01
2.095000e+01 2.086500e+01 2.064406e+01 2.063738e+01 2.094500e+01 2.087000e+01 2.064894e+01 2.063229e+01
2.125000e+01 2.086500e+01 2.076670e+01 2.074911e+01 2.125000e+01 2.087500e+01 2.076930e+01 2.074993e+01
2.038000e+01 2.087500e+01 2.086639e+01 2.073987e+01 2.038000e+01 2.088500e+01 2.086409e+01 2.074048e+01
2.067000e+01 2.087500e+01 2.097617e+01 2.063494e+01 2.067500e+01 2.088000e+01 2.097115e+01 2.062995e+01
2.067500e+01 2.088000e+01 2.097115e+01 2.062995e+01 2.068000e+01 2.088500e+01 2.096564e+01 2.062490e+01
2.093500e+01 2.088000e+01 2.065973e+01 2.062230e+01 2.093000e+01 2.088500e+01 2.066561e+01 2.061746e+01
2.094000e+01 2.087500e+01 2.065431e+01 2.062714e+01 2.093500e+01 2.088000e+01 2.065973e+01 2.062230e+01
2.124500e+01 2.088000e+01 2.076621e+01 2.074903e+01 2.124000e+01 2.088500e+01 2.076325e+01 2.074802e+01
2.125000e+01 2.087500e+01 2.076930e+01 2.074993e+01 2.124500e+01 2.088000e+01 2.076621e+01 2.074903e+01
2.038000e+01 2.088500e+01 2.086409e+01 2.074048e+01 2.038000e+01 2.089500e+01 2.086162e+01 2.074124e+01
2.068000e+01 2.088500e+01 2.096564e+01 2.062490e+01 2.068500e+01 2.089000e+01 2.096010e+01 2.062018e+01
2.068500e+01 2.089000e+01 2.096010e+01 2.062018e+01 2.069000e+01 2.089500e+01 2.095411e+01 2.061547e+01
2.092500e+01 2.089000e+01 2.067147e+01 2.061297e+01 2.092000e+01 2.089500e+01 2.067777e+01 2.060853e+01
2.093000e+01 2.088500e+01 2.066561e+01 2.061746e+01 2.092500e+01 2.089000e+01 2.067147e+01 2.061297e+01
2.124000e+01 2.088500e+01 2.076325e+01 2.074802e+01 2.124000e+01 2.089500e+01 2.076623e+01 2.074898e+01
2.038000e+01 2.089500e+01 2.086162e+01 2.074124e+01 2.038500e+01 2.090000e+01 2.086460e+01 2.074038e+01
2.038500e+01 2.090000e+01 2.086460e+01 2.074038e+01 2.039000e+01 2.090500e+01 2.086745e+01 2.073938e+01
2.069000e+01 2.089500e+01 2.095411e+01 2.061547e+01 2.069500e+01 2.090000e+01 2.094814e+01 2.061112e+01
2.069500e+01 2.090000e+01 2.094814e+01 2.061112e+01 2.070500e+01 2.090000e+01 2.094051e+01 2.060599e+01
2.070500e+01 2.090000e+01 2.094051e+01 2.060599e+01 2.071000e+01 2.090500e+01 2.093374e+01 2.060181e+01
2.090500e+01 2.090000e+01 2.069230e+01 2.059957e+01 2.090000e+01 2.090500e+01 2.069926e+01 2.059575e+01
2.090500e+01 2.090000e+01 2.069230e+01 2.059957e+01 2.091500e+01 2.090000e+01 2.068399e+01 2.060447e+01
2.092000e+01 2.089500e+01 2.067777e+01 2.060853e+01 2.091500e+01 2.090000e+01 2.068399e+01 2.060447e+01
2.124000e+01 2.089500e+01 2.076623e+01 2.074898e+01 2.124000e+01 2.090500e+01 2.076936e+01 2.075011e+01
2.039000e+01 2.090500e+01 2.086745e+01 2.073938e+01 2.039000e+01 2.091500e+01 2.086459e+01 2.074029e+01
2.071000e+01 2.090500e+01 2.093374e+01 2.060181e+01 2.071500e+01 2.091000e+01 2.092709e+01 2.059804e+01
2.071500e+01 2.091000e+01 2.092709e+01 2.059804e+01 2.072000e+01 2.091500e+01 2.092012e+01 2.059442e+01
2.089500e+01 2.091000e+01 2.070606e+01 2.059235e+01 2.089000e+01 2.091500e+01 2.071314e+01 2.058913e+01
2.090000e+01 2.090500e+01 2.069926e+01 2.059575e+01 2.089500e+01 2.091000e+01 2.070606e+01 2.059235e+01
2.124000e+01 2.090500e+01 2.076936e+01 2.075011e+01 2.124000e+01 2.091500e+01 2.077263e+01 2.075140e+01
2.039000e+01 2.091500e+01 2.086459e+01 2.074029e+01 2.039000e+01 2.092500e+01 2.086159e+01 2.074138e+01
2.072000e+01 2.091500e+01 2.092012e+01 2.059442e+01 2.072500e+01 2.092000e+01 2.091332e+01 2.059122e+01
2.072500e+01 2.092000e+01 2.091332e+01 2.059122e+01 2.073500e+01 2.092000e+01 2.090351e+01 2.058693e+01
2.073500e+01 2.092000e+01 2.090351e+01 2.058693e+01 2.074500e+01 2.092000e+01 2.089293e+01 2.058300e+01
2.074500e+01 2.092000e+01 2.089293e+01 2.058300e+01 2.075000e+01 2.092500e+01 2.088554e+01 2.058051e+01
2.086500e+01 2.092000e+01 2.074132e+01 2.057900e+01 2.086000e+01 2.092500e+01 2.074864e+01 2.057695e+01
2.086500e+01 2.092000e+01 2.074132e+01 2.057900e+01 2.087500e+01 2.092000e+01 2.073030e+01 2.058245e+01
2.087500e+01 2.092000e+01 2.073030e+01 2.058245e+01 2.088500e+01 2.092000e+01 2.072001e+01 2.058631e+01
2.089000e+01 2.091500e+01 2.071314e+01 2.058913e+01 2.088500e+01 2.092000e+01 2.072001e+01 2.058631e+01
2.123500e+01 2.092000e+01 2.077011e+01 2.075043e+01 2.123000e+01 2.092500e+01 2.076772e+01 2.074936e+01
2.124000e+01 2.091500e+01 2.077263e+01 2.075140e+01 2.123500e+01 2.092000e+01 2.077011e+01 2.075043e+01
2.039000e+01 2.092500e+01 2.086159e+01 2.074138e+01 2.039000e+01 2.093500e+01 2.085845e+01 2.074264e+01
2.075000e+01 2.092500e+01 2.088554e+01 2.058051e+01 2.075500e+01 2.093000e+01 2.087842e+01 2.057844e+01
2.075500e+01 2.093000e+01 2.087842e+01 2.057844e+01 2.076500e+01 2.093000e+01 2.086701e+01 2.057550e+01
2.076500e+01 2.093000e+01 2.086701e+01 2.057550e+01 2.077500e+01 2.093000e+01 2.085510e+01 2.057309e+01
2.077500e+01 2.093000e+01 2.085510e+01 2.057309e+01 2.078500e+01 2.093000e+01 2.084280e+01 2.057123e+01
2.078500e+01 2.093000e+01 2.084280e+01 2.057123e+01 2.079500e+01 2.093000e+01 2.083021e+01 2.056996e+01
2.079500e+01 2.093000e+01 2.083021e+01 2.056996e+01 2.080500e+01 2.093000e+01 2.081747e+01 2.056931e+01
2.080500e+01 2.093000e+01 2.081747e+01 2.056931e+01 2.081500e+01 2.093000e+01 2.080469e+01 2.056929e+01
2.081500e+01 2.093000e+01 2.080469e+01 2.056929e+01 2.082500e+01 2.093000e+01 2.079200e+01 2.056989e+01
2.082500e+01 2.093000e+01 2.079200e+01 2.056989e+01 2.083500e+01 2.093000e+01 2.077953e+01 2.057111e+01
2.083500e+01 2.093000e+01 2.077953e+01 2.057111e+01 2.084500e+01 2.093000e+01 2.076738e+01 2.057292e+01
2.084500e+01 2.093000e+01 2.076738e+01 2.057292e+01 2.085500e+01 2.093000e+01 2.075567e+01 2.057529e+01
2.086000e+01 2.092500e+01 2.074864e+01 2.057695e+01 2.085500e+01 2.093000e+01 2.075567e+01 2.057529e+01
2.123000e+01 2.092500e+01 2.076772e+01 2.074936e+01 2.123000e+01 2.093500e+01 2.077133e+01 2.075089e+01
2.039000e+01 2.093500e+01 2.085845e+01 2.074264e+01 2.039500e+01 2.094000e+01 2.086085e+01 2.074172e+01
2.039500e+01 2.094000e+01 2.086085e+01 2.074172e+01 2.040000e+01 2.094500e+01 2.086309e+01 2.074070e+01
2.123000e+01 2.093500e+01 2.077133e+01 2.075089e+01 2.123000e+01 2.094500e+01 2.077506e+01 2.075260e+01
2.040000e+01 2.094500e+01 2.086309e+01 2.074070e+01 2.040000e+01 2.095500e+01 2.085962e+01 2.074221e+01
2.123000e+01 2.094500e+01 2.077506e+01 2.075260e+01 2.123000e+01 2.095500e+01 2.077891e+01 2.075452e+01
2.040000e+01 2.095500e+01 2.085962e+01 2.074221e+01 2.040000e+01 2.096500e+01 2.085604e+01 2.074392e+01
2.122500e+01 2.096000e+01 2.077691e+01 2.075360e+01 2.122000e+01 2.096500e+01 2.077507e+01 2.075259e+01
2.123000e+01 2.095500e+01 2.077891e+01 2.075452e+01 2.122500e+01 2.096000e+01 2.077691e+01 2.075360e+01
2.040000e+01 2.096500e+01 2.085604e+01 2.074392e+01 2.040500e+01 2.097000e+01 2.085798e+01 2.074303e+01
2.040500e+01 2.097000e+01 2.085798e+01 2.074303e+01 2.041000e+01 2.097500e+01 2.085975e+01 2.074205e+01
2.122000e+01 2.096500e+01 2.077507e+01 2.075259e+01 2.122000e+01 2.097500e+01 2.077920e+01 2.075482e+01
2.041000e+01 2.097500e+01 2.085975e+01 2.074205e+01 2.041000e+01 2.098500e+01 2.085588e+01 2.074408e+01
2.121500e+01 2.098000e+01 2.077752e+01 2.075393e+01 2.121000e+01 2.098500e+01 2.077600e+01 2.075296e+01
2.122000e+01 2.097500e+01 2.077920e+01 2.075482e+01 2.121500e+01 2.098000e+01 2.077752e+01 2.075393e+01
2.041000e+01 2.098500e+01 2.085588e+01 2.074408e+01 2.041000e+01 2.099500e+01 2.085192e+01 2.074633e+01
2.121000e+01 2.098500e+01 2.077600e+01 2.075296e+01 2.121000e+01 2.099500e+01 2.078038e+01 2.075553e+01
2.041000e+01 2.099500e+01 2.085192e+01 2.074633e+01 2.041500e+01 2.100000e+01 2.085344e+01 2.074554e+01
2.041500e+01 2.100000e+01 2.085344e+01 2.074554e+01 2.042000e+01 2.100500e+01 2.085479e+01 2.074468e+01
2.121000e+01 2.099500e+01 2.078038e+01 2.075553e+01 2.121000e+01 2.100500e+01 2.078487e+01 2.075833e+01
2.042000e+01 2.100500e+01 2.085479e+01 2.074468e+01 2.042000e+01 2.101500e+01 2.085056e+01 2.074729e+01
2.120500e+01 2.101000e+01 2.078354e+01 2.075758e+01 2.120000e+01 2.101500e+01 2.078240e+01 2.075677e+01
2.121000e+01 2.100500e+01 2.078487e+01 2.075833e+01 2.120500e+01 2.101000e+01 2.078354e+01 2.075758e+01
2.042000e+01 2.101500e+01 2.085056e+01 2.074729e+01 2.042500e+01 2.102000e+01 2.085180e+01 2.074660e+01
2.042500e+01 2.102000e+01 2.085180e+01 2.074660e+01 2.043000e+01 2.102500e+01 2.085283e+01 2.074583e+01
2.120000e+01 2.101500e+01 2.078240e+01 2.075677e+01 2.120000e+01 2.102500e+01 2.078708e+01 2.075996e+01
2.043000e+01 2.102500e+01 2.085283e+01 2.074583e+01 2.043000e+01 2.103500e+01 2.084841e+01 2.074886e+01
2.119500e+01 2.103000e+01 2.078607e+01 2.075932e+01 2.119000e+01 2.103500e+01 2.078522e+01 2.075863e+01
2.120000e+01 2.102500e+01 2.078708e+01 2.075996e+01 2.119500e+01 2.103000e+01 2.078607e+01 2.075932e+01
2.043000e+01 2.103500e+01 2.084841e+01 2.074886e+01 2.043500e+01 2.104000e+01 2.084932e+01 2.074828e+01
2.043500e+01 2.104000e+01 2.084932e+01 2.074828e+01 2.044000e+01 2.104500e+01 2.085006e+01 2.074764e+01
2.119000e+01 2.103500e+01 2.078522e+01 2.075863e+01 2.119000e+01 2.104500e+01 2.079005e+01 2.076224e+01
2.044000e+01 2.104500e+01 2.085006e+01 2.074764e+01 2.044000e+01 2.105500e+01 2.084553e+01 2.075111e+01
2.118500e+01 2.105000e+01 2.078930e+01 2.076175e+01 2.118000e+01 2.105500e+01 2.078867e+01 2.076120e+01
2.119000e+01 2.104500e+01 2.079005e+01 2.076224e+01 2.118500e+01 2.105000e+01 2.078930e+01 2.076175e+01
2.044000e+01 2.105500e+01 2.084553e+01 2.075111e+01 2.044500e+01 2.106000e+01 2.084617e+01 2.075069e+01
2.044500e+01 2.106000e+01 2.084617e+01 2.075069e+01 2.045000e+01 2.106500e+01 2.084664e+01 2.075023e+01
2.118000e+01 2.105500e+01 2.078867e+01 2.076120e+01 2.118000e+01 2.106500e+01 2.079361e+01 2.076525e+01
2.045000e+01 2.106500e+01 2.084664e+01 2.075023e+01 2.045000e+01 2.107500e+01 2.084198e+01 2.075415e+01
2.117500e+01 2.107000e+01 2.079309e+01 2.076493e+01 2.117000e+01 2.107500e+01 2.079274e+01 2.076457e+01
2.118000e+01 2.106500e+01 2.079361e+01 2.076525e+01 2.117500e+01 2.107000e+01 2.079309e+01 2.076493e+01
2.045000e+01 2.107500e+01 2.084198e+01 2.075415e+01 2.045500e+01 2.108000e+01 2.084238e+01 2.075392e+01
2.045500e+01 2.108000e+01 2.084238e+01 2.075392e+01 2.046000e+01 2.108500e+01 2.084261e+01 2.075365e+01
2.116500e+01 2.108000e+01 2.079241e+01 2.076433e+01 2.116000e+01 2.108500e+01 2.079223e+01 2.076407e+01
2.117000e+01 2.107500e+01 2.079274e+01 2.076457e+01 2.116500e+01 2.108000e+01 2.079241e+01 2.076433e+01
2.046000e+01 2.108500e+01 2.084261e+01 2.075365e+01 2.046500e+01 2.109000e+01 2.084282e+01 2.075351e+01
2.046500e+01 2.109000e+01 2.084282e+01 2.075351e+01 2.047000e+01 2.109500e+01 2.084287e+01 2.075336e+01
2.116000e+01 2.108500e+01 2.079223e+01 2.076407e+01 2.116000e+01 2.109500e+01 2.079725e+01 2.076879e+01
2.047000e+01 2.109500e+01 2.084287e+01 2.075336e+01 2.047000e+01 2.110500e+01 2.083815e+01 2.075800e+01
2.115500e+01 2.110000e+01 2.079711e+01 2.076877e+01 2.115000e+01 2.110500e+01 2.079713e+01 2.076873e+01
2.116000e+01 2.109500e+01 2.079725e+01 2.076879e+01 2.115500e+01 2.110000e+01 2.079711e+01 2.076877e+01
2.047000e+01 2.110500e+01 2.083815e+01 2.075800e+01 2.047500e+01 2.111000e+01 2.083817e+01 2.075810e+01
2.047500e+01 2.111000e+01 2.083817e+01 2.075810e+01 2.048000e+01 2.111500e+01 2.083803e+01 2.075819e+01
2.114500e+01 2.111000e+01 2.079715e+01 2.076881e+01 2.114000e+01 2.111500e+01 2.079733e+01 2.076890e+01
2.115000e+01 2.110500e+01 2.079713e+01 2.076873e+01 2.114500e+01 2.111000e+01 2.079715e+01 2.076881e+01
2.048000e+01 2.111500e+01 2.083803e+01 2.075819e+01 2.048500e+01 2.112000e+01 2.083789e+01 2.075841e+01
2.048500e+01 2.112000e+01 2.083789e+01 2.075841e+01 2.049000e+01 2.112500e+01 2.083759e+01 2.075864e+01
2.113500e+01 2.112000e+01 2.079750e+01 2.076910e+01 2.113000e+01 2.112500e+01 2.079782e+01 2.076932e+01
2.114000e+01 2.111500e+01 2.079733e+01 2.076890e+01 2.113500e+01 2.112000e+01 2.079750e+01 2.076910e+01
2.049000e+01 2.112500e+01 2.083759e+01 2.075864e+01 2.049500e+01 2.113000e+01 2.083731e+01 2.075900e+01
2.049500e+01 2.113000e+01 2.083731e+01 2.075900e+01 2.050000e+01 2.113500e+01 2.083687e+01 2.075937e+01
2.113000e+01 2.112500e+01 2.079782e+01 2.076932e+01 2.113000e+01 2.113500e+01 2.080283e+01 2.077501e+01
2.050000e+01 2.113500e+01 2.083687e+01 2.075937e+01 2.050000e+01 2.114500e+01 2.083222e+01 2.076504e+01
2.112500e+01 2.114000e+01 2.080312e+01 2.077548e+01 2.112000e+01 2.114500e+01 2.080356e+01 2.077597e+01
2.113000e+01 2.113500e+01 2.080283e+01 2.077501e+01 2.112500e+01 2.114000e+01 2.080312e+01 2.077548e+01
2.050000e+01 2.114500e+01 2.083222e+01 2.076504e+01 2.050500e+01 2.115000e+01 2.083182e+01 2.076569e+01
2.050500e+01 2.115000e+01 2.083182e+01 2.076569e+01 2.051000e+01 2.115500e+01 2.083128e+01 2.076636e+01
2.111500e+01 2.115000e+01 2.080397e+01 2.077659e+01 2.111000e+01 2.115500e+01 2.080452e+01 2.077723e+01
2.112000e+01 2.114500e+01 2.080356e+01 2.077597e+01 2.111500e+01 2.115000e+01 2.080397e+01 2.077659e+01
2.051000e+01 2.115500e+01 2.083128e+01 2.076636e+01 2.051500e+01 2.116000e+01 2.083077e+01 2.076717e+01
2.051500e+01 2.116000e+01 2.083077e+01 2.076717e+01 2.052000e+01 2.116500e+01 2.083012e+01 2.076801e+01
2.110500e+01 2.116000e+01 2.080504e+01 2.077800e+01 2.110000e+01 2.116500e+01 2.080569e+01 2.077881e+01
2.111000e+01 2.115500e+01 2.080452e+01 2.077723e+01 2.110500e+01 2.116000e+01 2.080504e+01 2.077800e+01
2.052000e+01 2.116500e+01 2.083012e+01 2.076801e+01 2.052500e+01 2.117000e+01 2.082952e+01 2.076899e+01
2.052500e+01 2.117000e+01 2.082952e+01 2.076899e+01 2.053000e+01 2.117500e+01 2.082878e+01 2.077001e+01
2.109500e+01 2.117000e+01 2.080631e+01 2.077974e+01 2.109000e+01 2.117500e+01 2.080704e+01 2.078072e+01
2.110000e+01 2.116500e+01 2.080569e+01 2.077881e+01 2.109500e+01 2.117000e+01 2.080631e+01 2.077974e+01
2.053000e+01 2.117500e+01 2.082878e+01 2.077001e+01 2.053500e+01 2.118000e+01 2.082810e+01 2.077117e+01
2.053500e+01 2.118000e+01 2.082810e+01 2.077117e+01 2.054000e+01 2.118500e+01 2.082729e+01 2.077238e+01
2.108500e+01 2.118000e+01 2.080773e+01 2.078182e+01 2.108000e+01 2.118500e+01 2.080854e+01 2.078298e+01
2.109000e+01 2.117500e+01 2.080704e+01 2.078072e+01 2.108500e+01 2.118000e+01 2.080773e+01 2.078182e+01
2.054000e+01 2.118500e+01 2.082729e+01 2.077238e+01 2.054500e+01 2.119000e+01 2.082654e+01 2.077372e+01
2.054500e+01 2.119000e+01 2.082654e+01 2.077372e+01 2.055000e+01 2.119500e+01 2.082568e+01 2.077512e+01
2.107500e+01 2.119000e+01 2.080930e+01 2.078426e+01 2.107000e+01 2.119500e+01 2.081016e+01 2.078559e+01
2.108000e+01 2.118500e+01 2.080854e+01 2.078298e+01 2.107500e+01 2.119000e+01 2.080930e+01 2.078426e+01
2.055000e+01 2.119500e+01 2.082568e+01 2.077512e+01 2.055500e+01 2.120000e+01 2.082488e+01 2.077666e+01
2.055500e+01 2.120000e+01 2.082488e+01 2.077666e+01 2.056500e+01 2.120000e+01 2.082718e+01 2.077256e+01
2.056500e+01 2.120000e+01 2.082718e+01 2.077256e+01 2.057000e+01 2.120500e+01 2.082617e+01 2.077423e+01
2.105500e+01 2.120000e+01 2.080833e+01 2.078260e+01 2.105000e+01 2.120500e+01 2.080934e+01 2.078419e+01
2.105500e+01 2.120000e+01 2.080833e+01 2.078260e+01 2.106500e+01 2.120000e+01 2.081097e+01 2.078705e+01
2.107000e+01 2.119500e+01 2.081016e+01 2.078559e+01 2.106500e+01 2.120000e+01 2.081097e+01 2.078705e+01
2.057000e+01 2.120500e+01 2.082617e+01 2.077423e+01 2.057500e+01 2.121000e+01 2.082525e+01 2.077603e+01
2.057500e+01 2.121000e+01 2.082525e+01 2.077603e+01 2.058000e+01 2.121500e+01 2.082423e+01 2.077792e+01
2.104500e+01 2.121000e+01 2.081028e+01 2.078591e+01 2.104000e+01 2.121500e+01 2.081130e+01 2.078769e+01
2.105000e+01 2.120500e+01 2.080934e+01 2.078419e+01 2.104500e+01 2.121000e+01 2.081028e+01 2.078591e+01
2.058000e+01 2.121500e+01 2.082423e+01 2.077792e+01 2.058500e+01 2.122000e+01 2.082330e+01 2.077992e+01
2.058500e+01 2.122000e+01 2.082330e+01 2.077992e+01 2.059000e+01 2.122500e+01 2.082228e+01 2.078201e+01
2.103500e+01 2.122000e+01 2.081226e+01 2.078960e+01 2.103000e+01 2.122500e+01 2.081329e+01 2.079158e+01
2.104000e+01 2.121500e+01 2.081130e+01 2.078769e+01 2.103500e+01 2.122000e+01 2.081226e+01 2.078960e+01
2.059000e+01 2.122500e+01 2.082228e+01 2.078201e+01 2.059500e+01 2.123000e+01 2.082135e+01 2.078423e+01
2.059500e+01 2.123000e+01 2.082135e+01 2.078423e+01 2.060500e+01 2.123000e+01 2.082289e+01 2.078069e+01
2.060500e+01 2.123000e+01 2.082289e+01 2.078069e+01 2.061000e+01 2.123500e+01 2.082183e+01 2.078308e+01
2.101500e+01 2.123000e+01 2.081236e+01 2.078975e+01 2.101000e+01 2.123500e+01 2.081345e+01 2.079202e+01
2.101500e+01 2.123000e+01 2.081236e+01 2.078975e+01 2.102500e+01 2.123000e+01 2.081424e+01 2.079368e+01
2.103000e+01 2.122500e+01 2.081329e+01 2.079158e+01 2.102500e+01 2.123000e+01 2.081424e+01 2.079368e+01
2.061000e+01 2.123500e+01 2.082183e+01 2.078308e+01 2.061500e+01 2.124000e+01 2.082087e+01 2.078560e+01
2.061500e+01 2.124000e+01 2.082087e+01 2.078560e+01 2.062500e+01 2.124000e+01 2.082207e+01 2.078235e+01
2.062500e+01 2.124000e+01 2.082207e+01 2.078235e+01 2.063000e+01 2.124500e+01 2.082101e+01 2.078506e+01
2.099500e+01 2.124000e+01 2.081293e+01 2.079075e+01 2.099000e+01 2.124500e+01 2.081404e+01 2.079332e+01
2.099500e+01 2.124000e+01 2.081293e+01 2.079075e+01 2.100500e+01 2.124000e+01 2.081446e+01 2.079440e+01
2.101000e+01 2.123500e+01 2.081345e+01 2.079202e+01 2.100500e+01 2.124000e+01 2.081446e+01 2.079440e+01
2.063000e+01 2.124500e+01 2.082101e+01 2.078506e+01 2.063500e+01 2.125000e+01 2.082004e+01 2.078788e+01
2.063500e+01 2.125000e+01 2.082004e+01 2.078788e+01 2.064000e+01 2.125500e+01 2.081904e+01 2.079080e+01
2.097500e+01 2.125000e+01 2.081383e+01 2.079265e+01 2.097000e+01 2.125500e+01 2.081492e+01 2.079551e+01
2.097500e+01 2.125000e+01 2.081383e+01 2.079265e+01 2.098500e+01 2.125000e+01 2.081506e+01 2.079598e+01
2.099000e+01 2.124500e+01 2.081404e+01 2.079332e+01 2.098500e+01 2.125000e+01 2.081506e+01 2.079598e+01
2.064000e+01 2.125500e+01 2.081904e+01 2.079080e+01 2.064500e+01 2.126000e+01 2.081815e+01 2.079383e+01
2.064500e+01 2.126000e+01 2.081815e+01 2.079383e+01 2.065500e+01 2.126000e+01 2.081902e+01 2.079112e+01
2.065500e+01 2.126000e+01 2.081902e+01 2.079112e+01 2.066500e+01 2.126000e+01 2.081971e+01 2.078856e+01
2.066500e+01 2.126000e+01 2.081971e+01 2.078856e+01 2.067000e+01 2.126500e+01 2.081876e+01 2.079190e+01
2.095500e+01 2.126000e+01 2.081494e+01 2.079547e+01 2.095000e+01 2.126500e+01 2.081598e+01 2.079863e+01
2.095500e+01 2.126000e+01 2.081494e+01 2.079547e+01 2.096500e+01 2.126000e+01 2.081591e+01 2.079847e+01
2.097000e+01 2.125500e+01 2.081492e+01 2.079551e+01 2.096500e+01 2.126000e+01 2.081591e+01 2.079847e+01
2.067000e+01 2.126500e+01 2.081876e+01 2.079190e+01 2.067500e+01 2.127000e+01 2.081793e+01 2.079535e+01
2.067500e+01 2.127000e+01 2.081793e+01 2.079535e+01 2.068500e+01 2.127000e+01 2.081845e+01 2.079315e+01
2.068500e+01 2.127000e+01 2.081845e+01 2.079315e+01 2.069500e+01 2.127000e+01 2.081882e+01 2.079112e+01
2.069500e+01 2.127000e+01 2.081882e+01 2.079112e+01 2.070000e+01 2.127500e+01 2.081801e+01 2.079489e+01
2.092500e+01 2.127000e+01 2.081552e+01 2.079674e+01 2.092000e+01 2.127500e+01 2.081645e+01 2.080031e+01
2.092500e+01 2.127000e+01 2.081552e+01 2.079674e+01 2.093500e+01 2.127000e+01 2.081613e+01 2.079923e+01
2.093500e+01 2.127000e+01 2.081613e+01 2.079923e+01 2.094500e+01 2.127000e+01 2.081691e+01 2.080188e+01
2.095000e+01 2.126500e+01 2.081598e+01 2.079863e+01 2.094500e+01 2.127000e+01 2.081691e+01 2.080188e+01
2.070000e+01 2.127500e+01 2.081801e+01 2.079489e+01 2.070500e+01 2.128000e+01 2.081731e+01 2.079875e+01
2.070500e+01 2.128000e+01 2.081731e+01 2.079875e+01 2.071500e+01 2.128000e+01 2.081761e+01 2.079711e+01
2.071500e+01 2.128000e+01 2.081761e+01 2.079711e+01 2.072500e+01 2.128000e+01 2.081779e+01 2.079564e+01
2.072500e+01 2.128000e+01 2.081779e+01 2.079564e+01 2.073000e+01 2.128500e+01 2.081720e+01 2.079984e+01
2.088500e+01 2.128000e+01 2.081615e+01 2.079811e+01 2.088000e+01 2.128500e+01 2.081687e+01 2.080219e+01
2.088500e+01 2.128000e+01 2.081615e+01 2.079811e+01 2.089500e+01 2.128000e+01 2.081641e+01 2.079989e+01
2.089500e+01 2.128000e+01 2.081641e+01 2.079989e+01 2.090500e+01 2.128000e+01 2.081678e+01 2.080184e+01
2.090500e+01 2.128000e+01 2.081678e+01 2.080184e+01 2.091500e+01 2.128000e+01 2.081728e+01 2.080396e+01
2.092000e+01 2.127500e+01 2.081645e+01 2.080031e+01 2.091500e+01 2.128000e+01 2.081728e+01 2.080396e+01
2.073000e+01 2.128500e+01 2.081720e+01 2.079984e+01 2.073500e+01 2.129000e+01 2.081671e+01 2.080411e+01
2.073500e+01 2.129000e+01 2.081671e+01 2.080411e+01 2.074500e+01 2.129000e+01 2.081690e+01 2.080304e+01
2.074500e+01 2.129000e+01 2.081690e+01 2.080304e+01 2.075500e+01 2.129000e+01 2.081701e+01 2.080215e+01
2.075500e+01 2.129000e+01 2.081701e+01 2.080215e+01 2.076500e+01 2.129000e+01 2.081708e+01 2.080145e+01
2.076500e+01 2.129000e+01 2.081708e+01 2.080145e+01 2.077500e+01 2.129000e+01 2.081709e+01 2.080094e+01
2.077500e+01 2.129000e+01 2.081709e+01 2.080094e+01 2.078500e+01 2.129000e+01 2.081707e+01 2.080062e+01
2.078500e+01 2.129000e+01 2.081707e+01 2.080062e+01 2.079500e+01 2.129000e+01 2.081704e+01 2.080049e+01
2.079500e+01 2.129000e+01 2.081704e+01 2.080049e+01 2.080500e+01 2.129000e+01 2.081699e+01 2.080055e+01
2.080500e+01 2.129000e+01 2.081699e+01 2.080055e+01 2.081500e+01 2.129000e+01 2.081695e+01 2.080081e+01
2.081500e+01 2.129000e+01 2.081695e+01 2.080081e+01 2.082500e+01 2.129000e+01 2.081692e+01 2.080126e+01
2.082500e+01 2.129000e+01 2.081692e+01 2.080126e+01 2.083500e+01 2.129000e+01 2.081693e+01 2.080190e+01
2.083500e+01 2.129000e+01 2.081693e+01 2.080190e+01 2.084500e+01 2.129000e+01 2.081698e+01 2.080273e+01
2.084500e+01 2.129000e+01 2.081698e+01 2.080273e+01 2.085500e+01 2.129000e+01 2.081708e+01 2.080374e+01
2.085500e+01 2.129000e+01 2.081708e+01 2.080374e+01 2.086500e+01 2.129000e+01 2.081724e+01 2.080495e+01
2.086500e+01 2.129000e+01 2.081724e+01 2.080495e+01 2.087500e+01 2.129000e+01 2.081749e+01 2.080633e+01
2.088000e+01 2.128500e+01 2.081687e+01 2.080219e+01 2.087500e+01 2.129000e+01 2.081749e+01 2.080633e+01
