2.077500e+01 2.019000e+01 2.080257e+01 2.066532e+01 2.077000e+01 2.019500e+01 2.080299e+01 2.066975e+01
2.077500e+01 2.019000e+01 2.080257e+01 2.066532e+01 2.078500e+01 2.019000e+01 2.080273e+01 2.066618e+01
2.078500e+01 2.019000e+01 2.080273e+01 2.066618e+01 2.079500e+01 2.019000e+01 2.080284e+01 2.066686e+01
2.079500e+01 2.019000e+01 2.080284e+01 2.066686e+01 2.080500e+01 2.019000e+01 2.080292e+01 2.066735e+01
2.080500e+01 2.019000e+01 2.080292e+01 2.066735e+01 2.081500e+01 2.019000e+01 2.080299e+01 2.066765e+01
2.081500e+01 2.019000e+01 2.080299e+01 2.066765e+01 2.082500e+01 2.019000e+01 2.080304e+01 2.066777e+01
2.082500e+01 2.019000e+01 2.080304e+01 2.066777e+01 2.083500e+01 2.019000e+01 2.080310e+01 2.066769e+01
2.083500e+01 2.019000e+01 2.080310e+01 2.066769e+01 2.084500e+01 2.019000e+01 2.080318e+01 2.066743e+01
2.084500e+01 2.019000e+01 2.080318e+01 2.066743e+01 2.085000e+01 2.019500e+01 2.080301e+01 2.067216e+01
2.072500e+01 2.020000e+01 2.080257e+01 2.066803e+01 2.072000e+01 2.020500e+01 2.080330e+01 2.067189e+01
2.072500e+01 2.020000e+01 2.080257e+01 2.066803e+01 2.073500e+01 2.020000e+01 2.080295e+01 2.066983e+01
2.073500e+01 2.020000e+01 2.080295e+01 2.066983e+01 2.074500e+01 2.020000e+01 2.080322e+01 2.067144e+01
2.074500e+01 2.020000e+01 2.080322e+01 2.067144e+01 2.075500e+01 2.020000e+01 2.080341e+01 2.067288e+01
2.075500e+01 2.020000e+01 2.080341e+01 2.067288e+01 2.076500e+01 2.020000e+01 2.080351e+01 2.067414e+01
2.077000e+01 2.019500e+01 2.080299e+01 2.066975e+01 2.076500e+01 2.020000e+01 2.080351e+01 2.067414e+01
2.085000e+01 2.019500e+01 2.080301e+01 2.067216e+01 2.085500e+01 2.020000e+01 2.080274e+01 2.067683e+01
2.085500e+01 2.020000e+01 2.080274e+01 2.067683e+01 2.086500e+01 2.020000e+01 2.080271e+01 2.067617e+01
2.086500e+01 2.020000e+01 2.080271e+01 2.067617e+01 2.087500e+01 2.020000e+01 2.080273e+01 2.067532e+01
2.087500e+01 2.020000e+01 2.080273e+01 2.067532e+01 2.088500e+01 2.020000e+01 2.080283e+01 2.067429e+01
2.088500e+01 2.020000e+01 2.080283e+01 2.067429e+01 2.089500e+01 2.020000e+01 2.080301e+01 2.067307e+01
2.089500e+01 2.020000e+01 2.080301e+01 2.067307e+01 2.090000e+01 2.020500e+01 2.080245e+01 2.067720e+01
2.069500e+01 2.021000e+01 2.080308e+01 2.067116e+01 2.069000e+01 2.021500e+01 2.080395e+01 2.067463e+01
2.069500e+01 2.021000e+01 2.080308e+01 2.067116e+01 2.070500e+01 2.021000e+01 2.080368e+01 2.067350e+01
2.070500e+01 2.021000e+01 2.080368e+01 2.067350e+01 2.071500e+01 2.021000e+01 2.080414e+01 2.067567e+01
2.072000e+01 2.020500e+01 2.080330e+01 2.067189e+01 2.071500e+01 2.021000e+01 2.080414e+01 2.067567e+01
2.090000e+01 2.020500e+01 2.080245e+01 2.067720e+01 2.090500e+01 2.021000e+01 2.080178e+01 2.068127e+01
2.090500e+01 2.021000e+01 2.080178e+01 2.068127e+01 2.091500e+01 2.021000e+01 2.080198e+01 2.067965e+01
2.091500e+01 2.021000e+01 2.080198e+01 2.067965e+01 2.092500e+01 2.021000e+01 2.080231e+01 2.067787e+01
2.092500e+01 2.021000e+01 2.080231e+01 2.067787e+01 2.093500e+01 2.021000e+01 2.080276e+01 2.067592e+01
2.093500e+01 2.021000e+01 2.080276e+01 2.067592e+01 2.094000e+01 2.021500e+01 2.080201e+01 2.067954e+01
2.066500e+01 2.022000e+01 2.080325e+01 2.067246e+01 2.066000e+01 2.022500e+01 2.080418e+01 2.067554e+01
2.066500e+01 2.022000e+01 2.080325e+01 2.067246e+01 2.067500e+01 2.022000e+01 2.080417e+01 2.067531e+01
2.067500e+01 2.022000e+01 2.080417e+01 2.067531e+01 2.068500e+01 2.022000e+01 2.080493e+01 2.067801e+01
2.069000e+01 2.021500e+01 2.080395e+01 2.067463e+01 2.068500e+01 2.022000e+01 2.080493e+01 2.067801e+01
2.094000e+01 2.021500e+01 2.080201e+01 2.067954e+01 2.094500e+01 2.022000e+01 2.080114e+01 2.068307e+01
2.094500e+01 2.022000e+01 2.080114e+01 2.068307e+01 2.095500e+01 2.022000e+01 2.080174e+01 2.068074e+01
2.095500e+01 2.022000e+01 2.080174e+01 2.068074e+01 2.096000e+01 2.022500e+01 2.080089e+01 2.068406e+01
2.064500e+01 2.023000e+01 2.080406e+01 2.067533e+01 2.064000e+01 2.023500e+01 2.080503e+01 2.067812e+01
2.064500e+01 2.023000e+01 2.080406e+01 2.067533e+01 2.065500e+01 2.023000e+01 2.080522e+01 2.067852e+01
2.066000e+01 2.022500e+01 2.080418e+01 2.067554e+01 2.065500e+01 2.023000e+01 2.080522e+01 2.067852e+01
2.096000e+01 2.022500e+01 2.080089e+01 2.068406e+01 2.096500e+01 2.023000e+01 2.079993e+01 2.068728e+01
2.096500e+01 2.023000e+01 2.079993e+01 2.068728e+01 2.097500e+01 2.023000e+01 2.080072e+01 2.068459e+01
2.097500e+01 2.023000e+01 2.080072e+01 2.068459e+01 2.098000e+01 2.023500e+01 2.079981e+01 2.068760e+01
2.063500e+01 2.024000e+01 2.080610e+01 2.068081e+01 2.063000e+01 2.024500e+01 2.080712e+01 2.068340e+01
2.064000e+01 2.023500e+01 2.080503e+01 2.067812e+01 2.063500e+01 2.024000e+01 2.080610e+01 2.068081e+01
2.098000e+01 2.023500e+01 2.079981e+01 2.068760e+01 2.098500e+01 2.024000e+01 2.079879e+01 2.069051e+01
2.098500e+01 2.024000e+01 2.079879e+01 2.069051e+01 2.099500e+01 2.024000e+01 2.079984e+01 2.068749e+01
2.099500e+01 2.024000e+01 2.079984e+01 2.068749e+01 2.100000e+01 2.024500e+01 2.079891e+01 2.069019e+01
2.061500e+01 2.025000e+01 2.080668e+01 2.068221e+01 2.061000e+01 2.025500e+01 2.080768e+01 2.068452e+01
2.061500e+01 2.025000e+01 2.080668e+01 2.068221e+01 2.062500e+01 2.025000e+01 2.080824e+01 2.068589e+01
2.063000e+01 2.024500e+01 2.080712e+01 2.068340e+01 2.062500e+01 2.025000e+01 2.080824e+01 2.068589e+01
2.100000e+01 2.024500e+01 2.079891e+01 2.069019e+01 2.100500e+01 2.025000e+01 2.079787e+01 2.069279e+01
2.100500e+01 2.025000e+01 2.079787e+01 2.069279e+01 2.101000e+01 2.025500e+01 2.079689e+01 2.069529e+01
2.059500e+01 2.026000e+01 2.080683e+01 2.068276e+01 2.059000e+01 2.026500e+01 2.080777e+01 2.068480e+01
2.059500e+01 2.026000e+01 2.080683e+01 2.068276e+01 2.060500e+01 2.026000e+01 2.080876e+01 2.068672e+01
2.061000e+01 2.025500e+01 2.080768e+01 2.068452e+01 2.060500e+01 2.026000e+01 2.080876e+01 2.068672e+01
2.101000e+01 2.025500e+01 2.079689e+01 2.069529e+01 2.101500e+01 2.026000e+01 2.079581e+01 2.069768e+01
2.101500e+01 2.026000e+01 2.079581e+01 2.069768e+01 2.102500e+01 2.026000e+01 2.079731e+01 2.069416e+01
2.102500e+01 2.026000e+01 2.079731e+01 2.069416e+01 2.103000e+01 2.026500e+01 2.079637e+01 2.069637e+01
2.058500e+01 2.027000e+01 2.080878e+01 2.068672e+01 2.058000e+01 2.027500e+01 2.080971e+01 2.068857e+01
2.059000e+01 2.026500e+01 2.080777e+01 2.068480e+01 2.058500e+01 2.027000e+01 2.080878e+01 2.068672e+01
2.103000e+01 2.026500e+01 2.079637e+01 2.069637e+01 2.103500e+01 2.027000e+01 2.079535e+01 2.069846e+01
2.103500e+01 2.027000e+01 2.079535e+01 2.069846e+01 2.104000e+01 2.027500e+01 2.079441e+01 2.070046e+01
2.057500e+01 2.028000e+01 2.081071e+01 2.069030e+01 2.057000e+01 2.028500e+01 2.081162e+01 2.069196e+01
2.058000e+01 2.027500e+01 2.080971e+01 2.068857e+01 2.057500e+01 2.028000e+01 2.081071e+01 2.069030e+01
2.104000e+01 2.027500e+01 2.079441e+01 2.070046e+01 2.104500e+01 2.028000e+01 2.079339e+01 2.070234e+01
2.104500e+01 2.028000e+01 2.079339e+01 2.070234e+01 2.105000e+01 2.028500e+01 2.079246e+01 2.070415e+01
2.056500e+01 2.029000e+01 2.081259e+01 2.069351e+01 2.056000e+01 2.029500e+01 2.081346e+01 2.069498e+01
2.057000e+01 2.028500e+01 2.081162e+01 2.069196e+01 2.056500e+01 2.029000e+01 2.081259e+01 2.069351e+01
2.105000e+01 2.028500e+01 2.079246e+01 2.070415e+01 2.105500e+01 2.029000e+01 2.079146e+01 2.070583e+01
2.105500e+01 2.029000e+01 2.079146e+01 2.070583e+01 2.106500e+01 2.029000e+01 2.079373e+01 2.070175e+01
2.106500e+01 2.029000e+01 2.079373e+01 2.070175e+01 2.107000e+01 2.029500e+01 2.079293e+01 2.070330e+01
2.055500e+01 2.030000e+01 2.081439e+01 2.069634e+01 2.055000e+01 2.030500e+01 2.081521e+01 2.069763e+01
2.056000e+01 2.029500e+01 2.081346e+01 2.069498e+01 2.055500e+01 2.030000e+01 2.081439e+01 2.069634e+01
2.107000e+01 2.029500e+01 2.079293e+01 2.070330e+01 2.107500e+01 2.030000e+01 2.079208e+01 2.070471e+01
2.107500e+01 2.030000e+01 2.079208e+01 2.070471e+01 2.108000e+01 2.030500e+01 2.079133e+01 2.070606e+01
2.054500e+01 2.031000e+01 2.081609e+01 2.069880e+01 2.054000e+01 2.031500e+01 2.081684e+01 2.069992e+01
2.055000e+01 2.030500e+01 2.081521e+01 2.069763e+01 2.054500e+01 2.031000e+01 2.081609e+01 2.069880e+01
2.108000e+01 2.030500e+01 2.079133e+01 2.070606e+01 2.108500e+01 2.031000e+01 2.079053e+01 2.070729e+01
2.108500e+01 2.031000e+01 2.079053e+01 2.070729e+01 2.109000e+01 2.031500e+01 2.078986e+01 2.070846e+01
2.053500e+01 2.032000e+01 2.081765e+01 2.070092e+01 2.053000e+01 2.032500e+01 2.081833e+01 2.070187e+01
2.054000e+01 2.031500e+01 2.081684e+01 2.069992e+01 2.053500e+01 2.032000e+01 2.081765e+01 2.070092e+01
2.109000e+01 2.031500e+01 2.078986e+01 2.070846e+01 2.109500e+01 2.032000e+01 2.078914e+01 2.070951e+01
2.109500e+01 2.032000e+01 2.078914e+01 2.070951e+01 2.110000e+01 2.032500e+01 2.078855e+01 2.071050e+01
2.052500e+01 2.033000e+01 2.081904e+01 2.070269e+01 2.052000e+01 2.033500e+01 2.081963e+01 2.070348e+01
2.053000e+01 2.032500e+01 2.081833e+01 2.070187e+01 2.052500e+01 2.033000e+01 2.081904e+01 2.070269e+01
2.110000e+01 2.032500e+01 2.078855e+01 2.071050e+01 2.110000e+01 2.033500e+01 2.078404e+01 2.071674e+01
2.051500e+01 2.034000e+01 2.082024e+01 2.070414e+01 2.051000e+01 2.034500e+01 2.082072e+01 2.070477e+01
2.052000e+01 2.033500e+01 2.081963e+01 2.070348e+01 2.051500e+01 2.034000e+01 2.082024e+01 2.070414e+01
2.110000e+01 2.033500e+01 2.078404e+01 2.071674e+01 2.110500e+01 2.034000e+01 2.078337e+01 2.071748e+01
2.110500e+01 2.034000e+01 2.078337e+01 2.071748e+01 2.111000e+01 2.034500e+01 2.078285e+01 2.071818e+01
2.050500e+01 2.035000e+01 2.082122e+01 2.070527e+01 2.050000e+01 2.035500e+01 2.082158e+01 2.070576e+01
2.051000e+01 2.034500e+01 2.082072e+01 2.070477e+01 2.050500e+01 2.035000e+01 2.082122e+01 2.070527e+01
2.111000e+01 2.034500e+01 2.078285e+01 2.071818e+01 2.111500e+01 2.035000e+01 2.078230e+01 2.071874e+01
2.111500e+01 2.035000e+01 2.078230e+01 2.071874e+01 2.112000e+01 2.035500e+01 2.078190e+01 2.071929e+01
2.049500e+01 2.036000e+01 2.082196e+01 2.070612e+01 2.049000e+01 2.036500e+01 2.082219e+01 2.070647e+01
2.050000e+01 2.035500e+01 2.082158e+01 2.070576e+01 2.049500e+01 2.036000e+01 2.082196e+01 2.070612e+01
2.112000e+01 2.035500e+01 2.078190e+01 2.071929e+01 2.112500e+01 2.036000e+01 2.078148e+01 2.071970e+01
2.112500e+01 2.036000e+01 2.078148e+01 2.071970e+01 2.113000e+01 2.036500e+01 2.078121e+01 2.072010e+01
2.048500e+01 2.037000e+01 2.082242e+01 2.070669e+01 2.048000e+01 2.037500e+01 2.082251e+01 2.070691e+01
2.049000e+01 2.036500e+01 2.082219e+01 2.070647e+01 2.048500e+01 2.037000e+01 2.082242e+01 2.070669e+01
2.113000e+01 2.036500e+01 2.078121e+01 2.072010e+01 2.113500e+01 2.037000e+01 2.078091e+01 2.072037e+01
2.113500e+01 2.037000e+01 2.078091e+01 2.072037e+01 2.114000e+01 2.037500e+01 2.078079e+01 2.072063e+01
2.048000e+01 2.037500e+01 2.082251e+01 2.070691e+01 2.048000e+01 2.038500e+01 2.082756e+01 2.071214e+01
2.114000e+01 2.037500e+01 2.078079e+01 2.072063e+01 2.114000e+01 2.038500e+01 2.077607e+01 2.072560e+01
2.047500e+01 2.039000e+01 2.082764e+01 2.071211e+01 2.047000e+01 2.039500e+01 2.082756e+01 2.071210e+01
2.048000e+01 2.038500e+01 2.082756e+01 2.071214e+01 2.047500e+01 2.039000e+01 2.082764e+01 2.071211e+01
2.114000e+01 2.038500e+01 2.077607e+01 2.072560e+01 2.114500e+01 2.039000e+01 2.077595e+01 2.072561e+01
2.114500e+01 2.039000e+01 2.077595e+01 2.072561e+01 2.115000e+01 2.039500e+01 2.077600e+01 2.072563e+01
2.046500e+01 2.040000e+01 2.082747e+01 2.071197e+01 2.046000e+01 2.040500e+01 2.082722e+01 2.071186e+01
2.047000e+01 2.039500e+01 2.082756e+01 2.071210e+01 2.046500e+01 2.040000e+01 2.082747e+01 2.071197e+01
2.115000e+01 2.039500e+01 2.077600e+01 2.072563e+01 2.115500e+01 2.040000e+01 2.077607e+01 2.072553e+01
2.115500e+01 2.040000e+01 2.077607e+01 2.072553e+01 2.116000e+01 2.040500e+01 2.077630e+01 2.072544e+01
2.046000e+01 2.040500e+01 2.082722e+01 2.071186e+01 2.046000e+01 2.041500e+01 2.083224e+01 2.071640e+01
2.116000e+01 2.040500e+01 2.077630e+01 2.072544e+01 2.116000e+01 2.041500e+01 2.077164e+01 2.072970e+01
2.045500e+01 2.042000e+01 2.083194e+01 2.071606e+01 2.045000e+01 2.042500e+01 2.083149e+01 2.071575e+01
2.046000e+01 2.041500e+01 2.083224e+01 2.071640e+01 2.045500e+01 2.042000e+01 2.083194e+01 2.071606e+01
2.116000e+01 2.041500e+01 2.077164e+01 2.072970e+01 2.116500e+01 2.042000e+01 2.077192e+01 2.072938e+01
2.116500e+01 2.042000e+01 2.077192e+01 2.072938e+01 2.117000e+01 2.042500e+01 2.077238e+01 2.072909e+01
2.045000e+01 2.042500e+01 2.083149e+01 2.071575e+01 2.045000e+01 2.043500e+01 2.083640e+01 2.071984e+01
2.117000e+01 2.042500e+01 2.077238e+01 2.072909e+01 2.117000e+01 2.043500e+01 2.076778e+01 2.073288e+01
2.044500e+01 2.044000e+01 2.083588e+01 2.071932e+01 2.044000e+01 2.044500e+01 2.083518e+01 2.071884e+01
2.045000e+01 2.043500e+01 2.083640e+01 2.071984e+01 2.044500e+01 2.044000e+01 2.083588e+01 2.071932e+01
2.117000e+01 2.043500e+01 2.076778e+01 2.073288e+01 2.117500e+01 2.044000e+01 2.076832e+01 2.073237e+01
2.117500e+01 2.044000e+01 2.076832e+01 2.073237e+01 2.118000e+01 2.044500e+01 2.076903e+01 2.073191e+01
2.044000e+01 2.044500e+01 2.083518e+01 2.071884e+01 2.044000e+01 2.045500e+01 2.083999e+01 2.072250e+01
2.118000e+01 2.044500e+01 2.076903e+01 2.073191e+01 2.118000e+01 2.045500e+01 2.076455e+01 2.073526e+01
2.043500e+01 2.046000e+01 2.083920e+01 2.072182e+01 2.043000e+01 2.046500e+01 2.083825e+01 2.072120e+01
2.044000e+01 2.045500e+01 2.083999e+01 2.072250e+01 2.043500e+01 2.046000e+01 2.083920e+01 2.072182e+01
2.118000e+01 2.045500e+01 2.076455e+01 2.073526e+01 2.118500e+01 2.046000e+01 2.076536e+01 2.073460e+01
2.118500e+01 2.046000e+01 2.076536e+01 2.073460e+01 2.119000e+01 2.046500e+01 2.076635e+01 2.073400e+01
2.043000e+01 2.046500e+01 2.083825e+01 2.072120e+01 2.043000e+01 2.047500e+01 2.084291e+01 2.072445e+01
2.119000e+01 2.046500e+01 2.076635e+01 2.073400e+01 2.119000e+01 2.047500e+01 2.076202e+01 2.073695e+01
2.042500e+01 2.048000e+01 2.084184e+01 2.072365e+01 2.042000e+01 2.048500e+01 2.084060e+01 2.072292e+01
2.043000e+01 2.047500e+01 2.084291e+01 2.072445e+01 2.042500e+01 2.048000e+01 2.084184e+01 2.072365e+01
2.119000e+01 2.047500e+01 2.076202e+01 2.073695e+01 2.119500e+01 2.048000e+01 2.076314e+01 2.073614e+01
2.119500e+01 2.048000e+01 2.076314e+01 2.073614e+01 2.120000e+01 2.048500e+01 2.076444e+01 2.073543e+01
2.042000e+01 2.048500e+01 2.084060e+01 2.072292e+01 2.042000e+01 2.049500e+01 2.084508e+01 2.072580e+01
2.120000e+01 2.048500e+01 2.076444e+01 2.073543e+01 2.120000e+01 2.049500e+01 2.076031e+01 2.073800e+01
2.042000e+01 2.049500e+01 2.084508e+01 2.072580e+01 2.042000e+01 2.050500e+01 2.084950e+01 2.072844e+01
2.120000e+01 2.049500e+01 2.076031e+01 2.073800e+01 2.120000e+01 2.050500e+01 2.075625e+01 2.074034e+01
2.041500e+01 2.051000e+01 2.084803e+01 2.072748e+01 2.041000e+01 2.051500e+01 2.084642e+01 2.072660e+01
2.042000e+01 2.050500e+01 2.084950e+01 2.072844e+01 2.041500e+01 2.051000e+01 2.084803e+01 2.072748e+01
2.120000e+01 2.050500e+01 2.075625e+01 2.074034e+01 2.120500e+01 2.051000e+01 2.075778e+01 2.073940e+01
2.120500e+01 2.051000e+01 2.075778e+01 2.073940e+01 2.121000e+01 2.051500e+01 2.075949e+01 2.073853e+01
2.041000e+01 2.051500e+01 2.084642e+01 2.072660e+01 2.041000e+01 2.052500e+01 2.085059e+01 2.072890e+01
2.121000e+01 2.051500e+01 2.075949e+01 2.073853e+01 2.121000e+01 2.052500e+01 2.075569e+01 2.074053e+01
2.040500e+01 2.053000e+01 2.084880e+01 2.072790e+01 2.040000e+01 2.053500e+01 2.084686e+01 2.072700e+01
2.041000e+01 2.052500e+01 2.085059e+01 2.072890e+01 2.040500e+01 2.053000e+01 2.084880e+01 2.072790e+01
2.121000e+01 2.052500e+01 2.075569e+01 2.074053e+01 2.121000e+01 2.053500e+01 2.075199e+01 2.074230e+01
2.040000e+01 2.053500e+01 2.084686e+01 2.072700e+01 2.040000e+01 2.054500e+01 2.085076e+01 2.072898e+01
2.121000e+01 2.053500e+01 2.075199e+01 2.074230e+01 2.121500e+01 2.054000e+01 2.075398e+01 2.074129e+01
2.121500e+01 2.054000e+01 2.075398e+01 2.074129e+01 2.122000e+01 2.054500e+01 2.075612e+01 2.074036e+01
2.040000e+01 2.054500e+01 2.085076e+01 2.072898e+01 2.040000e+01 2.055500e+01 2.085455e+01 2.073079e+01
2.122000e+01 2.054500e+01 2.075612e+01 2.074036e+01 2.122000e+01 2.055500e+01 2.075274e+01 2.074186e+01
2.040000e+01 2.055500e+01 2.085455e+01 2.073079e+01 2.040000e+01 2.056500e+01 2.085823e+01 2.073239e+01
2.078500e+01 2.056000e+01 2.084454e+01 2.090771e+01 2.078000e+01 2.056500e+01 2.085159e+01 2.090672e+01
2.078500e+01 2.056000e+01 2.084454e+01 2.090771e+01 2.079500e+01 2.056000e+01 2.083205e+01 2.090912e+01
2.079500e+01 2.056000e+01 2.083205e+01 2.090912e+01 2.080500e+01 2.056000e+01 2.081931e+01 2.090993e+01
2.080500e+01 2.056000e+01 2.081931e+01 2.090993e+01 2.081500e+01 2.056000e+01 2.080645e+01 2.091011e+01
2.081500e+01 2.056000e+01 2.080645e+01 2.091011e+01 2.082500e+01 2.056000e+01 2.079360e+01 2.090967e+01
2.082500e+01 2.056000e+01 2.079360e+01 2.090967e+01 2.083500e+01 2.056000e+01 2.078087e+01 2.090862e+01
2.083500e+01 2.056000e+01 2.078087e+01 2.090862e+01 2.084500e+01 2.056000e+01 2.076840e+01 2.090697e+01
2.084500e+01 2.056000e+01 2.076840e+01 2.090697e+01 2.085000e+01 2.056500e+01 2.076125e+01 2.090580e+01
2.122000e+01 2.055500e+01 2.075274e+01 2.074186e+01 2.122000e+01 2.056500e+01 2.074948e+01 2.074316e+01
2.039500e+01 2.057000e+01 2.085590e+01 2.073132e+01 2.039000e+01 2.057500e+01 2.085342e+01 2.073035e+01
2.040000e+01 2.056500e+01 2.085823e+01 2.073239e+01 2.039500e+01 2.057000e+01 2.085590e+01 2.073132e+01
2.075500e+01 2.057000e+01 2.088275e+01 2.089966e+01 2.075000e+01 2.057500e+01 2.088999e+01 2.089743e+01
2.075500e+01 2.057000e+01 2.088275e+01 2.089966e+01 2.076500e+01 2.057000e+01 2.087116e+01 2.090278e+01
2.076500e+01 2.057000e+01 2.087116e+01 2.090278e+01 2.077500e+01 2.057000e+01 2.085897e+01 2.090539e+01
2.078000e+01 2.056500e+01 2.085159e+01 2.090672e+01 2.077500e+01 2.057000e+01 2.085897e+01 2.090539e+01
2.085000e+01 2.056500e+01 2.076125e+01 2.090580e+01 2.085500e+01 2.057000e+01 2.075376e+01 2.090425e+01
2.085500e+01 2.057000e+01 2.075376e+01 2.090425e+01 2.086500e+01 2.057000e+01 2.074163e+01 2.090140e+01
2.086500e+01 2.057000e+01 2.074163e+01 2.090140e+01 2.087500e+01 2.057000e+01 2.073010e+01 2.089807e+01
2.087500e+01 2.057000e+01 2.073010e+01 2.089807e+01 2.088500e+01 2.057000e+01 2.071927e+01 2.089430e+01
2.088500e+01 2.057000e+01 2.071927e+01 2.089430e+01 2.089000e+01 2.057500e+01 2.071217e+01 2.089161e+01
2.122000e+01 2.056500e+01 2.074948e+01 2.074316e+01 2.122500e+01 2.057000e+01 2.075194e+01 2.074215e+01
2.122500e+01 2.057000e+01 2.075194e+01 2.074215e+01 2.123000e+01 2.057500e+01 2.075456e+01 2.074126e+01
2.039000e+01 2.057500e+01 2.085342e+01 2.073035e+01 2.039000e+01 2.058500e+01 2.085676e+01 2.073173e+01
2.073500e+01 2.058000e+01 2.090802e+01 2.089075e+01 2.073000e+01 2.058500e+01 2.091507e+01 2.088767e+01
2.073500e+01 2.058000e+01 2.090802e+01 2.089075e+01 2.074500e+01 2.058000e+01 2.089749e+01 2.089482e+01
2.075000e+01 2.057500e+01 2.088999e+01 2.089743e+01 2.074500e+01 2.058000e+01 2.089749e+01 2.089482e+01
2.089000e+01 2.057500e+01 2.071217e+01 2.089161e+01 2.089500e+01 2.058000e+01 2.070484e+01 2.088851e+01
2.089500e+01 2.058000e+01 2.070484e+01 2.088851e+01 2.090500e+01 2.058000e+01 2.069528e+01 2.088396e+01
2.090500e+01 2.058000e+01 2.069528e+01 2.088396e+01 2.091000e+01 2.058500e+01 2.068855e+01 2.088049e+01
2.123000e+01 2.057500e+01 2.075456e+01 2.074126e+01 2.123000e+01 2.058500e+01 2.075165e+01 2.074234e+01
2.039000e+01 2.058500e+01 2.085676e+01 2.073173e+01 2.039000e+01 2.059500e+01 2.085996e+01 2.073292e+01
2.071500e+01 2.059000e+01 2.093136e+01 2.087944e+01 2.071000e+01 2.059500e+01 2.093790e+01 2.087566e+01
2.071500e+01 2.059000e+01 2.093136e+01 2.087944e+01 2.072500e+01 2.059000e+01 2.092230e+01 2.088419e+01
2.073000e+01 2.058500e+01 2.091507e+01 2.088767e+01 2.072500e+01 2.059000e+01 2.092230e+01 2.088419e+01
2.091000e+01 2.058500e+01 2.068855e+01 2.088049e+01 2.091500e+01 2.059000e+01 2.068167e+01 2.087663e+01
2.091500e+01 2.059000e+01 2.068167e+01 2.087663e+01 2.092000e+01 2.059500e+01 2.067519e+01 2.087265e+01
2.123000e+01 2.058500e+01 2.075165e+01 2.074234e+01 2.123000e+01 2.059500e+01 2.074889e+01 2.074326e+01
2.039000e+01 2.059500e+01 2.085996e+01 2.073292e+01 2.039000e+01 2.060500e+01 2.086302e+01 2.073396e+01
2.070500e+01 2.060000e+01 2.094454e+01 2.087151e+01 2.070000e+01 2.060500e+01 2.095076e+01 2.086728e+01
2.071000e+01 2.059500e+01 2.093790e+01 2.087566e+01 2.070500e+01 2.060000e+01 2.094454e+01 2.087151e+01
2.092000e+01 2.059500e+01 2.067519e+01 2.087265e+01 2.092500e+01 2.060000e+01 2.066863e+01 2.086828e+01
2.092500e+01 2.060000e+01 2.066863e+01 2.086828e+01 2.093000e+01 2.060500e+01 2.066251e+01 2.086387e+01
2.123000e+01 2.059500e+01 2.074889e+01 2.074326e+01 2.123000e+01 2.060500e+01 2.074629e+01 2.074402e+01
2.039000e+01 2.060500e+01 2.086302e+01 2.073396e+01 2.039000e+01 2.061500e+01 2.086592e+01 2.073484e+01
2.069500e+01 2.061000e+01 2.095702e+01 2.086268e+01 2.069000e+01 2.061500e+01 2.096282e+01 2.085807e+01
2.070000e+01 2.060500e+01 2.095076e+01 2.086728e+01 2.069500e+01 2.061000e+01 2.095702e+01 2.086268e+01
2.093000e+01 2.060500e+01 2.066251e+01 2.086387e+01 2.093500e+01 2.061000e+01 2.065636e+01 2.085909e+01
2.093500e+01 2.061000e+01 2.065636e+01 2.085909e+01 2.094000e+01 2.061500e+01 2.065071e+01 2.085432e+01
2.123000e+01 2.060500e+01 2.074629e+01 2.074402e+01 2.123000e+01 2.061500e+01 2.074385e+01 2.074463e+01
2.038500e+01 2.062000e+01 2.086290e+01 2.073383e+01 2.038000e+01 2.062500e+01 2.085975e+01 2.073294e+01
2.039000e+01 2.061500e+01 2.086592e+01 2.073484e+01 2.038500e+01 2.062000e+01 2.086290e+01 2.073383e+01
2.068500e+01 2.062000e+01 2.096860e+01 2.085313e+01 2.068000e+01 2.062500e+01 2.097389e+01 2.084822e+01
2.069000e+01 2.061500e+01 2.096282e+01 2.085807e+01 2.068500e+01 2.062000e+01 2.096860e+01 2.085313e+01
2.094000e+01 2.061500e+01 2.065071e+01 2.085432e+01 2.094500e+01 2.062000e+01 2.064510e+01 2.084924e+01
2.094500e+01 2.062000e+01 2.064510e+01 2.084924e+01 2.095000e+01 2.062500e+01 2.064000e+01 2.084422e+01
2.123000e+01 2.061500e+01 2.074385e+01 2.074463e+01 2.123500e+01 2.062000e+01 2.074704e+01 2.074373e+01
2.123500e+01 2.062000e+01 2.074704e+01 2.074373e+01 2.124000e+01 2.062500e+01 2.075037e+01 2.074296e+01
2.038000e+01 2.062500e+01 2.085975e+01 2.073294e+01 2.038000e+01 2.063500e+01 2.086226e+01 2.073369e+01
2.067500e+01 2.063000e+01 2.097910e+01 2.084303e+01 2.067000e+01 2.063500e+01 2.098381e+01 2.083793e+01
2.068000e+01 2.062500e+01 2.097389e+01 2.084822e+01 2.067500e+01 2.063000e+01 2.097910e+01 2.084303e+01
2.095000e+01 2.062500e+01 2.064000e+01 2.084422e+01 2.095500e+01 2.063000e+01 2.063499e+01 2.083892e+01
2.095500e+01 2.063000e+01 2.063499e+01 2.083892e+01 2.096000e+01 2.063500e+01 2.063051e+01 2.083375e+01
2.124000e+01 2.062500e+01 2.075037e+01 2.074296e+01 2.124000e+01 2.063500e+01 2.074834e+01 2.074347e+01
2.038000e+01 2.063500e+01 2.086226e+01 2.073369e+01 2.038000e+01 2.064500e+01 2.086460e+01 2.073432e+01
2.066500e+01 2.064000e+01 2.098840e+01 2.083258e+01 2.066000e+01 2.064500e+01 2.099247e+01 2.082738e+01
2.067000e+01 2.063500e+01 2.098381e+01 2.083793e+01 2.066500e+01 2.064000e+01 2.098840e+01 2.083258e+01
2.096000e+01 2.063500e+01 2.063051e+01 2.083375e+01 2.096500e+01 2.064000e+01 2.062618e+01 2.082835e+01
2.096500e+01 2.064000e+01 2.062618e+01 2.082835e+01 2.097000e+01 2.064500e+01 2.062237e+01 2.082312e+01
2.124000e+01 2.063500e+01 2.074834e+01 2.074347e+01 2.124000e+01 2.064500e+01 2.074648e+01 2.074388e+01
2.038000e+01 2.064500e+01 2.086460e+01 2.073432e+01 2.038000e+01 2.065500e+01 2.086677e+01 2.073483e+01
2.066000e+01 2.064500e+01 2.099247e+01 2.082738e+01 2.066000e+01 2.065500e+01 2.099697e+01 2.082108e+01
2.097000e+01 2.064500e+01 2.062237e+01 2.082312e+01 2.097000e+01 2.065500e+01 2.061806e+01 2.081665e+01
2.124000e+01 2.064500e+01 2.074648e+01 2.074388e+01 2.124000e+01 2.065500e+01 2.074481e+01 2.074418e+01
2.038000e+01 2.065500e+01 2.086677e+01 2.073483e+01 2.038000e+01 2.066500e+01 2.086875e+01 2.073523e+01
2.065500e+01 2.066000e+01 2.100070e+01 2.081553e+01 2.065000e+01 2.066500e+01 2.100391e+01 2.081018e+01
2.066000e+01 2.065500e+01 2.099697e+01 2.082108e+01 2.065500e+01 2.066000e+01 2.100070e+01 2.081553e+01
2.097000e+01 2.065500e+01 2.061806e+01 2.081665e+01 2.097500e+01 2.066000e+01 2.061465e+01 2.081112e+01
2.097500e+01 2.066000e+01 2.061465e+01 2.081112e+01 2.098000e+01 2.066500e+01 2.061175e+01 2.080583e+01
2.124000e+01 2.065500e+01 2.074481e+01 2.074418e+01 2.124000e+01 2.066500e+01 2.074333e+01 2.074438e+01
2.038000e+01 2.066500e+01 2.086875e+01 2.073523e+01 2.038000e+01 2.067500e+01 2.087055e+01 2.073553e+01
2.065000e+01 2.066500e+01 2.100391e+01 2.081018e+01 2.065000e+01 2.067500e+01 2.100770e+01 2.080305e+01
2.098000e+01 2.066500e+01 2.061175e+01 2.080583e+01 2.098000e+01 2.067500e+01 2.060821e+01 2.079863e+01
2.124000e+01 2.066500e+01 2.074333e+01 2.074438e+01 2.124000e+01 2.067500e+01 2.074203e+01 2.074449e+01
2.038000e+01 2.067500e+01 2.087055e+01 2.073553e+01 2.038000e+01 2.068500e+01 2.087215e+01 2.073573e+01
2.064500e+01 2.068000e+01 2.101046e+01 2.079753e+01 2.064000e+01 2.068500e+01 2.101274e+01 2.079226e+01
2.065000e+01 2.067500e+01 2.100770e+01 2.080305e+01 2.064500e+01 2.068000e+01 2.101046e+01 2.079753e+01
2.098000e+01 2.067500e+01 2.060821e+01 2.079863e+01 2.098500e+01 2.068000e+01 2.060581e+01 2.079323e+01
2.098500e+01 2.068000e+01 2.060581e+01 2.079323e+01 2.099000e+01 2.068500e+01 2.060388e+01 2.078810e+01
2.124000e+01 2.067500e+01 2.074203e+01 2.074449e+01 2.124000e+01 2.068500e+01 2.074093e+01 2.074453e+01
2.038000e+01 2.068500e+01 2.087215e+01 2.073573e+01 2.038000e+01 2.069500e+01 2.087356e+01 2.073586e+01
2.064000e+01 2.068500e+01 2.101274e+01 2.079226e+01 2.064000e+01 2.069500e+01 2.101564e+01 2.078461e+01
2.099000e+01 2.068500e+01 2.060388e+01 2.078810e+01 2.099000e+01 2.069500e+01 2.060127e+01 2.078050e+01
2.124000e+01 2.068500e+01 2.074093e+01 2.074453e+01 2.124500e+01 2.069000e+01 2.074511e+01 2.074407e+01
2.124500e+01 2.069000e+01 2.074511e+01 2.074407e+01 2.125000e+01 2.069500e+01 2.074939e+01 2.074373e+01
2.038000e+01 2.069500e+01 2.087356e+01 2.073586e+01 2.038000e+01 2.070500e+01 2.087478e+01 2.073593e+01
2.063500e+01 2.070000e+01 2.101740e+01 2.077937e+01 2.063000e+01 2.070500e+01 2.101872e+01 2.077440e+01
2.064000e+01 2.069500e+01 2.101564e+01 2.078461e+01 2.063500e+01 2.070000e+01 2.101740e+01 2.077937e+01
2.099000e+01 2.069500e+01 2.060127e+01 2.078050e+01 2.099000e+01 2.070500e+01 2.059909e+01 2.077259e+01
2.125000e+01 2.069500e+01 2.074939e+01 2.074373e+01 2.125000e+01 2.070500e+01 2.074873e+01 2.074386e+01
2.037500e+01 2.071000e+01 2.087060e+01 2.073542e+01 2.037000e+01 2.071500e+01 2.086633e+01 2.073503e+01
2.038000e+01 2.070500e+01 2.087478e+01 2.073593e+01 2.037500e+01 2.071000e+01 2.087060e+01 2.073542e+01
2.063000e+01 2.070500e+01 2.101872e+01 2.077440e+01 2.063000e+01 2.071500e+01 2.102064e+01 2.076654e+01
2.099000e+01 2.070500e+01 2.059909e+01 2.077259e+01 2.099000e+01 2.071500e+01 2.059739e+01 2.076443e+01
2.125000e+01 2.070500e+01 2.074873e+01 2.074386e+01 2.125000e+01 2.071500e+01 2.074827e+01 2.074395e+01
2.037000e+01 2.071500e+01 2.086633e+01 2.073503e+01 2.037000e+01 2.072500e+01 2.086711e+01 2.073519e+01
2.063000e+01 2.071500e+01 2.102064e+01 2.076654e+01 2.063000e+01 2.072500e+01 2.102208e+01 2.075845e+01
2.099000e+01 2.071500e+01 2.059739e+01 2.076443e+01 2.099000e+01 2.072500e+01 2.059619e+01 2.075608e+01
2.125000e+01 2.071500e+01 2.074827e+01 2.074395e+01 2.125000e+01 2.072500e+01 2.074801e+01 2.074401e+01
2.037000e+01 2.072500e+01 2.086711e+01 2.073519e+01 2.037000e+01 2.073500e+01 2.086770e+01 2.073532e+01
2.063000e+01 2.072500e+01 2.102208e+01 2.075845e+01 2.063000e+01 2.073500e+01 2.102302e+01 2.075020e+01
2.099000e+01 2.072500e+01 2.059619e+01 2.075608e+01 2.099000e+01 2.073500e+01 2.059550e+01 2.074761e+01
2.125000e+01 2.072500e+01 2.074801e+01 2.074401e+01 2.125000e+01 2.073500e+01 2.074796e+01 2.074406e+01
2.037000e+01 2.073500e+01 2.086770e+01 2.073532e+01 2.037000e+01 2.074500e+01 2.086809e+01 2.073543e+01
2.063000e+01 2.073500e+01 2.102302e+01 2.075020e+01 2.063000e+01 2.074500e+01 2.102345e+01 2.074185e+01
2.099000e+01 2.073500e+01 2.059550e+01 2.074761e+01 2.099000e+01 2.074500e+01 2.059532e+01 2.073910e+01
2.125000e+01 2.073500e+01 2.074796e+01 2.074406e+01 2.125000e+01 2.074500e+01 2.074810e+01 2.074410e+01
2.037000e+01 2.074500e+01 2.086809e+01 2.073543e+01 2.037000e+01 2.075500e+01 2.086827e+01 2.073552e+01
2.063000e+01 2.074500e+01 2.102345e+01 2.074185e+01 2.063000e+01 2.075500e+01 2.102337e+01 2.073346e+01
2.099000e+01 2.074500e+01 2.059532e+01 2.073910e+01 2.099000e+01 2.075500e+01 2.059566e+01 2.073060e+01
2.125000e+01 2.074500e+01 2.074810e+01 2.074410e+01 2.125000e+01 2.075500e+01 2.074846e+01 2.074415e+01
2.037000e+01 2.075500e+01 2.086827e+01 2.073552e+01 2.037500e+01 2.076000e+01 2.087304e+01 2.073556e+01
2.037500e+01 2.076000e+01 2.087304e+01 2.073556e+01 2.038000e+01 2.076500e+01 2.087772e+01 2.073550e+01
2.063000e+01 2.075500e+01 2.102337e+01 2.073346e+01 2.063000e+01 2.076500e+01 2.102276e+01 2.072512e+01
2.099000e+01 2.075500e+01 2.059566e+01 2.073060e+01 2.099000e+01 2.076500e+01 2.059652e+01 2.072219e+01
2.125000e+01 2.075500e+01 2.074846e+01 2.074415e+01 2.125000e+01 2.076500e+01 2.074902e+01 2.074422e+01
2.038000e+01 2.076500e+01 2.087772e+01 2.073550e+01 2.038000e+01 2.077500e+01 2.087748e+01 2.073540e+01
2.063000e+01 2.076500e+01 2.102276e+01 2.072512e+01 2.063000e+01 2.077500e+01 2.102166e+01 2.071688e+01
2.099000e+01 2.076500e+01 2.059652e+01 2.072219e+01 2.099000e+01 2.077500e+01 2.059789e+01 2.071394e+01
2.125000e+01 2.076500e+01 2.074902e+01 2.074422e+01 2.125000e+01 2.077500e+01 2.074978e+01 2.074432e+01
2.038000e+01 2.077500e+01 2.087748e+01 2.073540e+01 2.038000e+01 2.078500e+01 2.087704e+01 2.073534e+01
2.063000e+01 2.077500e+01 2.102166e+01 2.071688e+01 2.063000e+01 2.078500e+01 2.102006e+01 2.070881e+01
2.099000e+01 2.077500e+01 2.059789e+01 2.071394e+01 2.099000e+01 2.078500e+01 2.059975e+01 2.070592e+01
2.125000e+01 2.077500e+01 2.074978e+01 2.074432e+01 2.125000e+01 2.078500e+01 2.075074e+01 2.074447e+01
2.038000e+01 2.078500e+01 2.087704e+01 2.073534e+01 2.038000e+01 2.079500e+01 2.087639e+01 2.073531e+01
2.063000e+01 2.078500e+01 2.102006e+01 2.070881e+01 2.063000e+01 2.079500e+01 2.101799e+01 2.070097e+01
2.099000e+01 2.078500e+01 2.059975e+01 2.070592e+01 2.099000e+01 2.079500e+01 2.060208e+01 2.069818e+01
2.125000e+01 2.078500e+01 2.075074e+01 2.074447e+01 2.125000e+01 2.079500e+01 2.075189e+01 2.074467e+01
2.038000e+01 2.079500e+01 2.087639e+01 2.073531e+01 2.038000e+01 2.080500e+01 2.087553e+01 2.073533e+01
2.063000e+01 2.079500e+01 2.101799e+01 2.070097e+01 2.063500e+01 2.080000e+01 2.101649e+01 2.069595e+01
2.063500e+01 2.080000e+01 2.101649e+01 2.069595e+01 2.064000e+01 2.080500e+01 2.101453e+01 2.069064e+01
2.098500e+01 2.080000e+01 2.060373e+01 2.069310e+01 2.098000e+01 2.080500e+01 2.060584e+01 2.068776e+01
2.099000e+01 2.079500e+01 2.060208e+01 2.069818e+01 2.098500e+01 2.080000e+01 2.060373e+01 2.069310e+01
2.125000e+01 2.079500e+01 2.075189e+01 2.074467e+01 2.125000e+01 2.080500e+01 2.075325e+01 2.074493e+01
2.038000e+01 2.080500e+01 2.087553e+01 2.073533e+01 2.038000e+01 2.081500e+01 2.087448e+01 2.073541e+01
2.064000e+01 2.080500e+01 2.101453e+01 2.069064e+01 2.064000e+01 2.081500e+01 2.101148e+01 2.068304e+01
2.098000e+01 2.080500e+01 2.060584e+01 2.068776e+01 2.098000e+01 2.081500e+01 2.060911e+01 2.068035e+01
2.125000e+01 2.080500e+01 2.075325e+01 2.074493e+01 2.125000e+01 2.081500e+01 2.075480e+01 2.074527e+01
2.038000e+01 2.081500e+01 2.087448e+01 2.073541e+01 2.038000e+01 2.082500e+01 2.087323e+01 2.073556e+01
2.064000e+01 2.081500e+01 2.101148e+01 2.068304e+01 2.064000e+01 2.082500e+01 2.100803e+01 2.067587e+01
2.097500e+01 2.082000e+01 2.061171e+01 2.067505e+01 2.097000e+01 2.082500e+01 2.061481e+01 2.066953e+01
2.098000e+01 2.081500e+01 2.060911e+01 2.068035e+01 2.097500e+01 2.082000e+01 2.061171e+01 2.067505e+01
2.124500e+01 2.082000e+01 2.075098e+01 2.074461e+01 2.124000e+01 2.082500e+01 2.074727e+01 2.074384e+01
2.125000e+01 2.081500e+01 2.075480e+01 2.074527e+01 2.124500e+01 2.082000e+01 2.075098e+01 2.074461e+01
2.038000e+01 2.082500e+01 2.087323e+01 2.073556e+01 2.038000e+01 2.083500e+01 2.087179e+01 2.073580e+01
2.064000e+01 2.082500e+01 2.100803e+01 2.067587e+01 2.064500e+01 2.083000e+01 2.100530e+01 2.067062e+01
2.064500e+01 2.083000e+01 2.100530e+01 2.067062e+01 2.065000e+01 2.083500e+01 2.100206e+01 2.066514e+01
2.097000e+01 2.082500e+01 2.061481e+01 2.066953e+01 2.097000e+01 2.083500e+01 2.061890e+01 2.066276e+01
2.124000e+01 2.082500e+01 2.074727e+01 2.074384e+01 2.124000e+01 2.083500e+01 2.074923e+01 2.074417e+01
2.038000e+01 2.083500e+01 2.087179e+01 2.073580e+01 2.038000e+01 2.084500e+01 2.087016e+01 2.073613e+01
2.065000e+01 2.083500e+01 2.100206e+01 2.066514e+01 2.065000e+01 2.084500e+01 2.099783e+01 2.065864e+01
2.096500e+01 2.084000e+01 2.062241e+01 2.065747e+01 2.096000e+01 2.084500e+01 2.062643e+01 2.065200e+01
2.097000e+01 2.083500e+01 2.061890e+01 2.066276e+01 2.096500e+01 2.084000e+01 2.062241e+01 2.065747e+01
2.124000e+01 2.083500e+01 2.074923e+01 2.074417e+01 2.124000e+01 2.084500e+01 2.075138e+01 2.074461e+01
2.038000e+01 2.084500e+01 2.087016e+01 2.073613e+01 2.038000e+01 2.085500e+01 2.086835e+01 2.073656e+01
2.065000e+01 2.084500e+01 2.099783e+01 2.065864e+01 2.065500e+01 2.085000e+01 2.099418e+01 2.065343e+01
2.065500e+01 2.085000e+01 2.099418e+01 2.065343e+01 2.066000e+01 2.085500e+01 2.099001e+01 2.064805e+01
2.095500e+01 2.085000e+01 2.063061e+01 2.064673e+01 2.095000e+01 2.085500e+01 2.063532e+01 2.064131e+01
2.096000e+01 2.084500e+01 2.062643e+01 2.065200e+01 2.095500e+01 2.085000e+01 2.063061e+01 2.064673e+01
2.124000e+01 2.084500e+01 2.075138e+01 2.074461e+01 2.124000e+01 2.085500e+01 2.075371e+01 2.074518e+01
2.038000e+01 2.085500e+01 2.086835e+01 2.073656e+01 2.038500e+01 2.086000e+01 2.087185e+01 2.073584e+01
2.038500e+01 2.086000e+01 2.087185e+01 2.073584e+01 2.039000e+01 2.086500e+01 2.087523e+01 2.073500e+01
2.066000e+01 2.085500e+01 2.099001e+01 2.064805e+01 2.066500e+01 2.086000e+01 2.098569e+01 2.064287e+01
2.066500e+01 2.086000e+01 2.098569e+01 2.064287e+01 2.067000e+01 2.086500e+01 2.098085e+01 2.063757e+01
2.095000e+01 2.085500e+01 2.063532e+01 2.064131e+01 2.095000e+01 2.086500e+01 2.064029e+01 2.063594e+01
2.124000e+01 2.085500e+01 2.075371e+01 2.074518e+01 2.124000e+01 2.086500e+01 2.075621e+01 2.074587e+01
2.039000e+01 2.086500e+01 2.087523e+01 2.073500e+01 2.039000e+01 2.087500e+01 2.087300e+01 2.073550e+01
2.067000e+01 2.086500e+01 2.098085e+01 2.063757e+01 2.067500e+01 2.087000e+01 2.097590e+01 2.063252e+01
2.067500e+01 2.087000e+01 2.097590e+01 2.063252e+01 2.068000e+01 2.087500e+01 2.097043e+01 2.062740e+01
2.094500e+01 2.087000e+01 2.064520e+01 2.063104e+01 2.094000e+01 2.087500e+01 2.065061e+01 2.062607e+01
2.095000e+01 2.086500e+01 2.064029e+01 2.063594e+01 2.094500e+01 2.087000e+01 2.064520e+01 2.063104e+01
2.124000e+01 2.086500e+01 2.075621e+01 2.074587e+01 2.124000e+01 2.087500e+01 2.075888e+01 2.074669e+01
2.039000e+01 2.087500e+01 2.087300e+01 2.073550e+01 2.039000e+01 2.088500e+01 2.087060e+01 2.073613e+01
2.068000e+01 2.087500e+01 2.097043e+01 2.062740e+01 2.068500e+01 2.088000e+01 2.096491e+01 2.062259e+01
2.068500e+01 2.088000e+01 2.096491e+01 2.062259e+01 2.069000e+01 2.088500e+01 2.095889e+01 2.061776e+01
2.093500e+01 2.088000e+01 2.065605e+01 2.062142e+01 2.093000e+01 2.088500e+01 2.066198e+01 2.061675e+01
2.094000e+01 2.087500e+01 2.065061e+01 2.062607e+01 2.093500e+01 2.088000e+01 2.065605e+01 2.062142e+01
2.124000e+01 2.087500e+01 2.075888e+01 2.074669e+01 2.124000e+01 2.088500e+01 2.076170e+01 2.074766e+01
2.039000e+01 2.088500e+01 2.087060e+01 2.073613e+01 2.039000e+01 2.089500e+01 2.086804e+01 2.073691e+01
2.069000e+01 2.088500e+01 2.095889e+01 2.061776e+01 2.069500e+01 2.089000e+01 2.095289e+01 2.061327e+01
2.069500e+01 2.089000e+01 2.095289e+01 2.061327e+01 2.070000e+01 2.089500e+01 2.094643e+01 2.060883e+01
2.091500e+01 2.089000e+01 2.067545e+01 2.060732e+01 2.091000e+01 2.089500e+01 2.068222e+01 2.060313e+01
2.091500e+01 2.089000e+01 2.067545e+01 2.060732e+01 2.092500e+01 2.089000e+01 2.066788e+01 2.061243e+01
2.093000e+01 2.088500e+01 2.066198e+01 2.061675e+01 2.092500e+01 2.089000e+01 2.066788e+01 2.061243e+01
2.123500e+01 2.089000e+01 2.075879e+01 2.074673e+01 2.123000e+01 2.089500e+01 2.075602e+01 2.074569e+01
2.124000e+01 2.088500e+01 2.076170e+01 2.074766e+01 2.123500e+01 2.089000e+01 2.075879e+01 2.074673e+01
2.039000e+01 2.089500e+01 2.086804e+01 2.073691e+01 2.039000e+01 2.090500e+01 2.086533e+01 2.073784e+01
2.070000e+01 2.089500e+01 2.094643e+01 2.060883e+01 2.070500e+01 2.090000e+01 2.094004e+01 2.060477e+01
2.070500e+01 2.090000e+01 2.094004e+01 2.060477e+01 2.071000e+01 2.090500e+01 2.093324e+01 2.060080e+01
2.090500e+01 2.090000e+01 2.068887e+01 2.059933e+01 2.090000e+01 2.090500e+01 2.069589e+01 2.059566e+01
2.091000e+01 2.089500e+01 2.068222e+01 2.060313e+01 2.090500e+01 2.090000e+01 2.068887e+01 2.059933e+01
2.123000e+01 2.089500e+01 2.075602e+01 2.074569e+01 2.123000e+01 2.090500e+01 2.075921e+01 2.074683e+01
2.039000e+01 2.090500e+01 2.086533e+01 2.073784e+01 2.039500e+01 2.091000e+01 2.086811e+01 2.073696e+01
2.039500e+01 2.091000e+01 2.086811e+01 2.073696e+01 2.040000e+01 2.091500e+01 2.087075e+01 2.073596e+01
2.071000e+01 2.090500e+01 2.093324e+01 2.060080e+01 2.071500e+01 2.091000e+01 2.092658e+01 2.059723e+01
2.071500e+01 2.091000e+01 2.092658e+01 2.059723e+01 2.072500e+01 2.091000e+01 2.091721e+01 2.059260e+01
2.072500e+01 2.091000e+01 2.091721e+01 2.059260e+01 2.073000e+01 2.091500e+01 2.090991e+01 2.058938e+01
2.088500e+01 2.091000e+01 2.071271e+01 2.058804e+01 2.088000e+01 2.091500e+01 2.072011e+01 2.058518e+01
2.088500e+01 2.091000e+01 2.071271e+01 2.058804e+01 2.089500e+01 2.091000e+01 2.070275e+01 2.059238e+01
2.090000e+01 2.090500e+01 2.069589e+01 2.059566e+01 2.089500e+01 2.091000e+01 2.070275e+01 2.059238e+01
2.123000e+01 2.090500e+01 2.075921e+01 2.074683e+01 2.123000e+01 2.091500e+01 2.076255e+01 2.074813e+01
2.040000e+01 2.091500e+01 2.087075e+01 2.073596e+01 2.040000e+01 2.092500e+01 2.086766e+01 2.073708e+01
2.073000e+01 2.091500e+01 2.090991e+01 2.058938e+01 2.073500e+01 2.092000e+01 2.090283e+01 2.058656e+01
2.073500e+01 2.092000e+01 2.090283e+01 2.058656e+01 2.074500e+01 2.092000e+01 2.089213e+01 2.058268e+01
2.074500e+01 2.092000e+01 2.089213e+01 2.058268e+01 2.075500e+01 2.092000e+01 2.088071e+01 2.057920e+01
2.075500e+01 2.092000e+01 2.088071e+01 2.057920e+01 2.076000e+01 2.092500e+01 2.087318e+01 2.057719e+01
2.085500e+01 2.092000e+01 2.075027e+01 2.057622e+01 2.085000e+01 2.092500e+01 2.075772e+01 2.057459e+01
2.085500e+01 2.092000e+01 2.075027e+01 2.057622e+01 2.086500e+01 2.092000e+01 2.073843e+01 2.057923e+01
2.086500e+01 2.092000e+01 2.073843e+01 2.057923e+01 2.087500e+01 2.092000e+01 2.072727e+01 2.058270e+01
2.088000e+01 2.091500e+01 2.072011e+01 2.058518e+01 2.087500e+01 2.092000e+01 2.072727e+01 2.058270e+01
2.123000e+01 2.091500e+01 2.076255e+01 2.074813e+01 2.123000e+01 2.092500e+01 2.076602e+01 2.074962e+01
2.040000e+01 2.092500e+01 2.086766e+01 2.073708e+01 2.040000e+01 2.093500e+01 2.086445e+01 2.073838e+01
2.076000e+01 2.092500e+01 2.087318e+01 2.057719e+01 2.076500e+01 2.093000e+01 2.086595e+01 2.057556e+01
2.076500e+01 2.093000e+01 2.086595e+01 2.057556e+01 2.077500e+01 2.093000e+01 2.085388e+01 2.057319e+01
2.077500e+01 2.093000e+01 2.085388e+01 2.057319e+01 2.078500e+01 2.093000e+01 2.084140e+01 2.057138e+01
2.078500e+01 2.093000e+01 2.084140e+01 2.057138e+01 2.079500e+01 2.093000e+01 2.082863e+01 2.057015e+01
2.079500e+01 2.093000e+01 2.082863e+01 2.057015e+01 2.080500e+01 2.093000e+01 2.081570e+01 2.056955e+01
2.080500e+01 2.093000e+01 2.081570e+01 2.056955e+01 2.081500e+01 2.093000e+01 2.080273e+01 2.056957e+01
2.081500e+01 2.093000e+01 2.080273e+01 2.056957e+01 2.082500e+01 2.093000e+01 2.078985e+01 2.057021e+01
2.082500e+01 2.093000e+01 2.078985e+01 2.057021e+01 2.083500e+01 2.093000e+01 2.077718e+01 2.057147e+01
2.083500e+01 2.093000e+01 2.077718e+01 2.057147e+01 2.084500e+01 2.093000e+01 2.076486e+01 2.057332e+01
2.085000e+01 2.092500e+01 2.075772e+01 2.057459e+01 2.084500e+01 2.093000e+01 2.076486e+01 2.057332e+01
2.122500e+01 2.093000e+01 2.076367e+01 2.074864e+01 2.122000e+01 2.093500e+01 2.076147e+01 2.074757e+01
2.123000e+01 2.092500e+01 2.076602e+01 2.074962e+01 2.122500e+01 2.093000e+01 2.076367e+01 2.074864e+01
2.040000e+01 2.093500e+01 2.086445e+01 2.073838e+01 2.040000e+01 2.094500e+01 2.086110e+01 2.073989e+01
2.122000e+01 2.093500e+01 2.076147e+01 2.074757e+01 2.122000e+01 2.094500e+01 2.076526e+01 2.074932e+01
2.040000e+01 2.094500e+01 2.086110e+01 2.073989e+01 2.040500e+01 2.095000e+01 2.086331e+01 2.073898e+01
2.040500e+01 2.095000e+01 2.086331e+01 2.073898e+01 2.041000e+01 2.095500e+01 2.086535e+01 2.073799e+01
2.122000e+01 2.094500e+01 2.076526e+01 2.074932e+01 2.122000e+01 2.095500e+01 2.076916e+01 2.075125e+01
2.041000e+01 2.095500e+01 2.086535e+01 2.073799e+01 2.041000e+01 2.096500e+01 2.086169e+01 2.073977e+01
2.122000e+01 2.095500e+01 2.076916e+01 2.075125e+01 2.122000e+01 2.096500e+01 2.077317e+01 2.075337e+01
2.041000e+01 2.096500e+01 2.086169e+01 2.073977e+01 2.041000e+01 2.097500e+01 2.085794e+01 2.074174e+01
2.121500e+01 2.097000e+01 2.077134e+01 2.075249e+01 2.121000e+01 2.097500e+01 2.076967e+01 2.075151e+01
2.122000e+01 2.096500e+01 2.077317e+01 2.075337e+01 2.121500e+01 2.097000e+01 2.077134e+01 2.075249e+01
2.041000e+01 2.097500e+01 2.085794e+01 2.074174e+01 2.041500e+01 2.098000e+01 2.085969e+01 2.074090e+01
2.041500e+01 2.098000e+01 2.085969e+01 2.074090e+01 2.042000e+01 2.098500e+01 2.086128e+01 2.073998e+01
2.121000e+01 2.097500e+01 2.076967e+01 2.075151e+01 2.121000e+01 2.098500e+01 2.077393e+01 2.075398e+01
2.042000e+01 2.098500e+01 2.086128e+01 2.073998e+01 2.042000e+01 2.099500e+01 2.085727e+01 2.074229e+01
2.120500e+01 2.099000e+01 2.077242e+01 2.075314e+01 2.120000e+01 2.099500e+01 2.077107e+01 2.075220e+01
2.121000e+01 2.098500e+01 2.077393e+01 2.075398e+01 2.120500e+01 2.099000e+01 2.077242e+01 2.075314e+01
2.042000e+01 2.099500e+01 2.085727e+01 2.074229e+01 2.042500e+01 2.100000e+01 2.085869e+01 2.074150e+01
2.042500e+01 2.100000e+01 2.085869e+01 2.074150e+01 2.043000e+01 2.100500e+01 2.085994e+01 2.074064e+01
2.120000e+01 2.099500e+01 2.077107e+01 2.075220e+01 2.120000e+01 2.100500e+01 2.077556e+01 2.075503e+01
2.043000e+01 2.100500e+01 2.085994e+01 2.074064e+01 2.043000e+01 2.101500e+01 2.085570e+01 2.074332e+01
2.120000e+01 2.100500e+01 2.077556e+01 2.075503e+01 2.120000e+01 2.101500e+01 2.078011e+01 2.075806e+01
2.043000e+01 2.101500e+01 2.085570e+01 2.074332e+01 2.043000e+01 2.102500e+01 2.085141e+01 2.074626e+01
2.119500e+01 2.102000e+01 2.077897e+01 2.075738e+01 2.119000e+01 2.102500e+01 2.077799e+01 2.075664e+01
2.120000e+01 2.101500e+01 2.078011e+01 2.075806e+01 2.119500e+01 2.102000e+01 2.077897e+01 2.075738e+01
2.043000e+01 2.102500e+01 2.085141e+01 2.074626e+01 2.043500e+01 2.103000e+01 2.085245e+01 2.074565e+01
2.043500e+01 2.103000e+01 2.085245e+01 2.074565e+01 2.044000e+01 2.103500e+01 2.085332e+01 2.074499e+01
2.119000e+01 2.102500e+01 2.077799e+01 2.075664e+01 2.119000e+01 2.103500e+01 2.078271e+01 2.076006e+01
2.044000e+01 2.103500e+01 2.085332e+01 2.074499e+01 2.044000e+01 2.104500e+01 2.084886e+01 2.074831e+01
2.118500e+01 2.104000e+01 2.078184e+01 2.075950e+01 2.118000e+01 2.104500e+01 2.078114e+01 2.075890e+01
2.119000e+01 2.103500e+01 2.078271e+01 2.076006e+01 2.118500e+01 2.104000e+01 2.078184e+01 2.075950e+01
2.044000e+01 2.104500e+01 2.084886e+01 2.074831e+01 2.044500e+01 2.105000e+01 2.084962e+01 2.074784e+01
2.044500e+01 2.105000e+01 2.084962e+01 2.074784e+01 2.045000e+01 2.105500e+01 2.085021e+01 2.074733e+01
2.118000e+01 2.104500e+01 2.078114e+01 2.075890e+01 2.118000e+01 2.105500e+01 2.078599e+01 2.076274e+01
2.045000e+01 2.105500e+01 2.085021e+01 2.074733e+01 2.045000e+01 2.106500e+01 2.084564e+01 2.075109e+01
2.117500e+01 2.106000e+01 2.078537e+01 2.076233e+01 2.117000e+01 2.106500e+01 2.078492e+01 2.076189e+01
2.118000e+01 2.105500e+01 2.078599e+01 2.076274e+01 2.117500e+01 2.106000e+01 2.078537e+01 2.076233e+01
2.045000e+01 2.106500e+01 2.084564e+01 2.075109e+01 2.045500e+01 2.107000e+01 2.084614e+01 2.075080e+01
2.045500e+01 2.107000e+01 2.084614e+01 2.075080e+01 2.046000e+01 2.107500e+01 2.084648e+01 2.075046e+01
2.117000e+01 2.106500e+01 2.078492e+01 2.076189e+01 2.117000e+01 2.107500e+01 2.078990e+01 2.076617e+01
2.046000e+01 2.107500e+01 2.084648e+01 2.075046e+01 2.046500e+01 2.108000e+01 2.084678e+01 2.075025e+01
2.046500e+01 2.108000e+01 2.084678e+01 2.075025e+01 2.047000e+01 2.108500e+01 2.084691e+01 2.075001e+01
2.116500e+01 2.108000e+01 2.078950e+01 2.076594e+01 2.116000e+01 2.108500e+01 2.078927e+01 2.076569e+01
2.117000e+01 2.107500e+01 2.078990e+01 2.076617e+01 2.116500e+01 2.108000e+01 2.078950e+01 2.076594e+01
2.047000e+01 2.108500e+01 2.084691e+01 2.075001e+01 2.047000e+01 2.109500e+01 2.084222e+01 2.075446e+01
2.115500e+01 2.109000e+01 2.078906e+01 2.076556e+01 2.115000e+01 2.109500e+01 2.078901e+01 2.076540e+01
2.116000e+01 2.108500e+01 2.078927e+01 2.076569e+01 2.115500e+01 2.109000e+01 2.078906e+01 2.076556e+01
2.047000e+01 2.109500e+01 2.084222e+01 2.075446e+01 2.047500e+01 2.110000e+01 2.084229e+01 2.075446e+01
2.047500e+01 2.110000e+01 2.084229e+01 2.075446e+01 2.048000e+01 2.110500e+01 2.084222e+01 2.075445e+01
2.115000e+01 2.109500e+01 2.078901e+01 2.076540e+01 2.115000e+01 2.110500e+01 2.079403e+01 2.077036e+01
2.048000e+01 2.110500e+01 2.084222e+01 2.075445e+01 2.048500e+01 2.111000e+01 2.084215e+01 2.075457e+01
2.048500e+01 2.111000e+01 2.084215e+01 2.075457e+01 2.049000e+01 2.111500e+01 2.084191e+01 2.075469e+01
2.114500e+01 2.111000e+01 2.079400e+01 2.077044e+01 2.114000e+01 2.111500e+01 2.079416e+01 2.077053e+01
2.115000e+01 2.110500e+01 2.079403e+01 2.077036e+01 2.114500e+01 2.111000e+01 2.079400e+01 2.077044e+01
2.049000e+01 2.111500e+01 2.084191e+01 2.075469e+01 2.049000e+01 2.112500e+01 2.083719e+01 2.075987e+01
2.113500e+01 2.112000e+01 2.079428e+01 2.077073e+01 2.113000e+01 2.112500e+01 2.079456e+01 2.077093e+01
2.114000e+01 2.111500e+01 2.079416e+01 2.077053e+01 2.113500e+01 2.112000e+01 2.079428e+01 2.077073e+01
2.049000e+01 2.112500e+01 2.083719e+01 2.075987e+01 2.049500e+01 2.113000e+01 2.083696e+01 2.076025e+01
2.049500e+01 2.113000e+01 2.083696e+01 2.076025e+01 2.050000e+01 2.113500e+01 2.083658e+01 2.076063e+01
2.112500e+01 2.113000e+01 2.079483e+01 2.077126e+01 2.112000e+01 2.113500e+01 2.079524e+01 2.077161e+01
2.113000e+01 2.112500e+01 2.079456e+01 2.077093e+01 2.112500e+01 2.113000e+01 2.079483e+01 2.077126e+01
2.050000e+01 2.113500e+01 2.083658e+01 2.076063e+01 2.050500e+01 2.114000e+01 2.083621e+01 2.076115e+01
2.050500e+01 2.114000e+01 2.083621e+01 2.076115e+01 2.051000e+01 2.114500e+01 2.083570e+01 2.076169e+01
2.112000e+01 2.113500e+01 2.079524e+01 2.077161e+01 2.112000e+01 2.114500e+01 2.080021e+01 2.077751e+01
2.051000e+01 2.114500e+01 2.083570e+01 2.076169e+01 2.051500e+01 2.115000e+01 2.083520e+01 2.076236e+01
2.051500e+01 2.115000e+01 2.083520e+01 2.076236e+01 2.052000e+01 2.115500e+01 2.083457e+01 2.076307e+01
2.111500e+01 2.115000e+01 2.080059e+01 2.077810e+01 2.111000e+01 2.115500e+01 2.080111e+01 2.077872e+01
2.112000e+01 2.114500e+01 2.080021e+01 2.077751e+01 2.111500e+01 2.115000e+01 2.080059e+01 2.077810e+01
2.052000e+01 2.115500e+01 2.083457e+01 2.076307e+01 2.052500e+01 2.116000e+01 2.083397e+01 2.076390e+01
2.052500e+01 2.116000e+01 2.083397e+01 2.076390e+01 2.053000e+01 2.116500e+01 2.083323e+01 2.076478e+01
2.110500e+01 2.116000e+01 2.080160e+01 2.077946e+01 2.110000e+01 2.116500e+01 2.080222e+01 2.078024e+01
2.111000e+01 2.115500e+01 2.080111e+01 2.077872e+01 2.110500e+01 2.116000e+01 2.080160e+01 2.077946e+01
2.053000e+01 2.116500e+01 2.083323e+01 2.076478e+01 2.053000e+01 2.117500e+01 2.082879e+01 2.077123e+01
2.109500e+01 2.117000e+01 2.080281e+01 2.078114e+01 2.109000e+01 2.117500e+01 2.080353e+01 2.078208e+01
2.110000e+01 2.116500e+01 2.080222e+01 2.078024e+01 2.109500e+01 2.117000e+01 2.080281e+01 2.078114e+01
2.053000e+01 2.117500e+01 2.082879e+01 2.077123e+01 2.053500e+01 2.118000e+01 2.082814e+01 2.077237e+01
2.053500e+01 2.118000e+01 2.082814e+01 2.077237e+01 2.054000e+01 2.118500e+01 2.082737e+01 2.077356e+01
2.108500e+01 2.118000e+01 2.080420e+01 2.078315e+01 2.108000e+01 2.118500e+01 2.080500e+01 2.078426e+01
2.109000e+01 2.117500e+01 2.080353e+01 2.078208e+01 2.108500e+01 2.118000e+01 2.080420e+01 2.078315e+01
2.054000e+01 2.118500e+01 2.082737e+01 2.077356e+01 2.054500e+01 2.119000e+01 2.082665e+01 2.077488e+01
2.054500e+01 2.119000e+01 2.082665e+01 2.077488e+01 2.055000e+01 2.119500e+01 2.082581e+01 2.077626e+01
2.107500e+01 2.119000e+01 2.080574e+01 2.078550e+01 2.107000e+01 2.119500e+01 2.080660e+01 2.078679e+01
2.108000e+01 2.118500e+01 2.080500e+01 2.078426e+01 2.107500e+01 2.119000e+01 2.080574e+01 2.078550e+01
2.055000e+01 2.119500e+01 2.082581e+01 2.077626e+01 2.055500e+01 2.120000e+01 2.082503e+01 2.077776e+01
2.055500e+01 2.120000e+01 2.082503e+01 2.077776e+01 2.056500e+01 2.120000e+01 2.082737e+01 2.077366e+01
2.056500e+01 2.120000e+01 2.082737e+01 2.077366e+01 2.057000e+01 2.120500e+01 2.082638e+01 2.077530e+01
2.106500e+01 2.120000e+01 2.080740e+01 2.078820e+01 2.106000e+01 2.120500e+01 2.080831e+01 2.078967e+01
2.107000e+01 2.119500e+01 2.080660e+01 2.078679e+01 2.106500e+01 2.120000e+01 2.080740e+01 2.078820e+01
2.057000e+01 2.120500e+01 2.082638e+01 2.077530e+01 2.057500e+01 2.121000e+01 2.082546e+01 2.077707e+01
2.057500e+01 2.121000e+01 2.082546e+01 2.077707e+01 2.058000e+01 2.121500e+01 2.082445e+01 2.077891e+01
2.104500e+01 2.121000e+01 2.080671e+01 2.078694e+01 2.104000e+01 2.121500e+01 2.080775e+01 2.078867e+01
2.104500e+01 2.121000e+01 2.080671e+01 2.078694e+01 2.105500e+01 2.121000e+01 2.080915e+01 2.079127e+01
2.106000e+01 2.120500e+01 2.080831e+01 2.078967e+01 2.105500e+01 2.121000e+01 2.080915e+01 2.079127e+01
2.058000e+01 2.121500e+01 2.082445e+01 2.077891e+01 2.058500e+01 2.122000e+01 2.082352e+01 2.078087e+01
2.058500e+01 2.122000e+01 2.082352e+01 2.078087e+01 2.059000e+01 2.122500e+01 2.082250e+01 2.078292e+01
2.103500e+01 2.122000e+01 2.080871e+01 2.079052e+01 2.103000e+01 2.122500e+01 2.080976e+01 2.079244e+01
2.104000e+01 2.121500e+01 2.080775e+01 2.078867e+01 2.103500e+01 2.122000e+01 2.080871e+01 2.079052e+01
2.059000e+01 2.122500e+01 2.082250e+01 2.078292e+01 2.059500e+01 2.123000e+01 2.082157e+01 2.078509e+01
2.059500e+01 2.123000e+01 2.082157e+01 2.078509e+01 2.060500e+01 2.123000e+01 2.082312e+01 2.078153e+01
2.060500e+01 2.123000e+01 2.082312e+01 2.078153e+01 2.061000e+01 2.123500e+01 2.082204e+01 2.078387e+01
2.102500e+01 2.123000e+01 2.081073e+01 2.079448e+01 2.102000e+01 2.123500e+01 2.081178e+01 2.079660e+01
2.103000e+01 2.122500e+01 2.080976e+01 2.079244e+01 2.102500e+01 2.123000e+01 2.081073e+01 2.079448e+01
2.061000e+01 2.123500e+01 2.082204e+01 2.078387e+01 2.061500e+01 2.124000e+01 2.082106e+01 2.078633e+01
2.061500e+01 2.124000e+01 2.082106e+01 2.078633e+01 2.062000e+01 2.124500e+01 2.082002e+01 2.078888e+01
2.100500e+01 2.124000e+01 2.081102e+01 2.079506e+01 2.100000e+01 2.124500e+01 2.081211e+01 2.079746e+01
2.100500e+01 2.124000e+01 2.081102e+01 2.079506e+01 2.101500e+01 2.124000e+01 2.081274e+01 2.079883e+01
2.102000e+01 2.123500e+01 2.081178e+01 2.079660e+01 2.101500e+01 2.124000e+01 2.081274e+01 2.079883e+01
2.062000e+01 2.124500e+01 2.082002e+01 2.078888e+01 2.062500e+01 2.125000e+01 2.081908e+01 2.079155e+01
2.062500e+01 2.125000e+01 2.081908e+01 2.079155e+01 2.063500e+01 2.125000e+01 2.082017e+01 2.078848e+01
2.063500e+01 2.125000e+01 2.082017e+01 2.078848e+01 2.064000e+01 2.125500e+01 2.081915e+01 2.079134e+01
2.098500e+01 2.125000e+01 2.081174e+01 2.079649e+01 2.098000e+01 2.125500e+01 2.081283e+01 2.079919e+01
2.098500e+01 2.125000e+01 2.081174e+01 2.079649e+01 2.099500e+01 2.125000e+01 2.081311e+01 2.079997e+01
2.100000e+01 2.124500e+01 2.081211e+01 2.079746e+01 2.099500e+01 2.125000e+01 2.081311e+01 2.079997e+01
2.064000e+01 2.125500e+01 2.081915e+01 2.079134e+01 2.064500e+01 2.126000e+01 2.081822e+01 2.079431e+01
2.064500e+01 2.126000e+01 2.081822e+01 2.079431e+01 2.065500e+01 2.126000e+01 2.081905e+01 2.079158e+01
2.065500e+01 2.126000e+01 2.081905e+01 2.079158e+01 2.066000e+01 2.126500e+01 2.081807e+01 2.079475e+01
2.096500e+01 2.126000e+01 2.081274e+01 2.079882e+01 2.096000e+01 2.126500e+01 2.081380e+01 2.080182e+01
2.096500e+01 2.126000e+01 2.081274e+01 2.079882e+01 2.097500e+01 2.126000e+01 2.081383e+01 2.080198e+01
2.098000e+01 2.125500e+01 2.081283e+01 2.079919e+01 2.097500e+01 2.126000e+01 2.081383e+01 2.080198e+01
2.066000e+01 2.126500e+01 2.081807e+01 2.079475e+01 2.066500e+01 2.127000e+01 2.081720e+01 2.079803e+01
2.066500e+01 2.127000e+01 2.081720e+01 2.079803e+01 2.067500e+01 2.127000e+01 2.081782e+01 2.079565e+01
2.067500e+01 2.127000e+01 2.081782e+01 2.079565e+01 2.068000e+01 2.127500e+01 2.081694e+01 2.079914e+01
2.094500e+01 2.127000e+01 2.081390e+01 2.080208e+01 2.094000e+01 2.127500e+01 2.081489e+01 2.080538e+01
2.094500e+01 2.127000e+01 2.081390e+01 2.080208e+01 2.095500e+01 2.127000e+01 2.081476e+01 2.080490e+01
2.096000e+01 2.126500e+01 2.081380e+01 2.080182e+01 2.095500e+01 2.127000e+01 2.081476e+01 2.080490e+01
2.068000e+01 2.127500e+01 2.081694e+01 2.079914e+01 2.068500e+01 2.128000e+01 2.081616e+01 2.080272e+01
2.068500e+01 2.128000e+01 2.081616e+01 2.080272e+01 2.069500e+01 2.128000e+01 2.081663e+01 2.080071e+01
2.069500e+01 2.128000e+01 2.081663e+01 2.080071e+01 2.070500e+01 2.128000e+01 2.081696e+01 2.079888e+01
2.070500e+01 2.128000e+01 2.081696e+01 2.079888e+01 2.071000e+01 2.128500e+01 2.081623e+01 2.080278e+01
2.091500e+01 2.128000e+01 2.081456e+01 2.080399e+01 2.091000e+01 2.128500e+01 2.081543e+01 2.080768e+01
2.091500e+01 2.128000e+01 2.081456e+01 2.080399e+01 2.092500e+01 2.128000e+01 2.081510e+01 2.080629e+01
2.092500e+01 2.128000e+01 2.081510e+01 2.080629e+01 2.093500e+01 2.128000e+01 2.081578e+01 2.080875e+01
2.094000e+01 2.127500e+01 2.081489e+01 2.080538e+01 2.093500e+01 2.128000e+01 2.081578e+01 2.080875e+01
2.071000e+01 2.128500e+01 2.081623e+01 2.080278e+01 2.071500e+01 2.129000e+01 2.081561e+01 2.080677e+01
2.071500e+01 2.129000e+01 2.081561e+01 2.080677e+01 2.072500e+01 2.129000e+01 2.081588e+01 2.080532e+01
2.072500e+01 2.129000e+01 2.081588e+01 2.080532e+01 2.073500e+01 2.129000e+01 2.081606e+01 2.080405e+01
2.073500e+01 2.129000e+01 2.081606e+01 2.080405e+01 2.074500e+01 2.129000e+01 2.081614e+01 2.080297e+01
2.074500e+01 2.129000e+01 2.081614e+01 2.080297e+01 2.075500e+01 2.129000e+01 2.081616e+01 2.080206e+01
2.075500e+01 2.129000e+01 2.081616e+01 2.080206e+01 2.076000e+01 2.129500e+01 2.081577e+01 2.080659e+01
2.086500e+01 2.129000e+01 2.081508e+01 2.080480e+01 2.086000e+01 2.129500e+01 2.081566e+01 2.080909e+01
2.086500e+01 2.129000e+01 2.081508e+01 2.080480e+01 2.087500e+01 2.129000e+01 2.081521e+01 2.080619e+01
2.087500e+01 2.129000e+01 2.081521e+01 2.080619e+01 2.088500e+01 2.129000e+01 2.081543e+01 2.080777e+01
2.088500e+01 2.129000e+01 2.081543e+01 2.080777e+01 2.089500e+01 2.129000e+01 2.081576e+01 2.080952e+01
2.089500e+01 2.129000e+01 2.081576e+01 2.080952e+01 2.090500e+01 2.129000e+01 2.081620e+01 2.081144e+01
2.091000e+01 2.128500e+01 2.081543e+01 2.080768e+01 2.090500e+01 2.129000e+01 2.081620e+01 2.081144e+01
2.076000e+01 2.129500e+01 2.081577e+01 2.080659e+01 2.076500e+01 2.130000e+01 2.081550e+01 2.081118e+01
2.076500e+01 2.130000e+01 2.081550e+01 2.081118e+01 2.077500e+01 2.130000e+01 2.081559e+01 2.081068e+01
2.077500e+01 2.130000e+01 2.081559e+01 2.081068e+01 2.078500e+01 2.130000e+01 2.081565e+01 2.081036e+01
2.078500e+01 2.130000e+01 2.081565e+01 2.081036e+01 2.079500e+01 2.130000e+01 2.081568e+01 2.081023e+01
2.079500e+01 2.130000e+01 2.081568e+01 2.081023e+01 2.080500e+01 2.130000e+01 2.081571e+01 2.081030e+01
2.080500e+01 2.130000e+01 2.081571e+01 2.081030e+01 2.081500e+01 2.130000e+01 2.081574e+01 2.081055e+01
2.081500e+01 2.130000e+01 2.081574e+01 2.081055e+01 2.082500e+01 2.130000e+01 2.081578e+01 2.081099e+01
2.082500e+01 2.130000e+01 2.081578e+01 2.081099e+01 2.083500e+01 2.130000e+01 2.081585e+01 2.081162e+01
2.083500e+01 2.130000e+01 2.081585e+01 2.081162e+01 2.084500e+01 2.130000e+01 2.081597e+01 2.081244e+01
2.084500e+01 2.130000e+01 2.081597e+01 2.081244e+01 2.085500e+01 2.130000e+01 2.081614e+01 2.081344e+01
2.086000e+01 2.129500e+01 2.081566e+01 2.080909e+01 2.085500e+01 2.130000e+01 2.081614e+01 2.081344e+01
