2.080500e+01 2.023000e+01 2.080363e+01 2.070902e+01 2.080000e+01 2.023500e+01 2.080366e+01 2.071393e+01
2.080500e+01 2.023000e+01 2.080363e+01 2.070902e+01 2.081500e+01 2.023000e+01 2.080369e+01 2.070899e+01
2.081500e+01 2.023000e+01 2.080369e+01 2.070899e+01 2.082500e+01 2.023000e+01 2.080373e+01 2.070878e+01
2.082500e+01 2.023000e+01 2.080373e+01 2.070878e+01 2.083500e+01 2.023000e+01 2.080378e+01 2.070837e+01
2.083500e+01 2.023000e+01 2.080378e+01 2.070837e+01 2.084500e+01 2.023000e+01 2.080384e+01 2.070779e+01
2.084500e+01 2.023000e+01 2.080384e+01 2.070779e+01 2.085500e+01 2.023000e+01 2.080392e+01 2.070701e+01
2.085500e+01 2.023000e+01 2.080392e+01 2.070701e+01 2.086500e+01 2.023000e+01 2.080403e+01 2.070605e+01
2.086500e+01 2.023000e+01 2.080403e+01 2.070605e+01 2.087500e+01 2.023000e+01 2.080420e+01 2.070491e+01
2.087500e+01 2.023000e+01 2.080420e+01 2.070491e+01 2.088500e+01 2.023000e+01 2.080443e+01 2.070359e+01
2.088500e+01 2.023000e+01 2.080443e+01 2.070359e+01 2.089500e+01 2.023000e+01 2.080474e+01 2.070209e+01
2.089500e+01 2.023000e+01 2.080474e+01 2.070209e+01 2.090000e+01 2.023500e+01 2.080410e+01 2.070611e+01
2.075500e+01 2.024000e+01 2.080370e+01 2.071631e+01 2.075000e+01 2.024500e+01 2.080414e+01 2.072070e+01
2.075500e+01 2.024000e+01 2.080370e+01 2.071631e+01 2.076500e+01 2.024000e+01 2.080382e+01 2.071722e+01
2.076500e+01 2.024000e+01 2.080382e+01 2.071722e+01 2.077500e+01 2.024000e+01 2.080387e+01 2.071794e+01
2.077500e+01 2.024000e+01 2.080387e+01 2.071794e+01 2.078500e+01 2.024000e+01 2.080386e+01 2.071849e+01
2.078500e+01 2.024000e+01 2.080386e+01 2.071849e+01 2.079500e+01 2.024000e+01 2.080380e+01 2.071884e+01
2.080000e+01 2.023500e+01 2.080366e+01 2.071393e+01 2.079500e+01 2.024000e+01 2.080380e+01 2.071884e+01
2.090000e+01 2.023500e+01 2.080410e+01 2.070611e+01 2.090500e+01 2.024000e+01 2.080334e+01 2.071009e+01
2.090500e+01 2.024000e+01 2.080334e+01 2.071009e+01 2.091500e+01 2.024000e+01 2.080367e+01 2.070819e+01
2.091500e+01 2.024000e+01 2.080367e+01 2.070819e+01 2.092500e+01 2.024000e+01 2.080411e+01 2.070612e+01
2.092500e+01 2.024000e+01 2.080411e+01 2.070612e+01 2.093500e+01 2.024000e+01 2.080467e+01 2.070389e+01
2.093500e+01 2.024000e+01 2.080467e+01 2.070389e+01 2.094000e+01 2.024500e+01 2.080384e+01 2.070740e+01
2.072500e+01 2.025000e+01 2.080434e+01 2.072230e+01 2.072000e+01 2.025500e+01 2.080499e+01 2.072634e+01
2.072500e+01 2.025000e+01 2.080434e+01 2.072230e+01 2.073500e+01 2.025000e+01 2.080457e+01 2.072377e+01
2.073500e+01 2.025000e+01 2.080457e+01 2.072377e+01 2.074500e+01 2.025000e+01 2.080469e+01 2.072507e+01
2.075000e+01 2.024500e+01 2.080414e+01 2.072070e+01 2.074500e+01 2.025000e+01 2.080469e+01 2.072507e+01
2.094000e+01 2.024500e+01 2.080384e+01 2.070740e+01 2.094500e+01 2.025000e+01 2.080288e+01 2.071084e+01
2.094500e+01 2.025000e+01 2.080288e+01 2.071084e+01 2.095500e+01 2.025000e+01 2.080359e+01 2.070823e+01
2.095500e+01 2.025000e+01 2.080359e+01 2.070823e+01 2.096500e+01 2.025000e+01 2.080446e+01 2.070548e+01
2.096500e+01 2.025000e+01 2.080446e+01 2.070548e+01 2.097000e+01 2.025500e+01 2.080354e+01 2.070857e+01
2.069500e+01 2.026000e+01 2.080502e+01 2.072645e+01 2.069000e+01 2.026500e+01 2.080582e+01 2.073011e+01
2.069500e+01 2.026000e+01 2.080502e+01 2.072645e+01 2.070500e+01 2.026000e+01 2.080545e+01 2.072847e+01
2.070500e+01 2.026000e+01 2.080545e+01 2.072847e+01 2.071500e+01 2.026000e+01 2.080576e+01 2.073034e+01
2.072000e+01 2.025500e+01 2.080499e+01 2.072634e+01 2.071500e+01 2.026000e+01 2.080576e+01 2.073034e+01
2.097000e+01 2.025500e+01 2.080354e+01 2.070857e+01 2.097500e+01 2.026000e+01 2.080251e+01 2.071159e+01
2.097500e+01 2.026000e+01 2.080251e+01 2.071159e+01 2.098500e+01 2.026000e+01 2.080362e+01 2.070849e+01
2.098500e+01 2.026000e+01 2.080362e+01 2.070849e+01 2.099000e+01 2.026500e+01 2.080267e+01 2.071129e+01
2.066500e+01 2.027000e+01 2.080541e+01 2.072878e+01 2.066000e+01 2.027500e+01 2.080630e+01 2.073205e+01
2.066500e+01 2.027000e+01 2.080541e+01 2.072878e+01 2.067500e+01 2.027000e+01 2.080615e+01 2.073132e+01
2.067500e+01 2.027000e+01 2.080615e+01 2.073132e+01 2.068500e+01 2.027000e+01 2.080673e+01 2.073372e+01
2.069000e+01 2.026500e+01 2.080582e+01 2.073011e+01 2.068500e+01 2.027000e+01 2.080673e+01 2.073372e+01
2.099000e+01 2.026500e+01 2.080267e+01 2.071129e+01 2.099500e+01 2.027000e+01 2.080160e+01 2.071400e+01
2.099500e+01 2.027000e+01 2.080160e+01 2.071400e+01 2.100000e+01 2.027500e+01 2.080059e+01 2.071661e+01
2.064500e+01 2.028000e+01 2.080635e+01 2.073236e+01 2.064000e+01 2.028500e+01 2.080730e+01 2.073534e+01
2.064500e+01 2.028000e+01 2.080635e+01 2.073236e+01 2.065500e+01 2.028000e+01 2.080729e+01 2.073525e+01
2.066000e+01 2.027500e+01 2.080630e+01 2.073205e+01 2.065500e+01 2.028000e+01 2.080729e+01 2.073525e+01
2.100000e+01 2.027500e+01 2.080059e+01 2.071661e+01 2.100500e+01 2.028000e+01 2.079948e+01 2.071912e+01
2.100500e+01 2.028000e+01 2.079948e+01 2.071912e+01 2.101500e+01 2.028000e+01 2.080101e+01 2.071549e+01
2.101500e+01 2.028000e+01 2.080101e+01 2.071549e+01 2.102000e+01 2.028500e+01 2.080004e+01 2.071780e+01
2.062500e+01 2.029000e+01 2.080716e+01 2.073502e+01 2.062000e+01 2.029500e+01 2.080813e+01 2.073770e+01
2.062500e+01 2.029000e+01 2.080716e+01 2.073502e+01 2.063500e+01 2.029000e+01 2.080835e+01 2.073824e+01
2.064000e+01 2.028500e+01 2.080730e+01 2.073534e+01 2.063500e+01 2.029000e+01 2.080835e+01 2.073824e+01
2.102000e+01 2.028500e+01 2.080004e+01 2.071780e+01 2.102500e+01 2.029000e+01 2.079897e+01 2.072001e+01
2.102500e+01 2.029000e+01 2.079897e+01 2.072001e+01 2.103000e+01 2.029500e+01 2.079799e+01 2.072212e+01
2.060500e+01 2.030000e+01 2.080774e+01 2.073676e+01 2.060000e+01 2.030500e+01 2.080871e+01 2.073915e+01
2.060500e+01 2.030000e+01 2.080774e+01 2.073676e+01 2.061500e+01 2.030000e+01 2.080922e+01 2.074030e+01
2.062000e+01 2.029500e+01 2.080813e+01 2.073770e+01 2.061500e+01 2.030000e+01 2.080922e+01 2.074030e+01
2.103000e+01 2.029500e+01 2.079799e+01 2.072212e+01 2.103500e+01 2.030000e+01 2.079692e+01 2.072413e+01
2.103500e+01 2.030000e+01 2.079692e+01 2.072413e+01 2.104000e+01 2.030500e+01 2.079594e+01 2.072605e+01
2.058500e+01 2.031000e+01 2.080798e+01 2.073762e+01 2.058000e+01 2.031500e+01 2.080892e+01 2.073972e+01
2.058500e+01 2.031000e+01 2.080798e+01 2.073762e+01 2.059500e+01 2.031000e+01 2.080979e+01 2.074145e+01
2.060000e+01 2.030500e+01 2.080871e+01 2.073915e+01 2.059500e+01 2.031000e+01 2.080979e+01 2.074145e+01
2.104000e+01 2.030500e+01 2.079594e+01 2.072605e+01 2.104500e+01 2.031000e+01 2.079488e+01 2.072786e+01
2.104500e+01 2.031000e+01 2.079488e+01 2.072786e+01 2.105000e+01 2.031500e+01 2.079394e+01 2.072959e+01
2.057500e+01 2.032000e+01 2.080996e+01 2.074171e+01 2.057000e+01 2.032500e+01 2.081091e+01 2.074361e+01
2.058000e+01 2.031500e+01 2.080892e+01 2.073972e+01 2.057500e+01 2.032000e+01 2.080996e+01 2.074171e+01
2.105000e+01 2.031500e+01 2.079394e+01 2.072959e+01 2.105500e+01 2.032000e+01 2.079292e+01 2.073119e+01
2.105500e+01 2.032000e+01 2.079292e+01 2.073119e+01 2.106000e+01 2.032500e+01 2.079201e+01 2.073273e+01
2.055500e+01 2.033000e+01 2.080963e+01 2.074113e+01 2.055000e+01 2.033500e+01 2.081050e+01 2.074274e+01
2.055500e+01 2.033000e+01 2.080963e+01 2.074113e+01 2.056500e+01 2.033000e+01 2.081196e+01 2.074539e+01
2.057000e+01 2.032500e+01 2.081091e+01 2.074361e+01 2.056500e+01 2.033000e+01 2.081196e+01 2.074539e+01
2.106000e+01 2.032500e+01 2.079201e+01 2.073273e+01 2.106500e+01 2.033000e+01 2.079105e+01 2.073415e+01
2.106500e+01 2.033000e+01 2.079105e+01 2.073415e+01 2.107000e+01 2.033500e+01 2.079021e+01 2.073551e+01
2.053500e+01 2.034000e+01 2.080871e+01 2.073977e+01 2.053000e+01 2.034500e+01 2.080946e+01 2.074110e+01
2.053500e+01 2.034000e+01 2.080871e+01 2.073977e+01 2.054500e+01 2.034000e+01 2.081146e+01 2.074422e+01
2.055000e+01 2.033500e+01 2.081050e+01 2.074274e+01 2.054500e+01 2.034000e+01 2.081146e+01 2.074422e+01
2.107000e+01 2.033500e+01 2.079021e+01 2.073551e+01 2.107500e+01 2.034000e+01 2.078931e+01 2.073674e+01
2.107500e+01 2.034000e+01 2.078931e+01 2.073674e+01 2.108000e+01 2.034500e+01 2.078856e+01 2.073792e+01
2.052500e+01 2.035000e+01 2.081029e+01 2.074231e+01 2.052000e+01 2.035500e+01 2.081100e+01 2.074344e+01
2.053000e+01 2.034500e+01 2.080946e+01 2.074110e+01 2.052500e+01 2.035000e+01 2.081029e+01 2.074231e+01
2.108000e+01 2.034500e+01 2.078856e+01 2.073792e+01 2.108500e+01 2.035000e+01 2.078776e+01 2.073897e+01
2.108500e+01 2.035000e+01 2.078776e+01 2.073897e+01 2.109000e+01 2.035500e+01 2.078710e+01 2.073998e+01
2.050500e+01 2.036000e+01 2.080837e+01 2.073971e+01 2.050000e+01 2.036500e+01 2.080891e+01 2.074060e+01
2.050500e+01 2.036000e+01 2.080837e+01 2.073971e+01 2.051500e+01 2.036000e+01 2.081178e+01 2.074444e+01
2.052000e+01 2.035500e+01 2.081100e+01 2.074344e+01 2.051500e+01 2.036000e+01 2.081178e+01 2.074444e+01
2.109000e+01 2.035500e+01 2.078710e+01 2.073998e+01 2.109500e+01 2.036000e+01 2.078641e+01 2.074086e+01
2.109500e+01 2.036000e+01 2.078641e+01 2.074086e+01 2.110000e+01 2.036500e+01 2.078587e+01 2.074172e+01
2.049500e+01 2.037000e+01 2.080950e+01 2.074135e+01 2.049000e+01 2.037500e+01 2.080997e+01 2.074206e+01
2.050000e+01 2.036500e+01 2.080891e+01 2.074060e+01 2.049500e+01 2.037000e+01 2.080950e+01 2.074135e+01
2.110000e+01 2.036500e+01 2.078587e+01 2.074172e+01 2.110000e+01 2.037500e+01 2.078104e+01 2.074801e+01
2.048500e+01 2.038000e+01 2.081047e+01 2.074262e+01 2.048000e+01 2.038500e+01 2.081085e+01 2.074315e+01
2.049000e+01 2.037500e+01 2.080997e+01 2.074206e+01 2.048500e+01 2.038000e+01 2.081047e+01 2.074262e+01
2.110000e+01 2.037500e+01 2.078104e+01 2.074801e+01 2.110500e+01 2.038000e+01 2.078045e+01 2.074860e+01
2.110500e+01 2.038000e+01 2.078045e+01 2.074860e+01 2.111000e+01 2.038500e+01 2.078003e+01 2.074919e+01
2.047500e+01 2.039000e+01 2.081125e+01 2.074353e+01 2.047000e+01 2.039500e+01 2.081152e+01 2.074389e+01
2.048000e+01 2.038500e+01 2.081085e+01 2.074315e+01 2.047500e+01 2.039000e+01 2.081125e+01 2.074353e+01
2.111000e+01 2.038500e+01 2.078003e+01 2.074919e+01 2.111500e+01 2.039000e+01 2.077959e+01 2.074964e+01
2.111500e+01 2.039000e+01 2.077959e+01 2.074964e+01 2.112000e+01 2.039500e+01 2.077932e+01 2.075009e+01
2.046500e+01 2.040000e+01 2.081181e+01 2.074410e+01 2.046000e+01 2.040500e+01 2.081196e+01 2.074430e+01
2.047000e+01 2.039500e+01 2.081152e+01 2.074389e+01 2.046500e+01 2.040000e+01 2.081181e+01 2.074410e+01
2.112000e+01 2.039500e+01 2.077932e+01 2.075009e+01 2.112000e+01 2.040500e+01 2.077436e+01 2.075569e+01
2.045500e+01 2.041000e+01 2.081212e+01 2.074434e+01 2.045000e+01 2.041500e+01 2.081213e+01 2.074439e+01
2.046000e+01 2.040500e+01 2.081196e+01 2.074430e+01 2.045500e+01 2.041000e+01 2.081212e+01 2.074434e+01
2.112000e+01 2.040500e+01 2.077436e+01 2.075569e+01 2.112500e+01 2.041000e+01 2.077410e+01 2.075588e+01
2.112500e+01 2.041000e+01 2.077410e+01 2.075588e+01 2.113000e+01 2.041500e+01 2.077401e+01 2.075609e+01
2.044500e+01 2.042000e+01 2.081214e+01 2.074429e+01 2.044000e+01 2.042500e+01 2.081201e+01 2.074419e+01
2.045000e+01 2.041500e+01 2.081213e+01 2.074439e+01 2.044500e+01 2.042000e+01 2.081214e+01 2.074429e+01
2.113000e+01 2.041500e+01 2.077401e+01 2.075609e+01 2.113000e+01 2.042500e+01 2.076901e+01 2.076126e+01
2.043500e+01 2.043000e+01 2.081186e+01 2.074396e+01 2.043000e+01 2.043500e+01 2.081156e+01 2.074374e+01
2.044000e+01 2.042500e+01 2.081201e+01 2.074419e+01 2.043500e+01 2.043000e+01 2.081186e+01 2.074396e+01
2.113000e+01 2.042500e+01 2.076901e+01 2.076126e+01 2.113500e+01 2.043000e+01 2.076895e+01 2.076121e+01
2.113500e+01 2.043000e+01 2.076895e+01 2.076121e+01 2.114000e+01 2.043500e+01 2.076906e+01 2.076120e+01
2.042500e+01 2.044000e+01 2.081124e+01 2.074338e+01 2.042000e+01 2.044500e+01 2.081077e+01 2.074305e+01
2.043000e+01 2.043500e+01 2.081156e+01 2.074374e+01 2.042500e+01 2.044000e+01 2.081124e+01 2.074338e+01
2.114000e+01 2.043500e+01 2.076906e+01 2.076120e+01 2.114000e+01 2.044500e+01 2.076407e+01 2.076592e+01
2.041500e+01 2.045000e+01 2.081027e+01 2.074259e+01 2.041000e+01 2.045500e+01 2.080962e+01 2.074217e+01
2.042000e+01 2.044500e+01 2.081077e+01 2.074305e+01 2.041500e+01 2.045000e+01 2.081027e+01 2.074259e+01
2.114000e+01 2.044500e+01 2.076407e+01 2.076592e+01 2.114500e+01 2.045000e+01 2.076425e+01 2.076567e+01
2.114500e+01 2.045000e+01 2.076425e+01 2.076567e+01 2.115000e+01 2.045500e+01 2.076460e+01 2.076545e+01
2.041000e+01 2.045500e+01 2.080962e+01 2.074217e+01 2.041000e+01 2.046500e+01 2.081447e+01 2.074592e+01
2.115000e+01 2.045500e+01 2.076460e+01 2.076545e+01 2.115000e+01 2.046500e+01 2.075965e+01 2.076973e+01
2.040500e+01 2.047000e+01 2.081372e+01 2.074524e+01 2.040000e+01 2.047500e+01 2.081282e+01 2.074463e+01
2.041000e+01 2.046500e+01 2.081447e+01 2.074592e+01 2.040500e+01 2.047000e+01 2.081372e+01 2.074524e+01
2.115000e+01 2.046500e+01 2.075965e+01 2.076973e+01 2.115500e+01 2.047000e+01 2.076009e+01 2.076929e+01
2.115500e+01 2.047000e+01 2.076009e+01 2.076929e+01 2.116000e+01 2.047500e+01 2.076070e+01 2.076889e+01
2.039500e+01 2.048000e+01 2.081187e+01 2.074389e+01 2.039000e+01 2.048500e+01 2.081076e+01 2.074322e+01
2.040000e+01 2.047500e+01 2.081282e+01 2.074463e+01 2.039500e+01 2.048000e+01 2.081187e+01 2.074389e+01
2.116000e+01 2.047500e+01 2.076070e+01 2.076889e+01 2.116000e+01 2.048500e+01 2.075585e+01 2.077274e+01
2.039000e+01 2.048500e+01 2.081076e+01 2.074322e+01 2.039000e+01 2.049500e+01 2.081537e+01 2.074627e+01
2.116000e+01 2.048500e+01 2.075585e+01 2.077274e+01 2.116500e+01 2.049000e+01 2.075657e+01 2.077212e+01
2.116500e+01 2.049000e+01 2.075657e+01 2.077212e+01 2.117000e+01 2.049500e+01 2.075745e+01 2.077157e+01
2.038500e+01 2.050000e+01 2.081411e+01 2.074539e+01 2.038000e+01 2.050500e+01 2.081272e+01 2.074459e+01
2.039000e+01 2.049500e+01 2.081537e+01 2.074627e+01 2.038500e+01 2.050000e+01 2.081411e+01 2.074539e+01
2.117000e+01 2.049500e+01 2.075745e+01 2.077157e+01 2.117000e+01 2.050500e+01 2.075272e+01 2.077498e+01
2.038000e+01 2.050500e+01 2.081272e+01 2.074459e+01 2.038000e+01 2.051500e+01 2.081713e+01 2.074721e+01
2.117000e+01 2.050500e+01 2.075272e+01 2.077498e+01 2.117500e+01 2.051000e+01 2.075374e+01 2.077422e+01
2.117500e+01 2.051000e+01 2.075374e+01 2.077422e+01 2.118000e+01 2.051500e+01 2.075491e+01 2.077354e+01
2.037500e+01 2.052000e+01 2.081556e+01 2.074623e+01 2.037000e+01 2.052500e+01 2.081385e+01 2.074534e+01
2.038000e+01 2.051500e+01 2.081713e+01 2.074721e+01 2.037500e+01 2.052000e+01 2.081556e+01 2.074623e+01
2.118000e+01 2.051500e+01 2.075491e+01 2.077354e+01 2.118000e+01 2.052500e+01 2.075035e+01 2.077652e+01
2.037000e+01 2.052500e+01 2.081385e+01 2.074534e+01 2.037000e+01 2.053500e+01 2.081801e+01 2.074758e+01
2.118000e+01 2.052500e+01 2.075035e+01 2.077652e+01 2.118500e+01 2.053000e+01 2.075168e+01 2.077563e+01
2.118500e+01 2.053000e+01 2.075168e+01 2.077563e+01 2.119000e+01 2.053500e+01 2.075314e+01 2.077482e+01
2.036500e+01 2.054000e+01 2.081610e+01 2.074654e+01 2.036000e+01 2.054500e+01 2.081406e+01 2.074562e+01
2.037000e+01 2.053500e+01 2.081801e+01 2.074758e+01 2.036500e+01 2.054000e+01 2.081610e+01 2.074654e+01
2.119000e+01 2.053500e+01 2.075314e+01 2.077482e+01 2.119000e+01 2.054500e+01 2.074879e+01 2.077738e+01
2.036000e+01 2.054500e+01 2.081406e+01 2.074562e+01 2.036000e+01 2.055500e+01 2.081792e+01 2.074751e+01
2.119000e+01 2.054500e+01 2.074879e+01 2.077738e+01 2.119500e+01 2.055000e+01 2.075043e+01 2.077638e+01
2.119500e+01 2.055000e+01 2.075043e+01 2.077638e+01 2.120000e+01 2.055500e+01 2.075221e+01 2.077548e+01
2.036000e+01 2.055500e+01 2.081792e+01 2.074751e+01 2.036000e+01 2.056500e+01 2.082169e+01 2.074921e+01
2.120000e+01 2.055500e+01 2.075221e+01 2.077548e+01 2.120000e+01 2.056500e+01 2.074809e+01 2.077761e+01
2.036000e+01 2.056500e+01 2.082169e+01 2.074921e+01 2.036000e+01 2.057500e+01 2.082535e+01 2.075071e+01
2.120000e+01 2.056500e+01 2.074809e+01 2.077761e+01 2.120500e+01 2.057000e+01 2.075006e+01 2.077654e+01
2.120500e+01 2.057000e+01 2.075006e+01 2.077654e+01 2.121000e+01 2.057500e+01 2.075216e+01 2.077556e+01
2.035500e+01 2.058000e+01 2.082284e+01 2.074959e+01 2.035000e+01 2.058500e+01 2.082022e+01 2.074861e+01
2.036000e+01 2.057500e+01 2.082535e+01 2.075071e+01 2.035500e+01 2.058000e+01 2.082284e+01 2.074959e+01
2.121000e+01 2.057500e+01 2.075216e+01 2.077556e+01 2.121500e+01 2.058000e+01 2.075436e+01 2.077451e+01
2.121500e+01 2.058000e+01 2.075436e+01 2.077451e+01 2.122000e+01 2.058500e+01 2.075667e+01 2.077356e+01
2.035000e+01 2.058500e+01 2.082022e+01 2.074861e+01 2.035000e+01 2.059500e+01 2.082350e+01 2.074987e+01
2.122000e+01 2.058500e+01 2.075667e+01 2.077356e+01 2.122000e+01 2.059500e+01 2.075305e+01 2.077514e+01
2.035000e+01 2.059500e+01 2.082350e+01 2.074987e+01 2.035000e+01 2.060500e+01 2.082665e+01 2.075097e+01
2.122000e+01 2.059500e+01 2.075305e+01 2.077514e+01 2.122500e+01 2.060000e+01 2.075559e+01 2.077405e+01
2.122500e+01 2.060000e+01 2.075559e+01 2.077405e+01 2.123000e+01 2.060500e+01 2.075823e+01 2.077308e+01
2.035000e+01 2.060500e+01 2.082665e+01 2.075097e+01 2.035000e+01 2.061500e+01 2.082964e+01 2.075190e+01
2.123000e+01 2.060500e+01 2.075823e+01 2.077308e+01 2.123000e+01 2.061500e+01 2.075495e+01 2.077429e+01
2.035000e+01 2.061500e+01 2.082964e+01 2.075190e+01 2.035000e+01 2.062500e+01 2.083247e+01 2.075270e+01
2.123000e+01 2.061500e+01 2.075495e+01 2.077429e+01 2.123500e+01 2.062000e+01 2.075783e+01 2.077321e+01
2.123500e+01 2.062000e+01 2.075783e+01 2.077321e+01 2.124000e+01 2.062500e+01 2.076080e+01 2.077225e+01
2.034500e+01 2.063000e+01 2.082919e+01 2.075169e+01 2.034000e+01 2.063500e+01 2.082583e+01 2.075082e+01
2.035000e+01 2.062500e+01 2.083247e+01 2.075270e+01 2.034500e+01 2.063000e+01 2.082919e+01 2.075169e+01
2.124000e+01 2.062500e+01 2.076080e+01 2.077225e+01 2.124000e+01 2.063500e+01 2.075790e+01 2.077315e+01
2.034000e+01 2.063500e+01 2.082583e+01 2.075082e+01 2.034000e+01 2.064500e+01 2.082823e+01 2.075152e+01
2.124000e+01 2.063500e+01 2.075790e+01 2.077315e+01 2.124500e+01 2.064000e+01 2.076112e+01 2.077212e+01
2.124500e+01 2.064000e+01 2.076112e+01 2.077212e+01 2.125000e+01 2.064500e+01 2.076442e+01 2.077122e+01
2.034000e+01 2.064500e+01 2.082823e+01 2.075152e+01 2.034000e+01 2.065500e+01 2.083044e+01 2.075212e+01
2.125000e+01 2.064500e+01 2.076442e+01 2.077122e+01 2.125000e+01 2.065500e+01 2.076193e+01 2.077186e+01
2.034000e+01 2.065500e+01 2.083044e+01 2.075212e+01 2.034000e+01 2.066500e+01 2.083247e+01 2.075262e+01
2.125000e+01 2.065500e+01 2.076193e+01 2.077186e+01 2.125500e+01 2.066000e+01 2.076549e+01 2.077092e+01
2.125500e+01 2.066000e+01 2.076549e+01 2.077092e+01 2.126000e+01 2.066500e+01 2.076912e+01 2.077012e+01
2.034000e+01 2.066500e+01 2.083247e+01 2.075262e+01 2.034000e+01 2.067500e+01 2.083431e+01 2.075303e+01
2.126000e+01 2.066500e+01 2.076912e+01 2.077012e+01 2.126000e+01 2.067500e+01 2.076706e+01 2.077056e+01
2.034000e+01 2.067500e+01 2.083431e+01 2.075303e+01 2.034000e+01 2.068500e+01 2.083596e+01 2.075337e+01
2.126000e+01 2.067500e+01 2.076706e+01 2.077056e+01 2.126500e+01 2.068000e+01 2.077095e+01 2.076977e+01
2.126500e+01 2.068000e+01 2.077095e+01 2.076977e+01 2.127000e+01 2.068500e+01 2.077489e+01 2.076911e+01
2.034000e+01 2.068500e+01 2.083596e+01 2.075337e+01 2.034000e+01 2.069500e+01 2.083740e+01 2.075365e+01
2.127000e+01 2.068500e+01 2.077489e+01 2.076911e+01 2.127000e+01 2.069500e+01 2.077329e+01 2.076943e+01
2.034000e+01 2.069500e+01 2.083740e+01 2.075365e+01 2.034000e+01 2.070500e+01 2.083865e+01 2.075389e+01
2.083500e+01 2.070000e+01 2.065435e+01 2.112432e+01 2.083000e+01 2.070500e+01 2.066109e+01 2.113268e+01
2.083500e+01 2.070000e+01 2.065435e+01 2.112432e+01 2.084000e+01 2.070500e+01 2.059774e+01 2.110730e+01
2.127000e+01 2.069500e+01 2.077329e+01 2.076943e+01 2.127000e+01 2.070500e+01 2.077188e+01 2.076963e+01
2.034000e+01 2.070500e+01 2.083865e+01 2.075389e+01 2.034000e+01 2.071500e+01 2.083968e+01 2.075409e+01
2.079500e+01 2.071000e+01 2.086382e+01 2.120608e+01 2.079000e+01 2.071500e+01 2.092497e+01 2.118483e+01
2.079500e+01 2.071000e+01 2.086382e+01 2.120608e+01 2.080000e+01 2.071500e+01 2.082075e+01 2.121881e+01
2.083000e+01 2.070500e+01 2.066109e+01 2.113268e+01 2.083000e+01 2.071500e+01 2.062782e+01 2.112926e+01
2.084000e+01 2.070500e+01 2.059774e+01 2.110730e+01 2.084000e+01 2.071500e+01 2.056006e+01 2.108645e+01
2.086500e+01 2.071000e+01 2.045388e+01 2.099465e+01 2.086000e+01 2.071500e+01 2.043830e+01 2.099225e+01
2.086500e+01 2.071000e+01 2.045388e+01 2.099465e+01 2.087000e+01 2.071500e+01 2.045257e+01 2.098614e+01
2.127000e+01 2.070500e+01 2.077188e+01 2.076963e+01 2.127000e+01 2.071500e+01 2.077068e+01 2.076970e+01
2.034000e+01 2.071500e+01 2.083968e+01 2.075409e+01 2.034500e+01 2.072000e+01 2.084506e+01 2.075459e+01
2.034500e+01 2.072000e+01 2.084506e+01 2.075459e+01 2.035000e+01 2.072500e+01 2.085044e+01 2.075501e+01
2.078500e+01 2.072000e+01 2.099677e+01 2.114687e+01 2.078000e+01 2.072500e+01 2.105660e+01 2.110355e+01
2.079000e+01 2.071500e+01 2.092497e+01 2.118483e+01 2.078500e+01 2.072000e+01 2.099677e+01 2.114687e+01
2.080000e+01 2.071500e+01 2.082075e+01 2.121881e+01 2.080500e+01 2.072000e+01 2.077526e+01 2.122127e+01
2.080500e+01 2.072000e+01 2.077526e+01 2.122127e+01 2.081500e+01 2.072000e+01 2.064502e+01 2.122726e+01
2.081500e+01 2.072000e+01 2.064502e+01 2.122726e+01 2.082000e+01 2.072500e+01 2.056785e+01 2.121934e+01
2.083000e+01 2.071500e+01 2.062782e+01 2.112926e+01 2.083500e+01 2.072000e+01 2.064766e+01 2.109143e+01
2.084000e+01 2.071500e+01 2.056006e+01 2.108645e+01 2.083500e+01 2.072000e+01 2.064766e+01 2.109143e+01
2.085500e+01 2.072000e+01 2.043195e+01 2.099446e+01 2.085000e+01 2.072500e+01 2.040001e+01 2.098647e+01
2.086000e+01 2.071500e+01 2.043830e+01 2.099225e+01 2.085500e+01 2.072000e+01 2.043195e+01 2.099446e+01
2.086500e+01 2.072000e+01 2.044898e+01 2.099767e+01 2.086000e+01 2.072500e+01 2.044263e+01 2.099988e+01
2.087000e+01 2.071500e+01 2.045257e+01 2.098614e+01 2.086500e+01 2.072000e+01 2.044898e+01 2.099767e+01
2.127000e+01 2.071500e+01 2.077068e+01 2.076970e+01 2.127500e+01 2.072000e+01 2.077514e+01 2.076919e+01
2.127500e+01 2.072000e+01 2.077514e+01 2.076919e+01 2.128000e+01 2.072500e+01 2.077962e+01 2.076881e+01
2.035000e+01 2.072500e+01 2.085044e+01 2.075501e+01 2.035000e+01 2.073500e+01 2.085109e+01 2.075497e+01
2.078000e+01 2.072500e+01 2.105660e+01 2.110355e+01 2.078000e+01 2.073500e+01 2.111145e+01 2.105525e+01
2.082000e+01 2.072500e+01 2.056785e+01 2.121934e+01 2.082500e+01 2.073000e+01 2.051502e+01 2.113277e+01
2.082500e+01 2.073000e+01 2.051502e+01 2.113277e+01 2.083000e+01 2.073500e+01 2.054336e+01 2.103368e+01
2.085000e+01 2.072500e+01 2.040001e+01 2.098647e+01 2.085500e+01 2.073000e+01 2.043327e+01 2.102986e+01
2.086000e+01 2.072500e+01 2.044263e+01 2.099988e+01 2.085500e+01 2.073000e+01 2.043327e+01 2.102986e+01
2.128000e+01 2.072500e+01 2.077962e+01 2.076881e+01 2.128000e+01 2.073500e+01 2.077888e+01 2.076891e+01
2.033500e+01 2.074000e+01 2.083638e+01 2.075710e+01 2.033000e+01 2.074500e+01 2.083162e+01 2.075982e+01
2.033500e+01 2.074000e+01 2.083638e+01 2.075710e+01 2.034500e+01 2.074000e+01 2.084635e+01 2.075756e+01
2.035000e+01 2.073500e+01 2.085109e+01 2.075497e+01 2.034500e+01 2.074000e+01 2.084635e+01 2.075756e+01
2.078000e+01 2.073500e+01 2.111145e+01 2.105525e+01 2.078000e+01 2.074500e+01 2.118138e+01 2.102284e+01
2.082500e+01 2.074000e+01 2.044828e+01 2.099062e+01 2.082000e+01 2.074500e+01 2.044583e+01 2.100501e+01
2.083000e+01 2.073500e+01 2.054336e+01 2.103368e+01 2.082500e+01 2.074000e+01 2.044828e+01 2.099062e+01
2.085500e+01 2.074000e+01 2.041853e+01 2.094808e+01 2.085000e+01 2.074500e+01 2.044051e+01 2.082163e+01
2.085500e+01 2.074000e+01 2.041853e+01 2.094808e+01 2.086500e+01 2.074000e+01 2.040064e+01 2.092584e+01
2.086500e+01 2.074000e+01 2.040064e+01 2.092584e+01 2.087000e+01 2.074500e+01 2.038805e+01 2.085598e+01
2.128000e+01 2.073500e+01 2.077888e+01 2.076891e+01 2.128000e+01 2.074500e+01 2.077836e+01 2.076894e+01
2.033000e+01 2.074500e+01 2.083162e+01 2.075982e+01 2.033000e+01 2.075500e+01 2.083191e+01 2.075983e+01
2.078000e+01 2.074500e+01 2.118138e+01 2.102284e+01 2.078000e+01 2.075500e+01 2.124810e+01 2.087842e+01
2.080500e+01 2.075000e+01 2.074766e+01 2.118925e+01 2.080000e+01 2.075500e+01 2.094289e+01 2.110145e+01
2.080500e+01 2.075000e+01 2.074766e+01 2.118925e+01 2.081500e+01 2.075000e+01 2.045113e+01 2.104209e+01
2.082000e+01 2.074500e+01 2.044583e+01 2.100501e+01 2.081500e+01 2.075000e+01 2.045113e+01 2.104209e+01
2.083500e+01 2.075000e+01 2.051449e+01 2.096098e+01 2.083000e+01 2.075500e+01 2.039369e+01 2.091845e+01
2.083500e+01 2.075000e+01 2.051449e+01 2.096098e+01 2.084000e+01 2.075500e+01 2.032834e+01 2.088532e+01
2.085000e+01 2.074500e+01 2.044051e+01 2.082163e+01 2.085500e+01 2.075000e+01 2.039756e+01 2.081282e+01
2.085500e+01 2.075000e+01 2.039756e+01 2.081282e+01 2.086000e+01 2.075500e+01 2.039365e+01 2.078168e+01
2.087000e+01 2.074500e+01 2.038805e+01 2.085598e+01 2.087500e+01 2.075000e+01 2.039100e+01 2.081334e+01
2.087500e+01 2.075000e+01 2.039100e+01 2.081334e+01 2.088000e+01 2.075500e+01 2.039416e+01 2.077374e+01
2.128000e+01 2.074500e+01 2.077836e+01 2.076894e+01 2.128000e+01 2.075500e+01 2.077806e+01 2.076893e+01
2.033000e+01 2.075500e+01 2.083191e+01 2.075983e+01 2.033000e+01 2.076500e+01 2.083198e+01 2.075983e+01
2.078000e+01 2.075500e+01 2.124810e+01 2.087842e+01 2.078500e+01 2.076000e+01 2.125501e+01 2.079355e+01
2.078500e+01 2.076000e+01 2.125501e+01 2.079355e+01 2.079500e+01 2.076000e+01 2.121505e+01 2.082934e+01
2.083000e+01 2.075500e+01 2.039369e+01 2.091845e+01 2.083000e+01 2.076500e+01 2.036827e+01 2.074863e+01
2.084000e+01 2.075500e+01 2.032834e+01 2.088532e+01 2.084000e+01 2.076500e+01 2.031083e+01 2.075581e+01
2.086000e+01 2.075500e+01 2.039365e+01 2.078168e+01 2.086500e+01 2.076000e+01 2.038922e+01 2.075132e+01
2.086500e+01 2.076000e+01 2.038922e+01 2.075132e+01 2.087500e+01 2.076000e+01 2.039465e+01 2.074723e+01
2.088000e+01 2.075500e+01 2.039416e+01 2.077374e+01 2.087500e+01 2.076000e+01 2.039465e+01 2.074723e+01
2.128000e+01 2.075500e+01 2.077806e+01 2.076893e+01 2.128000e+01 2.076500e+01 2.077798e+01 2.076888e+01
2.033000e+01 2.076500e+01 2.083198e+01 2.075983e+01 2.033000e+01 2.077500e+01 2.083183e+01 2.075983e+01
2.082500e+01 2.077000e+01 2.041124e+01 2.065936e+01 2.082000e+01 2.077500e+01 2.046849e+01 2.050572e+01
2.083000e+01 2.076500e+01 2.036827e+01 2.074863e+01 2.082500e+01 2.077000e+01 2.041124e+01 2.065936e+01
2.084000e+01 2.076500e+01 2.031083e+01 2.075581e+01 2.084000e+01 2.077500e+01 2.034259e+01 2.063669e+01
2.128000e+01 2.076500e+01 2.077798e+01 2.076888e+01 2.128000e+01 2.077500e+01 2.077812e+01 2.076881e+01
2.033000e+01 2.077500e+01 2.083183e+01 2.075983e+01 2.033000e+01 2.078500e+01 2.083146e+01 2.075985e+01
2.082000e+01 2.077500e+01 2.046849e+01 2.050572e+01 2.082000e+01 2.078500e+01 2.056489e+01 2.041553e+01
2.084000e+01 2.077500e+01 2.034259e+01 2.063669e+01 2.084000e+01 2.078500e+01 2.039493e+01 2.054658e+01
2.128000e+01 2.077500e+01 2.077812e+01 2.076881e+01 2.128000e+01 2.078500e+01 2.077848e+01 2.076875e+01
2.033000e+01 2.078500e+01 2.083146e+01 2.075985e+01 2.033000e+01 2.079500e+01 2.083088e+01 2.075990e+01
2.082000e+01 2.078500e+01 2.056489e+01 2.041553e+01 2.082000e+01 2.079500e+01 2.062575e+01 2.038025e+01
2.084000e+01 2.078500e+01 2.039493e+01 2.054658e+01 2.084000e+01 2.079500e+01 2.045062e+01 2.048667e+01
2.128000e+01 2.078500e+01 2.077848e+01 2.076875e+01 2.128000e+01 2.079500e+01 2.077906e+01 2.076871e+01
2.033000e+01 2.079500e+01 2.083088e+01 2.075990e+01 2.033000e+01 2.080500e+01 2.083009e+01 2.076000e+01
2.082000e+01 2.079500e+01 2.062575e+01 2.038025e+01 2.082500e+01 2.080000e+01 2.059195e+01 2.039422e+01
2.082500e+01 2.080000e+01 2.059195e+01 2.039422e+01 2.083500e+01 2.080000e+01 2.050624e+01 2.044285e+01
2.084000e+01 2.079500e+01 2.045062e+01 2.048667e+01 2.083500e+01 2.080000e+01 2.050624e+01 2.044285e+01
2.128000e+01 2.079500e+01 2.077906e+01 2.076871e+01 2.128000e+01 2.080500e+01 2.077986e+01 2.076871e+01
2.033000e+01 2.080500e+01 2.083009e+01 2.076000e+01 2.033000e+01 2.081500e+01 2.082909e+01 2.076017e+01
2.128000e+01 2.080500e+01 2.077986e+01 2.076871e+01 2.128000e+01 2.081500e+01 2.078088e+01 2.076876e+01
2.033000e+01 2.081500e+01 2.082909e+01 2.076017e+01 2.033500e+01 2.082000e+01 2.083341e+01 2.075969e+01
2.033500e+01 2.082000e+01 2.083341e+01 2.075969e+01 2.034000e+01 2.082500e+01 2.083770e+01 2.075907e+01
2.128000e+01 2.081500e+01 2.078088e+01 2.076876e+01 2.128000e+01 2.082500e+01 2.078211e+01 2.076888e+01
2.034000e+01 2.082500e+01 2.083770e+01 2.075907e+01 2.034000e+01 2.083500e+01 2.083624e+01 2.075920e+01
2.128000e+01 2.082500e+01 2.078211e+01 2.076888e+01 2.128000e+01 2.083500e+01 2.078354e+01 2.076908e+01
2.034000e+01 2.083500e+01 2.083624e+01 2.075920e+01 2.034000e+01 2.084500e+01 2.083458e+01 2.075944e+01
2.128000e+01 2.083500e+01 2.078354e+01 2.076908e+01 2.128000e+01 2.084500e+01 2.078516e+01 2.076939e+01
2.034000e+01 2.084500e+01 2.083458e+01 2.075944e+01 2.034000e+01 2.085500e+01 2.083273e+01 2.075980e+01
2.128000e+01 2.084500e+01 2.078516e+01 2.076939e+01 2.128000e+01 2.085500e+01 2.078698e+01 2.076981e+01
2.034000e+01 2.085500e+01 2.083273e+01 2.075980e+01 2.034000e+01 2.086500e+01 2.083069e+01 2.076029e+01
2.127500e+01 2.086000e+01 2.078320e+01 2.076909e+01 2.127000e+01 2.086500e+01 2.077947e+01 2.076823e+01
2.128000e+01 2.085500e+01 2.078698e+01 2.076981e+01 2.127500e+01 2.086000e+01 2.078320e+01 2.076909e+01
2.034000e+01 2.086500e+01 2.083069e+01 2.076029e+01 2.034500e+01 2.087000e+01 2.083432e+01 2.075950e+01
2.034500e+01 2.087000e+01 2.083432e+01 2.075950e+01 2.035000e+01 2.087500e+01 2.083788e+01 2.075858e+01
2.127000e+01 2.086500e+01 2.077947e+01 2.076823e+01 2.127000e+01 2.087500e+01 2.078173e+01 2.076874e+01
2.035000e+01 2.087500e+01 2.083788e+01 2.075858e+01 2.035000e+01 2.088500e+01 2.083541e+01 2.075921e+01
2.127000e+01 2.087500e+01 2.078173e+01 2.076874e+01 2.127000e+01 2.088500e+01 2.078415e+01 2.076941e+01
2.035000e+01 2.088500e+01 2.083541e+01 2.075921e+01 2.035000e+01 2.089500e+01 2.083277e+01 2.076000e+01
2.126500e+01 2.089000e+01 2.078082e+01 2.076853e+01 2.126000e+01 2.089500e+01 2.077756e+01 2.076753e+01
2.127000e+01 2.088500e+01 2.078415e+01 2.076941e+01 2.126500e+01 2.089000e+01 2.078082e+01 2.076853e+01
2.035000e+01 2.089500e+01 2.083277e+01 2.076000e+01 2.035500e+01 2.090000e+01 2.083594e+01 2.075910e+01
2.035500e+01 2.090000e+01 2.083594e+01 2.075910e+01 2.036000e+01 2.090500e+01 2.083903e+01 2.075806e+01
2.126000e+01 2.089500e+01 2.077756e+01 2.076753e+01 2.126000e+01 2.090500e+01 2.078040e+01 2.076839e+01
2.036000e+01 2.090500e+01 2.083903e+01 2.075806e+01 2.036000e+01 2.091500e+01 2.083599e+01 2.075908e+01
2.125500e+01 2.091000e+01 2.077739e+01 2.076743e+01 2.125000e+01 2.091500e+01 2.077447e+01 2.076634e+01
2.126000e+01 2.090500e+01 2.078040e+01 2.076839e+01 2.125500e+01 2.091000e+01 2.077739e+01 2.076743e+01
2.036000e+01 2.091500e+01 2.083599e+01 2.075908e+01 2.036500e+01 2.092000e+01 2.083883e+01 2.075810e+01
2.036500e+01 2.092000e+01 2.083883e+01 2.075810e+01 2.037000e+01 2.092500e+01 2.084157e+01 2.075700e+01
2.125000e+01 2.091500e+01 2.077447e+01 2.076634e+01 2.125000e+01 2.092500e+01 2.077770e+01 2.076746e+01
2.037000e+01 2.092500e+01 2.084157e+01 2.075700e+01 2.037000e+01 2.093500e+01 2.083815e+01 2.075831e+01
2.125000e+01 2.092500e+01 2.077770e+01 2.076746e+01 2.125000e+01 2.093500e+01 2.078104e+01 2.076879e+01
2.037000e+01 2.093500e+01 2.083815e+01 2.075831e+01 2.037500e+01 2.094000e+01 2.084065e+01 2.075731e+01
2.037500e+01 2.094000e+01 2.084065e+01 2.075731e+01 2.038000e+01 2.094500e+01 2.084304e+01 2.075619e+01
2.124500e+01 2.094000e+01 2.077848e+01 2.076783e+01 2.124000e+01 2.094500e+01 2.077602e+01 2.076677e+01
2.125000e+01 2.093500e+01 2.078104e+01 2.076879e+01 2.124500e+01 2.094000e+01 2.077848e+01 2.076783e+01
2.038000e+01 2.094500e+01 2.084304e+01 2.075619e+01 2.038000e+01 2.095500e+01 2.083928e+01 2.075784e+01
2.124000e+01 2.094500e+01 2.077602e+01 2.076677e+01 2.124000e+01 2.095500e+01 2.077969e+01 2.076842e+01
2.038000e+01 2.095500e+01 2.083928e+01 2.075784e+01 2.038500e+01 2.096000e+01 2.084144e+01 2.075686e+01
2.038500e+01 2.096000e+01 2.084144e+01 2.075686e+01 2.039000e+01 2.096500e+01 2.084349e+01 2.075577e+01
2.123500e+01 2.096000e+01 2.077745e+01 2.076749e+01 2.123000e+01 2.096500e+01 2.077532e+01 2.076644e+01
2.124000e+01 2.095500e+01 2.077969e+01 2.076842e+01 2.123500e+01 2.096000e+01 2.077745e+01 2.076749e+01
2.039000e+01 2.096500e+01 2.084349e+01 2.075577e+01 2.039000e+01 2.097500e+01 2.083943e+01 2.075781e+01
2.122500e+01 2.097000e+01 2.077329e+01 2.076548e+01 2.122000e+01 2.097500e+01 2.077138e+01 2.076442e+01
2.123000e+01 2.096500e+01 2.077532e+01 2.076644e+01 2.122500e+01 2.097000e+01 2.077329e+01 2.076548e+01
2.039000e+01 2.097500e+01 2.083943e+01 2.075781e+01 2.039500e+01 2.098000e+01 2.084127e+01 2.075689e+01
2.039500e+01 2.098000e+01 2.084127e+01 2.075689e+01 2.040000e+01 2.098500e+01 2.084298e+01 2.075588e+01
2.122000e+01 2.097500e+01 2.077138e+01 2.076442e+01 2.122000e+01 2.098500e+01 2.077553e+01 2.076661e+01
2.040000e+01 2.098500e+01 2.084298e+01 2.075588e+01 2.040000e+01 2.099500e+01 2.083868e+01 2.075834e+01
2.121500e+01 2.099000e+01 2.077380e+01 2.076573e+01 2.121000e+01 2.099500e+01 2.077221e+01 2.076476e+01
2.122000e+01 2.098500e+01 2.077553e+01 2.076661e+01 2.121500e+01 2.099000e+01 2.077380e+01 2.076573e+01
2.040000e+01 2.099500e+01 2.083868e+01 2.075834e+01 2.040500e+01 2.100000e+01 2.084021e+01 2.075753e+01
2.040500e+01 2.100000e+01 2.084021e+01 2.075753e+01 2.041000e+01 2.100500e+01 2.084160e+01 2.075663e+01
2.121000e+01 2.099500e+01 2.077221e+01 2.076476e+01 2.121000e+01 2.100500e+01 2.077658e+01 2.076738e+01
2.041000e+01 2.100500e+01 2.084160e+01 2.075663e+01 2.041500e+01 2.101000e+01 2.084292e+01 2.075583e+01
2.041500e+01 2.101000e+01 2.084292e+01 2.075583e+01 2.042000e+01 2.101500e+01 2.084409e+01 2.075497e+01
2.120500e+01 2.101000e+01 2.077514e+01 2.076660e+01 2.120000e+01 2.101500e+01 2.077384e+01 2.076575e+01
2.121000e+01 2.100500e+01 2.077658e+01 2.076738e+01 2.120500e+01 2.101000e+01 2.077514e+01 2.076660e+01
2.042000e+01 2.101500e+01 2.084409e+01 2.075497e+01 2.042000e+01 2.102500e+01 2.083944e+01 2.075812e+01
2.119500e+01 2.102000e+01 2.077262e+01 2.076501e+01 2.119000e+01 2.102500e+01 2.077153e+01 2.076420e+01
2.120000e+01 2.101500e+01 2.077384e+01 2.076575e+01 2.119500e+01 2.102000e+01 2.077262e+01 2.076501e+01
2.042000e+01 2.102500e+01 2.083944e+01 2.075812e+01 2.042500e+01 2.103000e+01 2.084048e+01 2.075749e+01
2.042500e+01 2.103000e+01 2.084048e+01 2.075749e+01 2.043000e+01 2.103500e+01 2.084136e+01 2.075680e+01
2.119000e+01 2.102500e+01 2.077153e+01 2.076420e+01 2.119000e+01 2.103500e+01 2.077621e+01 2.076748e+01
2.043000e+01 2.103500e+01 2.084136e+01 2.075680e+01 2.043500e+01 2.104000e+01 2.084219e+01 2.075623e+01
2.043500e+01 2.104000e+01 2.084219e+01 2.075623e+01 2.044000e+01 2.104500e+01 2.084287e+01 2.075561e+01
2.118500e+01 2.104000e+01 2.077525e+01 2.076690e+01 2.118000e+01 2.104500e+01 2.077443e+01 2.076625e+01
2.119000e+01 2.103500e+01 2.077621e+01 2.076748e+01 2.118500e+01 2.104000e+01 2.077525e+01 2.076690e+01
2.044000e+01 2.104500e+01 2.084287e+01 2.075561e+01 2.044000e+01 2.105500e+01 2.083801e+01 2.075950e+01
2.117500e+01 2.105000e+01 2.077366e+01 2.076573e+01 2.117000e+01 2.105500e+01 2.077305e+01 2.076516e+01
2.118000e+01 2.104500e+01 2.077443e+01 2.076625e+01 2.117500e+01 2.105000e+01 2.077366e+01 2.076573e+01
2.044000e+01 2.105500e+01 2.083801e+01 2.075950e+01 2.044500e+01 2.106000e+01 2.083860e+01 2.075914e+01
2.044500e+01 2.106000e+01 2.083860e+01 2.075914e+01 2.045000e+01 2.106500e+01 2.083903e+01 2.075875e+01
2.117000e+01 2.105500e+01 2.077305e+01 2.076516e+01 2.117000e+01 2.106500e+01 2.077793e+01 2.076914e+01
2.045000e+01 2.106500e+01 2.083903e+01 2.075875e+01 2.045500e+01 2.107000e+01 2.083944e+01 2.075848e+01
2.045500e+01 2.107000e+01 2.083944e+01 2.075848e+01 2.046000e+01 2.107500e+01 2.083968e+01 2.075820e+01
2.116500e+01 2.107000e+01 2.077740e+01 2.076882e+01 2.116000e+01 2.107500e+01 2.077702e+01 2.076845e+01
2.117000e+01 2.106500e+01 2.077793e+01 2.076914e+01 2.116500e+01 2.107000e+01 2.077740e+01 2.076882e+01
2.046000e+01 2.107500e+01 2.083968e+01 2.075820e+01 2.046500e+01 2.108000e+01 2.083991e+01 2.075804e+01
2.046500e+01 2.108000e+01 2.083991e+01 2.075804e+01 2.047000e+01 2.108500e+01 2.083998e+01 2.075787e+01
2.115500e+01 2.108000e+01 2.077667e+01 2.076822e+01 2.115000e+01 2.108500e+01 2.077648e+01 2.076795e+01
2.116000e+01 2.107500e+01 2.077702e+01 2.076845e+01 2.115500e+01 2.108000e+01 2.077667e+01 2.076822e+01
2.047000e+01 2.108500e+01 2.083998e+01 2.075787e+01 2.047500e+01 2.109000e+01 2.084003e+01 2.075784e+01
2.047500e+01 2.109000e+01 2.084003e+01 2.075784e+01 2.048000e+01 2.109500e+01 2.083993e+01 2.075780e+01
2.115000e+01 2.108500e+01 2.077648e+01 2.076795e+01 2.115000e+01 2.109500e+01 2.078146e+01 2.077266e+01
2.048000e+01 2.109500e+01 2.083993e+01 2.075780e+01 2.048000e+01 2.110500e+01 2.083493e+01 2.076301e+01
2.114500e+01 2.110000e+01 2.078131e+01 2.077265e+01 2.114000e+01 2.110500e+01 2.078131e+01 2.077263e+01
2.115000e+01 2.109500e+01 2.078146e+01 2.077266e+01 2.114500e+01 2.110000e+01 2.078131e+01 2.077265e+01
2.048000e+01 2.110500e+01 2.083493e+01 2.076301e+01 2.048500e+01 2.111000e+01 2.083483e+01 2.076325e+01
2.048500e+01 2.111000e+01 2.083483e+01 2.076325e+01 2.049000e+01 2.111500e+01 2.083457e+01 2.076349e+01
2.113500e+01 2.111000e+01 2.078132e+01 2.077274e+01 2.113000e+01 2.111500e+01 2.078149e+01 2.077284e+01
2.114000e+01 2.110500e+01 2.078131e+01 2.077263e+01 2.113500e+01 2.111000e+01 2.078132e+01 2.077274e+01
2.049000e+01 2.111500e+01 2.083457e+01 2.076349e+01 2.049500e+01 2.112000e+01 2.083432e+01 2.076388e+01
2.049500e+01 2.112000e+01 2.083432e+01 2.076388e+01 2.050000e+01 2.112500e+01 2.083393e+01 2.076427e+01
2.112500e+01 2.112000e+01 2.078166e+01 2.077308e+01 2.112000e+01 2.112500e+01 2.078198e+01 2.077331e+01
2.113000e+01 2.111500e+01 2.078149e+01 2.077284e+01 2.112500e+01 2.112000e+01 2.078166e+01 2.077308e+01
2.050000e+01 2.112500e+01 2.083393e+01 2.076427e+01 2.050500e+01 2.113000e+01 2.083355e+01 2.076481e+01
2.050500e+01 2.113000e+01 2.083355e+01 2.076481e+01 2.051000e+01 2.113500e+01 2.083303e+01 2.076537e+01
2.112000e+01 2.112500e+01 2.078198e+01 2.077331e+01 2.112000e+01 2.113500e+01 2.078694e+01 2.077900e+01
2.051000e+01 2.113500e+01 2.083303e+01 2.076537e+01 2.051500e+01 2.114000e+01 2.083253e+01 2.076607e+01
2.051500e+01 2.114000e+01 2.083253e+01 2.076607e+01 2.052000e+01 2.114500e+01 2.083189e+01 2.076680e+01
2.111500e+01 2.114000e+01 2.078724e+01 2.077951e+01 2.111000e+01 2.114500e+01 2.078770e+01 2.078002e+01
2.112000e+01 2.113500e+01 2.078694e+01 2.077900e+01 2.111500e+01 2.114000e+01 2.078724e+01 2.077951e+01
2.052000e+01 2.114500e+01 2.083189e+01 2.076680e+01 2.052500e+01 2.115000e+01 2.083128e+01 2.076766e+01
2.052500e+01 2.115000e+01 2.083128e+01 2.076766e+01 2.053000e+01 2.115500e+01 2.083054e+01 2.076857e+01
2.110500e+01 2.115000e+01 2.078813e+01 2.078067e+01 2.110000e+01 2.115500e+01 2.078871e+01 2.078134e+01
2.111000e+01 2.114500e+01 2.078770e+01 2.078002e+01 2.110500e+01 2.115000e+01 2.078813e+01 2.078067e+01
2.053000e+01 2.115500e+01 2.083054e+01 2.076857e+01 2.053500e+01 2.116000e+01 2.082984e+01 2.076961e+01
2.053500e+01 2.116000e+01 2.082984e+01 2.076961e+01 2.054000e+01 2.116500e+01 2.082901e+01 2.077069e+01
2.109500e+01 2.116000e+01 2.078926e+01 2.078214e+01 2.109000e+01 2.116500e+01 2.078995e+01 2.078298e+01
2.110000e+01 2.115500e+01 2.078871e+01 2.078134e+01 2.109500e+01 2.116000e+01 2.078926e+01 2.078214e+01
2.054000e+01 2.116500e+01 2.082901e+01 2.077069e+01 2.054500e+01 2.117000e+01 2.082823e+01 2.077191e+01
2.054500e+01 2.117000e+01 2.082823e+01 2.077191e+01 2.055000e+01 2.117500e+01 2.082733e+01 2.077319e+01
2.108500e+01 2.117000e+01 2.079060e+01 2.078394e+01 2.108000e+01 2.117500e+01 2.079140e+01 2.078495e+01
2.109000e+01 2.116500e+01 2.078995e+01 2.078298e+01 2.108500e+01 2.117000e+01 2.079060e+01 2.078394e+01
2.055000e+01 2.117500e+01 2.082733e+01 2.077319e+01 2.055500e+01 2.118000e+01 2.082648e+01 2.077459e+01
2.055500e+01 2.118000e+01 2.082648e+01 2.077459e+01 2.056000e+01 2.118500e+01 2.082552e+01 2.077606e+01
2.107500e+01 2.118000e+01 2.079214e+01 2.078609e+01 2.107000e+01 2.118500e+01 2.079302e+01 2.078728e+01
2.108000e+01 2.117500e+01 2.079140e+01 2.078495e+01 2.107500e+01 2.118000e+01 2.079214e+01 2.078609e+01
2.056000e+01 2.118500e+01 2.082552e+01 2.077606e+01 2.056500e+01 2.119000e+01 2.082462e+01 2.077765e+01
2.056500e+01 2.119000e+01 2.082462e+01 2.077765e+01 2.057000e+01 2.119500e+01 2.082361e+01 2.077931e+01
2.106500e+01 2.119000e+01 2.079384e+01 2.078859e+01 2.106000e+01 2.119500e+01 2.079478e+01 2.078996e+01
2.107000e+01 2.118500e+01 2.079302e+01 2.078728e+01 2.106500e+01 2.119000e+01 2.079384e+01 2.078859e+01
2.057000e+01 2.119500e+01 2.082361e+01 2.077931e+01 2.057500e+01 2.120000e+01 2.082268e+01 2.078109e+01
2.057500e+01 2.120000e+01 2.082268e+01 2.078109e+01 2.058000e+01 2.120500e+01 2.082164e+01 2.078294e+01
2.105500e+01 2.120000e+01 2.079566e+01 2.079146e+01 2.105000e+01 2.120500e+01 2.079666e+01 2.079302e+01
2.106000e+01 2.119500e+01 2.079478e+01 2.078996e+01 2.105500e+01 2.120000e+01 2.079566e+01 2.079146e+01
2.058000e+01 2.120500e+01 2.082164e+01 2.078294e+01 2.058500e+01 2.121000e+01 2.082069e+01 2.078491e+01
2.058500e+01 2.121000e+01 2.082069e+01 2.078491e+01 2.059000e+01 2.121500e+01 2.081964e+01 2.078696e+01
2.104500e+01 2.121000e+01 2.079759e+01 2.079471e+01 2.104000e+01 2.121500e+01 2.079862e+01 2.079646e+01
2.105000e+01 2.120500e+01 2.079666e+01 2.079302e+01 2.104500e+01 2.121000e+01 2.079759e+01 2.079471e+01
2.059000e+01 2.121500e+01 2.081964e+01 2.078696e+01 2.059500e+01 2.122000e+01 2.081867e+01 2.078912e+01
2.059500e+01 2.122000e+01 2.081867e+01 2.078912e+01 2.060000e+01 2.122500e+01 2.081762e+01 2.079137e+01
2.103500e+01 2.122000e+01 2.079958e+01 2.079833e+01 2.103000e+01 2.122500e+01 2.080063e+01 2.080028e+01
2.104000e+01 2.121500e+01 2.079862e+01 2.079646e+01 2.103500e+01 2.122000e+01 2.079958e+01 2.079833e+01
2.060000e+01 2.122500e+01 2.081762e+01 2.079137e+01 2.060500e+01 2.123000e+01 2.081666e+01 2.079372e+01
2.060500e+01 2.123000e+01 2.081666e+01 2.079372e+01 2.061500e+01 2.123000e+01 2.081818e+01 2.079013e+01
2.061500e+01 2.123000e+01 2.081818e+01 2.079013e+01 2.062000e+01 2.123500e+01 2.081708e+01 2.079267e+01
2.102500e+01 2.123000e+01 2.080160e+01 2.080234e+01 2.102000e+01 2.123500e+01 2.080266e+01 2.080449e+01
2.103000e+01 2.122500e+01 2.080063e+01 2.080028e+01 2.102500e+01 2.123000e+01 2.080160e+01 2.080234e+01
2.062000e+01 2.123500e+01 2.081708e+01 2.079267e+01 2.062500e+01 2.124000e+01 2.081607e+01 2.079530e+01
2.062500e+01 2.124000e+01 2.081607e+01 2.079530e+01 2.063000e+01 2.124500e+01 2.081500e+01 2.079803e+01
2.100500e+01 2.124000e+01 2.080203e+01 2.080304e+01 2.100000e+01 2.124500e+01 2.080315e+01 2.080548e+01
2.100500e+01 2.124000e+01 2.080203e+01 2.080304e+01 2.101500e+01 2.124000e+01 2.080363e+01 2.080674e+01
2.102000e+01 2.123500e+01 2.080266e+01 2.080449e+01 2.101500e+01 2.124000e+01 2.080363e+01 2.080674e+01
2.063000e+01 2.124500e+01 2.081500e+01 2.079803e+01 2.063500e+01 2.125000e+01 2.081404e+01 2.080085e+01
2.063500e+01 2.125000e+01 2.081404e+01 2.080085e+01 2.064500e+01 2.125000e+01 2.081510e+01 2.079777e+01
2.064500e+01 2.125000e+01 2.081510e+01 2.079777e+01 2.065000e+01 2.125500e+01 2.081404e+01 2.080080e+01
2.099500e+01 2.125000e+01 2.080417e+01 2.080802e+01 2.099000e+01 2.125500e+01 2.080525e+01 2.081066e+01
2.100000e+01 2.124500e+01 2.080315e+01 2.080548e+01 2.099500e+01 2.125000e+01 2.080417e+01 2.080802e+01
2.065000e+01 2.125500e+01 2.081404e+01 2.080080e+01 2.065500e+01 2.126000e+01 2.081309e+01 2.080391e+01
2.065500e+01 2.126000e+01 2.081309e+01 2.080391e+01 2.066500e+01 2.126000e+01 2.081387e+01 2.080117e+01
2.066500e+01 2.126000e+01 2.081387e+01 2.080117e+01 2.067000e+01 2.126500e+01 2.081286e+01 2.080450e+01
2.097500e+01 2.126000e+01 2.080509e+01 2.081019e+01 2.097000e+01 2.126500e+01 2.080616e+01 2.081312e+01
2.097500e+01 2.126000e+01 2.080509e+01 2.081019e+01 2.098500e+01 2.126000e+01 2.080623e+01 2.081338e+01
2.099000e+01 2.125500e+01 2.080525e+01 2.081066e+01 2.098500e+01 2.126000e+01 2.080623e+01 2.081338e+01
2.067000e+01 2.126500e+01 2.081286e+01 2.080450e+01 2.067500e+01 2.127000e+01 2.081197e+01 2.080790e+01
2.067500e+01 2.127000e+01 2.081197e+01 2.080790e+01 2.068500e+01 2.127000e+01 2.081253e+01 2.080552e+01
2.068500e+01 2.127000e+01 2.081253e+01 2.080552e+01 2.069000e+01 2.127500e+01 2.081161e+01 2.080914e+01
2.095500e+01 2.127000e+01 2.080626e+01 2.081328e+01 2.095000e+01 2.127500e+01 2.080728e+01 2.081652e+01
2.095500e+01 2.127000e+01 2.080626e+01 2.081328e+01 2.096500e+01 2.127000e+01 2.080713e+01 2.081614e+01
2.097000e+01 2.126500e+01 2.080616e+01 2.081312e+01 2.096500e+01 2.127000e+01 2.080713e+01 2.081614e+01
2.069000e+01 2.127500e+01 2.081161e+01 2.080914e+01 2.069500e+01 2.128000e+01 2.081081e+01 2.081282e+01
2.069500e+01 2.128000e+01 2.081081e+01 2.081282e+01 2.070500e+01 2.128000e+01 2.081121e+01 2.081082e+01
2.070500e+01 2.128000e+01 2.081121e+01 2.081082e+01 2.071000e+01 2.128500e+01 2.081042e+01 2.081473e+01
2.093500e+01 2.128000e+01 2.080753e+01 2.081733e+01 2.093000e+01 2.128500e+01 2.080846e+01 2.082087e+01
2.093500e+01 2.128000e+01 2.080753e+01 2.081733e+01 2.094500e+01 2.128000e+01 2.080819e+01 2.081983e+01
2.095000e+01 2.127500e+01 2.080728e+01 2.081652e+01 2.094500e+01 2.128000e+01 2.080819e+01 2.081983e+01
2.071000e+01 2.128500e+01 2.081042e+01 2.081473e+01 2.071500e+01 2.129000e+01 2.080975e+01 2.081868e+01
2.071500e+01 2.129000e+01 2.080975e+01 2.081868e+01 2.072500e+01 2.129000e+01 2.081005e+01 2.081707e+01
2.072500e+01 2.129000e+01 2.081005e+01 2.081707e+01 2.073500e+01 2.129000e+01 2.081023e+01 2.081564e+01
2.073500e+01 2.129000e+01 2.081023e+01 2.081564e+01 2.074000e+01 2.129500e+01 2.080964e+01 2.081992e+01
2.090500e+01 2.129000e+01 2.080839e+01 2.082039e+01 2.090000e+01 2.129500e+01 2.080916e+01 2.082433e+01
2.090500e+01 2.129000e+01 2.080839e+01 2.082039e+01 2.091500e+01 2.129000e+01 2.080876e+01 2.082235e+01
2.091500e+01 2.129000e+01 2.080876e+01 2.082235e+01 2.092500e+01 2.129000e+01 2.080927e+01 2.082447e+01
2.093000e+01 2.128500e+01 2.080846e+01 2.082087e+01 2.092500e+01 2.129000e+01 2.080927e+01 2.082447e+01
2.074000e+01 2.129500e+01 2.080964e+01 2.081992e+01 2.074500e+01 2.130000e+01 2.080917e+01 2.082424e+01
2.074500e+01 2.130000e+01 2.080917e+01 2.082424e+01 2.075500e+01 2.130000e+01 2.080934e+01 2.082320e+01
2.075500e+01 2.130000e+01 2.080934e+01 2.082320e+01 2.076500e+01 2.130000e+01 2.080944e+01 2.082234e+01
2.076500e+01 2.130000e+01 2.080944e+01 2.082234e+01 2.077500e+01 2.130000e+01 2.080947e+01 2.082167e+01
2.077500e+01 2.130000e+01 2.080947e+01 2.082167e+01 2.078500e+01 2.130000e+01 2.080946e+01 2.082118e+01
2.078500e+01 2.130000e+01 2.080946e+01 2.082118e+01 2.079500e+01 2.130000e+01 2.080941e+01 2.082088e+01
2.079500e+01 2.130000e+01 2.080941e+01 2.082088e+01 2.080500e+01 2.130000e+01 2.080933e+01 2.082077e+01
2.080500e+01 2.130000e+01 2.080933e+01 2.082077e+01 2.081500e+01 2.130000e+01 2.080925e+01 2.082086e+01
2.081500e+01 2.130000e+01 2.080925e+01 2.082086e+01 2.082500e+01 2.130000e+01 2.080917e+01 2.082113e+01
2.082500e+01 2.130000e+01 2.080917e+01 2.082113e+01 2.083500e+01 2.130000e+01 2.080910e+01 2.082160e+01
2.083500e+01 2.130000e+01 2.080910e+01 2.082160e+01 2.084500e+01 2.130000e+01 2.080907e+01 2.082226e+01
2.084500e+01 2.130000e+01 2.080907e+01 2.082226e+01 2.085500e+01 2.130000e+01 2.080908e+01 2.082311e+01
2.085500e+01 2.130000e+01 2.080908e+01 2.082311e+01 2.086500e+01 2.130000e+01 2.080915e+01 2.082414e+01
2.086500e+01 2.130000e+01 2.080915e+01 2.082414e+01 2.087500e+01 2.130000e+01 2.080929e+01 2.082536e+01
2.087500e+01 2.130000e+01 2.080929e+01 2.082536e+01 2.088500e+01 2.130000e+01 2.080950e+01 2.082675e+01
2.088500e+01 2.130000e+01 2.080950e+01 2.082675e+01 2.089500e+01 2.130000e+01 2.080982e+01 2.082831e+01
2.090000e+01 2.129500e+01 2.080916e+01 2.082433e+01 2.089500e+01 2.130000e+01 2.080982e+01 2.082831e+01
2.080421e+01 2.076310e+01 2.029249e+01 2.075079e+01 2.080421e+01 2.076310e+01 2.029459e+01 2.072045e+01
2.080421e+01 2.076310e+01 2.029459e+01 2.072045e+01 2.080421e+01 2.076310e+01 2.029885e+01 2.069007e+01
2.080421e+01 2.076310e+01 2.029885e+01 2.069007e+01 2.080421e+01 2.076310e+01 2.030525e+01 2.065975e+01
2.080421e+01 2.076310e+01 2.030525e+01 2.065975e+01 2.080421e+01 2.076310e+01 2.031380e+01 2.062962e+01
2.080421e+01 2.076310e+01 2.031380e+01 2.062962e+01 2.080421e+01 2.076310e+01 2.032448e+01 2.059981e+01
2.080421e+01 2.076310e+01 2.032448e+01 2.059981e+01 2.080421e+01 2.076310e+01 2.033726e+01 2.057043e+01
2.080421e+01 2.076310e+01 2.033726e+01 2.057043e+01 2.080421e+01 2.076310e+01 2.035214e+01 2.054162e+01
2.080421e+01 2.076310e+01 2.035214e+01 2.054162e+01 2.080421e+01 2.076310e+01 2.036908e+01 2.051352e+01
2.080421e+01 2.076310e+01 2.036908e+01 2.051352e+01 2.080421e+01 2.076310e+01 2.038806e+01 2.048628e+01
2.080421e+01 2.076310e+01 2.038806e+01 2.048628e+01 2.080421e+01 2.076310e+01 2.040901e+01 2.046004e+01
2.080421e+01 2.076310e+01 2.040901e+01 2.046004e+01 2.080421e+01 2.076310e+01 2.043190e+01 2.043496e+01
2.080421e+01 2.076310e+01 2.043190e+01 2.043496e+01 2.080421e+01 2.076310e+01 2.045666e+01 2.041119e+01
2.080421e+01 2.076310e+01 2.045666e+01 2.041119e+01 2.080421e+01 2.076310e+01 2.048319e+01 2.038888e+01
2.080421e+01 2.076310e+01 2.048319e+01 2.038888e+01 2.080421e+01 2.076310e+01 2.051140e+01 2.036819e+01
2.080421e+01 2.076310e+01 2.051140e+01 2.036819e+01 2.080421e+01 2.076310e+01 2.054117e+01 2.034928e+01
2.080421e+01 2.076310e+01 2.054117e+01 2.034928e+01 2.080421e+01 2.076310e+01 2.057237e+01 2.033228e+01
2.080421e+01 2.076310e+01 2.057237e+01 2.033228e+01 2.080421e+01 2.076310e+01 2.060482e+01 2.031733e+01
2.080421e+01 2.076310e+01 2.060482e+01 2.031733e+01 2.080421e+01 2.076310e+01 2.063837e+01 2.030456e+01
2.080421e+01 2.076310e+01 2.063837e+01 2.030456e+01 2.080421e+01 2.076310e+01 2.067281e+01 2.029406e+01
2.080421e+01 2.076310e+01 2.067281e+01 2.029406e+01 2.080421e+01 2.076310e+01 2.070794e+01 2.028593e+01
2.080421e+01 2.076310e+01 2.070794e+01 2.028593e+01 2.080421e+01 2.076310e+01 2.074353e+01 2.028023e+01
2.080421e+01 2.076310e+01 2.074353e+01 2.028023e+01 2.080421e+01 2.076310e+01 2.077937e+01 2.027700e+01
2.080421e+01 2.076310e+01 2.077937e+01 2.027700e+01 2.080421e+01 2.076310e+01 2.081523e+01 2.027627e+01
2.080421e+01 2.076310e+01 2.081523e+01 2.027627e+01 2.080421e+01 2.076310e+01 2.085086e+01 2.027802e+01
2.080421e+01 2.076310e+01 2.085086e+01 2.027802e+01 2.080421e+01 2.076310e+01 2.088607e+01 2.028223e+01
2.080421e+01 2.076310e+01 2.088607e+01 2.028223e+01 2.080421e+01 2.076310e+01 2.092062e+01 2.028884e+01
2.080421e+01 2.076310e+01 2.092062e+01 2.028884e+01 2.080421e+01 2.076310e+01 2.095432e+01 2.029778e+01
2.080421e+01 2.076310e+01 2.095432e+01 2.029778e+01 2.080421e+01 2.076310e+01 2.098699e+01 2.030897e+01
2.080421e+01 2.076310e+01 2.098699e+01 2.030897e+01 2.080421e+01 2.076310e+01 2.101846e+01 2.032229e+01
2.080421e+01 2.076310e+01 2.101846e+01 2.032229e+01 2.080421e+01 2.076310e+01 2.104857e+01 2.033765e+01
2.080421e+01 2.076310e+01 2.104857e+01 2.033765e+01 2.080421e+01 2.076310e+01 2.107719e+01 2.035491e+01
2.080421e+01 2.076310e+01 2.107719e+01 2.035491e+01 2.080421e+01 2.076310e+01 2.110421e+01 2.037395e+01
2.080421e+01 2.076310e+01 2.110421e+01 2.037395e+01 2.080421e+01 2.076310e+01 2.112953e+01 2.039463e+01
2.080421e+01 2.076310e+01 2.112953e+01 2.039463e+01 2.080421e+01 2.076310e+01 2.115306e+01 2.041684e+01
2.080421e+01 2.076310e+01 2.115306e+01 2.041684e+01 2.080421e+01 2.076310e+01 2.117472e+01 2.044044e+01
2.080421e+01 2.076310e+01 2.117472e+01 2.044044e+01 2.080421e+01 2.076310e+01 2.119446e+01 2.046530e+01
2.080421e+01 2.076310e+01 2.119446e+01 2.046530e+01 2.080421e+01 2.076310e+01 2.121223e+01 2.049130e+01
2.080421e+01 2.076310e+01 2.121223e+01 2.049130e+01 2.080421e+01 2.076310e+01 2.122798e+01 2.051830e+01
2.080421e+01 2.076310e+01 2.122798e+01 2.051830e+01 2.080421e+01 2.076310e+01 2.124167e+01 2.054620e+01
2.080421e+01 2.076310e+01 2.124167e+01 2.054620e+01 2.080421e+01 2.076310e+01 2.125328e+01 2.057486e+01
2.080421e+01 2.076310e+01 2.125328e+01 2.057486e+01 2.080421e+01 2.076310e+01 2.126278e+01 2.060417e+01
2.080421e+01 2.076310e+01 2.126278e+01 2.060417e+01 2.080421e+01 2.076310e+01 2.127014e+01 2.063403e+01
2.080421e+01 2.076310e+01 2.127014e+01 2.063403e+01 2.080421e+01 2.076310e+01 2.127536e+01 2.066430e+01
2.080421e+01 2.076310e+01 2.127536e+01 2.066430e+01 2.080421e+01 2.076310e+01 2.127841e+01 2.069488e+01
2.080421e+01 2.076310e+01 2.127841e+01 2.069488e+01 2.080421e+01 2.076310e+01 2.127928e+01 2.072566e+01
2.080421e+01 2.076310e+01 2.127928e+01 2.072566e+01 2.080421e+01 2.076310e+01 2.127796e+01 2.075651e+01
2.080421e+01 2.076310e+01 2.127796e+01 2.075651e+01 2.080421e+01 2.076310e+01 2.127444e+01 2.078733e+01
2.080421e+01 2.076310e+01 2.127444e+01 2.078733e+01 2.080421e+01 2.076310e+01 2.126872e+01 2.081799e+01
2.080421e+01 2.076310e+01 2.126872e+01 2.081799e+01 2.080421e+01 2.076310e+01 2.126079e+01 2.084838e+01
2.080421e+01 2.076310e+01 2.126079e+01 2.084838e+01 2.080421e+01 2.076310e+01 2.125066e+01 2.087836e+01
2.080421e+01 2.076310e+01 2.125066e+01 2.087836e+01 2.080421e+01 2.076310e+01 2.123834e+01 2.090782e+01
2.080421e+01 2.076310e+01 2.086467e+01 2.118598e+01 2.080421e+01 2.076310e+01 2.082834e+01 2.119099e+01
2.080421e+01 2.076310e+01 2.082834e+01 2.119099e+01 2.080421e+01 2.076310e+01 2.079175e+01 2.119355e+01
2.080421e+01 2.076310e+01 2.079175e+01 2.119355e+01 2.080421e+01 2.076310e+01 2.075513e+01 2.119366e+01
2.080421e+01 2.076310e+01 2.075513e+01 2.119366e+01 2.080421e+01 2.076310e+01 2.071874e+01 2.119133e+01
2.080421e+01 2.076310e+01 2.071874e+01 2.119133e+01 2.080421e+01 2.076310e+01 2.068279e+01 2.118662e+01
2.080421e+01 2.076310e+01 2.068279e+01 2.118662e+01 2.080421e+01 2.076310e+01 2.064753e+01 2.117958e+01
2.080421e+01 2.076310e+01 2.064753e+01 2.117958e+01 2.080421e+01 2.076310e+01 2.061317e+01 2.117031e+01
2.080421e+01 2.076310e+01 2.061317e+01 2.117031e+01 2.080421e+01 2.076310e+01 2.057990e+01 2.115889e+01
2.080421e+01 2.076310e+01 2.057990e+01 2.115889e+01 2.080421e+01 2.076310e+01 2.054792e+01 2.114544e+01
2.080421e+01 2.076310e+01 2.054792e+01 2.114544e+01 2.080421e+01 2.076310e+01 2.051737e+01 2.113008e+01
2.080421e+01 2.076310e+01 2.051737e+01 2.113008e+01 2.080421e+01 2.076310e+01 2.048842e+01 2.111293e+01
2.080421e+01 2.076310e+01 2.048842e+01 2.111293e+01 2.080421e+01 2.076310e+01 2.046118e+01 2.109411e+01
2.080421e+01 2.076310e+01 2.046118e+01 2.109411e+01 2.080421e+01 2.076310e+01 2.043577e+01 2.107376e+01
2.080421e+01 2.076310e+01 2.043577e+01 2.107376e+01 2.080421e+01 2.076310e+01 2.041226e+01 2.105200e+01
2.080421e+01 2.076310e+01 2.041226e+01 2.105200e+01 2.080421e+01 2.076310e+01 2.039074e+01 2.102894e+01
2.080421e+01 2.076310e+01 2.039074e+01 2.102894e+01 2.080421e+01 2.076310e+01 2.037127e+01 2.100470e+01
2.080421e+01 2.076310e+01 2.037127e+01 2.100470e+01 2.080421e+01 2.076310e+01 2.035389e+01 2.097939e+01
2.080421e+01 2.076310e+01 2.035389e+01 2.097939e+01 2.080421e+01 2.076310e+01 2.033863e+01 2.095312e+01
2.080421e+01 2.076310e+01 2.033863e+01 2.095312e+01 2.080421e+01 2.076310e+01 2.032552e+01 2.092599e+01
2.080421e+01 2.076310e+01 2.032552e+01 2.092599e+01 2.080421e+01 2.076310e+01 2.031457e+01 2.089811e+01
2.080421e+01 2.076310e+01 2.031457e+01 2.089811e+01 2.080421e+01 2.076310e+01 2.030580e+01 2.086957e+01
2.080421e+01 2.076310e+01 2.030580e+01 2.086957e+01 2.080421e+01 2.076310e+01 2.029921e+01 2.084046e+01
2.080421e+01 2.076310e+01 2.029921e+01 2.084046e+01 2.080421e+01 2.076310e+01 2.029479e+01 2.081090e+01
2.080421e+01 2.076310e+01 2.029479e+01 2.081090e+01 2.080421e+01 2.076310e+01 2.029256e+01 2.078097e+01
2.080421e+01 2.076310e+01 2.029256e+01 2.078097e+01 2.080421e+01 2.076310e+01 2.029249e+01 2.075079e+01
2.083658e+01 2.073855e+01 2.040577e+01 2.111357e+01 2.083658e+01 2.073855e+01 2.041277e+01 2.099015e+01
2.083658e+01 2.073855e+01 2.041277e+01 2.099015e+01 2.083658e+01 2.073855e+01 2.043661e+01 2.086936e+01
2.083658e+01 2.073855e+01 2.043661e+01 2.086936e+01 2.083658e+01 2.073855e+01 2.047391e+01 2.076353e+01
2.083658e+01 2.073855e+01 2.047391e+01 2.076353e+01 2.083658e+01 2.073855e+01 2.051852e+01 2.068305e+01
2.083658e+01 2.073855e+01 2.003922e+01 2.107049e+01 2.083658e+01 2.073855e+01 2.010065e+01 2.103465e+01
2.083658e+01 2.073855e+01 2.010065e+01 2.103465e+01 2.083658e+01 2.073855e+01 2.019271e+01 2.100518e+01
2.083658e+01 2.073855e+01 2.019271e+01 2.100518e+01 2.083658e+01 2.073855e+01 2.030624e+01 2.098836e+01
2.083658e+01 2.073855e+01 2.030624e+01 2.098836e+01 2.083658e+01 2.073855e+01 2.042952e+01 2.098794e+01
2.083658e+01 2.073855e+01 2.042952e+01 2.098794e+01 2.083658e+01 2.073855e+01 2.054973e+01 2.100455e+01
2.083658e+01 2.073855e+01 2.054973e+01 2.100455e+01 2.083658e+01 2.073855e+01 2.065444e+01 2.103563e+01
2.083658e+01 2.073855e+01 2.040330e+01 2.086325e+01 2.083658e+01 2.073855e+01 2.043483e+01 2.097921e+01
2.083658e+01 2.073855e+01 2.043483e+01 2.097921e+01 2.083658e+01 2.073855e+01 2.045063e+01 2.110382e+01
2.083658e+01 2.073855e+01 2.045063e+01 2.110382e+01 2.083658e+01 2.073855e+01 2.044919e+01 2.122429e+01
2.083658e+01 2.073855e+01 2.051189e+01 2.079191e+01 2.083658e+01 2.073855e+01 2.050364e+01 2.089697e+01
2.083658e+01 2.073855e+01 2.050364e+01 2.089697e+01 2.083658e+01 2.073855e+01 2.047594e+01 2.101302e+01
2.083658e+01 2.073855e+01 2.047594e+01 2.101302e+01 2.083658e+01 2.073855e+01 2.043059e+01 2.112764e+01
2.083658e+01 2.073855e+01 2.043059e+01 2.112764e+01 2.083658e+01 2.073855e+01 2.037261e+01 2.122894e+01
2.083658e+01 2.073855e+01 2.037261e+01 2.122894e+01 2.083658e+01 2.073855e+01 2.030961e+01 2.130709e+01
2.083658e+01 2.073855e+01 2.030961e+01 2.130709e+01 2.083658e+01 2.073855e+01 2.025075e+01 2.135538e+01
2.083658e+01 2.073855e+01 2.079225e+01 2.106123e+01 2.083658e+01 2.073855e+01 2.070531e+01 2.107382e+01
2.083658e+01 2.073855e+01 2.070531e+01 2.107382e+01 2.083658e+01 2.073855e+01 2.059580e+01 2.107053e+01
2.083658e+01 2.073855e+01 2.059580e+01 2.107053e+01 2.083658e+01 2.073855e+01 2.047538e+01 2.104914e+01
2.083658e+01 2.073855e+01 2.047538e+01 2.104914e+01 2.083658e+01 2.073855e+01 2.035672e+01 2.101068e+01
2.083658e+01 2.073855e+01 2.038985e+01 2.095946e+01 2.083658e+01 2.073855e+01 2.045723e+01 2.105826e+01
