2.078500e+01 2.026000e+01 2.080713e+01 2.073888e+01 2.078000e+01 2.026500e+01 2.080751e+01 2.074340e+01
2.078500e+01 2.026000e+01 2.080713e+01 2.073888e+01 2.079500e+01 2.026000e+01 2.080726e+01 2.073964e+01
2.079500e+01 2.026000e+01 2.080726e+01 2.073964e+01 2.080500e+01 2.026000e+01 2.080736e+01 2.074021e+01
2.080500e+01 2.026000e+01 2.080736e+01 2.074021e+01 2.081500e+01 2.026000e+01 2.080744e+01 2.074059e+01
2.081500e+01 2.026000e+01 2.080744e+01 2.074059e+01 2.082500e+01 2.026000e+01 2.080750e+01 2.074078e+01
2.082500e+01 2.026000e+01 2.080750e+01 2.074078e+01 2.083500e+01 2.026000e+01 2.080755e+01 2.074078e+01
2.083500e+01 2.026000e+01 2.080755e+01 2.074078e+01 2.084500e+01 2.026000e+01 2.080762e+01 2.074059e+01
2.084500e+01 2.026000e+01 2.080762e+01 2.074059e+01 2.085500e+01 2.026000e+01 2.080770e+01 2.074021e+01
2.085500e+01 2.026000e+01 2.080770e+01 2.074021e+01 2.086500e+01 2.026000e+01 2.080782e+01 2.073964e+01
2.086500e+01 2.026000e+01 2.080782e+01 2.073964e+01 2.087000e+01 2.026500e+01 2.080752e+01 2.074422e+01
2.072500e+01 2.027000e+01 2.080687e+01 2.074030e+01 2.072000e+01 2.027500e+01 2.080763e+01 2.074413e+01
2.072500e+01 2.027000e+01 2.080687e+01 2.074030e+01 2.073500e+01 2.027000e+01 2.080728e+01 2.074217e+01
2.073500e+01 2.027000e+01 2.080728e+01 2.074217e+01 2.074500e+01 2.027000e+01 2.080759e+01 2.074387e+01
2.074500e+01 2.027000e+01 2.080759e+01 2.074387e+01 2.075500e+01 2.027000e+01 2.080780e+01 2.074539e+01
2.075500e+01 2.027000e+01 2.080780e+01 2.074539e+01 2.076500e+01 2.027000e+01 2.080793e+01 2.074673e+01
2.076500e+01 2.027000e+01 2.080793e+01 2.074673e+01 2.077500e+01 2.027000e+01 2.080799e+01 2.074788e+01
2.078000e+01 2.026500e+01 2.080751e+01 2.074340e+01 2.077500e+01 2.027000e+01 2.080799e+01 2.074788e+01
2.087000e+01 2.026500e+01 2.080752e+01 2.074422e+01 2.087500e+01 2.027000e+01 2.080711e+01 2.074875e+01
2.087500e+01 2.027000e+01 2.080711e+01 2.074875e+01 2.088500e+01 2.027000e+01 2.080714e+01 2.074778e+01
2.088500e+01 2.027000e+01 2.080714e+01 2.074778e+01 2.089500e+01 2.027000e+01 2.080723e+01 2.074662e+01
2.089500e+01 2.027000e+01 2.080723e+01 2.074662e+01 2.090500e+01 2.027000e+01 2.080741e+01 2.074528e+01
2.090500e+01 2.027000e+01 2.080741e+01 2.074528e+01 2.091500e+01 2.027000e+01 2.080767e+01 2.074376e+01
2.091500e+01 2.027000e+01 2.080767e+01 2.074376e+01 2.092500e+01 2.027000e+01 2.080803e+01 2.074208e+01
2.092500e+01 2.027000e+01 2.080803e+01 2.074208e+01 2.093000e+01 2.027500e+01 2.080734e+01 2.074591e+01
2.068500e+01 2.028000e+01 2.080663e+01 2.074064e+01 2.068000e+01 2.028500e+01 2.080754e+01 2.074396e+01
2.068500e+01 2.028000e+01 2.080663e+01 2.074064e+01 2.069500e+01 2.028000e+01 2.080739e+01 2.074321e+01
2.069500e+01 2.028000e+01 2.080739e+01 2.074321e+01 2.070500e+01 2.028000e+01 2.080801e+01 2.074563e+01
2.070500e+01 2.028000e+01 2.080801e+01 2.074563e+01 2.071500e+01 2.028000e+01 2.080849e+01 2.074789e+01
2.072000e+01 2.027500e+01 2.080763e+01 2.074413e+01 2.071500e+01 2.028000e+01 2.080849e+01 2.074789e+01
2.093000e+01 2.027500e+01 2.080734e+01 2.074591e+01 2.093500e+01 2.028000e+01 2.080653e+01 2.074967e+01
2.093500e+01 2.028000e+01 2.080653e+01 2.074967e+01 2.094500e+01 2.028000e+01 2.080696e+01 2.074759e+01
2.094500e+01 2.028000e+01 2.080696e+01 2.074759e+01 2.095500e+01 2.028000e+01 2.080752e+01 2.074534e+01
2.095500e+01 2.028000e+01 2.080752e+01 2.074534e+01 2.096000e+01 2.028500e+01 2.080668e+01 2.074875e+01
2.066500e+01 2.029000e+01 2.080762e+01 2.074426e+01 2.066000e+01 2.029500e+01 2.080861e+01 2.074728e+01
2.066500e+01 2.029000e+01 2.080762e+01 2.074426e+01 2.067500e+01 2.029000e+01 2.080855e+01 2.074719e+01
2.068000e+01 2.028500e+01 2.080754e+01 2.074396e+01 2.067500e+01 2.029000e+01 2.080855e+01 2.074719e+01
2.096000e+01 2.028500e+01 2.080668e+01 2.074875e+01 2.096500e+01 2.029000e+01 2.080572e+01 2.075206e+01
2.096500e+01 2.029000e+01 2.080572e+01 2.075206e+01 2.097500e+01 2.029000e+01 2.080642e+01 2.074944e+01
2.097500e+01 2.029000e+01 2.080642e+01 2.074944e+01 2.098500e+01 2.029000e+01 2.080730e+01 2.074668e+01
2.098500e+01 2.029000e+01 2.080730e+01 2.074668e+01 2.099000e+01 2.029500e+01 2.080637e+01 2.074966e+01
2.063500e+01 2.030000e+01 2.080721e+01 2.074352e+01 2.063000e+01 2.030500e+01 2.080821e+01 2.074613e+01
2.063500e+01 2.030000e+01 2.080721e+01 2.074352e+01 2.064500e+01 2.030000e+01 2.080855e+01 2.074692e+01
2.064500e+01 2.030000e+01 2.080855e+01 2.074692e+01 2.065500e+01 2.030000e+01 2.080970e+01 2.075020e+01
2.066000e+01 2.029500e+01 2.080861e+01 2.074728e+01 2.065500e+01 2.030000e+01 2.080970e+01 2.075020e+01
2.099000e+01 2.029500e+01 2.080637e+01 2.074966e+01 2.099500e+01 2.030000e+01 2.080534e+01 2.075252e+01
2.099500e+01 2.030000e+01 2.080534e+01 2.075252e+01 2.100500e+01 2.030000e+01 2.080644e+01 2.074942e+01
2.100500e+01 2.030000e+01 2.080644e+01 2.074942e+01 2.101000e+01 2.030500e+01 2.080547e+01 2.075207e+01
2.061500e+01 2.031000e+01 2.080767e+01 2.074494e+01 2.061000e+01 2.031500e+01 2.080866e+01 2.074726e+01
2.061500e+01 2.031000e+01 2.080767e+01 2.074494e+01 2.062500e+01 2.031000e+01 2.080930e+01 2.074865e+01
2.063000e+01 2.030500e+01 2.080821e+01 2.074613e+01 2.062500e+01 2.031000e+01 2.080930e+01 2.074865e+01
2.101000e+01 2.030500e+01 2.080547e+01 2.075207e+01 2.101500e+01 2.031000e+01 2.080440e+01 2.075460e+01
2.101500e+01 2.031000e+01 2.080440e+01 2.075460e+01 2.102500e+01 2.031000e+01 2.080578e+01 2.075118e+01
2.102500e+01 2.031000e+01 2.080578e+01 2.075118e+01 2.103000e+01 2.031500e+01 2.080481e+01 2.075351e+01
2.059500e+01 2.032000e+01 2.080778e+01 2.074548e+01 2.059000e+01 2.032500e+01 2.080873e+01 2.074751e+01
2.059500e+01 2.032000e+01 2.080778e+01 2.074548e+01 2.060500e+01 2.032000e+01 2.080974e+01 2.074947e+01
2.061000e+01 2.031500e+01 2.080866e+01 2.074726e+01 2.060500e+01 2.032000e+01 2.080974e+01 2.074947e+01
2.103000e+01 2.031500e+01 2.080481e+01 2.075351e+01 2.103500e+01 2.032000e+01 2.080374e+01 2.075571e+01
2.103500e+01 2.032000e+01 2.080374e+01 2.075571e+01 2.104500e+01 2.032000e+01 2.080544e+01 2.075200e+01
2.104500e+01 2.032000e+01 2.080544e+01 2.075200e+01 2.105000e+01 2.032500e+01 2.080451e+01 2.075402e+01
2.058500e+01 2.033000e+01 2.080976e+01 2.074942e+01 2.058000e+01 2.033500e+01 2.081071e+01 2.075125e+01
2.059000e+01 2.032500e+01 2.080873e+01 2.074751e+01 2.058500e+01 2.033000e+01 2.080976e+01 2.074942e+01
2.105000e+01 2.032500e+01 2.080451e+01 2.075402e+01 2.105500e+01 2.033000e+01 2.080349e+01 2.075591e+01
2.105500e+01 2.033000e+01 2.080349e+01 2.075591e+01 2.106500e+01 2.033000e+01 2.080556e+01 2.075196e+01
2.106500e+01 2.033000e+01 2.080556e+01 2.075196e+01 2.107000e+01 2.033500e+01 2.080471e+01 2.075368e+01
2.056500e+01 2.034000e+01 2.080925e+01 2.074858e+01 2.056000e+01 2.034500e+01 2.081011e+01 2.075014e+01
2.056500e+01 2.034000e+01 2.080925e+01 2.074858e+01 2.057500e+01 2.034000e+01 2.081174e+01 2.075296e+01
2.058000e+01 2.033500e+01 2.081071e+01 2.075125e+01 2.057500e+01 2.034000e+01 2.081174e+01 2.075296e+01
2.107000e+01 2.033500e+01 2.080471e+01 2.075368e+01 2.107500e+01 2.034000e+01 2.080377e+01 2.075527e+01
2.107500e+01 2.034000e+01 2.080377e+01 2.075527e+01 2.108000e+01 2.034500e+01 2.080294e+01 2.075678e+01
2.055500e+01 2.035000e+01 2.081103e+01 2.075156e+01 2.055000e+01 2.035500e+01 2.081185e+01 2.075293e+01
2.056000e+01 2.034500e+01 2.081011e+01 2.075014e+01 2.055500e+01 2.035000e+01 2.081103e+01 2.075156e+01
2.108000e+01 2.034500e+01 2.080294e+01 2.075678e+01 2.108500e+01 2.035000e+01 2.080203e+01 2.075815e+01
2.108500e+01 2.035000e+01 2.080203e+01 2.075815e+01 2.109500e+01 2.035000e+01 2.080471e+01 2.075386e+01
2.109500e+01 2.035000e+01 2.080471e+01 2.075386e+01 2.110000e+01 2.035500e+01 2.080401e+01 2.075510e+01
2.053500e+01 2.036000e+01 2.080961e+01 2.074948e+01 2.053000e+01 2.036500e+01 2.081028e+01 2.075060e+01
2.053500e+01 2.036000e+01 2.080961e+01 2.074948e+01 2.054500e+01 2.036000e+01 2.081273e+01 2.075415e+01
2.055000e+01 2.035500e+01 2.081185e+01 2.075293e+01 2.054500e+01 2.036000e+01 2.081273e+01 2.075415e+01
2.110000e+01 2.035500e+01 2.080401e+01 2.075510e+01 2.110500e+01 2.036000e+01 2.080325e+01 2.075620e+01
2.110500e+01 2.036000e+01 2.080325e+01 2.075620e+01 2.111000e+01 2.036500e+01 2.080261e+01 2.075725e+01
2.052500e+01 2.037000e+01 2.081100e+01 2.075158e+01 2.052000e+01 2.037500e+01 2.081160e+01 2.075252e+01
2.053000e+01 2.036500e+01 2.081028e+01 2.075060e+01 2.052500e+01 2.037000e+01 2.081100e+01 2.075158e+01
2.111000e+01 2.036500e+01 2.080261e+01 2.075725e+01 2.111500e+01 2.037000e+01 2.080192e+01 2.075816e+01
2.111500e+01 2.037000e+01 2.080192e+01 2.075816e+01 2.112000e+01 2.037500e+01 2.080135e+01 2.075902e+01
2.051500e+01 2.038000e+01 2.081225e+01 2.075332e+01 2.051000e+01 2.038500e+01 2.081277e+01 2.075408e+01
2.052000e+01 2.037500e+01 2.081160e+01 2.075252e+01 2.051500e+01 2.038000e+01 2.081225e+01 2.075332e+01
2.112000e+01 2.037500e+01 2.080135e+01 2.075902e+01 2.112500e+01 2.038000e+01 2.080074e+01 2.075973e+01
2.112500e+01 2.038000e+01 2.080074e+01 2.075973e+01 2.113000e+01 2.038500e+01 2.080026e+01 2.076041e+01
2.050500e+01 2.039000e+01 2.081332e+01 2.075470e+01 2.050000e+01 2.039500e+01 2.081375e+01 2.075530e+01
2.051000e+01 2.038500e+01 2.081277e+01 2.075408e+01 2.050500e+01 2.039000e+01 2.081332e+01 2.075470e+01
2.113000e+01 2.038500e+01 2.080026e+01 2.076041e+01 2.113500e+01 2.039000e+01 2.079975e+01 2.076094e+01
2.113500e+01 2.039000e+01 2.079975e+01 2.076094e+01 2.114000e+01 2.039500e+01 2.079938e+01 2.076144e+01
2.049500e+01 2.040000e+01 2.081421e+01 2.075575e+01 2.049000e+01 2.040500e+01 2.081453e+01 2.075619e+01
2.050000e+01 2.039500e+01 2.081375e+01 2.075530e+01 2.049500e+01 2.040000e+01 2.081421e+01 2.075575e+01
2.114000e+01 2.039500e+01 2.079938e+01 2.076144e+01 2.114500e+01 2.040000e+01 2.079898e+01 2.076180e+01
2.114500e+01 2.040000e+01 2.079898e+01 2.076180e+01 2.115000e+01 2.040500e+01 2.079872e+01 2.076214e+01
2.048500e+01 2.041000e+01 2.081487e+01 2.075649e+01 2.048000e+01 2.041500e+01 2.081507e+01 2.075677e+01
2.049000e+01 2.040500e+01 2.081453e+01 2.075619e+01 2.048500e+01 2.041000e+01 2.081487e+01 2.075649e+01
2.115000e+01 2.040500e+01 2.079872e+01 2.076214e+01 2.115500e+01 2.041000e+01 2.079845e+01 2.076234e+01
2.115500e+01 2.041000e+01 2.079845e+01 2.076234e+01 2.116000e+01 2.041500e+01 2.079833e+01 2.076253e+01
2.047500e+01 2.042000e+01 2.081528e+01 2.075692e+01 2.047000e+01 2.042500e+01 2.081536e+01 2.075707e+01
2.048000e+01 2.041500e+01 2.081507e+01 2.075677e+01 2.047500e+01 2.042000e+01 2.081528e+01 2.075692e+01
2.116000e+01 2.041500e+01 2.079833e+01 2.076253e+01 2.116500e+01 2.042000e+01 2.079820e+01 2.076258e+01
2.116500e+01 2.042000e+01 2.079820e+01 2.076258e+01 2.117000e+01 2.042500e+01 2.079822e+01 2.076263e+01
2.046500e+01 2.043000e+01 2.081543e+01 2.075708e+01 2.046000e+01 2.043500e+01 2.081536e+01 2.075709e+01
2.047000e+01 2.042500e+01 2.081536e+01 2.075707e+01 2.046500e+01 2.043000e+01 2.081543e+01 2.075708e+01
2.117000e+01 2.042500e+01 2.079822e+01 2.076263e+01 2.117500e+01 2.043000e+01 2.079825e+01 2.076255e+01
2.117500e+01 2.043000e+01 2.079825e+01 2.076255e+01 2.118000e+01 2.043500e+01 2.079843e+01 2.076247e+01
2.045500e+01 2.044000e+01 2.081527e+01 2.075698e+01 2.045000e+01 2.044500e+01 2.081505e+01 2.075688e+01
2.046000e+01 2.043500e+01 2.081536e+01 2.075709e+01 2.045500e+01 2.044000e+01 2.081527e+01 2.075698e+01
2.118000e+01 2.043500e+01 2.079843e+01 2.076247e+01 2.118500e+01 2.044000e+01 2.079863e+01 2.076227e+01
2.118500e+01 2.044000e+01 2.079863e+01 2.076227e+01 2.119000e+01 2.044500e+01 2.079898e+01 2.076208e+01
2.045000e+01 2.044500e+01 2.081505e+01 2.075688e+01 2.045000e+01 2.045500e+01 2.082005e+01 2.076142e+01
2.119000e+01 2.044500e+01 2.079898e+01 2.076208e+01 2.119000e+01 2.045500e+01 2.079433e+01 2.076611e+01
2.044500e+01 2.046000e+01 2.081978e+01 2.076106e+01 2.044000e+01 2.046500e+01 2.081937e+01 2.076073e+01
2.045000e+01 2.045500e+01 2.082005e+01 2.076142e+01 2.044500e+01 2.046000e+01 2.081978e+01 2.076106e+01
2.119000e+01 2.045500e+01 2.079433e+01 2.076611e+01 2.119500e+01 2.046000e+01 2.079474e+01 2.076567e+01
2.119500e+01 2.046000e+01 2.079474e+01 2.076567e+01 2.120000e+01 2.046500e+01 2.079531e+01 2.076526e+01
2.043500e+01 2.047000e+01 2.081892e+01 2.076028e+01 2.043000e+01 2.047500e+01 2.081833e+01 2.075987e+01
2.044000e+01 2.046500e+01 2.081937e+01 2.076073e+01 2.043500e+01 2.047000e+01 2.081892e+01 2.076028e+01
2.120000e+01 2.046500e+01 2.079531e+01 2.076526e+01 2.120500e+01 2.047000e+01 2.079592e+01 2.076474e+01
2.120500e+01 2.047000e+01 2.079592e+01 2.076474e+01 2.121000e+01 2.047500e+01 2.079668e+01 2.076426e+01
2.042500e+01 2.048000e+01 2.081770e+01 2.075933e+01 2.042000e+01 2.048500e+01 2.081692e+01 2.075885e+01
2.043000e+01 2.047500e+01 2.081833e+01 2.075987e+01 2.042500e+01 2.048000e+01 2.081770e+01 2.075933e+01
2.121000e+01 2.047500e+01 2.079668e+01 2.076426e+01 2.121000e+01 2.048500e+01 2.079220e+01 2.076755e+01
2.042000e+01 2.048500e+01 2.081692e+01 2.075885e+01 2.042000e+01 2.049500e+01 2.082169e+01 2.076242e+01
2.121000e+01 2.048500e+01 2.079220e+01 2.076755e+01 2.121500e+01 2.049000e+01 2.079307e+01 2.076685e+01
2.121500e+01 2.049000e+01 2.079307e+01 2.076685e+01 2.122000e+01 2.049500e+01 2.079410e+01 2.076621e+01
2.041500e+01 2.050000e+01 2.082081e+01 2.076172e+01 2.041000e+01 2.050500e+01 2.081979e+01 2.076107e+01
2.042000e+01 2.049500e+01 2.082169e+01 2.076242e+01 2.041500e+01 2.050000e+01 2.082081e+01 2.076172e+01
2.122000e+01 2.049500e+01 2.079410e+01 2.076621e+01 2.122000e+01 2.050500e+01 2.078978e+01 2.076904e+01
2.041000e+01 2.050500e+01 2.081979e+01 2.076107e+01 2.041000e+01 2.051500e+01 2.082441e+01 2.076419e+01
2.122000e+01 2.050500e+01 2.078978e+01 2.076904e+01 2.122500e+01 2.051000e+01 2.079094e+01 2.076820e+01
2.122500e+01 2.051000e+01 2.079094e+01 2.076820e+01 2.123000e+01 2.051500e+01 2.079225e+01 2.076743e+01
2.040500e+01 2.052000e+01 2.082326e+01 2.076335e+01 2.040000e+01 2.052500e+01 2.082197e+01 2.076257e+01
2.041000e+01 2.051500e+01 2.082441e+01 2.076419e+01 2.040500e+01 2.052000e+01 2.082326e+01 2.076335e+01
2.123000e+01 2.051500e+01 2.079225e+01 2.076743e+01 2.123000e+01 2.052500e+01 2.078813e+01 2.076983e+01
2.040000e+01 2.052500e+01 2.082197e+01 2.076257e+01 2.040000e+01 2.053500e+01 2.082640e+01 2.076527e+01
2.123000e+01 2.052500e+01 2.078813e+01 2.076983e+01 2.123500e+01 2.053000e+01 2.078961e+01 2.076889e+01
2.123500e+01 2.053000e+01 2.078961e+01 2.076889e+01 2.124000e+01 2.053500e+01 2.079123e+01 2.076803e+01
2.039500e+01 2.054000e+01 2.082495e+01 2.076431e+01 2.039000e+01 2.054500e+01 2.082337e+01 2.076344e+01
2.040000e+01 2.053500e+01 2.082640e+01 2.076527e+01 2.039500e+01 2.054000e+01 2.082495e+01 2.076431e+01
2.124000e+01 2.053500e+01 2.079123e+01 2.076803e+01 2.124000e+01 2.054500e+01 2.078736e+01 2.077004e+01
2.039000e+01 2.054500e+01 2.082337e+01 2.076344e+01 2.039000e+01 2.055500e+01 2.082757e+01 2.076574e+01
2.124000e+01 2.054500e+01 2.078736e+01 2.077004e+01 2.124500e+01 2.055000e+01 2.078917e+01 2.076904e+01
2.124500e+01 2.055000e+01 2.078917e+01 2.076904e+01 2.125000e+01 2.055500e+01 2.079111e+01 2.076814e+01
2.038500e+01 2.056000e+01 2.082581e+01 2.076472e+01 2.038000e+01 2.056500e+01 2.082392e+01 2.076380e+01
2.039000e+01 2.055500e+01 2.082757e+01 2.076574e+01 2.038500e+01 2.056000e+01 2.082581e+01 2.076472e+01
2.125000e+01 2.055500e+01 2.079111e+01 2.076814e+01 2.125000e+01 2.056500e+01 2.078753e+01 2.076981e+01
2.038000e+01 2.056500e+01 2.082392e+01 2.076380e+01 2.038000e+01 2.057500e+01 2.082785e+01 2.076574e+01
2.125000e+01 2.056500e+01 2.078753e+01 2.076981e+01 2.125500e+01 2.057000e+01 2.078969e+01 2.076880e+01
2.125500e+01 2.057000e+01 2.078969e+01 2.076880e+01 2.126000e+01 2.057500e+01 2.079197e+01 2.076789e+01
2.037500e+01 2.058000e+01 2.082577e+01 2.076469e+01 2.037000e+01 2.058500e+01 2.082357e+01 2.076375e+01
2.038000e+01 2.057500e+01 2.082785e+01 2.076574e+01 2.037500e+01 2.058000e+01 2.082577e+01 2.076469e+01
2.126000e+01 2.057500e+01 2.079197e+01 2.076789e+01 2.126000e+01 2.058500e+01 2.078871e+01 2.076926e+01
2.037000e+01 2.058500e+01 2.082357e+01 2.076375e+01 2.037000e+01 2.059500e+01 2.082719e+01 2.076538e+01
2.126000e+01 2.058500e+01 2.078871e+01 2.076926e+01 2.126000e+01 2.059500e+01 2.078557e+01 2.077044e+01
2.037000e+01 2.059500e+01 2.082719e+01 2.076538e+01 2.037000e+01 2.060500e+01 2.083068e+01 2.076681e+01
2.126000e+01 2.059500e+01 2.078557e+01 2.077044e+01 2.126500e+01 2.060000e+01 2.078820e+01 2.076943e+01
2.126500e+01 2.060000e+01 2.078820e+01 2.076943e+01 2.127000e+01 2.060500e+01 2.079094e+01 2.076855e+01
2.036500e+01 2.061000e+01 2.082816e+01 2.076574e+01 2.036000e+01 2.061500e+01 2.082554e+01 2.076478e+01
2.037000e+01 2.060500e+01 2.083068e+01 2.076681e+01 2.036500e+01 2.061000e+01 2.082816e+01 2.076574e+01
2.127000e+01 2.060500e+01 2.079094e+01 2.076855e+01 2.127000e+01 2.061500e+01 2.078817e+01 2.076950e+01
2.036000e+01 2.061500e+01 2.082554e+01 2.076478e+01 2.036000e+01 2.062500e+01 2.082868e+01 2.076597e+01
2.127000e+01 2.061500e+01 2.078817e+01 2.076950e+01 2.127000e+01 2.062500e+01 2.078556e+01 2.077030e+01
2.036000e+01 2.062500e+01 2.082868e+01 2.076597e+01 2.036000e+01 2.063500e+01 2.083168e+01 2.076697e+01
2.077500e+01 2.063000e+01 2.088068e+01 2.099059e+01 2.077000e+01 2.063500e+01 2.089043e+01 2.098771e+01
2.077500e+01 2.063000e+01 2.088068e+01 2.099059e+01 2.078500e+01 2.063000e+01 2.086488e+01 2.099438e+01
2.078500e+01 2.063000e+01 2.086488e+01 2.099438e+01 2.079500e+01 2.063000e+01 2.084829e+01 2.099714e+01
2.079500e+01 2.063000e+01 2.084829e+01 2.099714e+01 2.080500e+01 2.063000e+01 2.083112e+01 2.099878e+01
2.080500e+01 2.063000e+01 2.083112e+01 2.099878e+01 2.081500e+01 2.063000e+01 2.081361e+01 2.099922e+01
2.081500e+01 2.063000e+01 2.081361e+01 2.099922e+01 2.082500e+01 2.063000e+01 2.079602e+01 2.099846e+01
2.082500e+01 2.063000e+01 2.079602e+01 2.099846e+01 2.083500e+01 2.063000e+01 2.077863e+01 2.099649e+01
2.083500e+01 2.063000e+01 2.077863e+01 2.099649e+01 2.084500e+01 2.063000e+01 2.076169e+01 2.099339e+01
2.084500e+01 2.063000e+01 2.076169e+01 2.099339e+01 2.085500e+01 2.063000e+01 2.074543e+01 2.098925e+01
2.085500e+01 2.063000e+01 2.074543e+01 2.098925e+01 2.086500e+01 2.063000e+01 2.073006e+01 2.098419e+01
2.086500e+01 2.063000e+01 2.073006e+01 2.098419e+01 2.087000e+01 2.063500e+01 2.071998e+01 2.098032e+01
2.127000e+01 2.062500e+01 2.078556e+01 2.077030e+01 2.127000e+01 2.063500e+01 2.078310e+01 2.077093e+01
2.035500e+01 2.064000e+01 2.082872e+01 2.076597e+01 2.035000e+01 2.064500e+01 2.082566e+01 2.076508e+01
2.036000e+01 2.063500e+01 2.083168e+01 2.076697e+01 2.035500e+01 2.064000e+01 2.082872e+01 2.076597e+01
2.075500e+01 2.064000e+01 2.091521e+01 2.097830e+01 2.075000e+01 2.064500e+01 2.092497e+01 2.097364e+01
2.075500e+01 2.064000e+01 2.091521e+01 2.097830e+01 2.076500e+01 2.064000e+01 2.090078e+01 2.098412e+01
2.077000e+01 2.063500e+01 2.089043e+01 2.098771e+01 2.076500e+01 2.064000e+01 2.090078e+01 2.098412e+01
2.087000e+01 2.063500e+01 2.071998e+01 2.098032e+01 2.087500e+01 2.064000e+01 2.070933e+01 2.097565e+01
2.087500e+01 2.064000e+01 2.070933e+01 2.097565e+01 2.088500e+01 2.064000e+01 2.069558e+01 2.096874e+01
2.088500e+01 2.064000e+01 2.069558e+01 2.096874e+01 2.089000e+01 2.064500e+01 2.068572e+01 2.096309e+01
2.127000e+01 2.063500e+01 2.078310e+01 2.077093e+01 2.127500e+01 2.064000e+01 2.078633e+01 2.077003e+01
2.127500e+01 2.064000e+01 2.078633e+01 2.077003e+01 2.128000e+01 2.064500e+01 2.078965e+01 2.076925e+01
2.035000e+01 2.064500e+01 2.082566e+01 2.076508e+01 2.035000e+01 2.065500e+01 2.082827e+01 2.076592e+01
2.073500e+01 2.065000e+01 2.094730e+01 2.096090e+01 2.073000e+01 2.065500e+01 2.095637e+01 2.095472e+01
2.073500e+01 2.065000e+01 2.094730e+01 2.096090e+01 2.074500e+01 2.065000e+01 2.093519e+01 2.096816e+01
2.075000e+01 2.064500e+01 2.092497e+01 2.097364e+01 2.074500e+01 2.065000e+01 2.093519e+01 2.096816e+01
2.089000e+01 2.064500e+01 2.068572e+01 2.096309e+01 2.089500e+01 2.065000e+01 2.067547e+01 2.095656e+01
2.089500e+01 2.065000e+01 2.067547e+01 2.095656e+01 2.090500e+01 2.065000e+01 2.066425e+01 2.094853e+01
2.090500e+01 2.065000e+01 2.066425e+01 2.094853e+01 2.091000e+01 2.065500e+01 2.065532e+01 2.094148e+01
2.128000e+01 2.064500e+01 2.078965e+01 2.076925e+01 2.128000e+01 2.065500e+01 2.078761e+01 2.076978e+01
2.035000e+01 2.065500e+01 2.082827e+01 2.076592e+01 2.035000e+01 2.066500e+01 2.083072e+01 2.076661e+01
2.072500e+01 2.066000e+01 2.096567e+01 2.094770e+01 2.072000e+01 2.066500e+01 2.097423e+01 2.094054e+01
2.073000e+01 2.065500e+01 2.095637e+01 2.095472e+01 2.072500e+01 2.066000e+01 2.096567e+01 2.094770e+01
2.091000e+01 2.065500e+01 2.065532e+01 2.094148e+01 2.091500e+01 2.066000e+01 2.064626e+01 2.093360e+01
2.091500e+01 2.066000e+01 2.064626e+01 2.093360e+01 2.092000e+01 2.066500e+01 2.063799e+01 2.092568e+01
2.128000e+01 2.065500e+01 2.078761e+01 2.076978e+01 2.128000e+01 2.066500e+01 2.078574e+01 2.077018e+01
2.035000e+01 2.066500e+01 2.083072e+01 2.076661e+01 2.035000e+01 2.067500e+01 2.083299e+01 2.076715e+01
2.071500e+01 2.067000e+01 2.098286e+01 2.093255e+01 2.071000e+01 2.067500e+01 2.099066e+01 2.092457e+01
2.072000e+01 2.066500e+01 2.097423e+01 2.094054e+01 2.071500e+01 2.067000e+01 2.098286e+01 2.093255e+01
2.092000e+01 2.066500e+01 2.063799e+01 2.092568e+01 2.092500e+01 2.067000e+01 2.062977e+01 2.091699e+01
2.092500e+01 2.067000e+01 2.062977e+01 2.091699e+01 2.093000e+01 2.067500e+01 2.062241e+01 2.090842e+01
2.128000e+01 2.066500e+01 2.078574e+01 2.077018e+01 2.128000e+01 2.067500e+01 2.078405e+01 2.077047e+01
2.035000e+01 2.067500e+01 2.083299e+01 2.076715e+01 2.035000e+01 2.068500e+01 2.083508e+01 2.076757e+01
2.070500e+01 2.068000e+01 2.099837e+01 2.091584e+01 2.070000e+01 2.068500e+01 2.100521e+01 2.090728e+01
2.071000e+01 2.067500e+01 2.099066e+01 2.092457e+01 2.070500e+01 2.068000e+01 2.099837e+01 2.091584e+01
2.093000e+01 2.067500e+01 2.062241e+01 2.090842e+01 2.093000e+01 2.068500e+01 2.061437e+01 2.089799e+01
2.128000e+01 2.067500e+01 2.078405e+01 2.077047e+01 2.128000e+01 2.068500e+01 2.078255e+01 2.077066e+01
2.034500e+01 2.069000e+01 2.083144e+01 2.076677e+01 2.034000e+01 2.069500e+01 2.082772e+01 2.076608e+01
2.035000e+01 2.068500e+01 2.083508e+01 2.076757e+01 2.034500e+01 2.069000e+01 2.083144e+01 2.076677e+01
2.069500e+01 2.069000e+01 2.101181e+01 2.089809e+01 2.069000e+01 2.069500e+01 2.101756e+01 2.088922e+01
2.070000e+01 2.068500e+01 2.100521e+01 2.090728e+01 2.069500e+01 2.069000e+01 2.101181e+01 2.089809e+01
2.093000e+01 2.068500e+01 2.061437e+01 2.089799e+01 2.093500e+01 2.069000e+01 2.060752e+01 2.088815e+01
2.093500e+01 2.069000e+01 2.060752e+01 2.088815e+01 2.094000e+01 2.069500e+01 2.060157e+01 2.087869e+01
2.128000e+01 2.068500e+01 2.078255e+01 2.077066e+01 2.128000e+01 2.069500e+01 2.078125e+01 2.077077e+01
2.034000e+01 2.069500e+01 2.082772e+01 2.076608e+01 2.034000e+01 2.070500e+01 2.082939e+01 2.076646e+01
2.069000e+01 2.069500e+01 2.101756e+01 2.088922e+01 2.069000e+01 2.070500e+01 2.102433e+01 2.087725e+01
2.094000e+01 2.069500e+01 2.060157e+01 2.087869e+01 2.094500e+01 2.070000e+01 2.059606e+01 2.086880e+01
2.094500e+01 2.070000e+01 2.059606e+01 2.086880e+01 2.095000e+01 2.070500e+01 2.059138e+01 2.085939e+01
2.128000e+01 2.069500e+01 2.078125e+01 2.077077e+01 2.128500e+01 2.070000e+01 2.078533e+01 2.077022e+01
2.128500e+01 2.070000e+01 2.078533e+01 2.077022e+01 2.129000e+01 2.070500e+01 2.078947e+01 2.076981e+01
2.034000e+01 2.070500e+01 2.082939e+01 2.076646e+01 2.034000e+01 2.071500e+01 2.083088e+01 2.076675e+01
2.068500e+01 2.071000e+01 2.102924e+01 2.086749e+01 2.068000e+01 2.071500e+01 2.103337e+01 2.085823e+01
2.069000e+01 2.070500e+01 2.102433e+01 2.087725e+01 2.068500e+01 2.071000e+01 2.102924e+01 2.086749e+01
2.095000e+01 2.070500e+01 2.059138e+01 2.085939e+01 2.095000e+01 2.071500e+01 2.058550e+01 2.084595e+01
2.129000e+01 2.070500e+01 2.078947e+01 2.076981e+01 2.129000e+01 2.071500e+01 2.078861e+01 2.076997e+01
2.034000e+01 2.071500e+01 2.083088e+01 2.076675e+01 2.034000e+01 2.072500e+01 2.083217e+01 2.076696e+01
2.068000e+01 2.071500e+01 2.103337e+01 2.085823e+01 2.068000e+01 2.072500e+01 2.103851e+01 2.084440e+01
2.095000e+01 2.071500e+01 2.058550e+01 2.084595e+01 2.095000e+01 2.072500e+01 2.058039e+01 2.083150e+01
2.129000e+01 2.071500e+01 2.078861e+01 2.076997e+01 2.129000e+01 2.072500e+01 2.078794e+01 2.077008e+01
2.034000e+01 2.072500e+01 2.083217e+01 2.076696e+01 2.034000e+01 2.073500e+01 2.083326e+01 2.076709e+01
2.067500e+01 2.073000e+01 2.104152e+01 2.083483e+01 2.067000e+01 2.073500e+01 2.104388e+01 2.082585e+01
2.068000e+01 2.072500e+01 2.103851e+01 2.084440e+01 2.067500e+01 2.073000e+01 2.104152e+01 2.083483e+01
2.095000e+01 2.072500e+01 2.058039e+01 2.083150e+01 2.095500e+01 2.073000e+01 2.057746e+01 2.082175e+01
2.095500e+01 2.073000e+01 2.057746e+01 2.082175e+01 2.096000e+01 2.073500e+01 2.057522e+01 2.081262e+01
2.129000e+01 2.072500e+01 2.078794e+01 2.077008e+01 2.129000e+01 2.073500e+01 2.078748e+01 2.077015e+01
2.034000e+01 2.073500e+01 2.083326e+01 2.076709e+01 2.034000e+01 2.074500e+01 2.083415e+01 2.076717e+01
2.067000e+01 2.073500e+01 2.104388e+01 2.082585e+01 2.067000e+01 2.074500e+01 2.104695e+01 2.081111e+01
2.096000e+01 2.073500e+01 2.057522e+01 2.081262e+01 2.096000e+01 2.074500e+01 2.057230e+01 2.079766e+01
2.129000e+01 2.073500e+01 2.078748e+01 2.077015e+01 2.129000e+01 2.074500e+01 2.078722e+01 2.077020e+01
2.034000e+01 2.074500e+01 2.083415e+01 2.076717e+01 2.034000e+01 2.075500e+01 2.083484e+01 2.076720e+01
2.067000e+01 2.074500e+01 2.104695e+01 2.081111e+01 2.067000e+01 2.075500e+01 2.104900e+01 2.079577e+01
2.096000e+01 2.074500e+01 2.057230e+01 2.079766e+01 2.096000e+01 2.075500e+01 2.057041e+01 2.078231e+01
2.129000e+01 2.074500e+01 2.078722e+01 2.077020e+01 2.129000e+01 2.075500e+01 2.078716e+01 2.077024e+01
2.034000e+01 2.075500e+01 2.083484e+01 2.076720e+01 2.034000e+01 2.076500e+01 2.083531e+01 2.076720e+01
2.067000e+01 2.075500e+01 2.104900e+01 2.079577e+01 2.067000e+01 2.076500e+01 2.104997e+01 2.078004e+01
2.096000e+01 2.075500e+01 2.057041e+01 2.078231e+01 2.096000e+01 2.076500e+01 2.056961e+01 2.076678e+01
2.129000e+01 2.075500e+01 2.078716e+01 2.077024e+01 2.129000e+01 2.076500e+01 2.078731e+01 2.077028e+01
2.034000e+01 2.076500e+01 2.083531e+01 2.076720e+01 2.034000e+01 2.077500e+01 2.083559e+01 2.076717e+01
2.067000e+01 2.076500e+01 2.104997e+01 2.078004e+01 2.067000e+01 2.077500e+01 2.104980e+01 2.076413e+01
2.096000e+01 2.076500e+01 2.056961e+01 2.076678e+01 2.096000e+01 2.077500e+01 2.056990e+01 2.075128e+01
2.129000e+01 2.076500e+01 2.078731e+01 2.077028e+01 2.129000e+01 2.077500e+01 2.078767e+01 2.077033e+01
2.034000e+01 2.077500e+01 2.083559e+01 2.076717e+01 2.034000e+01 2.078500e+01 2.083565e+01 2.076714e+01
2.067000e+01 2.077500e+01 2.104980e+01 2.076413e+01 2.067000e+01 2.078500e+01 2.104851e+01 2.074827e+01
2.096000e+01 2.077500e+01 2.056990e+01 2.075128e+01 2.096000e+01 2.078500e+01 2.057128e+01 2.073604e+01
2.129000e+01 2.077500e+01 2.078767e+01 2.077033e+01 2.129000e+01 2.078500e+01 2.078823e+01 2.077040e+01
2.034000e+01 2.078500e+01 2.083565e+01 2.076714e+01 2.034000e+01 2.079500e+01 2.083551e+01 2.076711e+01
2.067000e+01 2.078500e+01 2.104851e+01 2.074827e+01 2.067000e+01 2.079500e+01 2.104613e+01 2.073270e+01
2.096000e+01 2.078500e+01 2.057128e+01 2.073604e+01 2.096000e+01 2.079500e+01 2.057369e+01 2.072126e+01
2.129000e+01 2.078500e+01 2.078823e+01 2.077040e+01 2.129000e+01 2.079500e+01 2.078899e+01 2.077052e+01
2.034000e+01 2.079500e+01 2.083551e+01 2.076711e+01 2.034000e+01 2.080500e+01 2.083516e+01 2.076710e+01
2.067000e+01 2.079500e+01 2.104613e+01 2.073270e+01 2.067000e+01 2.080500e+01 2.104272e+01 2.071762e+01
2.095500e+01 2.080000e+01 2.057551e+01 2.071251e+01 2.095000e+01 2.080500e+01 2.057793e+01 2.070316e+01
2.096000e+01 2.079500e+01 2.057369e+01 2.072126e+01 2.095500e+01 2.080000e+01 2.057551e+01 2.071251e+01
2.129000e+01 2.079500e+01 2.078899e+01 2.077052e+01 2.129000e+01 2.080500e+01 2.078995e+01 2.077069e+01
2.034000e+01 2.080500e+01 2.083516e+01 2.076710e+01 2.034000e+01 2.081500e+01 2.083460e+01 2.076712e+01
2.067000e+01 2.080500e+01 2.104272e+01 2.071762e+01 2.067000e+01 2.081500e+01 2.103837e+01 2.070323e+01
2.095000e+01 2.080500e+01 2.057793e+01 2.070316e+01 2.095000e+01 2.081500e+01 2.058247e+01 2.068898e+01
2.129000e+01 2.080500e+01 2.078995e+01 2.077069e+01 2.129000e+01 2.081500e+01 2.079111e+01 2.077091e+01
2.034000e+01 2.081500e+01 2.083460e+01 2.076712e+01 2.034000e+01 2.082500e+01 2.083384e+01 2.076718e+01
2.067000e+01 2.081500e+01 2.103837e+01 2.070323e+01 2.067500e+01 2.082000e+01 2.103506e+01 2.069388e+01
2.067500e+01 2.082000e+01 2.103506e+01 2.069388e+01 2.068000e+01 2.082500e+01 2.103099e+01 2.068394e+01
2.094500e+01 2.082000e+01 2.058604e+01 2.067975e+01 2.094000e+01 2.082500e+01 2.059037e+01 2.066999e+01
2.095000e+01 2.081500e+01 2.058247e+01 2.068898e+01 2.094500e+01 2.082000e+01 2.058604e+01 2.067975e+01
2.128500e+01 2.082000e+01 2.078708e+01 2.077039e+01 2.128000e+01 2.082500e+01 2.078310e+01 2.076975e+01
2.129000e+01 2.081500e+01 2.079111e+01 2.077091e+01 2.128500e+01 2.082000e+01 2.078708e+01 2.077039e+01
2.034000e+01 2.082500e+01 2.083384e+01 2.076718e+01 2.034000e+01 2.083500e+01 2.083289e+01 2.076730e+01
2.068000e+01 2.082500e+01 2.103099e+01 2.068394e+01 2.068000e+01 2.083500e+01 2.102470e+01 2.067072e+01
2.094000e+01 2.082500e+01 2.059037e+01 2.066999e+01 2.094000e+01 2.083500e+01 2.059670e+01 2.065739e+01
2.128000e+01 2.082500e+01 2.078310e+01 2.076975e+01 2.128000e+01 2.083500e+01 2.078469e+01 2.076994e+01
2.034000e+01 2.083500e+01 2.083289e+01 2.076730e+01 2.034000e+01 2.084500e+01 2.083173e+01 2.076749e+01
2.068000e+01 2.083500e+01 2.102470e+01 2.067072e+01 2.068500e+01 2.084000e+01 2.101957e+01 2.066129e+01
2.068500e+01 2.084000e+01 2.101957e+01 2.066129e+01 2.069000e+01 2.084500e+01 2.101357e+01 2.065141e+01
2.093500e+01 2.084000e+01 2.060197e+01 2.064835e+01 2.093000e+01 2.084500e+01 2.060807e+01 2.063892e+01
2.094000e+01 2.083500e+01 2.059670e+01 2.065739e+01 2.093500e+01 2.084000e+01 2.060197e+01 2.064835e+01
2.128000e+01 2.083500e+01 2.078469e+01 2.076994e+01 2.128000e+01 2.084500e+01 2.078647e+01 2.077024e+01
2.034000e+01 2.084500e+01 2.083173e+01 2.076749e+01 2.034000e+01 2.085500e+01 2.083039e+01 2.076775e+01
2.069000e+01 2.084500e+01 2.101357e+01 2.065141e+01 2.069500e+01 2.085000e+01 2.100718e+01 2.064203e+01
2.069500e+01 2.085000e+01 2.100718e+01 2.064203e+01 2.070000e+01 2.085500e+01 2.099988e+01 2.063233e+01
2.092500e+01 2.085000e+01 2.061449e+01 2.063007e+01 2.092000e+01 2.085500e+01 2.062179e+01 2.062097e+01
2.093000e+01 2.084500e+01 2.060807e+01 2.063892e+01 2.092500e+01 2.085000e+01 2.061449e+01 2.063007e+01
2.128000e+01 2.084500e+01 2.078647e+01 2.077024e+01 2.128000e+01 2.085500e+01 2.078843e+01 2.077065e+01
2.034000e+01 2.085500e+01 2.083039e+01 2.076775e+01 2.034500e+01 2.086000e+01 2.083421e+01 2.076716e+01
2.034500e+01 2.086000e+01 2.083421e+01 2.076716e+01 2.035000e+01 2.086500e+01 2.083796e+01 2.076645e+01
2.070000e+01 2.085500e+01 2.099988e+01 2.063233e+01 2.070000e+01 2.086500e+01 2.099169e+01 2.062244e+01
2.092000e+01 2.085500e+01 2.062179e+01 2.062097e+01 2.092000e+01 2.086500e+01 2.062969e+01 2.061209e+01
2.128000e+01 2.085500e+01 2.078843e+01 2.077065e+01 2.128000e+01 2.086500e+01 2.079058e+01 2.077118e+01
2.035000e+01 2.086500e+01 2.083796e+01 2.076645e+01 2.035000e+01 2.087500e+01 2.083618e+01 2.076672e+01
2.070000e+01 2.086500e+01 2.099169e+01 2.062244e+01 2.070500e+01 2.087000e+01 2.098399e+01 2.061411e+01
2.070500e+01 2.087000e+01 2.098399e+01 2.061411e+01 2.071000e+01 2.087500e+01 2.097546e+01 2.060571e+01
2.090500e+01 2.087000e+01 2.064594e+01 2.059643e+01 2.090000e+01 2.087500e+01 2.065508e+01 2.058883e+01
2.090500e+01 2.087000e+01 2.064594e+01 2.059643e+01 2.091500e+01 2.087000e+01 2.063724e+01 2.060442e+01
2.092000e+01 2.086500e+01 2.062969e+01 2.061209e+01 2.091500e+01 2.087000e+01 2.063724e+01 2.060442e+01
2.128000e+01 2.086500e+01 2.079058e+01 2.077118e+01 2.128000e+01 2.087500e+01 2.079290e+01 2.077184e+01
2.035000e+01 2.087500e+01 2.083618e+01 2.076672e+01 2.035000e+01 2.088500e+01 2.083421e+01 2.076711e+01
2.071000e+01 2.087500e+01 2.097546e+01 2.060571e+01 2.071500e+01 2.088000e+01 2.096694e+01 2.059811e+01
2.071500e+01 2.088000e+01 2.096694e+01 2.059811e+01 2.072500e+01 2.088000e+01 2.095668e+01 2.058983e+01
2.072500e+01 2.088000e+01 2.095668e+01 2.058983e+01 2.073000e+01 2.088500e+01 2.094668e+01 2.058254e+01
2.089500e+01 2.088000e+01 2.066406e+01 2.058209e+01 2.089000e+01 2.088500e+01 2.067372e+01 2.057558e+01
2.090000e+01 2.087500e+01 2.065508e+01 2.058883e+01 2.089500e+01 2.088000e+01 2.066406e+01 2.058209e+01
2.127500e+01 2.088000e+01 2.078963e+01 2.077100e+01 2.127000e+01 2.088500e+01 2.078645e+01 2.077003e+01
2.128000e+01 2.087500e+01 2.079290e+01 2.077184e+01 2.127500e+01 2.088000e+01 2.078963e+01 2.077100e+01
2.035000e+01 2.088500e+01 2.083421e+01 2.076711e+01 2.035000e+01 2.089500e+01 2.083208e+01 2.076763e+01
2.073000e+01 2.088500e+01 2.094668e+01 2.058254e+01 2.073500e+01 2.089000e+01 2.093696e+01 2.057614e+01
2.073500e+01 2.089000e+01 2.093696e+01 2.057614e+01 2.074000e+01 2.089500e+01 2.092668e+01 2.057010e+01
2.087500e+01 2.089000e+01 2.069601e+01 2.056309e+01 2.087000e+01 2.089500e+01 2.070633e+01 2.055826e+01
2.087500e+01 2.089000e+01 2.069601e+01 2.056309e+01 2.088500e+01 2.089000e+01 2.068308e+01 2.056992e+01
2.089000e+01 2.088500e+01 2.067372e+01 2.057558e+01 2.088500e+01 2.089000e+01 2.068308e+01 2.056992e+01
2.127000e+01 2.088500e+01 2.078645e+01 2.077003e+01 2.127000e+01 2.089500e+01 2.078917e+01 2.077083e+01
2.035000e+01 2.089500e+01 2.083208e+01 2.076763e+01 2.035000e+01 2.090500e+01 2.082977e+01 2.076829e+01
2.074000e+01 2.089500e+01 2.092668e+01 2.057010e+01 2.074500e+01 2.090000e+01 2.091682e+01 2.056492e+01
2.074500e+01 2.090000e+01 2.091682e+01 2.056492e+01 2.075500e+01 2.090000e+01 2.090288e+01 2.055838e+01
2.075500e+01 2.090000e+01 2.090288e+01 2.055838e+01 2.076500e+01 2.090000e+01 2.088773e+01 2.055253e+01
2.076500e+01 2.090000e+01 2.088773e+01 2.055253e+01 2.077000e+01 2.090500e+01 2.087711e+01 2.054902e+01
2.084500e+01 2.090000e+01 2.074714e+01 2.054478e+01 2.084000e+01 2.090500e+01 2.075725e+01 2.054254e+01
2.084500e+01 2.090000e+01 2.074714e+01 2.054478e+01 2.085500e+01 2.090000e+01 2.073109e+01 2.054906e+01
2.085500e+01 2.090000e+01 2.073109e+01 2.054906e+01 2.086500e+01 2.090000e+01 2.071614e+01 2.055423e+01
2.087000e+01 2.089500e+01 2.070633e+01 2.055826e+01 2.086500e+01 2.090000e+01 2.071614e+01 2.055423e+01
2.127000e+01 2.089500e+01 2.078917e+01 2.077083e+01 2.127000e+01 2.090500e+01 2.079205e+01 2.077178e+01
2.035000e+01 2.090500e+01 2.082977e+01 2.076829e+01 2.035500e+01 2.091000e+01 2.083289e+01 2.076746e+01
2.035500e+01 2.091000e+01 2.083289e+01 2.076746e+01 2.036000e+01 2.091500e+01 2.083591e+01 2.076650e+01
2.077000e+01 2.090500e+01 2.087711e+01 2.054902e+01 2.077500e+01 2.091000e+01 2.086715e+01 2.054625e+01
2.077500e+01 2.091000e+01 2.086715e+01 2.054625e+01 2.078500e+01 2.091000e+01 2.085105e+01 2.054257e+01
2.078500e+01 2.091000e+01 2.085105e+01 2.054257e+01 2.079500e+01 2.091000e+01 2.083437e+01 2.053995e+01
2.079500e+01 2.091000e+01 2.083437e+01 2.053995e+01 2.080500e+01 2.091000e+01 2.081736e+01 2.053845e+01
2.080500e+01 2.091000e+01 2.081736e+01 2.053845e+01 2.081500e+01 2.091000e+01 2.080024e+01 2.053811e+01
2.081500e+01 2.091000e+01 2.080024e+01 2.053811e+01 2.082500e+01 2.091000e+01 2.078329e+01 2.053894e+01
2.082500e+01 2.091000e+01 2.078329e+01 2.053894e+01 2.083500e+01 2.091000e+01 2.076673e+01 2.054091e+01
2.084000e+01 2.090500e+01 2.075725e+01 2.054254e+01 2.083500e+01 2.091000e+01 2.076673e+01 2.054091e+01
2.127000e+01 2.090500e+01 2.079205e+01 2.077178e+01 2.127000e+01 2.091500e+01 2.079508e+01 2.077290e+01
2.036000e+01 2.091500e+01 2.083591e+01 2.076650e+01 2.036000e+01 2.092500e+01 2.083320e+01 2.076731e+01
2.126500e+01 2.092000e+01 2.079236e+01 2.077197e+01 2.126000e+01 2.092500e+01 2.078974e+01 2.077093e+01
2.127000e+01 2.091500e+01 2.079508e+01 2.077290e+01 2.126500e+01 2.092000e+01 2.079236e+01 2.077197e+01
2.036000e+01 2.092500e+01 2.083320e+01 2.076731e+01 2.036000e+01 2.093500e+01 2.083035e+01 2.076829e+01
2.126000e+01 2.092500e+01 2.078974e+01 2.077093e+01 2.126000e+01 2.093500e+01 2.079313e+01 2.077228e+01
2.036000e+01 2.093500e+01 2.083035e+01 2.076829e+01 2.036500e+01 2.094000e+01 2.083300e+01 2.076737e+01
2.036500e+01 2.094000e+01 2.083300e+01 2.076737e+01 2.037000e+01 2.094500e+01 2.083554e+01 2.076633e+01
2.126000e+01 2.093500e+01 2.079313e+01 2.077228e+01 2.126000e+01 2.094500e+01 2.079664e+01 2.077383e+01
2.037000e+01 2.094500e+01 2.083554e+01 2.076633e+01 2.037000e+01 2.095500e+01 2.083232e+01 2.076755e+01
2.125500e+01 2.095000e+01 2.079434e+01 2.077289e+01 2.125000e+01 2.095500e+01 2.079216e+01 2.077185e+01
2.126000e+01 2.094500e+01 2.079664e+01 2.077383e+01 2.125500e+01 2.095000e+01 2.079434e+01 2.077289e+01
2.037000e+01 2.095500e+01 2.083232e+01 2.076755e+01 2.037000e+01 2.096500e+01 2.082898e+01 2.076896e+01
2.125000e+01 2.095500e+01 2.079216e+01 2.077185e+01 2.125000e+01 2.096500e+01 2.079599e+01 2.077370e+01
2.037000e+01 2.096500e+01 2.082898e+01 2.076896e+01 2.037500e+01 2.097000e+01 2.083118e+01 2.076803e+01
2.037500e+01 2.097000e+01 2.083118e+01 2.076803e+01 2.038000e+01 2.097500e+01 2.083324e+01 2.076701e+01
2.124500e+01 2.097000e+01 2.079401e+01 2.077276e+01 2.124000e+01 2.097500e+01 2.079216e+01 2.077173e+01
2.125000e+01 2.096500e+01 2.079599e+01 2.077370e+01 2.124500e+01 2.097000e+01 2.079401e+01 2.077276e+01
2.038000e+01 2.097500e+01 2.083324e+01 2.076701e+01 2.038000e+01 2.098500e+01 2.082958e+01 2.076873e+01
2.124000e+01 2.097500e+01 2.079216e+01 2.077173e+01 2.124000e+01 2.098500e+01 2.079627e+01 2.077393e+01
2.038000e+01 2.098500e+01 2.082958e+01 2.076873e+01 2.038000e+01 2.099500e+01 2.082583e+01 2.077066e+01
2.123500e+01 2.099000e+01 2.079460e+01 2.077304e+01 2.123000e+01 2.099500e+01 2.079305e+01 2.077206e+01
2.124000e+01 2.098500e+01 2.079627e+01 2.077393e+01 2.123500e+01 2.099000e+01 2.079460e+01 2.077304e+01
2.038000e+01 2.099500e+01 2.082583e+01 2.077066e+01 2.038500e+01 2.100000e+01 2.082760e+01 2.076982e+01
2.038500e+01 2.100000e+01 2.082760e+01 2.076982e+01 2.039000e+01 2.100500e+01 2.082923e+01 2.076889e+01
2.123000e+01 2.099500e+01 2.079305e+01 2.077206e+01 2.123000e+01 2.100500e+01 2.079741e+01 2.077464e+01
2.039000e+01 2.100500e+01 2.082923e+01 2.076889e+01 2.039000e+01 2.101500e+01 2.082521e+01 2.077119e+01
2.122500e+01 2.101000e+01 2.079603e+01 2.077383e+01 2.122000e+01 2.101500e+01 2.079479e+01 2.077295e+01
2.123000e+01 2.100500e+01 2.079741e+01 2.077464e+01 2.122500e+01 2.101000e+01 2.079603e+01 2.077383e+01
2.039000e+01 2.101500e+01 2.082521e+01 2.077119e+01 2.039500e+01 2.102000e+01 2.082667e+01 2.077043e+01
2.039500e+01 2.102000e+01 2.082667e+01 2.077043e+01 2.040000e+01 2.102500e+01 2.082798e+01 2.076958e+01
2.122000e+01 2.101500e+01 2.079479e+01 2.077295e+01 2.122000e+01 2.102500e+01 2.079935e+01 2.077595e+01
2.040000e+01 2.102500e+01 2.082798e+01 2.076958e+01 2.040000e+01 2.103500e+01 2.082375e+01 2.077229e+01
2.121500e+01 2.103000e+01 2.079825e+01 2.077526e+01 2.121000e+01 2.103500e+01 2.079728e+01 2.077451e+01
2.122000e+01 2.102500e+01 2.079935e+01 2.077595e+01 2.121500e+01 2.103000e+01 2.079825e+01 2.077526e+01
2.040000e+01 2.103500e+01 2.082375e+01 2.077229e+01 2.040500e+01 2.104000e+01 2.082491e+01 2.077163e+01
2.040500e+01 2.104000e+01 2.082491e+01 2.077163e+01 2.041000e+01 2.104500e+01 2.082593e+01 2.077091e+01
2.121000e+01 2.103500e+01 2.079728e+01 2.077451e+01 2.121000e+01 2.104500e+01 2.080201e+01 2.077795e+01
2.041000e+01 2.104500e+01 2.082593e+01 2.077091e+01 2.041500e+01 2.105000e+01 2.082688e+01 2.077029e+01
2.041500e+01 2.105000e+01 2.082688e+01 2.077029e+01 2.042000e+01 2.105500e+01 2.082767e+01 2.076961e+01
2.120500e+01 2.105000e+01 2.080116e+01 2.077741e+01 2.120000e+01 2.105500e+01 2.080045e+01 2.077683e+01
2.121000e+01 2.104500e+01 2.080201e+01 2.077795e+01 2.120500e+01 2.105000e+01 2.080116e+01 2.077741e+01
2.042000e+01 2.105500e+01 2.082767e+01 2.076961e+01 2.042000e+01 2.106500e+01 2.082316e+01 2.077300e+01
2.119500e+01 2.106000e+01 2.079979e+01 2.077636e+01 2.119000e+01 2.106500e+01 2.079927e+01 2.077584e+01
2.120000e+01 2.105500e+01 2.080045e+01 2.077683e+01 2.119500e+01 2.106000e+01 2.079979e+01 2.077636e+01
2.042000e+01 2.106500e+01 2.082316e+01 2.077300e+01 2.042500e+01 2.107000e+01 2.082385e+01 2.077255e+01
2.042500e+01 2.107000e+01 2.082385e+01 2.077255e+01 2.043000e+01 2.107500e+01 2.082439e+01 2.077206e+01
2.119000e+01 2.106500e+01 2.079927e+01 2.077584e+01 2.119000e+01 2.107500e+01 2.080419e+01 2.077999e+01
2.043000e+01 2.107500e+01 2.082439e+01 2.077206e+01 2.043500e+01 2.108000e+01 2.082489e+01 2.077169e+01
2.043500e+01 2.108000e+01 2.082489e+01 2.077169e+01 2.044000e+01 2.108500e+01 2.082523e+01 2.077129e+01
2.118500e+01 2.108000e+01 2.080374e+01 2.077972e+01 2.118000e+01 2.108500e+01 2.080344e+01 2.077942e+01
2.119000e+01 2.107500e+01 2.080419e+01 2.077999e+01 2.118500e+01 2.108000e+01 2.080374e+01 2.077972e+01
2.044000e+01 2.108500e+01 2.082523e+01 2.077129e+01 2.044000e+01 2.109500e+01 2.082056e+01 2.077542e+01
2.117500e+01 2.109000e+01 2.080316e+01 2.077925e+01 2.117000e+01 2.109500e+01 2.080302e+01 2.077906e+01
2.118000e+01 2.108500e+01 2.080344e+01 2.077942e+01 2.117500e+01 2.109000e+01 2.080316e+01 2.077925e+01
2.044000e+01 2.109500e+01 2.082056e+01 2.077542e+01 2.044500e+01 2.110000e+01 2.082085e+01 2.077528e+01
2.044500e+01 2.110000e+01 2.082085e+01 2.077528e+01 2.045000e+01 2.110500e+01 2.082099e+01 2.077512e+01
2.116500e+01 2.110000e+01 2.080289e+01 2.077900e+01 2.116000e+01 2.110500e+01 2.080291e+01 2.077893e+01
2.117000e+01 2.109500e+01 2.080302e+01 2.077906e+01 2.116500e+01 2.110000e+01 2.080289e+01 2.077900e+01
2.045000e+01 2.110500e+01 2.082099e+01 2.077512e+01 2.045500e+01 2.111000e+01 2.082112e+01 2.077510e+01
2.045500e+01 2.111000e+01 2.082112e+01 2.077510e+01 2.046000e+01 2.111500e+01 2.082109e+01 2.077506e+01
2.115500e+01 2.111000e+01 2.080294e+01 2.077900e+01 2.115000e+01 2.111500e+01 2.080310e+01 2.077906e+01
2.116000e+01 2.110500e+01 2.080291e+01 2.077893e+01 2.115500e+01 2.111000e+01 2.080294e+01 2.077900e+01
2.046000e+01 2.111500e+01 2.082109e+01 2.077506e+01 2.046500e+01 2.112000e+01 2.082107e+01 2.077517e+01
2.046500e+01 2.112000e+01 2.082107e+01 2.077517e+01 2.047000e+01 2.112500e+01 2.082089e+01 2.077528e+01
2.114500e+01 2.112000e+01 2.080326e+01 2.077926e+01 2.114000e+01 2.112500e+01 2.080356e+01 2.077947e+01
2.115000e+01 2.111500e+01 2.080310e+01 2.077906e+01 2.114500e+01 2.112000e+01 2.080326e+01 2.077926e+01
2.047000e+01 2.112500e+01 2.082089e+01 2.077528e+01 2.047500e+01 2.113000e+01 2.082072e+01 2.077553e+01
2.047500e+01 2.113000e+01 2.082072e+01 2.077553e+01 2.048000e+01 2.113500e+01 2.082041e+01 2.077579e+01
2.113500e+01 2.113000e+01 2.080385e+01 2.077982e+01 2.113000e+01 2.113500e+01 2.080427e+01 2.078019e+01
2.114000e+01 2.112500e+01 2.080356e+01 2.077947e+01 2.113500e+01 2.113000e+01 2.080385e+01 2.077982e+01
2.048000e+01 2.113500e+01 2.082041e+01 2.077579e+01 2.048500e+01 2.114000e+01 2.082011e+01 2.077619e+01
2.048500e+01 2.114000e+01 2.082011e+01 2.077619e+01 2.049000e+01 2.114500e+01 2.081968e+01 2.077662e+01
2.112500e+01 2.114000e+01 2.080468e+01 2.078069e+01 2.112000e+01 2.114500e+01 2.080521e+01 2.078122e+01
2.113000e+01 2.113500e+01 2.080427e+01 2.078019e+01 2.112500e+01 2.114000e+01 2.080468e+01 2.078069e+01
2.049000e+01 2.114500e+01 2.081968e+01 2.077662e+01 2.049500e+01 2.115000e+01 2.081926e+01 2.077719e+01
2.049500e+01 2.115000e+01 2.081926e+01 2.077719e+01 2.050000e+01 2.115500e+01 2.081872e+01 2.077779e+01
2.111500e+01 2.115000e+01 2.080571e+01 2.078189e+01 2.111000e+01 2.115500e+01 2.080633e+01 2.078259e+01
2.112000e+01 2.114500e+01 2.080521e+01 2.078122e+01 2.111500e+01 2.115000e+01 2.080571e+01 2.078189e+01
2.050000e+01 2.115500e+01 2.081872e+01 2.077779e+01 2.050500e+01 2.116000e+01 2.081821e+01 2.077854e+01
2.050500e+01 2.116000e+01 2.081821e+01 2.077854e+01 2.051000e+01 2.116500e+01 2.081758e+01 2.077932e+01
2.110500e+01 2.116000e+01 2.080692e+01 2.078343e+01 2.110000e+01 2.116500e+01 2.080763e+01 2.078432e+01
2.111000e+01 2.115500e+01 2.080633e+01 2.078259e+01 2.110500e+01 2.116000e+01 2.080692e+01 2.078343e+01
2.051000e+01 2.116500e+01 2.081758e+01 2.077932e+01 2.051500e+01 2.117000e+01 2.081698e+01 2.078025e+01
2.051500e+01 2.117000e+01 2.081698e+01 2.078025e+01 2.052000e+01 2.117500e+01 2.081627e+01 2.078123e+01
2.109500e+01 2.117000e+01 2.080829e+01 2.078534e+01 2.109000e+01 2.117500e+01 2.080906e+01 2.078641e+01
2.110000e+01 2.116500e+01 2.080763e+01 2.078432e+01 2.109500e+01 2.117000e+01 2.080829e+01 2.078534e+01
2.052000e+01 2.117500e+01 2.081627e+01 2.078123e+01 2.052500e+01 2.118000e+01 2.081561e+01 2.078236e+01
2.052500e+01 2.118000e+01 2.081561e+01 2.078236e+01 2.053500e+01 2.118000e+01 2.081844e+01 2.077799e+01
2.053500e+01 2.118000e+01 2.081844e+01 2.077799e+01 2.054000e+01 2.118500e+01 2.081756e+01 2.077923e+01
2.107500e+01 2.118000e+01 2.080681e+01 2.078299e+01 2.107000e+01 2.118500e+01 2.080774e+01 2.078432e+01
2.107500e+01 2.118000e+01 2.080681e+01 2.078299e+01 2.108500e+01 2.118000e+01 2.080978e+01 2.078762e+01
2.109000e+01 2.117500e+01 2.080906e+01 2.078641e+01 2.108500e+01 2.118000e+01 2.080978e+01 2.078762e+01
2.054000e+01 2.118500e+01 2.081756e+01 2.077923e+01 2.054500e+01 2.119000e+01 2.081675e+01 2.078061e+01
2.054500e+01 2.119000e+01 2.081675e+01 2.078061e+01 2.055000e+01 2.119500e+01 2.081583e+01 2.078206e+01
2.106500e+01 2.119000e+01 2.080860e+01 2.078578e+01 2.106000e+01 2.119500e+01 2.080955e+01 2.078730e+01
2.107000e+01 2.118500e+01 2.080774e+01 2.078432e+01 2.106500e+01 2.119000e+01 2.080860e+01 2.078578e+01
2.055000e+01 2.119500e+01 2.081583e+01 2.078206e+01 2.055500e+01 2.120000e+01 2.081499e+01 2.078366e+01
2.055500e+01 2.120000e+01 2.081499e+01 2.078366e+01 2.056500e+01 2.120000e+01 2.081718e+01 2.077960e+01
2.056500e+01 2.120000e+01 2.081718e+01 2.077960e+01 2.057000e+01 2.120500e+01 2.081616e+01 2.078135e+01
2.104500e+01 2.120000e+01 2.080808e+01 2.078465e+01 2.104000e+01 2.120500e+01 2.080913e+01 2.078646e+01
2.104500e+01 2.120000e+01 2.080808e+01 2.078465e+01 2.105500e+01 2.120000e+01 2.081044e+01 2.078896e+01
2.106000e+01 2.119500e+01 2.080955e+01 2.078730e+01 2.105500e+01 2.120000e+01 2.081044e+01 2.078896e+01
2.057000e+01 2.120500e+01 2.081616e+01 2.078135e+01 2.057500e+01 2.121000e+01 2.081523e+01 2.078323e+01
2.057500e+01 2.121000e+01 2.081523e+01 2.078323e+01 2.058000e+01 2.121500e+01 2.081422e+01 2.078520e+01
2.103500e+01 2.121000e+01 2.081010e+01 2.078840e+01 2.103000e+01 2.121500e+01 2.081115e+01 2.079041e+01
2.104000e+01 2.120500e+01 2.080913e+01 2.078646e+01 2.103500e+01 2.121000e+01 2.081010e+01 2.078840e+01
2.058000e+01 2.121500e+01 2.081422e+01 2.078520e+01 2.058500e+01 2.122000e+01 2.081330e+01 2.078730e+01
2.058500e+01 2.122000e+01 2.081330e+01 2.078730e+01 2.059500e+01 2.122000e+01 2.081496e+01 2.078367e+01
2.059500e+01 2.122000e+01 2.081496e+01 2.078367e+01 2.060000e+01 2.122500e+01 2.081392e+01 2.078595e+01
2.101500e+01 2.122000e+01 2.081026e+01 2.078866e+01 2.101000e+01 2.122500e+01 2.081134e+01 2.079097e+01
2.101500e+01 2.122000e+01 2.081026e+01 2.078866e+01 2.102500e+01 2.122000e+01 2.081211e+01 2.079255e+01
2.103000e+01 2.121500e+01 2.081115e+01 2.079041e+01 2.102500e+01 2.122000e+01 2.081211e+01 2.079255e+01
2.060000e+01 2.122500e+01 2.081392e+01 2.078595e+01 2.060500e+01 2.123000e+01 2.081297e+01 2.078837e+01
2.060500e+01 2.123000e+01 2.081297e+01 2.078837e+01 2.061500e+01 2.123000e+01 2.081432e+01 2.078502e+01
2.061500e+01 2.123000e+01 2.081432e+01 2.078502e+01 2.062000e+01 2.123500e+01 2.081327e+01 2.078763e+01
2.099500e+01 2.123000e+01 2.081080e+01 2.078979e+01 2.099000e+01 2.123500e+01 2.081188e+01 2.079242e+01
2.099500e+01 2.123000e+01 2.081080e+01 2.078979e+01 2.100500e+01 2.123000e+01 2.081233e+01 2.079340e+01
2.101000e+01 2.122500e+01 2.081134e+01 2.079097e+01 2.100500e+01 2.123000e+01 2.081233e+01 2.079340e+01
2.062000e+01 2.123500e+01 2.081327e+01 2.078763e+01 2.062500e+01 2.124000e+01 2.081234e+01 2.079036e+01
2.062500e+01 2.124000e+01 2.081234e+01 2.079036e+01 2.063500e+01 2.124000e+01 2.081342e+01 2.078734e+01
2.063500e+01 2.124000e+01 2.081342e+01 2.078734e+01 2.064500e+01 2.124000e+01 2.081433e+01 2.078444e+01
2.064500e+01 2.124000e+01 2.081433e+01 2.078444e+01 2.065000e+01 2.124500e+01 2.081331e+01 2.078750e+01
2.096500e+01 2.124000e+01 2.081051e+01 2.078869e+01 2.096000e+01 2.124500e+01 2.081158e+01 2.079172e+01
2.096500e+01 2.124000e+01 2.081051e+01 2.078869e+01 2.097500e+01 2.124000e+01 2.081159e+01 2.079185e+01
2.097500e+01 2.124000e+01 2.081159e+01 2.079185e+01 2.098500e+01 2.124000e+01 2.081286e+01 2.079514e+01
2.099000e+01 2.123500e+01 2.081188e+01 2.079242e+01 2.098500e+01 2.124000e+01 2.081286e+01 2.079514e+01
2.065000e+01 2.124500e+01 2.081331e+01 2.078750e+01 2.065500e+01 2.125000e+01 2.081241e+01 2.079066e+01
2.065500e+01 2.125000e+01 2.081241e+01 2.079066e+01 2.066500e+01 2.125000e+01 2.081312e+01 2.078812e+01
2.066500e+01 2.125000e+01 2.081312e+01 2.078812e+01 2.067500e+01 2.125000e+01 2.081369e+01 2.078573e+01
2.067500e+01 2.125000e+01 2.081369e+01 2.078573e+01 2.068000e+01 2.125500e+01 2.081278e+01 2.078924e+01
2.093500e+01 2.125000e+01 2.081093e+01 2.078937e+01 2.093000e+01 2.125500e+01 2.081191e+01 2.079282e+01
2.093500e+01 2.125000e+01 2.081093e+01 2.078937e+01 2.094500e+01 2.125000e+01 2.081166e+01 2.079204e+01
2.094500e+01 2.125000e+01 2.081166e+01 2.079204e+01 2.095500e+01 2.125000e+01 2.081253e+01 2.079485e+01
2.096000e+01 2.124500e+01 2.081158e+01 2.079172e+01 2.095500e+01 2.125000e+01 2.081253e+01 2.079485e+01
2.068000e+01 2.125500e+01 2.081278e+01 2.078924e+01 2.068500e+01 2.126000e+01 2.081199e+01 2.079283e+01
2.068500e+01 2.126000e+01 2.081199e+01 2.079283e+01 2.069500e+01 2.126000e+01 2.081244e+01 2.079083e+01
2.069500e+01 2.126000e+01 2.081244e+01 2.079083e+01 2.070500e+01 2.126000e+01 2.081277e+01 2.078899e+01
2.070500e+01 2.126000e+01 2.081277e+01 2.078899e+01 2.071500e+01 2.126000e+01 2.081300e+01 2.078732e+01
2.071500e+01 2.126000e+01 2.081300e+01 2.078732e+01 2.072000e+01 2.126500e+01 2.081231e+01 2.079139e+01
2.089500e+01 2.126000e+01 2.081137e+01 2.078998e+01 2.089000e+01 2.126500e+01 2.081214e+01 2.079395e+01
2.089500e+01 2.126000e+01 2.081137e+01 2.078998e+01 2.090500e+01 2.126000e+01 2.081171e+01 2.079194e+01
2.090500e+01 2.126000e+01 2.081171e+01 2.079194e+01 2.091500e+01 2.126000e+01 2.081217e+01 2.079406e+01
2.091500e+01 2.126000e+01 2.081217e+01 2.079406e+01 2.092500e+01 2.126000e+01 2.081277e+01 2.079636e+01
2.093000e+01 2.125500e+01 2.081191e+01 2.079282e+01 2.092500e+01 2.126000e+01 2.081277e+01 2.079636e+01
2.072000e+01 2.126500e+01 2.081231e+01 2.079139e+01 2.072500e+01 2.127000e+01 2.081175e+01 2.079552e+01
2.072500e+01 2.127000e+01 2.081175e+01 2.079552e+01 2.073500e+01 2.127000e+01 2.081196e+01 2.079426e+01
2.073500e+01 2.127000e+01 2.081196e+01 2.079426e+01 2.074500e+01 2.127000e+01 2.081211e+01 2.079319e+01
2.074500e+01 2.127000e+01 2.081211e+01 2.079319e+01 2.075500e+01 2.127000e+01 2.081219e+01 2.079229e+01
2.075500e+01 2.127000e+01 2.081219e+01 2.079229e+01 2.076500e+01 2.127000e+01 2.081222e+01 2.079158e+01
2.076500e+01 2.127000e+01 2.081222e+01 2.079158e+01 2.077500e+01 2.127000e+01 2.081221e+01 2.079106e+01
2.077500e+01 2.127000e+01 2.081221e+01 2.079106e+01 2.078500e+01 2.127000e+01 2.081217e+01 2.079073e+01
2.078500e+01 2.127000e+01 2.081217e+01 2.079073e+01 2.079500e+01 2.127000e+01 2.081212e+01 2.079060e+01
2.079500e+01 2.127000e+01 2.081212e+01 2.079060e+01 2.080500e+01 2.127000e+01 2.081206e+01 2.079065e+01
2.080500e+01 2.127000e+01 2.081206e+01 2.079065e+01 2.081500e+01 2.127000e+01 2.081201e+01 2.079091e+01
2.081500e+01 2.127000e+01 2.081201e+01 2.079091e+01 2.082500e+01 2.127000e+01 2.081197e+01 2.079135e+01
2.082500e+01 2.127000e+01 2.081197e+01 2.079135e+01 2.083500e+01 2.127000e+01 2.081197e+01 2.079199e+01
2.083500e+01 2.127000e+01 2.081197e+01 2.079199e+01 2.084500e+01 2.127000e+01 2.081201e+01 2.079282e+01
2.084500e+01 2.127000e+01 2.081201e+01 2.079282e+01 2.085500e+01 2.127000e+01 2.081210e+01 2.079383e+01
2.085500e+01 2.127000e+01 2.081210e+01 2.079383e+01 2.086500e+01 2.127000e+01 2.081226e+01 2.079504e+01
2.086500e+01 2.127000e+01 2.081226e+01 2.079504e+01 2.087500e+01 2.127000e+01 2.081249e+01 2.079642e+01
2.087500e+01 2.127000e+01 2.081249e+01 2.079642e+01 2.088500e+01 2.127000e+01 2.081280e+01 2.079799e+01
2.089000e+01 2.126500e+01 2.081214e+01 2.079395e+01 2.088500e+01 2.127000e+01 2.081280e+01 2.079799e+01
