2.074500e+01 2.022000e+01 2.080914e+01 2.068868e+01 2.074000e+01 2.022500e+01 2.080974e+01 2.069257e+01
2.074500e+01 2.022000e+01 2.080914e+01 2.068868e+01 2.075500e+01 2.022000e+01 2.080940e+01 2.069006e+01
2.075500e+01 2.022000e+01 2.080940e+01 2.069006e+01 2.076500e+01 2.022000e+01 2.080958e+01 2.069128e+01
2.076500e+01 2.022000e+01 2.080958e+01 2.069128e+01 2.077500e+01 2.022000e+01 2.080970e+01 2.069231e+01
2.077500e+01 2.022000e+01 2.080970e+01 2.069231e+01 2.078500e+01 2.022000e+01 2.080976e+01 2.069318e+01
2.078500e+01 2.022000e+01 2.080976e+01 2.069318e+01 2.079500e+01 2.022000e+01 2.080978e+01 2.069386e+01
2.079500e+01 2.022000e+01 2.080978e+01 2.069386e+01 2.080500e+01 2.022000e+01 2.080976e+01 2.069436e+01
2.080500e+01 2.022000e+01 2.080976e+01 2.069436e+01 2.081500e+01 2.022000e+01 2.080972e+01 2.069468e+01
2.081500e+01 2.022000e+01 2.080972e+01 2.069468e+01 2.082500e+01 2.022000e+01 2.080968e+01 2.069481e+01
2.082500e+01 2.022000e+01 2.080968e+01 2.069481e+01 2.083500e+01 2.022000e+01 2.080963e+01 2.069476e+01
2.083500e+01 2.022000e+01 2.080963e+01 2.069476e+01 2.084500e+01 2.022000e+01 2.080960e+01 2.069453e+01
2.084500e+01 2.022000e+01 2.080960e+01 2.069453e+01 2.085500e+01 2.022000e+01 2.080959e+01 2.069412e+01
2.085500e+01 2.022000e+01 2.080959e+01 2.069412e+01 2.086500e+01 2.022000e+01 2.080962e+01 2.069353e+01
2.086500e+01 2.022000e+01 2.080962e+01 2.069353e+01 2.087500e+01 2.022000e+01 2.080970e+01 2.069276e+01
2.087500e+01 2.022000e+01 2.080970e+01 2.069276e+01 2.088500e+01 2.022000e+01 2.080984e+01 2.069181e+01
2.088500e+01 2.022000e+01 2.080984e+01 2.069181e+01 2.089000e+01 2.022500e+01 2.080939e+01 2.069591e+01
2.070500e+01 2.023000e+01 2.080925e+01 2.069065e+01 2.070000e+01 2.023500e+01 2.081004e+01 2.069408e+01
2.070500e+01 2.023000e+01 2.080925e+01 2.069065e+01 2.071500e+01 2.023000e+01 2.080976e+01 2.069273e+01
2.071500e+01 2.023000e+01 2.080976e+01 2.069273e+01 2.072500e+01 2.023000e+01 2.081016e+01 2.069465e+01
2.072500e+01 2.023000e+01 2.081016e+01 2.069465e+01 2.073500e+01 2.023000e+01 2.081044e+01 2.069641e+01
2.074000e+01 2.022500e+01 2.080974e+01 2.069257e+01 2.073500e+01 2.023000e+01 2.081044e+01 2.069641e+01
2.089000e+01 2.022500e+01 2.080939e+01 2.069591e+01 2.089500e+01 2.023000e+01 2.080883e+01 2.069995e+01
2.089500e+01 2.023000e+01 2.080883e+01 2.069995e+01 2.090500e+01 2.023000e+01 2.080896e+01 2.069862e+01
2.090500e+01 2.023000e+01 2.080896e+01 2.069862e+01 2.091500e+01 2.023000e+01 2.080918e+01 2.069712e+01
2.091500e+01 2.023000e+01 2.080918e+01 2.069712e+01 2.092500e+01 2.023000e+01 2.080951e+01 2.069546e+01
2.092500e+01 2.023000e+01 2.080951e+01 2.069546e+01 2.093000e+01 2.023500e+01 2.080883e+01 2.069906e+01
2.067500e+01 2.024000e+01 2.080950e+01 2.069243e+01 2.067000e+01 2.024500e+01 2.081038e+01 2.069548e+01
2.067500e+01 2.024000e+01 2.080950e+01 2.069243e+01 2.068500e+01 2.024000e+01 2.081029e+01 2.069500e+01
2.068500e+01 2.024000e+01 2.081029e+01 2.069500e+01 2.069500e+01 2.024000e+01 2.081093e+01 2.069744e+01
2.070000e+01 2.023500e+01 2.081004e+01 2.069408e+01 2.069500e+01 2.024000e+01 2.081093e+01 2.069744e+01
2.093000e+01 2.023500e+01 2.080883e+01 2.069906e+01 2.093500e+01 2.024000e+01 2.080804e+01 2.070260e+01
2.093500e+01 2.024000e+01 2.080804e+01 2.070260e+01 2.094500e+01 2.024000e+01 2.080846e+01 2.070056e+01
2.094500e+01 2.024000e+01 2.080846e+01 2.070056e+01 2.095500e+01 2.024000e+01 2.080902e+01 2.069838e+01
2.095500e+01 2.024000e+01 2.080902e+01 2.069838e+01 2.096000e+01 2.024500e+01 2.080822e+01 2.070159e+01
2.065500e+01 2.025000e+01 2.081038e+01 2.069554e+01 2.065000e+01 2.025500e+01 2.081132e+01 2.069831e+01
2.065500e+01 2.025000e+01 2.081038e+01 2.069554e+01 2.066500e+01 2.025000e+01 2.081137e+01 2.069845e+01
2.067000e+01 2.024500e+01 2.081038e+01 2.069548e+01 2.066500e+01 2.025000e+01 2.081137e+01 2.069845e+01
2.096000e+01 2.024500e+01 2.080822e+01 2.070159e+01 2.096500e+01 2.025000e+01 2.080731e+01 2.070472e+01
2.096500e+01 2.025000e+01 2.080731e+01 2.070472e+01 2.097500e+01 2.025000e+01 2.080804e+01 2.070218e+01
2.097500e+01 2.025000e+01 2.080804e+01 2.070218e+01 2.098000e+01 2.025500e+01 2.080717e+01 2.070510e+01
2.063500e+01 2.026000e+01 2.081112e+01 2.069778e+01 2.063000e+01 2.026500e+01 2.081207e+01 2.070027e+01
2.063500e+01 2.026000e+01 2.081112e+01 2.069778e+01 2.064500e+01 2.026000e+01 2.081235e+01 2.070101e+01
2.065000e+01 2.025500e+01 2.081132e+01 2.069831e+01 2.064500e+01 2.026000e+01 2.081235e+01 2.070101e+01
2.098000e+01 2.025500e+01 2.080717e+01 2.070510e+01 2.098500e+01 2.026000e+01 2.080618e+01 2.070792e+01
2.098500e+01 2.026000e+01 2.080618e+01 2.070792e+01 2.099500e+01 2.026000e+01 2.080715e+01 2.070505e+01
2.099500e+01 2.026000e+01 2.080715e+01 2.070505e+01 2.100000e+01 2.026500e+01 2.080624e+01 2.070767e+01
2.061500e+01 2.027000e+01 2.081160e+01 2.069916e+01 2.061000e+01 2.027500e+01 2.081254e+01 2.070138e+01
2.061500e+01 2.027000e+01 2.081160e+01 2.069916e+01 2.062500e+01 2.027000e+01 2.081312e+01 2.070268e+01
2.063000e+01 2.026500e+01 2.081207e+01 2.070027e+01 2.062500e+01 2.027000e+01 2.081312e+01 2.070268e+01
2.100000e+01 2.026500e+01 2.080624e+01 2.070767e+01 2.100500e+01 2.027000e+01 2.080522e+01 2.071019e+01
2.100500e+01 2.027000e+01 2.080522e+01 2.071019e+01 2.101500e+01 2.027000e+01 2.080647e+01 2.070702e+01
2.101500e+01 2.027000e+01 2.080647e+01 2.070702e+01 2.102000e+01 2.027500e+01 2.080556e+01 2.070935e+01
2.060500e+01 2.028000e+01 2.081356e+01 2.070351e+01 2.060000e+01 2.028500e+01 2.081452e+01 2.070555e+01
2.061000e+01 2.027500e+01 2.081254e+01 2.070138e+01 2.060500e+01 2.028000e+01 2.081356e+01 2.070351e+01
2.102000e+01 2.027500e+01 2.080556e+01 2.070935e+01 2.102500e+01 2.028000e+01 2.080456e+01 2.071157e+01
2.102500e+01 2.028000e+01 2.080456e+01 2.071157e+01 2.103000e+01 2.028500e+01 2.080363e+01 2.071370e+01
2.058500e+01 2.029000e+01 2.081356e+01 2.070355e+01 2.058000e+01 2.029500e+01 2.081444e+01 2.070532e+01
2.058500e+01 2.029000e+01 2.081356e+01 2.070355e+01 2.059500e+01 2.029000e+01 2.081557e+01 2.070749e+01
2.060000e+01 2.028500e+01 2.081452e+01 2.070555e+01 2.059500e+01 2.029000e+01 2.081557e+01 2.070749e+01
2.103000e+01 2.028500e+01 2.080363e+01 2.071370e+01 2.103500e+01 2.029000e+01 2.080260e+01 2.071572e+01
2.103500e+01 2.029000e+01 2.080260e+01 2.071572e+01 2.104500e+01 2.029000e+01 2.080433e+01 2.071210e+01
2.104500e+01 2.029000e+01 2.080433e+01 2.071210e+01 2.105000e+01 2.029500e+01 2.080346e+01 2.071395e+01
2.057500e+01 2.030000e+01 2.081540e+01 2.070699e+01 2.057000e+01 2.030500e+01 2.081628e+01 2.070859e+01
2.058000e+01 2.029500e+01 2.081444e+01 2.070532e+01 2.057500e+01 2.030000e+01 2.081540e+01 2.070699e+01
2.105000e+01 2.029500e+01 2.080346e+01 2.071395e+01 2.105500e+01 2.030000e+01 2.080251e+01 2.071569e+01
2.105500e+01 2.030000e+01 2.080251e+01 2.071569e+01 2.106000e+01 2.030500e+01 2.080165e+01 2.071735e+01
2.055500e+01 2.031000e+01 2.081462e+01 2.070579e+01 2.055000e+01 2.031500e+01 2.081536e+01 2.070715e+01
2.055500e+01 2.031000e+01 2.081462e+01 2.070579e+01 2.056500e+01 2.031000e+01 2.081722e+01 2.071008e+01
2.057000e+01 2.030500e+01 2.081628e+01 2.070859e+01 2.056500e+01 2.031000e+01 2.081722e+01 2.071008e+01
2.106000e+01 2.030500e+01 2.080165e+01 2.071735e+01 2.106500e+01 2.031000e+01 2.080072e+01 2.071888e+01
2.106500e+01 2.031000e+01 2.080072e+01 2.071888e+01 2.107000e+01 2.031500e+01 2.079989e+01 2.072035e+01
2.054500e+01 2.032000e+01 2.081616e+01 2.070839e+01 2.054000e+01 2.032500e+01 2.081686e+01 2.070958e+01
2.055000e+01 2.031500e+01 2.081536e+01 2.070715e+01 2.054500e+01 2.032000e+01 2.081616e+01 2.070839e+01
2.107000e+01 2.031500e+01 2.079989e+01 2.072035e+01 2.107500e+01 2.032000e+01 2.079900e+01 2.072170e+01
2.107500e+01 2.032000e+01 2.079900e+01 2.072170e+01 2.108500e+01 2.032000e+01 2.080153e+01 2.071759e+01
2.108500e+01 2.032000e+01 2.080153e+01 2.071759e+01 2.109000e+01 2.032500e+01 2.080085e+01 2.071881e+01
2.053500e+01 2.033000e+01 2.081760e+01 2.071064e+01 2.053000e+01 2.033500e+01 2.081824e+01 2.071166e+01
2.054000e+01 2.032500e+01 2.081686e+01 2.070958e+01 2.053500e+01 2.033000e+01 2.081760e+01 2.071064e+01
2.109000e+01 2.032500e+01 2.080085e+01 2.071881e+01 2.109500e+01 2.033000e+01 2.080012e+01 2.071991e+01
2.109500e+01 2.033000e+01 2.080012e+01 2.071991e+01 2.110000e+01 2.033500e+01 2.079951e+01 2.072096e+01
2.052500e+01 2.034000e+01 2.081891e+01 2.071256e+01 2.052000e+01 2.034500e+01 2.081947e+01 2.071342e+01
2.053000e+01 2.033500e+01 2.081824e+01 2.071166e+01 2.052500e+01 2.034000e+01 2.081891e+01 2.071256e+01
2.110000e+01 2.033500e+01 2.079951e+01 2.072096e+01 2.110500e+01 2.034000e+01 2.079885e+01 2.072188e+01
2.110500e+01 2.034000e+01 2.079885e+01 2.072188e+01 2.111000e+01 2.034500e+01 2.079832e+01 2.072276e+01
2.051500e+01 2.035000e+01 2.082006e+01 2.071416e+01 2.051000e+01 2.035500e+01 2.082052e+01 2.071486e+01
2.052000e+01 2.034500e+01 2.081947e+01 2.071342e+01 2.051500e+01 2.035000e+01 2.082006e+01 2.071416e+01
2.111000e+01 2.034500e+01 2.079832e+01 2.072276e+01 2.111500e+01 2.035000e+01 2.079775e+01 2.072350e+01
2.111500e+01 2.035000e+01 2.079775e+01 2.072350e+01 2.112000e+01 2.035500e+01 2.079732e+01 2.072422e+01
2.050500e+01 2.036000e+01 2.082102e+01 2.071544e+01 2.050000e+01 2.036500e+01 2.082138e+01 2.071599e+01
2.051000e+01 2.035500e+01 2.082052e+01 2.071486e+01 2.050500e+01 2.036000e+01 2.082102e+01 2.071544e+01
2.112000e+01 2.035500e+01 2.079732e+01 2.072422e+01 2.112000e+01 2.036500e+01 2.079286e+01 2.072985e+01
2.049500e+01 2.037000e+01 2.082177e+01 2.071643e+01 2.049000e+01 2.037500e+01 2.082202e+01 2.071684e+01
2.050000e+01 2.036500e+01 2.082138e+01 2.071599e+01 2.049500e+01 2.037000e+01 2.082177e+01 2.071643e+01
2.112000e+01 2.036500e+01 2.079286e+01 2.072985e+01 2.112500e+01 2.037000e+01 2.079237e+01 2.073030e+01
2.112500e+01 2.037000e+01 2.079237e+01 2.073030e+01 2.113000e+01 2.037500e+01 2.079203e+01 2.073074e+01
2.049000e+01 2.037500e+01 2.082202e+01 2.071684e+01 2.049000e+01 2.038500e+01 2.082684e+01 2.072225e+01
2.113000e+01 2.037500e+01 2.079203e+01 2.073074e+01 2.113500e+01 2.038000e+01 2.079167e+01 2.073104e+01
2.113500e+01 2.038000e+01 2.079167e+01 2.073104e+01 2.114000e+01 2.038500e+01 2.079146e+01 2.073133e+01
2.048500e+01 2.039000e+01 2.082711e+01 2.072242e+01 2.048000e+01 2.039500e+01 2.082724e+01 2.072258e+01
2.049000e+01 2.038500e+01 2.082684e+01 2.072225e+01 2.048500e+01 2.039000e+01 2.082711e+01 2.072242e+01
2.114000e+01 2.038500e+01 2.079146e+01 2.073133e+01 2.114500e+01 2.039000e+01 2.079124e+01 2.073149e+01
2.114500e+01 2.039000e+01 2.079124e+01 2.073149e+01 2.115000e+01 2.039500e+01 2.079117e+01 2.073166e+01
2.047500e+01 2.040000e+01 2.082736e+01 2.072263e+01 2.047000e+01 2.040500e+01 2.082734e+01 2.072267e+01
2.048000e+01 2.039500e+01 2.082724e+01 2.072258e+01 2.047500e+01 2.040000e+01 2.082736e+01 2.072263e+01
2.115000e+01 2.039500e+01 2.079117e+01 2.073166e+01 2.115500e+01 2.040000e+01 2.079111e+01 2.073169e+01
2.115500e+01 2.040000e+01 2.079111e+01 2.073169e+01 2.116000e+01 2.040500e+01 2.079120e+01 2.073173e+01
2.046500e+01 2.041000e+01 2.082732e+01 2.072260e+01 2.046000e+01 2.041500e+01 2.082714e+01 2.072254e+01
2.047000e+01 2.040500e+01 2.082734e+01 2.072267e+01 2.046500e+01 2.041000e+01 2.082732e+01 2.072260e+01
2.116000e+01 2.040500e+01 2.079120e+01 2.073173e+01 2.116000e+01 2.041500e+01 2.078665e+01 2.073613e+01
2.046000e+01 2.041500e+01 2.082714e+01 2.072254e+01 2.046000e+01 2.042500e+01 2.083198e+01 2.072702e+01
2.116000e+01 2.041500e+01 2.078665e+01 2.073613e+01 2.116500e+01 2.042000e+01 2.078677e+01 2.073592e+01
2.116500e+01 2.042000e+01 2.078677e+01 2.073592e+01 2.117000e+01 2.042500e+01 2.078705e+01 2.073574e+01
2.045500e+01 2.043000e+01 2.083177e+01 2.072673e+01 2.045000e+01 2.043500e+01 2.083140e+01 2.072646e+01
2.046000e+01 2.042500e+01 2.083198e+01 2.072702e+01 2.045500e+01 2.043000e+01 2.083177e+01 2.072673e+01
2.117000e+01 2.042500e+01 2.078705e+01 2.073574e+01 2.117000e+01 2.043500e+01 2.078252e+01 2.073967e+01
2.044500e+01 2.044000e+01 2.083101e+01 2.072608e+01 2.044000e+01 2.044500e+01 2.083047e+01 2.072574e+01
2.045000e+01 2.043500e+01 2.083140e+01 2.072646e+01 2.044500e+01 2.044000e+01 2.083101e+01 2.072608e+01
2.117000e+01 2.043500e+01 2.078252e+01 2.073967e+01 2.117500e+01 2.044000e+01 2.078286e+01 2.073926e+01
2.117500e+01 2.044000e+01 2.078286e+01 2.073926e+01 2.118000e+01 2.044500e+01 2.078336e+01 2.073888e+01
2.044000e+01 2.044500e+01 2.083047e+01 2.072574e+01 2.044000e+01 2.045500e+01 2.083519e+01 2.072956e+01
2.118000e+01 2.044500e+01 2.078336e+01 2.073888e+01 2.118500e+01 2.045000e+01 2.078391e+01 2.073839e+01
2.118500e+01 2.045000e+01 2.078391e+01 2.073839e+01 2.119000e+01 2.045500e+01 2.078462e+01 2.073794e+01
2.043500e+01 2.046000e+01 2.083457e+01 2.072901e+01 2.043000e+01 2.046500e+01 2.083380e+01 2.072850e+01
2.044000e+01 2.045500e+01 2.083519e+01 2.072956e+01 2.043500e+01 2.046000e+01 2.083457e+01 2.072901e+01
2.119000e+01 2.045500e+01 2.078462e+01 2.073794e+01 2.119000e+01 2.046500e+01 2.078025e+01 2.074120e+01
2.043000e+01 2.046500e+01 2.083380e+01 2.072850e+01 2.043000e+01 2.047500e+01 2.083842e+01 2.073190e+01
2.119000e+01 2.046500e+01 2.078025e+01 2.074120e+01 2.119500e+01 2.047000e+01 2.078107e+01 2.074055e+01
2.119500e+01 2.047000e+01 2.078107e+01 2.074055e+01 2.120000e+01 2.047500e+01 2.078204e+01 2.073996e+01
2.042500e+01 2.048000e+01 2.083753e+01 2.073120e+01 2.042000e+01 2.048500e+01 2.083650e+01 2.073055e+01
2.043000e+01 2.047500e+01 2.083842e+01 2.073190e+01 2.042500e+01 2.048000e+01 2.083753e+01 2.073120e+01
2.120000e+01 2.047500e+01 2.078204e+01 2.073996e+01 2.120000e+01 2.048500e+01 2.077782e+01 2.074281e+01
2.042000e+01 2.048500e+01 2.083650e+01 2.073055e+01 2.042000e+01 2.049500e+01 2.084097e+01 2.073355e+01
2.120000e+01 2.048500e+01 2.077782e+01 2.074281e+01 2.120500e+01 2.049000e+01 2.077893e+01 2.074203e+01
2.120500e+01 2.049000e+01 2.077893e+01 2.074203e+01 2.121000e+01 2.049500e+01 2.078019e+01 2.074132e+01
2.041500e+01 2.050000e+01 2.083981e+01 2.073273e+01 2.041000e+01 2.050500e+01 2.083851e+01 2.073198e+01
2.042000e+01 2.049500e+01 2.084097e+01 2.073355e+01 2.041500e+01 2.050000e+01 2.083981e+01 2.073273e+01
2.121000e+01 2.049500e+01 2.078019e+01 2.074132e+01 2.121000e+01 2.050500e+01 2.077617e+01 2.074378e+01
2.041000e+01 2.050500e+01 2.083851e+01 2.073198e+01 2.041000e+01 2.051500e+01 2.084279e+01 2.073460e+01
2.121000e+01 2.050500e+01 2.077617e+01 2.074378e+01 2.121000e+01 2.051500e+01 2.077220e+01 2.074602e+01
2.040500e+01 2.052000e+01 2.084132e+01 2.073370e+01 2.040000e+01 2.052500e+01 2.083973e+01 2.073288e+01
2.041000e+01 2.051500e+01 2.084279e+01 2.073460e+01 2.040500e+01 2.052000e+01 2.084132e+01 2.073370e+01
2.121000e+01 2.051500e+01 2.077220e+01 2.074602e+01 2.121500e+01 2.052000e+01 2.077371e+01 2.074508e+01
2.121500e+01 2.052000e+01 2.077371e+01 2.074508e+01 2.122000e+01 2.052500e+01 2.077537e+01 2.074423e+01
2.040000e+01 2.052500e+01 2.083973e+01 2.073288e+01 2.040000e+01 2.053500e+01 2.084378e+01 2.073515e+01
2.122000e+01 2.052500e+01 2.077537e+01 2.074423e+01 2.122000e+01 2.053500e+01 2.077166e+01 2.074612e+01
2.040000e+01 2.053500e+01 2.084378e+01 2.073515e+01 2.040000e+01 2.054500e+01 2.084775e+01 2.073722e+01
2.122000e+01 2.053500e+01 2.077166e+01 2.074612e+01 2.122500e+01 2.054000e+01 2.077352e+01 2.074515e+01
2.122500e+01 2.054000e+01 2.077352e+01 2.074515e+01 2.123000e+01 2.054500e+01 2.077551e+01 2.074428e+01
2.039500e+01 2.055000e+01 2.084588e+01 2.073621e+01 2.039000e+01 2.055500e+01 2.084388e+01 2.073531e+01
2.040000e+01 2.054500e+01 2.084775e+01 2.073722e+01 2.039500e+01 2.055000e+01 2.084588e+01 2.073621e+01
2.123000e+01 2.054500e+01 2.077551e+01 2.074428e+01 2.123000e+01 2.055500e+01 2.077209e+01 2.074586e+01
2.039000e+01 2.055500e+01 2.084388e+01 2.073531e+01 2.039000e+01 2.056500e+01 2.084757e+01 2.073708e+01
2.123000e+01 2.055500e+01 2.077209e+01 2.074586e+01 2.123000e+01 2.056500e+01 2.076878e+01 2.074726e+01
2.039000e+01 2.056500e+01 2.084757e+01 2.073708e+01 2.039000e+01 2.057500e+01 2.085115e+01 2.073866e+01
2.123000e+01 2.056500e+01 2.076878e+01 2.074726e+01 2.123500e+01 2.057000e+01 2.077109e+01 2.074626e+01
2.123500e+01 2.057000e+01 2.077109e+01 2.074626e+01 2.124000e+01 2.057500e+01 2.077354e+01 2.074538e+01
2.038500e+01 2.058000e+01 2.084884e+01 2.073762e+01 2.038000e+01 2.058500e+01 2.084643e+01 2.073669e+01
2.039000e+01 2.057500e+01 2.085115e+01 2.073866e+01 2.038500e+01 2.058000e+01 2.084884e+01 2.073762e+01
2.124000e+01 2.057500e+01 2.077354e+01 2.074538e+01 2.124000e+01 2.058500e+01 2.077057e+01 2.074653e+01
2.038000e+01 2.058500e+01 2.084643e+01 2.073669e+01 2.038000e+01 2.059500e+01 2.084968e+01 2.073804e+01
2.124000e+01 2.058500e+01 2.077057e+01 2.074653e+01 2.124000e+01 2.059500e+01 2.076773e+01 2.074751e+01
2.038000e+01 2.059500e+01 2.084968e+01 2.073804e+01 2.038000e+01 2.060500e+01 2.085280e+01 2.073921e+01
2.124000e+01 2.059500e+01 2.076773e+01 2.074751e+01 2.124000e+01 2.060500e+01 2.076503e+01 2.074834e+01
2.038000e+01 2.060500e+01 2.085280e+01 2.073921e+01 2.038000e+01 2.061500e+01 2.085578e+01 2.074022e+01
2.124000e+01 2.060500e+01 2.076503e+01 2.074834e+01 2.124500e+01 2.061000e+01 2.076795e+01 2.074739e+01
2.124500e+01 2.061000e+01 2.076795e+01 2.074739e+01 2.125000e+01 2.061500e+01 2.077097e+01 2.074658e+01
2.037500e+01 2.062000e+01 2.085291e+01 2.073922e+01 2.037000e+01 2.062500e+01 2.084995e+01 2.073835e+01
2.038000e+01 2.061500e+01 2.085578e+01 2.074022e+01 2.037500e+01 2.062000e+01 2.085291e+01 2.073922e+01
2.077500e+01 2.062000e+01 2.089088e+01 2.095703e+01 2.077000e+01 2.062500e+01 2.090201e+01 2.095375e+01
2.077500e+01 2.062000e+01 2.089088e+01 2.095703e+01 2.078500e+01 2.062000e+01 2.087262e+01 2.096127e+01
2.078500e+01 2.062000e+01 2.087262e+01 2.096127e+01 2.079500e+01 2.062000e+01 2.085334e+01 2.096433e+01
2.079500e+01 2.062000e+01 2.085334e+01 2.096433e+01 2.080500e+01 2.062000e+01 2.083334e+01 2.096608e+01
2.080500e+01 2.062000e+01 2.083334e+01 2.096608e+01 2.081500e+01 2.062000e+01 2.081297e+01 2.096644e+01
2.081500e+01 2.062000e+01 2.081297e+01 2.096644e+01 2.082500e+01 2.062000e+01 2.079260e+01 2.096538e+01
2.082500e+01 2.062000e+01 2.079260e+01 2.096538e+01 2.083500e+01 2.062000e+01 2.077259e+01 2.096295e+01
2.083500e+01 2.062000e+01 2.077259e+01 2.096295e+01 2.084500e+01 2.062000e+01 2.075328e+01 2.095923e+01
2.084500e+01 2.062000e+01 2.075328e+01 2.095923e+01 2.085500e+01 2.062000e+01 2.073499e+01 2.095438e+01
2.085500e+01 2.062000e+01 2.073499e+01 2.095438e+01 2.086500e+01 2.062000e+01 2.071794e+01 2.094857e+01
2.086500e+01 2.062000e+01 2.071794e+01 2.094857e+01 2.087000e+01 2.062500e+01 2.070683e+01 2.094414e+01
2.125000e+01 2.061500e+01 2.077097e+01 2.074658e+01 2.125000e+01 2.062500e+01 2.076867e+01 2.074725e+01
2.037000e+01 2.062500e+01 2.084995e+01 2.073835e+01 2.037000e+01 2.063500e+01 2.085256e+01 2.073920e+01
2.075500e+01 2.063000e+01 2.093018e+01 2.094321e+01 2.075000e+01 2.063500e+01 2.094108e+01 2.093802e+01
2.075500e+01 2.063000e+01 2.093018e+01 2.094321e+01 2.076500e+01 2.063000e+01 2.091381e+01 2.094971e+01
2.077000e+01 2.062500e+01 2.090201e+01 2.095375e+01 2.076500e+01 2.063000e+01 2.091381e+01 2.094971e+01
2.087000e+01 2.062500e+01 2.070683e+01 2.094414e+01 2.087500e+01 2.063000e+01 2.069515e+01 2.093889e+01
2.087500e+01 2.063000e+01 2.069515e+01 2.093889e+01 2.088500e+01 2.063000e+01 2.068052e+01 2.093127e+01
2.088500e+01 2.063000e+01 2.068052e+01 2.093127e+01 2.089000e+01 2.063500e+01 2.067009e+01 2.092511e+01
2.125000e+01 2.062500e+01 2.076867e+01 2.074725e+01 2.125000e+01 2.063500e+01 2.076652e+01 2.074780e+01
2.037000e+01 2.063500e+01 2.085256e+01 2.073920e+01 2.037000e+01 2.064500e+01 2.085500e+01 2.073992e+01
2.073500e+01 2.064000e+01 2.096575e+01 2.092402e+01 2.073000e+01 2.064500e+01 2.097556e+01 2.091731e+01
2.073500e+01 2.064000e+01 2.096575e+01 2.092402e+01 2.074500e+01 2.064000e+01 2.095245e+01 2.093196e+01
2.075000e+01 2.063500e+01 2.094108e+01 2.093802e+01 2.074500e+01 2.064000e+01 2.095245e+01 2.093196e+01
2.089000e+01 2.063500e+01 2.067009e+01 2.092511e+01 2.089500e+01 2.064000e+01 2.065934e+01 2.091809e+01
2.089500e+01 2.064000e+01 2.065934e+01 2.091809e+01 2.090000e+01 2.064500e+01 2.064946e+01 2.091085e+01
2.125000e+01 2.063500e+01 2.076652e+01 2.074780e+01 2.125000e+01 2.064500e+01 2.076455e+01 2.074822e+01
2.037000e+01 2.064500e+01 2.085500e+01 2.073992e+01 2.037000e+01 2.065500e+01 2.085728e+01 2.074051e+01
2.072500e+01 2.065000e+01 2.098555e+01 2.090977e+01 2.072000e+01 2.065500e+01 2.099459e+01 2.090215e+01
2.073000e+01 2.064500e+01 2.097556e+01 2.091731e+01 2.072500e+01 2.065000e+01 2.098555e+01 2.090977e+01
2.090000e+01 2.064500e+01 2.064946e+01 2.091085e+01 2.090500e+01 2.065000e+01 2.063945e+01 2.090277e+01
2.090500e+01 2.065000e+01 2.063945e+01 2.090277e+01 2.091000e+01 2.065500e+01 2.063043e+01 2.089466e+01
2.125000e+01 2.064500e+01 2.076455e+01 2.074822e+01 2.125000e+01 2.065500e+01 2.076274e+01 2.074853e+01
2.037000e+01 2.065500e+01 2.085728e+01 2.074051e+01 2.037000e+01 2.066500e+01 2.085939e+01 2.074099e+01
2.071500e+01 2.066000e+01 2.100363e+01 2.089374e+01 2.071000e+01 2.066500e+01 2.101166e+01 2.088543e+01
2.072000e+01 2.065500e+01 2.099459e+01 2.090215e+01 2.071500e+01 2.066000e+01 2.100363e+01 2.089374e+01
2.091000e+01 2.065500e+01 2.063043e+01 2.089466e+01 2.091500e+01 2.066000e+01 2.062149e+01 2.088580e+01
2.091500e+01 2.066000e+01 2.062149e+01 2.088580e+01 2.092000e+01 2.066500e+01 2.061359e+01 2.087710e+01
2.125000e+01 2.065500e+01 2.076274e+01 2.074853e+01 2.125500e+01 2.066000e+01 2.076639e+01 2.074782e+01
2.125500e+01 2.066000e+01 2.076639e+01 2.074782e+01 2.126000e+01 2.066500e+01 2.077012e+01 2.074723e+01
2.037000e+01 2.066500e+01 2.085939e+01 2.074099e+01 2.037000e+01 2.067500e+01 2.086133e+01 2.074135e+01
2.070500e+01 2.067000e+01 2.101949e+01 2.087644e+01 2.070000e+01 2.067500e+01 2.102632e+01 2.086773e+01
2.071000e+01 2.066500e+01 2.101166e+01 2.088543e+01 2.070500e+01 2.067000e+01 2.101949e+01 2.087644e+01
2.092000e+01 2.066500e+01 2.061359e+01 2.087710e+01 2.092500e+01 2.067000e+01 2.060595e+01 2.086777e+01
2.092500e+01 2.067000e+01 2.060595e+01 2.086777e+01 2.093000e+01 2.067500e+01 2.059934e+01 2.085879e+01
2.126000e+01 2.066500e+01 2.077012e+01 2.074723e+01 2.126000e+01 2.067500e+01 2.076875e+01 2.074752e+01
2.037000e+01 2.067500e+01 2.086133e+01 2.074135e+01 2.037000e+01 2.068500e+01 2.086308e+01 2.074160e+01
2.069500e+01 2.068000e+01 2.103281e+01 2.085848e+01 2.069000e+01 2.068500e+01 2.103835e+01 2.084964e+01
2.070000e+01 2.067500e+01 2.102632e+01 2.086773e+01 2.069500e+01 2.068000e+01 2.103281e+01 2.085848e+01
2.093000e+01 2.067500e+01 2.059934e+01 2.085879e+01 2.093000e+01 2.068500e+01 2.059192e+01 2.084728e+01
2.126000e+01 2.067500e+01 2.076875e+01 2.074752e+01 2.126000e+01 2.068500e+01 2.076756e+01 2.074774e+01
2.036500e+01 2.069000e+01 2.085929e+01 2.074091e+01 2.036000e+01 2.069500e+01 2.085544e+01 2.074033e+01
2.037000e+01 2.068500e+01 2.086308e+01 2.074160e+01 2.036500e+01 2.069000e+01 2.085929e+01 2.074091e+01
2.069000e+01 2.068500e+01 2.103835e+01 2.084964e+01 2.069000e+01 2.069500e+01 2.104497e+01 2.083783e+01
2.093000e+01 2.068500e+01 2.059192e+01 2.084728e+01 2.093500e+01 2.069000e+01 2.058623e+01 2.083745e+01
2.093500e+01 2.069000e+01 2.058623e+01 2.083745e+01 2.094000e+01 2.069500e+01 2.058148e+01 2.082817e+01
2.126000e+01 2.068500e+01 2.076756e+01 2.074774e+01 2.126000e+01 2.069500e+01 2.076657e+01 2.074788e+01
2.036000e+01 2.069500e+01 2.085544e+01 2.074033e+01 2.036000e+01 2.070500e+01 2.085677e+01 2.074061e+01
2.068500e+01 2.070000e+01 2.104952e+01 2.082835e+01 2.068000e+01 2.070500e+01 2.105322e+01 2.081943e+01
2.069000e+01 2.069500e+01 2.104497e+01 2.083783e+01 2.068500e+01 2.070000e+01 2.104952e+01 2.082835e+01
2.094000e+01 2.069500e+01 2.058148e+01 2.082817e+01 2.094000e+01 2.070500e+01 2.057578e+01 2.081495e+01
2.126000e+01 2.069500e+01 2.076657e+01 2.074788e+01 2.126000e+01 2.070500e+01 2.076576e+01 2.074797e+01
2.036000e+01 2.070500e+01 2.085677e+01 2.074061e+01 2.036000e+01 2.071500e+01 2.085791e+01 2.074082e+01
2.068000e+01 2.070500e+01 2.105322e+01 2.081943e+01 2.068000e+01 2.071500e+01 2.105800e+01 2.080618e+01
2.094000e+01 2.070500e+01 2.057578e+01 2.081495e+01 2.094500e+01 2.071000e+01 2.057227e+01 2.080544e+01
2.094500e+01 2.071000e+01 2.057227e+01 2.080544e+01 2.095000e+01 2.071500e+01 2.056954e+01 2.079658e+01
2.126000e+01 2.070500e+01 2.076576e+01 2.074797e+01 2.126000e+01 2.071500e+01 2.076516e+01 2.074801e+01
2.036000e+01 2.071500e+01 2.085791e+01 2.074082e+01 2.036000e+01 2.072500e+01 2.085885e+01 2.074098e+01
2.068000e+01 2.071500e+01 2.105800e+01 2.080618e+01 2.068000e+01 2.072500e+01 2.106186e+01 2.079209e+01
2.095000e+01 2.071500e+01 2.056954e+01 2.079658e+01 2.095000e+01 2.072500e+01 2.056602e+01 2.078263e+01
2.126000e+01 2.071500e+01 2.076516e+01 2.074801e+01 2.126000e+01 2.072500e+01 2.076476e+01 2.074801e+01
2.036000e+01 2.072500e+01 2.085885e+01 2.074098e+01 2.036000e+01 2.073500e+01 2.085960e+01 2.074109e+01
2.068000e+01 2.072500e+01 2.106186e+01 2.079209e+01 2.068000e+01 2.073500e+01 2.106469e+01 2.077731e+01
2.095000e+01 2.072500e+01 2.056602e+01 2.078263e+01 2.095000e+01 2.073500e+01 2.056351e+01 2.076816e+01
2.126000e+01 2.072500e+01 2.076476e+01 2.074801e+01 2.126000e+01 2.073500e+01 2.076456e+01 2.074799e+01
2.036000e+01 2.073500e+01 2.085960e+01 2.074109e+01 2.036000e+01 2.074500e+01 2.086015e+01 2.074117e+01
2.067500e+01 2.074000e+01 2.106590e+01 2.076882e+01 2.067000e+01 2.074500e+01 2.106656e+01 2.076095e+01
2.068000e+01 2.073500e+01 2.106469e+01 2.077731e+01 2.067500e+01 2.074000e+01 2.106590e+01 2.076882e+01
2.095000e+01 2.073500e+01 2.056351e+01 2.076816e+01 2.095000e+01 2.074500e+01 2.056209e+01 2.075337e+01
2.126000e+01 2.073500e+01 2.076456e+01 2.074799e+01 2.126000e+01 2.074500e+01 2.076456e+01 2.074796e+01
2.036000e+01 2.074500e+01 2.086015e+01 2.074117e+01 2.036000e+01 2.075500e+01 2.086050e+01 2.074123e+01
2.067000e+01 2.074500e+01 2.106656e+01 2.076095e+01 2.067000e+01 2.075500e+01 2.106707e+01 2.074654e+01
2.095000e+01 2.074500e+01 2.056209e+01 2.075337e+01 2.095000e+01 2.075500e+01 2.056180e+01 2.073848e+01
2.126000e+01 2.074500e+01 2.076456e+01 2.074796e+01 2.126000e+01 2.075500e+01 2.076476e+01 2.074793e+01
2.036000e+01 2.075500e+01 2.086050e+01 2.074123e+01 2.036000e+01 2.076500e+01 2.086065e+01 2.074128e+01
2.067000e+01 2.075500e+01 2.106707e+01 2.074654e+01 2.067000e+01 2.076500e+01 2.106649e+01 2.073210e+01
2.095000e+01 2.075500e+01 2.056180e+01 2.073848e+01 2.095000e+01 2.076500e+01 2.056265e+01 2.072368e+01
2.126000e+01 2.075500e+01 2.076476e+01 2.074793e+01 2.126000e+01 2.076500e+01 2.076517e+01 2.074792e+01
2.036000e+01 2.076500e+01 2.086065e+01 2.074128e+01 2.036000e+01 2.077500e+01 2.086060e+01 2.074133e+01
2.067000e+01 2.076500e+01 2.106649e+01 2.073210e+01 2.067000e+01 2.077500e+01 2.106483e+01 2.071782e+01
2.095000e+01 2.076500e+01 2.056265e+01 2.072368e+01 2.095000e+01 2.077500e+01 2.056459e+01 2.070920e+01
2.126000e+01 2.076500e+01 2.076517e+01 2.074792e+01 2.126000e+01 2.077500e+01 2.076579e+01 2.074793e+01
2.036000e+01 2.077500e+01 2.086060e+01 2.074133e+01 2.036000e+01 2.078500e+01 2.086035e+01 2.074140e+01
2.067000e+01 2.077500e+01 2.106483e+01 2.071782e+01 2.067500e+01 2.078000e+01 2.106346e+01 2.070950e+01
2.067500e+01 2.078000e+01 2.106346e+01 2.070950e+01 2.068000e+01 2.078500e+01 2.106143e+01 2.070053e+01
2.095000e+01 2.077500e+01 2.056459e+01 2.070920e+01 2.095000e+01 2.078500e+01 2.056759e+01 2.069522e+01
2.126000e+01 2.077500e+01 2.076579e+01 2.074793e+01 2.126000e+01 2.078500e+01 2.076660e+01 2.074797e+01
2.036000e+01 2.078500e+01 2.086035e+01 2.074140e+01 2.036000e+01 2.079500e+01 2.085990e+01 2.074149e+01
2.068000e+01 2.078500e+01 2.106143e+01 2.070053e+01 2.068000e+01 2.079500e+01 2.105742e+01 2.068617e+01
2.094500e+01 2.079000e+01 2.056986e+01 2.068660e+01 2.094000e+01 2.079500e+01 2.057284e+01 2.067735e+01
2.095000e+01 2.078500e+01 2.056759e+01 2.069522e+01 2.094500e+01 2.079000e+01 2.056986e+01 2.068660e+01
2.126000e+01 2.078500e+01 2.076660e+01 2.074797e+01 2.126000e+01 2.079500e+01 2.076761e+01 2.074807e+01
2.036000e+01 2.079500e+01 2.085990e+01 2.074149e+01 2.036000e+01 2.080500e+01 2.085925e+01 2.074162e+01
2.068000e+01 2.079500e+01 2.105742e+01 2.068617e+01 2.068000e+01 2.080500e+01 2.105247e+01 2.067260e+01
2.094000e+01 2.079500e+01 2.057284e+01 2.067735e+01 2.094000e+01 2.080500e+01 2.057800e+01 2.066404e+01
2.126000e+01 2.079500e+01 2.076761e+01 2.074807e+01 2.126000e+01 2.080500e+01 2.076882e+01 2.074822e+01
2.036000e+01 2.080500e+01 2.085925e+01 2.074162e+01 2.036500e+01 2.081000e+01 2.086345e+01 2.074129e+01
2.036500e+01 2.081000e+01 2.086345e+01 2.074129e+01 2.037000e+01 2.081500e+01 2.086759e+01 2.074084e+01
2.068000e+01 2.080500e+01 2.105247e+01 2.067260e+01 2.068500e+01 2.081000e+01 2.104849e+01 2.066342e+01
2.068500e+01 2.081000e+01 2.104849e+01 2.066342e+01 2.069000e+01 2.081500e+01 2.104360e+01 2.065364e+01
2.093500e+01 2.081000e+01 2.058219e+01 2.065495e+01 2.093000e+01 2.081500e+01 2.058726e+01 2.064532e+01
2.094000e+01 2.080500e+01 2.057800e+01 2.066404e+01 2.093500e+01 2.081000e+01 2.058219e+01 2.065495e+01
2.126000e+01 2.080500e+01 2.076882e+01 2.074822e+01 2.126000e+01 2.081500e+01 2.077022e+01 2.074845e+01
2.037000e+01 2.081500e+01 2.086759e+01 2.074084e+01 2.037000e+01 2.082500e+01 2.086651e+01 2.074089e+01
2.069000e+01 2.081500e+01 2.104360e+01 2.065364e+01 2.069000e+01 2.082500e+01 2.103674e+01 2.064144e+01
2.093000e+01 2.081500e+01 2.058726e+01 2.064532e+01 2.093000e+01 2.082500e+01 2.059421e+01 2.063365e+01
2.126000e+01 2.081500e+01 2.077022e+01 2.074845e+01 2.126000e+01 2.082500e+01 2.077181e+01 2.074875e+01
2.037000e+01 2.082500e+01 2.086651e+01 2.074089e+01 2.037000e+01 2.083500e+01 2.086524e+01 2.074101e+01
2.069000e+01 2.082500e+01 2.103674e+01 2.064144e+01 2.069500e+01 2.083000e+01 2.103079e+01 2.063228e+01
2.069500e+01 2.083000e+01 2.103079e+01 2.063228e+01 2.070000e+01 2.083500e+01 2.102384e+01 2.062270e+01
2.092500e+01 2.083000e+01 2.060022e+01 2.062477e+01 2.092000e+01 2.083500e+01 2.060722e+01 2.061553e+01
2.093000e+01 2.082500e+01 2.059421e+01 2.063365e+01 2.092500e+01 2.083000e+01 2.060022e+01 2.062477e+01
2.126000e+01 2.082500e+01 2.077181e+01 2.074875e+01 2.126000e+01 2.083500e+01 2.077358e+01 2.074915e+01
2.037000e+01 2.083500e+01 2.086524e+01 2.074101e+01 2.037000e+01 2.084500e+01 2.086378e+01 2.074121e+01
2.070000e+01 2.083500e+01 2.102384e+01 2.062270e+01 2.070000e+01 2.084500e+01 2.101573e+01 2.061273e+01
2.091500e+01 2.084000e+01 2.061452e+01 2.060687e+01 2.091000e+01 2.084500e+01 2.062283e+01 2.059800e+01
2.092000e+01 2.083500e+01 2.060722e+01 2.061553e+01 2.091500e+01 2.084000e+01 2.061452e+01 2.060687e+01
2.126000e+01 2.083500e+01 2.077358e+01 2.074915e+01 2.126000e+01 2.084500e+01 2.077553e+01 2.074965e+01
2.037000e+01 2.084500e+01 2.086378e+01 2.074121e+01 2.037000e+01 2.085500e+01 2.086213e+01 2.074152e+01
2.070000e+01 2.084500e+01 2.101573e+01 2.061273e+01 2.070500e+01 2.085000e+01 2.100817e+01 2.060430e+01
2.070500e+01 2.085000e+01 2.100817e+01 2.060430e+01 2.071000e+01 2.085500e+01 2.099960e+01 2.059570e+01
2.090500e+01 2.085000e+01 2.063128e+01 2.058985e+01 2.090000e+01 2.085500e+01 2.064073e+01 2.058166e+01
2.091000e+01 2.084500e+01 2.062283e+01 2.059800e+01 2.090500e+01 2.085000e+01 2.063128e+01 2.058985e+01
2.125500e+01 2.085000e+01 2.077208e+01 2.074889e+01 2.125000e+01 2.085500e+01 2.076872e+01 2.074801e+01
2.126000e+01 2.084500e+01 2.077553e+01 2.074965e+01 2.125500e+01 2.085000e+01 2.077208e+01 2.074889e+01
2.037000e+01 2.085500e+01 2.086213e+01 2.074152e+01 2.037000e+01 2.086500e+01 2.086031e+01 2.074192e+01
2.071000e+01 2.085500e+01 2.099960e+01 2.059570e+01 2.071500e+01 2.086000e+01 2.099095e+01 2.058782e+01
2.071500e+01 2.086000e+01 2.099095e+01 2.058782e+01 2.072500e+01 2.086000e+01 2.098039e+01 2.057919e+01
2.072500e+01 2.086000e+01 2.098039e+01 2.057919e+01 2.073000e+01 2.086500e+01 2.096984e+01 2.057143e+01
2.089500e+01 2.086000e+01 2.065012e+01 2.057429e+01 2.089000e+01 2.086500e+01 2.066043e+01 2.056706e+01
2.090000e+01 2.085500e+01 2.064073e+01 2.058166e+01 2.089500e+01 2.086000e+01 2.065012e+01 2.057429e+01
2.125000e+01 2.085500e+01 2.076872e+01 2.074801e+01 2.125000e+01 2.086500e+01 2.077108e+01 2.074858e+01
2.037000e+01 2.086500e+01 2.086031e+01 2.074192e+01 2.037000e+01 2.087500e+01 2.085832e+01 2.074245e+01
2.073000e+01 2.086500e+01 2.096984e+01 2.057143e+01 2.073500e+01 2.087000e+01 2.095950e+01 2.056456e+01
2.073500e+01 2.087000e+01 2.095950e+01 2.056456e+01 2.074000e+01 2.087500e+01 2.094836e+01 2.055799e+01
2.087500e+01 2.087000e+01 2.068443e+01 2.055298e+01 2.087000e+01 2.087500e+01 2.069593e+01 2.054737e+01
2.087500e+01 2.087000e+01 2.068443e+01 2.055298e+01 2.088500e+01 2.087000e+01 2.067049e+01 2.056068e+01
2.089000e+01 2.086500e+01 2.066043e+01 2.056706e+01 2.088500e+01 2.087000e+01 2.067049e+01 2.056068e+01
2.125000e+01 2.086500e+01 2.077108e+01 2.074858e+01 2.125000e+01 2.087500e+01 2.077360e+01 2.074927e+01
2.037000e+01 2.087500e+01 2.085832e+01 2.074245e+01 2.037500e+01 2.088000e+01 2.086159e+01 2.074169e+01
2.037500e+01 2.088000e+01 2.086159e+01 2.074169e+01 2.038000e+01 2.088500e+01 2.086477e+01 2.074081e+01
2.074000e+01 2.087500e+01 2.094836e+01 2.055799e+01 2.074500e+01 2.088000e+01 2.093763e+01 2.055230e+01
2.074500e+01 2.088000e+01 2.093763e+01 2.055230e+01 2.075500e+01 2.088000e+01 2.092214e+01 2.054512e+01
2.075500e+01 2.088000e+01 2.092214e+01 2.054512e+01 2.076000e+01 2.088500e+01 2.091037e+01 2.054048e+01
2.085500e+01 2.088000e+01 2.072369e+01 2.053654e+01 2.085000e+01 2.088500e+01 2.073538e+01 2.053300e+01
2.085500e+01 2.088000e+01 2.072369e+01 2.053654e+01 2.086500e+01 2.088000e+01 2.070690e+01 2.054260e+01
2.087000e+01 2.087500e+01 2.069593e+01 2.054737e+01 2.086500e+01 2.088000e+01 2.070690e+01 2.054260e+01
2.125000e+01 2.087500e+01 2.077360e+01 2.074927e+01 2.125000e+01 2.088500e+01 2.077628e+01 2.075011e+01
2.038000e+01 2.088500e+01 2.086477e+01 2.074081e+01 2.038000e+01 2.089500e+01 2.086236e+01 2.074144e+01
2.076000e+01 2.088500e+01 2.091037e+01 2.054048e+01 2.076500e+01 2.089000e+01 2.089923e+01 2.053663e+01
2.076500e+01 2.089000e+01 2.089923e+01 2.053663e+01 2.077500e+01 2.089000e+01 2.088168e+01 2.053150e+01
2.077500e+01 2.089000e+01 2.088168e+01 2.053150e+01 2.078500e+01 2.089000e+01 2.086308e+01 2.052742e+01
2.078500e+01 2.089000e+01 2.086308e+01 2.052742e+01 2.079500e+01 2.089000e+01 2.084368e+01 2.052455e+01
2.079500e+01 2.089000e+01 2.084368e+01 2.052455e+01 2.080500e+01 2.089000e+01 2.082379e+01 2.052298e+01
2.080500e+01 2.089000e+01 2.082379e+01 2.052298e+01 2.081500e+01 2.089000e+01 2.080378e+01 2.052279e+01
2.081500e+01 2.089000e+01 2.080378e+01 2.052279e+01 2.082500e+01 2.089000e+01 2.078398e+01 2.052397e+01
2.082500e+01 2.089000e+01 2.078398e+01 2.052397e+01 2.083500e+01 2.089000e+01 2.076475e+01 2.052647e+01
2.083500e+01 2.089000e+01 2.076475e+01 2.052647e+01 2.084500e+01 2.089000e+01 2.074638e+01 2.053017e+01
2.085000e+01 2.088500e+01 2.073538e+01 2.053300e+01 2.084500e+01 2.089000e+01 2.074638e+01 2.053017e+01
2.125000e+01 2.088500e+01 2.077628e+01 2.075011e+01 2.125000e+01 2.089500e+01 2.077910e+01 2.075109e+01
2.038000e+01 2.089500e+01 2.086236e+01 2.074144e+01 2.038000e+01 2.090500e+01 2.085980e+01 2.074221e+01
2.124500e+01 2.090000e+01 2.077633e+01 2.075017e+01 2.124000e+01 2.090500e+01 2.077365e+01 2.074915e+01
2.125000e+01 2.089500e+01 2.077910e+01 2.075109e+01 2.124500e+01 2.090000e+01 2.077633e+01 2.075017e+01
2.038000e+01 2.090500e+01 2.085980e+01 2.074221e+01 2.038000e+01 2.091500e+01 2.085710e+01 2.074313e+01
2.124000e+01 2.090500e+01 2.077365e+01 2.074915e+01 2.124000e+01 2.091500e+01 2.077685e+01 2.075031e+01
2.038000e+01 2.091500e+01 2.085710e+01 2.074313e+01 2.038500e+01 2.092000e+01 2.085979e+01 2.074226e+01
2.038500e+01 2.092000e+01 2.085979e+01 2.074226e+01 2.039000e+01 2.092500e+01 2.086236e+01 2.074126e+01
2.124000e+01 2.091500e+01 2.077685e+01 2.075031e+01 2.124000e+01 2.092500e+01 2.078017e+01 2.075165e+01
2.039000e+01 2.092500e+01 2.086236e+01 2.074126e+01 2.039000e+01 2.093500e+01 2.085929e+01 2.074239e+01
2.124000e+01 2.092500e+01 2.078017e+01 2.075165e+01 2.124000e+01 2.093500e+01 2.078361e+01 2.075317e+01
2.039000e+01 2.093500e+01 2.085929e+01 2.074239e+01 2.039000e+01 2.094500e+01 2.085610e+01 2.074369e+01
2.123500e+01 2.094000e+01 2.078137e+01 2.075225e+01 2.123000e+01 2.094500e+01 2.077925e+01 2.075122e+01
2.124000e+01 2.093500e+01 2.078361e+01 2.075317e+01 2.123500e+01 2.094000e+01 2.078137e+01 2.075225e+01
2.039000e+01 2.094500e+01 2.085610e+01 2.074369e+01 2.039500e+01 2.095000e+01 2.085832e+01 2.074279e+01
2.039500e+01 2.095000e+01 2.085832e+01 2.074279e+01 2.040000e+01 2.095500e+01 2.086042e+01 2.074177e+01
2.123000e+01 2.094500e+01 2.077925e+01 2.075122e+01 2.123000e+01 2.095500e+01 2.078301e+01 2.075300e+01
2.040000e+01 2.095500e+01 2.086042e+01 2.074177e+01 2.040000e+01 2.096500e+01 2.085690e+01 2.074335e+01
2.123000e+01 2.095500e+01 2.078301e+01 2.075300e+01 2.123000e+01 2.096500e+01 2.078686e+01 2.075498e+01
2.040000e+01 2.096500e+01 2.085690e+01 2.074335e+01 2.040000e+01 2.097500e+01 2.085329e+01 2.074513e+01
2.122500e+01 2.097000e+01 2.078503e+01 2.075411e+01 2.122000e+01 2.097500e+01 2.078334e+01 2.075314e+01
2.123000e+01 2.096500e+01 2.078686e+01 2.075498e+01 2.122500e+01 2.097000e+01 2.078503e+01 2.075411e+01
2.040000e+01 2.097500e+01 2.085329e+01 2.074513e+01 2.040500e+01 2.098000e+01 2.085508e+01 2.074428e+01
2.040500e+01 2.098000e+01 2.085508e+01 2.074428e+01 2.041000e+01 2.098500e+01 2.085672e+01 2.074332e+01
2.122000e+01 2.097500e+01 2.078334e+01 2.075314e+01 2.122000e+01 2.098500e+01 2.078745e+01 2.075544e+01
2.041000e+01 2.098500e+01 2.085672e+01 2.074332e+01 2.041000e+01 2.099500e+01 2.085284e+01 2.074544e+01
2.121500e+01 2.099000e+01 2.078593e+01 2.075461e+01 2.121000e+01 2.099500e+01 2.078454e+01 2.075369e+01
2.122000e+01 2.098500e+01 2.078745e+01 2.075544e+01 2.121500e+01 2.099000e+01 2.078593e+01 2.075461e+01
2.041000e+01 2.099500e+01 2.085284e+01 2.074544e+01 2.041000e+01 2.100500e+01 2.084890e+01 2.074776e+01
2.121000e+01 2.099500e+01 2.078454e+01 2.075369e+01 2.121000e+01 2.100500e+01 2.078888e+01 2.075635e+01
2.041000e+01 2.100500e+01 2.084890e+01 2.074776e+01 2.041500e+01 2.101000e+01 2.085027e+01 2.074703e+01
2.041500e+01 2.101000e+01 2.085027e+01 2.074703e+01 2.042000e+01 2.101500e+01 2.085150e+01 2.074622e+01
2.121000e+01 2.100500e+01 2.078888e+01 2.075635e+01 2.121000e+01 2.101500e+01 2.079326e+01 2.075923e+01
2.042000e+01 2.101500e+01 2.085150e+01 2.074622e+01 2.042000e+01 2.102500e+01 2.084735e+01 2.074892e+01
2.120500e+01 2.102000e+01 2.079210e+01 2.075856e+01 2.120000e+01 2.102500e+01 2.079109e+01 2.075782e+01
2.121000e+01 2.101500e+01 2.079326e+01 2.075923e+01 2.120500e+01 2.102000e+01 2.079210e+01 2.075856e+01
2.042000e+01 2.102500e+01 2.084735e+01 2.074892e+01 2.042500e+01 2.103000e+01 2.084843e+01 2.074829e+01
2.042500e+01 2.103000e+01 2.084843e+01 2.074829e+01 2.043000e+01 2.103500e+01 2.084935e+01 2.074759e+01
2.120000e+01 2.102500e+01 2.079109e+01 2.075782e+01 2.120000e+01 2.103500e+01 2.079563e+01 2.076109e+01
2.043000e+01 2.103500e+01 2.084935e+01 2.074759e+01 2.043000e+01 2.104500e+01 2.084504e+01 2.075070e+01
2.119500e+01 2.104000e+01 2.079474e+01 2.076054e+01 2.119000e+01 2.104500e+01 2.079399e+01 2.075994e+01
2.120000e+01 2.103500e+01 2.079563e+01 2.076109e+01 2.119500e+01 2.104000e+01 2.079474e+01 2.076054e+01
2.043000e+01 2.104500e+01 2.084504e+01 2.075070e+01 2.043500e+01 2.105000e+01 2.084584e+01 2.075021e+01
2.043500e+01 2.105000e+01 2.084584e+01 2.075021e+01 2.044000e+01 2.105500e+01 2.084649e+01 2.074965e+01
2.118500e+01 2.105000e+01 2.079328e+01 2.075944e+01 2.118000e+01 2.105500e+01 2.079273e+01 2.075889e+01
2.119000e+01 2.104500e+01 2.079399e+01 2.075994e+01 2.118500e+01 2.105000e+01 2.079328e+01 2.075944e+01
2.044000e+01 2.105500e+01 2.084649e+01 2.074965e+01 2.044000e+01 2.106500e+01 2.084206e+01 2.075320e+01
2.118000e+01 2.105500e+01 2.079273e+01 2.075889e+01 2.118000e+01 2.106500e+01 2.079749e+01 2.076278e+01
2.044000e+01 2.106500e+01 2.084206e+01 2.075320e+01 2.044500e+01 2.107000e+01 2.084262e+01 2.075287e+01
2.044500e+01 2.107000e+01 2.084262e+01 2.075287e+01 2.045000e+01 2.107500e+01 2.084301e+01 2.075250e+01
2.117500e+01 2.107000e+01 2.079702e+01 2.076245e+01 2.117000e+01 2.107500e+01 2.079669e+01 2.076209e+01
2.118000e+01 2.106500e+01 2.079749e+01 2.076278e+01 2.117500e+01 2.107000e+01 2.079702e+01 2.076245e+01
2.045000e+01 2.107500e+01 2.084301e+01 2.075250e+01 2.045500e+01 2.108000e+01 2.084338e+01 2.075224e+01
2.045500e+01 2.108000e+01 2.084338e+01 2.075224e+01 2.046000e+01 2.108500e+01 2.084358e+01 2.075196e+01
2.117000e+01 2.107500e+01 2.079669e+01 2.076209e+01 2.117000e+01 2.108500e+01 2.080150e+01 2.076641e+01
2.046000e+01 2.108500e+01 2.084358e+01 2.075196e+01 2.046000e+01 2.109500e+01 2.083903e+01 2.075619e+01
2.116500e+01 2.109000e+01 2.080123e+01 2.076628e+01 2.116000e+01 2.109500e+01 2.080110e+01 2.076613e+01
2.117000e+01 2.108500e+01 2.080150e+01 2.076641e+01 2.116500e+01 2.109000e+01 2.080123e+01 2.076628e+01
2.046000e+01 2.109500e+01 2.083903e+01 2.075619e+01 2.046500e+01 2.110000e+01 2.083919e+01 2.075615e+01
2.046500e+01 2.110000e+01 2.083919e+01 2.075615e+01 2.047000e+01 2.110500e+01 2.083920e+01 2.075610e+01
2.115500e+01 2.110000e+01 2.080099e+01 2.076610e+01 2.115000e+01 2.110500e+01 2.080103e+01 2.076606e+01
2.116000e+01 2.109500e+01 2.080110e+01 2.076613e+01 2.115500e+01 2.110000e+01 2.080099e+01 2.076610e+01
2.047000e+01 2.110500e+01 2.083920e+01 2.075610e+01 2.047500e+01 2.111000e+01 2.083919e+01 2.075617e+01
2.047500e+01 2.111000e+01 2.083919e+01 2.075617e+01 2.048000e+01 2.111500e+01 2.083904e+01 2.075624e+01
2.114500e+01 2.111000e+01 2.080107e+01 2.076614e+01 2.114000e+01 2.111500e+01 2.080125e+01 2.076621e+01
2.115000e+01 2.110500e+01 2.080103e+01 2.076606e+01 2.114500e+01 2.111000e+01 2.080107e+01 2.076614e+01
2.048000e+01 2.111500e+01 2.083904e+01 2.075624e+01 2.048500e+01 2.112000e+01 2.083888e+01 2.075644e+01
2.048500e+01 2.112000e+01 2.083888e+01 2.075644e+01 2.049000e+01 2.112500e+01 2.083857e+01 2.075664e+01
2.114000e+01 2.111500e+01 2.080125e+01 2.076621e+01 2.114000e+01 2.112500e+01 2.080609e+01 2.077145e+01
2.049000e+01 2.112500e+01 2.083857e+01 2.075664e+01 2.049000e+01 2.113500e+01 2.083404e+01 2.076184e+01
2.113500e+01 2.113000e+01 2.080627e+01 2.077178e+01 2.113000e+01 2.113500e+01 2.080658e+01 2.077211e+01
2.114000e+01 2.112500e+01 2.080609e+01 2.077145e+01 2.113500e+01 2.113000e+01 2.080627e+01 2.077178e+01
2.049000e+01 2.113500e+01 2.083404e+01 2.076184e+01 2.049500e+01 2.114000e+01 2.083376e+01 2.076230e+01
2.049500e+01 2.114000e+01 2.083376e+01 2.076230e+01 2.050000e+01 2.114500e+01 2.083333e+01 2.076279e+01
2.112500e+01 2.114000e+01 2.080688e+01 2.077257e+01 2.112000e+01 2.114500e+01 2.080731e+01 2.077304e+01
2.113000e+01 2.113500e+01 2.080658e+01 2.077211e+01 2.112500e+01 2.114000e+01 2.080688e+01 2.077257e+01
2.050000e+01 2.114500e+01 2.083333e+01 2.076279e+01 2.050500e+01 2.115000e+01 2.083293e+01 2.076340e+01
2.050500e+01 2.115000e+01 2.083293e+01 2.076340e+01 2.051000e+01 2.115500e+01 2.083239e+01 2.076404e+01
2.111500e+01 2.115000e+01 2.080772e+01 2.077364e+01 2.111000e+01 2.115500e+01 2.080826e+01 2.077427e+01
2.112000e+01 2.114500e+01 2.080731e+01 2.077304e+01 2.111500e+01 2.115000e+01 2.080772e+01 2.077364e+01
2.051000e+01 2.115500e+01 2.083239e+01 2.076404e+01 2.051500e+01 2.116000e+01 2.083189e+01 2.076482e+01
2.051500e+01 2.116000e+01 2.083189e+01 2.076482e+01 2.052000e+01 2.116500e+01 2.083125e+01 2.076562e+01
2.110500e+01 2.116000e+01 2.080876e+01 2.077502e+01 2.110000e+01 2.116500e+01 2.080939e+01 2.077581e+01
2.111000e+01 2.115500e+01 2.080826e+01 2.077427e+01 2.110500e+01 2.116000e+01 2.080876e+01 2.077502e+01
2.052000e+01 2.116500e+01 2.083125e+01 2.076562e+01 2.052500e+01 2.117000e+01 2.083066e+01 2.076656e+01
2.052500e+01 2.117000e+01 2.083066e+01 2.076656e+01 2.053000e+01 2.117500e+01 2.082994e+01 2.076755e+01
2.109500e+01 2.117000e+01 2.080998e+01 2.077671e+01 2.109000e+01 2.117500e+01 2.081069e+01 2.077767e+01
2.110000e+01 2.116500e+01 2.080939e+01 2.077581e+01 2.109500e+01 2.117000e+01 2.080998e+01 2.077671e+01
2.053000e+01 2.117500e+01 2.082994e+01 2.076755e+01 2.053500e+01 2.118000e+01 2.082927e+01 2.076866e+01
2.053500e+01 2.118000e+01 2.082927e+01 2.076866e+01 2.054000e+01 2.118500e+01 2.082849e+01 2.076983e+01
2.108500e+01 2.118000e+01 2.081136e+01 2.077874e+01 2.108000e+01 2.118500e+01 2.081213e+01 2.077986e+01
2.109000e+01 2.117500e+01 2.081069e+01 2.077767e+01 2.108500e+01 2.118000e+01 2.081136e+01 2.077874e+01
2.054000e+01 2.118500e+01 2.082849e+01 2.076983e+01 2.054500e+01 2.119000e+01 2.082776e+01 2.077112e+01
2.054500e+01 2.119000e+01 2.082776e+01 2.077112e+01 2.055000e+01 2.119500e+01 2.082692e+01 2.077247e+01
2.107500e+01 2.119000e+01 2.081285e+01 2.078110e+01 2.107000e+01 2.119500e+01 2.081368e+01 2.078240e+01
2.108000e+01 2.118500e+01 2.081213e+01 2.077986e+01 2.107500e+01 2.119000e+01 2.081285e+01 2.078110e+01
2.055000e+01 2.119500e+01 2.082692e+01 2.077247e+01 2.055500e+01 2.120000e+01 2.082615e+01 2.077395e+01
2.055500e+01 2.120000e+01 2.082615e+01 2.077395e+01 2.056500e+01 2.120000e+01 2.082834e+01 2.077002e+01
2.056500e+01 2.120000e+01 2.082834e+01 2.077002e+01 2.057000e+01 2.120500e+01 2.082737e+01 2.077164e+01
2.105500e+01 2.120000e+01 2.081193e+01 2.077957e+01 2.105000e+01 2.120500e+01 2.081289e+01 2.078111e+01
2.105500e+01 2.120000e+01 2.081193e+01 2.077957e+01 2.106500e+01 2.120000e+01 2.081445e+01 2.078381e+01
2.107000e+01 2.119500e+01 2.081368e+01 2.078240e+01 2.106500e+01 2.120000e+01 2.081445e+01 2.078381e+01
2.057000e+01 2.120500e+01 2.082737e+01 2.077164e+01 2.057500e+01 2.121000e+01 2.082648e+01 2.077338e+01
2.057500e+01 2.121000e+01 2.082648e+01 2.077338e+01 2.058000e+01 2.121500e+01 2.082551e+01 2.077520e+01
2.104500e+01 2.121000e+01 2.081378e+01 2.078277e+01 2.104000e+01 2.121500e+01 2.081475e+01 2.078450e+01
2.105000e+01 2.120500e+01 2.081289e+01 2.078111e+01 2.104500e+01 2.121000e+01 2.081378e+01 2.078277e+01
2.058000e+01 2.121500e+01 2.082551e+01 2.077520e+01 2.058500e+01 2.122000e+01 2.082461e+01 2.077713e+01
2.058500e+01 2.122000e+01 2.082461e+01 2.077713e+01 2.059000e+01 2.122500e+01 2.082364e+01 2.077915e+01
2.102500e+01 2.122000e+01 2.081371e+01 2.078245e+01 2.102000e+01 2.122500e+01 2.081476e+01 2.078445e+01
2.102500e+01 2.122000e+01 2.081371e+01 2.078245e+01 2.103500e+01 2.122000e+01 2.081565e+01 2.078634e+01
2.104000e+01 2.121500e+01 2.081475e+01 2.078450e+01 2.103500e+01 2.122000e+01 2.081565e+01 2.078634e+01
2.059000e+01 2.122500e+01 2.082364e+01 2.077915e+01 2.059500e+01 2.123000e+01 2.082276e+01 2.078128e+01
2.059500e+01 2.123000e+01 2.082276e+01 2.078128e+01 2.060500e+01 2.123000e+01 2.082423e+01 2.077791e+01
2.060500e+01 2.123000e+01 2.082423e+01 2.077791e+01 2.061000e+01 2.123500e+01 2.082322e+01 2.078022e+01
2.101500e+01 2.123000e+01 2.081572e+01 2.078656e+01 2.101000e+01 2.123500e+01 2.081675e+01 2.078875e+01
2.102000e+01 2.122500e+01 2.081476e+01 2.078445e+01 2.101500e+01 2.123000e+01 2.081572e+01 2.078656e+01
2.061000e+01 2.123500e+01 2.082322e+01 2.078022e+01 2.061500e+01 2.124000e+01 2.082231e+01 2.078263e+01
2.061500e+01 2.124000e+01 2.082231e+01 2.078263e+01 2.062500e+01 2.124000e+01 2.082346e+01 2.077954e+01
2.062500e+01 2.124000e+01 2.082346e+01 2.077954e+01 2.063000e+01 2.124500e+01 2.082245e+01 2.078215e+01
2.099500e+01 2.124000e+01 2.081621e+01 2.078758e+01 2.099000e+01 2.124500e+01 2.081725e+01 2.079005e+01
2.099500e+01 2.124000e+01 2.081621e+01 2.078758e+01 2.100500e+01 2.124000e+01 2.081768e+01 2.079103e+01
2.101000e+01 2.123500e+01 2.081675e+01 2.078875e+01 2.100500e+01 2.124000e+01 2.081768e+01 2.079103e+01
2.063000e+01 2.124500e+01 2.082245e+01 2.078215e+01 2.063500e+01 2.125000e+01 2.082155e+01 2.078486e+01
2.063500e+01 2.125000e+01 2.082155e+01 2.078486e+01 2.064500e+01 2.125000e+01 2.082243e+01 2.078209e+01
2.064500e+01 2.125000e+01 2.082243e+01 2.078209e+01 2.065000e+01 2.125500e+01 2.082147e+01 2.078500e+01
2.097500e+01 2.125000e+01 2.081701e+01 2.078945e+01 2.097000e+01 2.125500e+01 2.081802e+01 2.079220e+01
2.097500e+01 2.125000e+01 2.081701e+01 2.078945e+01 2.098500e+01 2.125000e+01 2.081820e+01 2.079261e+01
2.099000e+01 2.124500e+01 2.081725e+01 2.079005e+01 2.098500e+01 2.125000e+01 2.081820e+01 2.079261e+01
2.065000e+01 2.125500e+01 2.082147e+01 2.078500e+01 2.065500e+01 2.126000e+01 2.082061e+01 2.078801e+01
2.065500e+01 2.126000e+01 2.082061e+01 2.078801e+01 2.066500e+01 2.126000e+01 2.082128e+01 2.078557e+01
2.066500e+01 2.126000e+01 2.082128e+01 2.078557e+01 2.067000e+01 2.126500e+01 2.082040e+01 2.078879e+01
2.094500e+01 2.126000e+01 2.081720e+01 2.078949e+01 2.094000e+01 2.126500e+01 2.081817e+01 2.079263e+01
2.094500e+01 2.126000e+01 2.081720e+01 2.078949e+01 2.095500e+01 2.126000e+01 2.081799e+01 2.079220e+01
2.095500e+01 2.126000e+01 2.081799e+01 2.079220e+01 2.096500e+01 2.126000e+01 2.081894e+01 2.079504e+01
2.097000e+01 2.125500e+01 2.081802e+01 2.079220e+01 2.096500e+01 2.126000e+01 2.081894e+01 2.079504e+01
2.067000e+01 2.126500e+01 2.082040e+01 2.078879e+01 2.067500e+01 2.127000e+01 2.081962e+01 2.079208e+01
2.067500e+01 2.127000e+01 2.081962e+01 2.079208e+01 2.068500e+01 2.127000e+01 2.082014e+01 2.079001e+01
2.068500e+01 2.127000e+01 2.082014e+01 2.079001e+01 2.069500e+01 2.127000e+01 2.082053e+01 2.078809e+01
2.069500e+01 2.127000e+01 2.082053e+01 2.078809e+01 2.070000e+01 2.127500e+01 2.081978e+01 2.079171e+01
2.091500e+01 2.127000e+01 2.081793e+01 2.079127e+01 2.091000e+01 2.127500e+01 2.081878e+01 2.079480e+01
2.091500e+01 2.127000e+01 2.081793e+01 2.079127e+01 2.092500e+01 2.127000e+01 2.081841e+01 2.079348e+01
2.092500e+01 2.127000e+01 2.081841e+01 2.079348e+01 2.093500e+01 2.127000e+01 2.081904e+01 2.079584e+01
2.094000e+01 2.126500e+01 2.081817e+01 2.079263e+01 2.093500e+01 2.127000e+01 2.081904e+01 2.079584e+01
2.070000e+01 2.127500e+01 2.081978e+01 2.079171e+01 2.070500e+01 2.128000e+01 2.081913e+01 2.079540e+01
2.070500e+01 2.128000e+01 2.081913e+01 2.079540e+01 2.071500e+01 2.128000e+01 2.081944e+01 2.079385e+01
2.071500e+01 2.128000e+01 2.081944e+01 2.079385e+01 2.072500e+01 2.128000e+01 2.081966e+01 2.079247e+01
2.072500e+01 2.128000e+01 2.081966e+01 2.079247e+01 2.073500e+01 2.128000e+01 2.081978e+01 2.079125e+01
2.073500e+01 2.128000e+01 2.081978e+01 2.079125e+01 2.074500e+01 2.128000e+01 2.081982e+01 2.079021e+01
2.074500e+01 2.128000e+01 2.081982e+01 2.079021e+01 2.075000e+01 2.128500e+01 2.081938e+01 2.079444e+01
2.087500e+01 2.128000e+01 2.081864e+01 2.079335e+01 2.087000e+01 2.128500e+01 2.081926e+01 2.079735e+01
2.087500e+01 2.128000e+01 2.081864e+01 2.079335e+01 2.088500e+01 2.128000e+01 2.081883e+01 2.079486e+01
2.088500e+01 2.128000e+01 2.081883e+01 2.079486e+01 2.089500e+01 2.128000e+01 2.081913e+01 2.079654e+01
2.089500e+01 2.128000e+01 2.081913e+01 2.079654e+01 2.090500e+01 2.128000e+01 2.081952e+01 2.079839e+01
2.091000e+01 2.127500e+01 2.081878e+01 2.079480e+01 2.090500e+01 2.128000e+01 2.081952e+01 2.079839e+01
2.075000e+01 2.128500e+01 2.081938e+01 2.079444e+01 2.075500e+01 2.129000e+01 2.081904e+01 2.079872e+01
2.075500e+01 2.129000e+01 2.081904e+01 2.079872e+01 2.076500e+01 2.129000e+01 2.081914e+01 2.079806e+01
2.076500e+01 2.129000e+01 2.081914e+01 2.079806e+01 2.077500e+01 2.129000e+01 2.081920e+01 2.079759e+01
2.077500e+01 2.129000e+01 2.081920e+01 2.079759e+01 2.078500e+01 2.129000e+01 2.081923e+01 2.079729e+01
2.078500e+01 2.129000e+01 2.081923e+01 2.079729e+01 2.079500e+01 2.129000e+01 2.081924e+01 2.079717e+01
2.079500e+01 2.129000e+01 2.081924e+01 2.079717e+01 2.080500e+01 2.129000e+01 2.081924e+01 2.079723e+01
2.080500e+01 2.129000e+01 2.081924e+01 2.079723e+01 2.081500e+01 2.129000e+01 2.081925e+01 2.079748e+01
2.081500e+01 2.129000e+01 2.081925e+01 2.079748e+01 2.082500e+01 2.129000e+01 2.081928e+01 2.079791e+01
2.082500e+01 2.129000e+01 2.081928e+01 2.079791e+01 2.083500e+01 2.129000e+01 2.081933e+01 2.079851e+01
2.083500e+01 2.129000e+01 2.081933e+01 2.079851e+01 2.084500e+01 2.129000e+01 2.081942e+01 2.079930e+01
2.084500e+01 2.129000e+01 2.081942e+01 2.079930e+01 2.085500e+01 2.129000e+01 2.081957e+01 2.080026e+01
2.085500e+01 2.129000e+01 2.081957e+01 2.080026e+01 2.086500e+01 2.129000e+01 2.081977e+01 2.080140e+01
2.087000e+01 2.128500e+01 2.081926e+01 2.079735e+01 2.086500e+01 2.129000e+01 2.081977e+01 2.080140e+01
