2.460000e+00 1.920000e+00 2.490436e+00 2.420505e+00 2.440000e+00 1.940000e+00 2.490934e+00 2.430237e+00
2.460000e+00 1.920000e+00 2.490436e+00 2.420505e+00 2.500000e+00 1.920000e+00 2.491190e+00 2.421012e+00
2.500000e+00 1.920000e+00 2.491190e+00 2.421012e+00 2.520000e+00 1.940000e+00 2.491089e+00 2.431284e+00
2.340000e+00 1.960000e+00 2.490802e+00 2.430147e+00 2.320000e+00 1.980000e+00 2.492680e+00 2.436429e+00
2.340000e+00 1.960000e+00 2.490802e+00 2.430147e+00 2.380000e+00 1.960000e+00 2.492103e+00 2.435376e+00
2.380000e+00 1.960000e+00 2.492103e+00 2.435376e+00 2.420000e+00 1.960000e+00 2.492308e+00 2.439179e+00
2.440000e+00 1.940000e+00 2.490934e+00 2.430237e+00 2.420000e+00 1.960000e+00 2.492308e+00 2.439179e+00
2.520000e+00 1.940000e+00 2.491089e+00 2.431284e+00 2.540000e+00 1.960000e+00 2.490138e+00 2.440818e+00
2.540000e+00 1.960000e+00 2.490138e+00 2.440818e+00 2.580000e+00 1.960000e+00 2.489890e+00 2.438038e+00
2.580000e+00 1.960000e+00 2.489890e+00 2.438038e+00 2.620000e+00 1.960000e+00 2.490549e+00 2.433738e+00
2.620000e+00 1.960000e+00 2.490549e+00 2.433738e+00 2.660000e+00 1.960000e+00 2.492443e+00 2.428091e+00
2.660000e+00 1.960000e+00 2.492443e+00 2.428091e+00 2.680000e+00 1.980000e+00 2.490748e+00 2.434133e+00
2.260000e+00 2.000000e+00 2.492001e+00 2.433630e+00 2.240000e+00 2.020000e+00 2.493699e+00 2.437409e+00
2.260000e+00 2.000000e+00 2.492001e+00 2.433630e+00 2.300000e+00 2.000000e+00 2.495374e+00 2.441609e+00
2.320000e+00 1.980000e+00 2.492680e+00 2.436429e+00 2.300000e+00 2.000000e+00 2.495374e+00 2.441609e+00
2.680000e+00 1.980000e+00 2.490748e+00 2.434133e+00 2.700000e+00 2.000000e+00 2.488287e+00 2.439068e+00
2.700000e+00 2.000000e+00 2.488287e+00 2.439068e+00 2.740000e+00 2.000000e+00 2.492523e+00 2.430867e+00
2.740000e+00 2.000000e+00 2.492523e+00 2.430867e+00 2.760000e+00 2.020000e+00 2.491207e+00 2.434523e+00
2.220000e+00 2.040000e+00 2.495940e+00 2.439963e+00 2.200000e+00 2.060000e+00 2.497294e+00 2.442082e+00
2.240000e+00 2.020000e+00 2.493699e+00 2.437409e+00 2.220000e+00 2.040000e+00 2.495940e+00 2.439963e+00
2.760000e+00 2.020000e+00 2.491207e+00 2.434523e+00 2.780000e+00 2.040000e+00 2.489416e+00 2.436981e+00
2.780000e+00 2.040000e+00 2.489416e+00 2.436981e+00 2.800000e+00 2.060000e+00 2.488548e+00 2.439073e+00
2.180000e+00 2.080000e+00 2.498956e+00 2.442951e+00 2.160000e+00 2.100000e+00 2.499494e+00 2.443645e+00
2.200000e+00 2.060000e+00 2.497294e+00 2.442082e+00 2.180000e+00 2.080000e+00 2.498956e+00 2.442951e+00
2.800000e+00 2.060000e+00 2.488548e+00 2.439073e+00 2.820000e+00 2.080000e+00 2.487439e+00 2.439959e+00
2.820000e+00 2.080000e+00 2.487439e+00 2.439959e+00 2.840000e+00 2.100000e+00 2.487459e+00 2.440735e+00
2.140000e+00 2.120000e+00 2.500060e+00 2.443160e+00 2.120000e+00 2.140000e+00 2.499358e+00 2.442790e+00
2.160000e+00 2.100000e+00 2.499494e+00 2.443645e+00 2.140000e+00 2.120000e+00 2.500060e+00 2.443160e+00
2.840000e+00 2.100000e+00 2.487459e+00 2.440735e+00 2.860000e+00 2.120000e+00 2.487507e+00 2.440393e+00
2.860000e+00 2.120000e+00 2.487507e+00 2.440393e+00 2.880000e+00 2.140000e+00 2.488797e+00 2.440211e+00
2.100000e+00 2.160000e+00 2.498399e+00 2.441413e+00 2.080000e+00 2.180000e+00 2.496136e+00 2.440419e+00
2.120000e+00 2.140000e+00 2.499358e+00 2.442790e+00 2.100000e+00 2.160000e+00 2.498399e+00 2.441413e+00
2.880000e+00 2.140000e+00 2.488797e+00 2.440211e+00 2.880000e+00 2.180000e+00 2.479239e+00 2.447509e+00
2.080000e+00 2.180000e+00 2.496136e+00 2.440419e+00 2.080000e+00 2.220000e+00 2.505037e+00 2.445802e+00
2.880000e+00 2.180000e+00 2.479239e+00 2.447509e+00 2.900000e+00 2.200000e+00 2.481276e+00 2.445531e+00
2.900000e+00 2.200000e+00 2.481276e+00 2.445531e+00 2.920000e+00 2.220000e+00 2.484626e+00 2.444118e+00
2.060000e+00 2.240000e+00 2.501620e+00 2.443445e+00 2.040000e+00 2.260000e+00 2.496948e+00 2.441821e+00
2.080000e+00 2.220000e+00 2.505037e+00 2.445802e+00 2.060000e+00 2.240000e+00 2.501620e+00 2.443445e+00
2.920000e+00 2.220000e+00 2.484626e+00 2.444118e+00 2.920000e+00 2.260000e+00 2.476834e+00 2.447954e+00
2.040000e+00 2.260000e+00 2.496948e+00 2.441821e+00 2.040000e+00 2.300000e+00 2.503466e+00 2.444510e+00
2.420000e+00 2.280000e+00 2.531558e+00 2.528768e+00 2.400000e+00 2.300000e+00 2.543952e+00 2.522615e+00
2.420000e+00 2.280000e+00 2.531558e+00 2.528768e+00 2.460000e+00 2.280000e+00 2.510655e+00 2.535137e+00
2.460000e+00 2.280000e+00 2.510655e+00 2.535137e+00 2.500000e+00 2.280000e+00 2.486807e+00 2.536835e+00
2.500000e+00 2.280000e+00 2.486807e+00 2.536835e+00 2.540000e+00 2.280000e+00 2.463771e+00 2.533330e+00
2.540000e+00 2.280000e+00 2.463771e+00 2.533330e+00 2.580000e+00 2.280000e+00 2.444874e+00 2.525779e+00
2.580000e+00 2.280000e+00 2.444874e+00 2.525779e+00 2.600000e+00 2.300000e+00 2.433446e+00 2.519228e+00
2.920000e+00 2.260000e+00 2.476834e+00 2.447954e+00 2.940000e+00 2.280000e+00 2.481633e+00 2.445629e+00
2.940000e+00 2.280000e+00 2.481633e+00 2.445629e+00 2.960000e+00 2.300000e+00 2.487599e+00 2.444140e+00
2.040000e+00 2.300000e+00 2.503466e+00 2.444510e+00 2.040000e+00 2.340000e+00 2.508692e+00 2.445801e+00
2.380000e+00 2.320000e+00 2.557722e+00 2.512701e+00 2.360000e+00 2.340000e+00 2.568085e+00 2.502412e+00
2.400000e+00 2.300000e+00 2.543952e+00 2.522615e+00 2.380000e+00 2.320000e+00 2.557722e+00 2.512701e+00
2.600000e+00 2.300000e+00 2.433446e+00 2.519228e+00 2.620000e+00 2.320000e+00 2.421149e+00 2.509174e+00
2.620000e+00 2.320000e+00 2.421149e+00 2.509174e+00 2.640000e+00 2.340000e+00 2.412286e+00 2.499195e+00
2.960000e+00 2.300000e+00 2.487599e+00 2.444140e+00 2.960000e+00 2.340000e+00 2.482633e+00 2.446044e+00
2.040000e+00 2.340000e+00 2.508692e+00 2.445801e+00 2.040000e+00 2.380000e+00 2.512416e+00 2.445999e+00
2.340000e+00 2.360000e+00 2.577624e+00 2.489245e+00 2.320000e+00 2.380000e+00 2.583328e+00 2.477773e+00
2.360000e+00 2.340000e+00 2.568085e+00 2.502412e+00 2.340000e+00 2.360000e+00 2.577624e+00 2.489245e+00
2.640000e+00 2.340000e+00 2.412286e+00 2.499195e+00 2.640000e+00 2.380000e+00 2.403117e+00 2.483451e+00
2.960000e+00 2.340000e+00 2.482633e+00 2.446044e+00 2.960000e+00 2.380000e+00 2.479123e+00 2.446906e+00
2.040000e+00 2.380000e+00 2.512416e+00 2.445999e+00 2.040000e+00 2.420000e+00 2.514478e+00 2.445483e+00
2.320000e+00 2.380000e+00 2.583328e+00 2.477773e+00 2.320000e+00 2.420000e+00 2.588738e+00 2.458924e+00
2.640000e+00 2.380000e+00 2.403117e+00 2.483451e+00 2.660000e+00 2.400000e+00 2.397587e+00 2.469925e+00
2.660000e+00 2.400000e+00 2.397587e+00 2.469925e+00 2.680000e+00 2.420000e+00 2.395369e+00 2.458948e+00
2.960000e+00 2.380000e+00 2.479123e+00 2.446906e+00 2.960000e+00 2.420000e+00 2.477216e+00 2.447081e+00
2.040000e+00 2.420000e+00 2.514478e+00 2.445483e+00 2.040000e+00 2.460000e+00 2.514784e+00 2.444685e+00
2.320000e+00 2.420000e+00 2.588738e+00 2.458924e+00 2.320000e+00 2.460000e+00 2.589566e+00 2.438024e+00
2.680000e+00 2.420000e+00 2.395369e+00 2.458948e+00 2.680000e+00 2.460000e+00 2.394774e+00 2.439914e+00
2.960000e+00 2.420000e+00 2.477216e+00 2.447081e+00 2.960000e+00 2.460000e+00 2.477000e+00 2.446971e+00
2.040000e+00 2.460000e+00 2.514784e+00 2.444685e+00 2.040000e+00 2.500000e+00 2.513323e+00 2.444058e+00
2.320000e+00 2.460000e+00 2.589566e+00 2.438024e+00 2.320000e+00 2.500000e+00 2.585598e+00 2.418311e+00
2.680000e+00 2.460000e+00 2.394774e+00 2.439914e+00 2.680000e+00 2.500000e+00 2.398591e+00 2.421817e+00
2.960000e+00 2.460000e+00 2.477000e+00 2.446971e+00 2.960000e+00 2.500000e+00 2.478485e+00 2.446996e+00
2.040000e+00 2.500000e+00 2.513323e+00 2.444058e+00 2.040000e+00 2.540000e+00 2.510167e+00 2.444044e+00
2.320000e+00 2.500000e+00 2.585598e+00 2.418311e+00 2.340000e+00 2.520000e+00 2.580591e+00 2.406653e+00
2.340000e+00 2.520000e+00 2.580591e+00 2.406653e+00 2.360000e+00 2.540000e+00 2.571721e+00 2.392968e+00
2.660000e+00 2.520000e+00 2.402445e+00 2.410809e+00 2.640000e+00 2.540000e+00 2.409813e+00 2.397752e+00
2.680000e+00 2.500000e+00 2.398591e+00 2.421817e+00 2.660000e+00 2.520000e+00 2.402445e+00 2.410809e+00
2.960000e+00 2.500000e+00 2.478485e+00 2.446996e+00 2.960000e+00 2.540000e+00 2.481610e+00 2.447571e+00
2.040000e+00 2.540000e+00 2.510167e+00 2.444044e+00 2.040000e+00 2.580000e+00 2.505460e+00 2.445037e+00
2.360000e+00 2.540000e+00 2.571721e+00 2.392968e+00 2.380000e+00 2.560000e+00 2.561630e+00 2.381929e+00
2.380000e+00 2.560000e+00 2.561630e+00 2.381929e+00 2.400000e+00 2.580000e+00 2.547760e+00 2.370928e+00
2.620000e+00 2.560000e+00 2.418624e+00 2.386825e+00 2.600000e+00 2.580000e+00 2.431189e+00 2.375483e+00
2.640000e+00 2.540000e+00 2.409813e+00 2.397752e+00 2.620000e+00 2.560000e+00 2.418624e+00 2.386825e+00
2.960000e+00 2.540000e+00 2.481610e+00 2.447571e+00 2.960000e+00 2.580000e+00 2.486245e+00 2.449067e+00
2.040000e+00 2.580000e+00 2.505460e+00 2.445037e+00 2.040000e+00 2.620000e+00 2.499400e+00 2.447362e+00
2.400000e+00 2.580000e+00 2.547760e+00 2.370928e+00 2.420000e+00 2.600000e+00 2.535072e+00 2.363865e+00
2.420000e+00 2.600000e+00 2.535072e+00 2.363865e+00 2.460000e+00 2.600000e+00 2.513083e+00 2.357303e+00
2.460000e+00 2.600000e+00 2.513083e+00 2.357303e+00 2.500000e+00 2.600000e+00 2.487636e+00 2.355664e+00
2.500000e+00 2.600000e+00 2.487636e+00 2.355664e+00 2.540000e+00 2.600000e+00 2.463044e+00 2.359626e+00
2.540000e+00 2.600000e+00 2.463044e+00 2.359626e+00 2.580000e+00 2.600000e+00 2.443107e+00 2.367786e+00
2.600000e+00 2.580000e+00 2.431189e+00 2.375483e+00 2.580000e+00 2.600000e+00 2.443107e+00 2.367786e+00
2.940000e+00 2.600000e+00 2.480092e+00 2.447460e+00 2.920000e+00 2.620000e+00 2.475099e+00 2.444979e+00
2.960000e+00 2.580000e+00 2.486245e+00 2.449067e+00 2.940000e+00 2.600000e+00 2.480092e+00 2.447460e+00
2.040000e+00 2.620000e+00 2.499400e+00 2.447362e+00 2.060000e+00 2.640000e+00 2.504367e+00 2.445729e+00
2.060000e+00 2.640000e+00 2.504367e+00 2.445729e+00 2.080000e+00 2.660000e+00 2.508090e+00 2.443330e+00
2.920000e+00 2.620000e+00 2.475099e+00 2.444979e+00 2.920000e+00 2.660000e+00 2.482709e+00 2.448170e+00
2.080000e+00 2.660000e+00 2.508090e+00 2.443330e+00 2.080000e+00 2.700000e+00 2.499511e+00 2.448206e+00
2.920000e+00 2.660000e+00 2.482709e+00 2.448170e+00 2.920000e+00 2.700000e+00 2.491200e+00 2.453236e+00
2.080000e+00 2.700000e+00 2.499511e+00 2.448206e+00 2.100000e+00 2.720000e+00 2.502000e+00 2.447084e+00
2.100000e+00 2.720000e+00 2.502000e+00 2.447084e+00 2.120000e+00 2.740000e+00 2.503170e+00 2.445535e+00
2.900000e+00 2.720000e+00 2.488312e+00 2.452191e+00 2.880000e+00 2.740000e+00 2.486710e+00 2.450687e+00
2.920000e+00 2.700000e+00 2.491200e+00 2.453236e+00 2.900000e+00 2.720000e+00 2.488312e+00 2.452191e+00
2.120000e+00 2.740000e+00 2.503170e+00 2.445535e+00 2.140000e+00 2.760000e+00 2.504037e+00 2.444971e+00
2.140000e+00 2.760000e+00 2.504037e+00 2.444971e+00 2.160000e+00 2.780000e+00 2.503605e+00 2.444247e+00
2.860000e+00 2.760000e+00 2.485451e+00 2.450106e+00 2.840000e+00 2.780000e+00 2.485476e+00 2.449315e+00
2.880000e+00 2.740000e+00 2.486710e+00 2.450687e+00 2.860000e+00 2.760000e+00 2.485451e+00 2.450106e+00
2.160000e+00 2.780000e+00 2.503605e+00 2.444247e+00 2.160000e+00 2.820000e+00 2.493574e+00 2.455187e+00
2.820000e+00 2.800000e+00 2.485573e+00 2.449648e+00 2.800000e+00 2.820000e+00 2.486850e+00 2.450055e+00
2.840000e+00 2.780000e+00 2.485476e+00 2.449315e+00 2.820000e+00 2.800000e+00 2.485573e+00 2.449648e+00
2.160000e+00 2.820000e+00 2.493574e+00 2.455187e+00 2.180000e+00 2.840000e+00 2.493242e+00 2.456794e+00
2.180000e+00 2.840000e+00 2.493242e+00 2.456794e+00 2.220000e+00 2.840000e+00 2.500201e+00 2.447141e+00
2.220000e+00 2.840000e+00 2.500201e+00 2.447141e+00 2.240000e+00 2.860000e+00 2.497924e+00 2.449402e+00
2.780000e+00 2.840000e+00 2.487914e+00 2.451691e+00 2.760000e+00 2.860000e+00 2.489952e+00 2.453675e+00
2.800000e+00 2.820000e+00 2.486850e+00 2.450055e+00 2.780000e+00 2.840000e+00 2.487914e+00 2.451691e+00
2.240000e+00 2.860000e+00 2.497924e+00 2.449402e+00 2.260000e+00 2.880000e+00 2.496170e+00 2.452913e+00
2.260000e+00 2.880000e+00 2.496170e+00 2.452913e+00 2.280000e+00 2.900000e+00 2.493775e+00 2.457043e+00
2.740000e+00 2.880000e+00 2.491526e+00 2.456894e+00 2.720000e+00 2.900000e+00 2.493797e+00 2.460680e+00
2.760000e+00 2.860000e+00 2.489952e+00 2.453675e+00 2.740000e+00 2.880000e+00 2.491526e+00 2.456894e+00
2.280000e+00 2.900000e+00 2.493775e+00 2.457043e+00 2.300000e+00 2.920000e+00 2.492076e+00 2.462325e+00
2.300000e+00 2.920000e+00 2.492076e+00 2.462325e+00 2.340000e+00 2.920000e+00 2.494510e+00 2.455816e+00
2.340000e+00 2.920000e+00 2.494510e+00 2.455816e+00 2.380000e+00 2.920000e+00 2.495483e+00 2.450549e+00
2.380000e+00 2.920000e+00 2.495483e+00 2.450549e+00 2.400000e+00 2.940000e+00 2.493485e+00 2.458341e+00
2.620000e+00 2.920000e+00 2.491009e+00 2.452719e+00 2.600000e+00 2.940000e+00 2.493167e+00 2.460093e+00
2.620000e+00 2.920000e+00 2.491009e+00 2.452719e+00 2.660000e+00 2.920000e+00 2.492444e+00 2.458592e+00
2.660000e+00 2.920000e+00 2.492444e+00 2.458592e+00 2.700000e+00 2.920000e+00 2.495420e+00 2.465625e+00
2.720000e+00 2.900000e+00 2.493797e+00 2.460680e+00 2.700000e+00 2.920000e+00 2.495420e+00 2.465625e+00
2.400000e+00 2.940000e+00 2.493485e+00 2.458341e+00 2.420000e+00 2.960000e+00 2.492384e+00 2.467026e+00
2.420000e+00 2.960000e+00 2.492384e+00 2.467026e+00 2.460000e+00 2.960000e+00 2.492993e+00 2.465008e+00
2.460000e+00 2.960000e+00 2.492993e+00 2.465008e+00 2.500000e+00 2.960000e+00 2.493284e+00 2.464561e+00
2.500000e+00 2.960000e+00 2.493284e+00 2.464561e+00 2.540000e+00 2.960000e+00 2.493638e+00 2.465703e+00
2.540000e+00 2.960000e+00 2.493638e+00 2.465703e+00 2.580000e+00 2.960000e+00 2.494434e+00 2.468393e+00
2.600000e+00 2.940000e+00 2.493167e+00 2.460093e+00 2.580000e+00 2.960000e+00 2.494434e+00 2.468393e+00
