2.460000e+00 1.920000e+00 2.489941e+00 2.417643e+00 2.440000e+00 1.940000e+00 2.490517e+00 2.428429e+00
2.460000e+00 1.920000e+00 2.489941e+00 2.417643e+00 2.500000e+00 1.920000e+00 2.490721e+00 2.418187e+00
2.500000e+00 1.920000e+00 2.490721e+00 2.418187e+00 2.520000e+00 1.940000e+00 2.490572e+00 2.429556e+00
2.300000e+00 1.960000e+00 2.487584e+00 2.421115e+00 2.280000e+00 1.980000e+00 2.489374e+00 2.427222e+00
2.300000e+00 1.960000e+00 2.487584e+00 2.421115e+00 2.340000e+00 1.960000e+00 2.490522e+00 2.428311e+00
2.340000e+00 1.960000e+00 2.490522e+00 2.428311e+00 2.380000e+00 1.960000e+00 2.491913e+00 2.434138e+00
2.380000e+00 1.960000e+00 2.491913e+00 2.434138e+00 2.420000e+00 1.960000e+00 2.492078e+00 2.438374e+00
2.440000e+00 1.940000e+00 2.490517e+00 2.428429e+00 2.420000e+00 1.960000e+00 2.492078e+00 2.438374e+00
2.520000e+00 1.940000e+00 2.490572e+00 2.429556e+00 2.540000e+00 1.960000e+00 2.489469e+00 2.440145e+00
2.540000e+00 1.960000e+00 2.489469e+00 2.440145e+00 2.580000e+00 1.960000e+00 2.489146e+00 2.437012e+00
2.580000e+00 1.960000e+00 2.489146e+00 2.437012e+00 2.620000e+00 1.960000e+00 2.489850e+00 2.432183e+00
2.620000e+00 1.960000e+00 2.489850e+00 2.432183e+00 2.660000e+00 1.960000e+00 2.491943e+00 2.425858e+00
2.660000e+00 1.960000e+00 2.491943e+00 2.425858e+00 2.680000e+00 1.980000e+00 2.490042e+00 2.432521e+00
2.260000e+00 2.000000e+00 2.491952e+00 2.432096e+00 2.240000e+00 2.020000e+00 2.493859e+00 2.436258e+00
2.280000e+00 1.980000e+00 2.489374e+00 2.427222e+00 2.260000e+00 2.000000e+00 2.491952e+00 2.432096e+00
2.680000e+00 1.980000e+00 2.490042e+00 2.432521e+00 2.700000e+00 2.000000e+00 2.487281e+00 2.437971e+00
2.700000e+00 2.000000e+00 2.487281e+00 2.437971e+00 2.740000e+00 2.000000e+00 2.492022e+00 2.428802e+00
2.740000e+00 2.000000e+00 2.492022e+00 2.428802e+00 2.760000e+00 2.020000e+00 2.490566e+00 2.432818e+00
2.220000e+00 2.040000e+00 2.496376e+00 2.439066e+00 2.200000e+00 2.060000e+00 2.497892e+00 2.441385e+00
2.240000e+00 2.020000e+00 2.493859e+00 2.436258e+00 2.220000e+00 2.040000e+00 2.496376e+00 2.439066e+00
2.760000e+00 2.020000e+00 2.490566e+00 2.432818e+00 2.780000e+00 2.040000e+00 2.488579e+00 2.435512e+00
2.780000e+00 2.040000e+00 2.488579e+00 2.435512e+00 2.800000e+00 2.060000e+00 2.487634e+00 2.437798e+00
2.180000e+00 2.080000e+00 2.499753e+00 2.442315e+00 2.160000e+00 2.100000e+00 2.500349e+00 2.443052e+00
2.200000e+00 2.060000e+00 2.497892e+00 2.441385e+00 2.180000e+00 2.080000e+00 2.499753e+00 2.442315e+00
2.800000e+00 2.060000e+00 2.487634e+00 2.437798e+00 2.820000e+00 2.080000e+00 2.486424e+00 2.438750e+00
2.820000e+00 2.080000e+00 2.486424e+00 2.438750e+00 2.840000e+00 2.100000e+00 2.486480e+00 2.439583e+00
2.140000e+00 2.120000e+00 2.500971e+00 2.442477e+00 2.120000e+00 2.140000e+00 2.500172e+00 2.442035e+00
2.160000e+00 2.100000e+00 2.500349e+00 2.443052e+00 2.140000e+00 2.120000e+00 2.500971e+00 2.442477e+00
2.840000e+00 2.100000e+00 2.486480e+00 2.439583e+00 2.860000e+00 2.120000e+00 2.486575e+00 2.439177e+00
2.860000e+00 2.120000e+00 2.486575e+00 2.439177e+00 2.880000e+00 2.140000e+00 2.488058e+00 2.438958e+00
2.100000e+00 2.160000e+00 2.499078e+00 2.440473e+00 2.080000e+00 2.180000e+00 2.496530e+00 2.439348e+00
2.120000e+00 2.140000e+00 2.500172e+00 2.442035e+00 2.100000e+00 2.160000e+00 2.499078e+00 2.440473e+00
2.880000e+00 2.140000e+00 2.488058e+00 2.438958e+00 2.880000e+00 2.180000e+00 2.477408e+00 2.447070e+00
2.080000e+00 2.180000e+00 2.496530e+00 2.439348e+00 2.080000e+00 2.220000e+00 2.506446e+00 2.445313e+00
2.880000e+00 2.180000e+00 2.477408e+00 2.447070e+00 2.900000e+00 2.200000e+00 2.479745e+00 2.444859e+00
2.900000e+00 2.200000e+00 2.479745e+00 2.444859e+00 2.920000e+00 2.220000e+00 2.483535e+00 2.443290e+00
2.060000e+00 2.240000e+00 2.502589e+00 2.442673e+00 2.040000e+00 2.260000e+00 2.497345e+00 2.440864e+00
2.080000e+00 2.220000e+00 2.506446e+00 2.445313e+00 2.060000e+00 2.240000e+00 2.502589e+00 2.442673e+00
2.920000e+00 2.220000e+00 2.483535e+00 2.443290e+00 2.920000e+00 2.260000e+00 2.474863e+00 2.447575e+00
2.040000e+00 2.260000e+00 2.497345e+00 2.440864e+00 2.040000e+00 2.300000e+00 2.504590e+00 2.443848e+00
2.420000e+00 2.280000e+00 2.536639e+00 2.539484e+00 2.400000e+00 2.300000e+00 2.550803e+00 2.532496e+00
2.420000e+00 2.280000e+00 2.536639e+00 2.539484e+00 2.460000e+00 2.280000e+00 2.512735e+00 2.546807e+00
2.460000e+00 2.280000e+00 2.512735e+00 2.546807e+00 2.500000e+00 2.280000e+00 2.485436e+00 2.548721e+00
2.500000e+00 2.280000e+00 2.485436e+00 2.548721e+00 2.540000e+00 2.280000e+00 2.459128e+00 2.544616e+00
2.540000e+00 2.280000e+00 2.459128e+00 2.544616e+00 2.580000e+00 2.280000e+00 2.437668e+00 2.535868e+00
2.580000e+00 2.280000e+00 2.437668e+00 2.535868e+00 2.600000e+00 2.300000e+00 2.424679e+00 2.528407e+00
2.920000e+00 2.260000e+00 2.474863e+00 2.447575e+00 2.940000e+00 2.280000e+00 2.480292e+00 2.444999e+00
2.940000e+00 2.280000e+00 2.480292e+00 2.444999e+00 2.960000e+00 2.300000e+00 2.486997e+00 2.443366e+00
2.040000e+00 2.300000e+00 2.504590e+00 2.443848e+00 2.040000e+00 2.340000e+00 2.510397e+00 2.445287e+00
2.380000e+00 2.320000e+00 2.566558e+00 2.521188e+00 2.360000e+00 2.340000e+00 2.578353e+00 2.509455e+00
2.400000e+00 2.300000e+00 2.550803e+00 2.532496e+00 2.380000e+00 2.320000e+00 2.566558e+00 2.521188e+00
2.600000e+00 2.300000e+00 2.424679e+00 2.528407e+00 2.620000e+00 2.320000e+00 2.410717e+00 2.516939e+00
2.620000e+00 2.320000e+00 2.410717e+00 2.516939e+00 2.640000e+00 2.340000e+00 2.400733e+00 2.505591e+00
2.960000e+00 2.300000e+00 2.486997e+00 2.443366e+00 2.960000e+00 2.340000e+00 2.481486e+00 2.445521e+00
2.040000e+00 2.340000e+00 2.510397e+00 2.445287e+00 2.040000e+00 2.380000e+00 2.514530e+00 2.445517e+00
2.340000e+00 2.360000e+00 2.589177e+00 2.494425e+00 2.320000e+00 2.380000e+00 2.595576e+00 2.481369e+00
2.360000e+00 2.340000e+00 2.578353e+00 2.509455e+00 2.340000e+00 2.360000e+00 2.589177e+00 2.494425e+00
2.640000e+00 2.340000e+00 2.400733e+00 2.505591e+00 2.640000e+00 2.380000e+00 2.390233e+00 2.487772e+00
2.960000e+00 2.340000e+00 2.481486e+00 2.445521e+00 2.960000e+00 2.380000e+00 2.477593e+00 2.446529e+00
2.040000e+00 2.380000e+00 2.514530e+00 2.445517e+00 2.040000e+00 2.420000e+00 2.516806e+00 2.444960e+00
2.320000e+00 2.380000e+00 2.595576e+00 2.481369e+00 2.320000e+00 2.420000e+00 2.601747e+00 2.459968e+00
2.640000e+00 2.380000e+00 2.390233e+00 2.487772e+00 2.660000e+00 2.400000e+00 2.384133e+00 2.472429e+00
2.660000e+00 2.400000e+00 2.384133e+00 2.472429e+00 2.680000e+00 2.420000e+00 2.381807e+00 2.460022e+00
2.960000e+00 2.380000e+00 2.477593e+00 2.446529e+00 2.960000e+00 2.420000e+00 2.475484e+00 2.446778e+00
2.040000e+00 2.420000e+00 2.516806e+00 2.444960e+00 2.040000e+00 2.460000e+00 2.517121e+00 2.444096e+00
2.320000e+00 2.420000e+00 2.601747e+00 2.459968e+00 2.320000e+00 2.460000e+00 2.602639e+00 2.436257e+00
2.680000e+00 2.420000e+00 2.381807e+00 2.460022e+00 2.680000e+00 2.460000e+00 2.381177e+00 2.438543e+00
2.960000e+00 2.420000e+00 2.475484e+00 2.446778e+00 2.960000e+00 2.460000e+00 2.475256e+00 2.446714e+00
2.040000e+00 2.460000e+00 2.517121e+00 2.444096e+00 2.040000e+00 2.500000e+00 2.515464e+00 2.443431e+00
2.320000e+00 2.460000e+00 2.602639e+00 2.436257e+00 2.320000e+00 2.500000e+00 2.598023e+00 2.413950e+00
2.660000e+00 2.480000e+00 2.382855e+00 2.426201e+00 2.640000e+00 2.500000e+00 2.388162e+00 2.410770e+00
2.680000e+00 2.460000e+00 2.381177e+00 2.438543e+00 2.660000e+00 2.480000e+00 2.382855e+00 2.426201e+00
2.960000e+00 2.460000e+00 2.475256e+00 2.446714e+00 2.960000e+00 2.500000e+00 2.476923e+00 2.446804e+00
2.040000e+00 2.500000e+00 2.515464e+00 2.443431e+00 2.040000e+00 2.540000e+00 2.511916e+00 2.443454e+00
2.320000e+00 2.500000e+00 2.598023e+00 2.413950e+00 2.340000e+00 2.520000e+00 2.592385e+00 2.400718e+00
2.340000e+00 2.520000e+00 2.592385e+00 2.400718e+00 2.360000e+00 2.540000e+00 2.582301e+00 2.385159e+00
2.640000e+00 2.500000e+00 2.388162e+00 2.410770e+00 2.640000e+00 2.540000e+00 2.398132e+00 2.390891e+00
2.960000e+00 2.500000e+00 2.476923e+00 2.446804e+00 2.960000e+00 2.540000e+00 2.480413e+00 2.447503e+00
2.040000e+00 2.540000e+00 2.511916e+00 2.443454e+00 2.040000e+00 2.580000e+00 2.506644e+00 2.444600e+00
2.360000e+00 2.540000e+00 2.582301e+00 2.385159e+00 2.380000e+00 2.560000e+00 2.570823e+00 2.372652e+00
2.380000e+00 2.560000e+00 2.570823e+00 2.372652e+00 2.400000e+00 2.580000e+00 2.554986e+00 2.360203e+00
2.620000e+00 2.560000e+00 2.408078e+00 2.378513e+00 2.600000e+00 2.580000e+00 2.422347e+00 2.365649e+00
2.640000e+00 2.540000e+00 2.398132e+00 2.390891e+00 2.620000e+00 2.560000e+00 2.408078e+00 2.378513e+00
2.960000e+00 2.540000e+00 2.480413e+00 2.447503e+00 2.960000e+00 2.580000e+00 2.485579e+00 2.449225e+00
2.040000e+00 2.580000e+00 2.506644e+00 2.444600e+00 2.040000e+00 2.620000e+00 2.499871e+00 2.447228e+00
2.400000e+00 2.580000e+00 2.554986e+00 2.360203e+00 2.420000e+00 2.600000e+00 2.540528e+00 2.352266e+00
2.420000e+00 2.600000e+00 2.540528e+00 2.352266e+00 2.460000e+00 2.600000e+00 2.515479e+00 2.344744e+00
2.460000e+00 2.600000e+00 2.515479e+00 2.344744e+00 2.500000e+00 2.600000e+00 2.486464e+00 2.342908e+00
2.500000e+00 2.600000e+00 2.486464e+00 2.342908e+00 2.540000e+00 2.600000e+00 2.458474e+00 2.347524e+00
2.540000e+00 2.600000e+00 2.458474e+00 2.347524e+00 2.580000e+00 2.600000e+00 2.435881e+00 2.356950e+00
2.600000e+00 2.580000e+00 2.422347e+00 2.365649e+00 2.580000e+00 2.600000e+00 2.435881e+00 2.356950e+00
2.940000e+00 2.600000e+00 2.478680e+00 2.447461e+00 2.920000e+00 2.620000e+00 2.473050e+00 2.444714e+00
2.960000e+00 2.580000e+00 2.485579e+00 2.449225e+00 2.940000e+00 2.600000e+00 2.478680e+00 2.447461e+00
2.040000e+00 2.620000e+00 2.499871e+00 2.447228e+00 2.060000e+00 2.640000e+00 2.505427e+00 2.445421e+00
2.060000e+00 2.640000e+00 2.505427e+00 2.445421e+00 2.080000e+00 2.660000e+00 2.509613e+00 2.442751e+00
2.920000e+00 2.620000e+00 2.473050e+00 2.444714e+00 2.920000e+00 2.660000e+00 2.481538e+00 2.448312e+00
2.080000e+00 2.660000e+00 2.509613e+00 2.442751e+00 2.080000e+00 2.700000e+00 2.500031e+00 2.448218e+00
2.920000e+00 2.660000e+00 2.481538e+00 2.448312e+00 2.920000e+00 2.700000e+00 2.490993e+00 2.453982e+00
2.080000e+00 2.700000e+00 2.500031e+00 2.448218e+00 2.100000e+00 2.720000e+00 2.502824e+00 2.446975e+00
2.100000e+00 2.720000e+00 2.502824e+00 2.446975e+00 2.120000e+00 2.740000e+00 2.504151e+00 2.445250e+00
2.900000e+00 2.720000e+00 2.487737e+00 2.452830e+00 2.880000e+00 2.740000e+00 2.485907e+00 2.451160e+00
2.920000e+00 2.700000e+00 2.490993e+00 2.453982e+00 2.900000e+00 2.720000e+00 2.487737e+00 2.452830e+00
2.120000e+00 2.740000e+00 2.504151e+00 2.445250e+00 2.140000e+00 2.760000e+00 2.505136e+00 2.444623e+00
2.140000e+00 2.760000e+00 2.505136e+00 2.444623e+00 2.160000e+00 2.780000e+00 2.504670e+00 2.443814e+00
2.860000e+00 2.760000e+00 2.484467e+00 2.450514e+00 2.840000e+00 2.780000e+00 2.484460e+00 2.449629e+00
2.880000e+00 2.740000e+00 2.485907e+00 2.451160e+00 2.860000e+00 2.760000e+00 2.484467e+00 2.450514e+00
2.160000e+00 2.780000e+00 2.504670e+00 2.443814e+00 2.160000e+00 2.820000e+00 2.493477e+00 2.456013e+00
2.820000e+00 2.800000e+00 2.484538e+00 2.449991e+00 2.800000e+00 2.820000e+00 2.485937e+00 2.450433e+00
2.840000e+00 2.780000e+00 2.484460e+00 2.449629e+00 2.820000e+00 2.800000e+00 2.484538e+00 2.449991e+00
2.160000e+00 2.820000e+00 2.493477e+00 2.456013e+00 2.180000e+00 2.840000e+00 2.493121e+00 2.457793e+00
2.180000e+00 2.840000e+00 2.493121e+00 2.457793e+00 2.220000e+00 2.840000e+00 2.500900e+00 2.447025e+00
2.220000e+00 2.840000e+00 2.500900e+00 2.447025e+00 2.240000e+00 2.860000e+00 2.498359e+00 2.449542e+00
2.780000e+00 2.840000e+00 2.487101e+00 2.452239e+00 2.760000e+00 2.860000e+00 2.489361e+00 2.454432e+00
2.800000e+00 2.820000e+00 2.485937e+00 2.450433e+00 2.780000e+00 2.840000e+00 2.487101e+00 2.452239e+00
2.240000e+00 2.860000e+00 2.498359e+00 2.449542e+00 2.260000e+00 2.880000e+00 2.496407e+00 2.453437e+00
2.260000e+00 2.880000e+00 2.496407e+00 2.453437e+00 2.280000e+00 2.900000e+00 2.493733e+00 2.458031e+00
2.740000e+00 2.880000e+00 2.491100e+00 2.457990e+00 2.720000e+00 2.900000e+00 2.493628e+00 2.462184e+00
2.760000e+00 2.860000e+00 2.489361e+00 2.454432e+00 2.740000e+00 2.880000e+00 2.491100e+00 2.457990e+00
2.280000e+00 2.900000e+00 2.493733e+00 2.458031e+00 2.300000e+00 2.920000e+00 2.491841e+00 2.463888e+00
2.300000e+00 2.920000e+00 2.491841e+00 2.463888e+00 2.340000e+00 2.920000e+00 2.494544e+00 2.456635e+00
2.340000e+00 2.920000e+00 2.494544e+00 2.456635e+00 2.380000e+00 2.920000e+00 2.495615e+00 2.450759e+00
2.380000e+00 2.920000e+00 2.495615e+00 2.450759e+00 2.400000e+00 2.940000e+00 2.493375e+00 2.459440e+00
2.620000e+00 2.920000e+00 2.490504e+00 2.453241e+00 2.600000e+00 2.940000e+00 2.492925e+00 2.461439e+00
2.620000e+00 2.920000e+00 2.490504e+00 2.453241e+00 2.660000e+00 2.920000e+00 2.492104e+00 2.459806e+00
2.660000e+00 2.920000e+00 2.492104e+00 2.459806e+00 2.700000e+00 2.920000e+00 2.495427e+00 2.467651e+00
2.720000e+00 2.900000e+00 2.493628e+00 2.462184e+00 2.700000e+00 2.920000e+00 2.495427e+00 2.467651e+00
2.400000e+00 2.940000e+00 2.493375e+00 2.459440e+00 2.420000e+00 2.960000e+00 2.492141e+00 2.469078e+00
2.420000e+00 2.960000e+00 2.492141e+00 2.469078e+00 2.460000e+00 2.960000e+00 2.492798e+00 2.466837e+00
2.460000e+00 2.960000e+00 2.492798e+00 2.466837e+00 2.500000e+00 2.960000e+00 2.493100e+00 2.466347e+00
2.500000e+00 2.960000e+00 2.493100e+00 2.466347e+00 2.540000e+00 2.960000e+00 2.493474e+00 2.467629e+00
2.540000e+00 2.960000e+00 2.493474e+00 2.467629e+00 2.580000e+00 2.960000e+00 2.494345e+00 2.470635e+00
2.600000e+00 2.940000e+00 2.492925e+00 2.461439e+00 2.580000e+00 2.960000e+00 2.494345e+00 2.470635e+00
