3.000000e-02 3.659090e+00
3.077000e-02 3.621239e+00
3.154000e-02 3.584572e+00
3.231000e-02 3.548824e+00
3.308000e-02 3.513953e+00
3.385000e-02 3.479922e+00
3.462000e-02 3.447597e+00
3.539000e-02 3.414957e+00
3.616000e-02 3.383098e+00
3.693000e-02 3.351979e+00
3.770000e-02 3.321562e+00
3.847000e-02 3.291815e+00
3.924000e-02 3.262708e+00
4.001000e-02 3.234213e+00
4.078000e-02 3.206307e+00
4.155000e-02 3.178965e+00
4.232000e-02 3.152166e+00
4.309000e-02 3.125890e+00
4.386000e-02 3.100118e+00
4.463000e-02 3.074833e+00
4.540000e-02 3.050017e+00
4.617000e-02 3.025655e+00
4.694000e-02 3.001731e+00
4.771000e-02 2.978231e+00
4.848000e-02 2.955143e+00
4.925000e-02 2.932452e+00
5.002000e-02 2.910147e+00
5.079000e-02 2.888215e+00
5.156000e-02 2.866646e+00
5.233000e-02 2.845429e+00
5.310000e-02 2.824553e+00
5.387000e-02 2.804009e+00
5.464000e-02 2.783788e+00
5.541000e-02 2.763880e+00
5.618000e-02 2.744277e+00
5.695000e-02 2.724970e+00
5.772000e-02 2.705952e+00
5.849000e-02 2.687215e+00
5.926000e-02 2.668752e+00
6.003000e-02 2.650556e+00
6.080000e-02 2.632620e+00
6.157000e-02 2.614937e+00
6.234000e-02 2.597502e+00
6.311000e-02 2.580307e+00
6.388000e-02 2.563349e+00
6.465000e-02 2.546620e+00
6.542000e-02 2.530115e+00
6.619000e-02 2.513830e+00
6.696000e-02 2.497759e+00
6.773000e-02 2.481897e+00
6.850000e-02 2.466240e+00
6.927000e-02 2.450784e+00
7.004000e-02 2.435523e+00
7.081000e-02 2.420453e+00
7.158000e-02 2.405571e+00
7.235000e-02 2.390872e+00
7.312000e-02 2.376353e+00
7.389000e-02 2.362009e+00
7.466000e-02 2.347838e+00
7.543000e-02 2.333836e+00
7.620000e-02 2.319999e+00
7.697000e-02 2.306323e+00
7.774000e-02 2.292807e+00
7.851000e-02 2.279446e+00
7.928000e-02 2.266238e+00
8.005000e-02 2.253179e+00
8.082000e-02 2.240268e+00
8.159000e-02 2.227500e+00
8.236000e-02 2.214874e+00
8.313000e-02 2.202386e+00
8.390000e-02 2.190035e+00
8.467000e-02 2.177817e+00
8.544000e-02 2.165731e+00
8.621000e-02 2.153774e+00
8.698000e-02 2.141943e+00
8.775000e-02 2.130236e+00
8.852000e-02 2.118652e+00
8.929000e-02 2.107188e+00
9.006000e-02 2.095842e+00
9.083000e-02 2.084612e+00
9.160000e-02 2.073496e+00
9.237000e-02 2.062492e+00
9.314000e-02 2.051598e+00
9.391000e-02 2.040813e+00
9.468000e-02 2.030135e+00
9.545000e-02 2.019561e+00
9.622000e-02 2.009091e+00
9.699000e-02 1.998722e+00
9.776000e-02 1.988453e+00
9.853000e-02 1.978283e+00
9.930000e-02 1.968210e+00
1.000700e-01 1.958231e+00
1.008400e-01 1.948347e+00
1.016100e-01 1.938555e+00
1.023800e-01 1.928855e+00
1.031500e-01 1.919243e+00
1.039200e-01 1.909721e+00
1.046900e-01 1.900285e+00
1.054600e-01 1.890935e+00
1.062300e-01 1.881669e+00
1.070000e-01 1.872487e+00
1.077700e-01 1.863386e+00
1.085400e-01 1.854367e+00
1.093100e-01 1.845427e+00
1.100800e-01 1.836565e+00
1.108500e-01 1.827781e+00
1.116200e-01 1.819074e+00
1.123900e-01 1.810441e+00
1.131600e-01 1.801883e+00
1.139300e-01 1.793398e+00
1.147000e-01 1.784986e+00
1.154700e-01 1.776644e+00
1.162400e-01 1.768373e+00
1.170100e-01 1.760171e+00
1.177800e-01 1.752038e+00
1.185500e-01 1.743972e+00
1.193200e-01 1.735972e+00
1.200900e-01 1.728039e+00
1.208600e-01 1.720170e+00
1.216300e-01 1.712365e+00
1.224000e-01 1.704624e+00
1.231700e-01 1.696945e+00
1.239400e-01 1.689327e+00
1.247100e-01 1.681770e+00
1.254800e-01 1.674274e+00
1.262500e-01 1.666837e+00
1.270200e-01 1.659458e+00
1.277900e-01 1.652137e+00
1.285600e-01 1.644873e+00
1.293300e-01 1.637666e+00
1.301000e-01 1.630514e+00
1.308700e-01 1.623418e+00
1.316400e-01 1.616375e+00
1.324100e-01 1.609387e+00
1.331800e-01 1.602452e+00
1.339500e-01 1.595569e+00
1.347200e-01 1.588738e+00
1.354900e-01 1.581958e+00
1.362600e-01 1.575229e+00
1.370300e-01 1.568550e+00
1.378000e-01 1.561921e+00
1.385700e-01 1.555340e+00
1.393400e-01 1.548808e+00
1.401100e-01 1.542323e+00
1.408800e-01 1.535886e+00
1.416500e-01 1.529495e+00
1.424200e-01 1.523151e+00
1.431900e-01 1.516852e+00
1.439600e-01 1.510599e+00
1.447300e-01 1.504390e+00
1.455000e-01 1.498226e+00
1.462700e-01 1.492105e+00
1.470400e-01 1.486027e+00
1.478100e-01 1.479992e+00
1.485800e-01 1.473999e+00
1.493500e-01 1.468048e+00
1.501200e-01 1.462139e+00
1.508900e-01 1.456270e+00
1.516600e-01 1.450442e+00
1.524300e-01 1.444654e+00
1.532000e-01 1.438905e+00
1.539700e-01 1.433196e+00
1.547400e-01 1.427526e+00
1.555100e-01 1.421894e+00
1.562800e-01 1.416300e+00
1.570500e-01 1.410744e+00
1.578200e-01 1.405225e+00
1.585900e-01 1.399742e+00
1.593600e-01 1.394297e+00
1.601300e-01 1.388887e+00
1.609000e-01 1.383513e+00
1.616700e-01 1.378175e+00
1.624400e-01 1.372871e+00
1.632100e-01 1.367602e+00
1.639800e-01 1.362368e+00
1.647500e-01 1.357168e+00
1.655200e-01 1.352001e+00
1.662900e-01 1.346867e+00
1.670600e-01 1.341767e+00
1.678300e-01 1.336699e+00
1.686000e-01 1.331664e+00
1.693700e-01 1.326660e+00
1.701400e-01 1.321689e+00
1.709100e-01 1.316749e+00
1.716800e-01 1.311840e+00
1.724500e-01 1.306961e+00
1.732200e-01 1.302114e+00
1.739900e-01 1.297297e+00
1.747600e-01 1.292509e+00
1.755300e-01 1.287751e+00
1.763000e-01 1.283023e+00
1.770700e-01 1.278324e+00
1.778400e-01 1.273654e+00
1.786100e-01 1.269012e+00
1.793800e-01 1.264399e+00
1.801500e-01 1.259814e+00
1.809200e-01 1.255257e+00
1.816900e-01 1.250727e+00
1.824600e-01 1.246224e+00
1.832300e-01 1.241749e+00
1.840000e-01 1.237301e+00
1.847700e-01 1.232879e+00
1.855400e-01 1.228483e+00
1.863100e-01 1.224114e+00
1.870800e-01 1.219770e+00
1.878500e-01 1.215453e+00
1.886200e-01 1.211160e+00
1.893900e-01 1.206893e+00
1.901600e-01 1.202651e+00
1.909300e-01 1.198433e+00
1.917000e-01 1.194240e+00
1.924700e-01 1.190072e+00
1.932400e-01 1.185928e+00
1.940100e-01 1.181807e+00
1.947800e-01 1.177711e+00
1.955500e-01 1.173637e+00
1.963200e-01 1.169588e+00
1.970900e-01 1.165561e+00
1.978600e-01 1.161557e+00
1.986300e-01 1.157576e+00
1.994000e-01 1.153618e+00
2.001700e-01 1.149681e+00
2.009400e-01 1.145767e+00
2.017100e-01 1.141875e+00
2.024800e-01 1.138005e+00
2.032500e-01 1.134157e+00
2.040200e-01 1.130330e+00
2.047900e-01 1.126524e+00
2.055600e-01 1.122739e+00
2.063300e-01 1.118975e+00
2.071000e-01 1.115232e+00
2.078700e-01 1.111510e+00
2.086400e-01 1.107808e+00
2.094100e-01 1.104126e+00
2.101800e-01 1.100464e+00
2.109500e-01 1.096822e+00
2.117200e-01 1.093200e+00
2.124900e-01 1.089598e+00
2.132600e-01 1.086015e+00
2.140300e-01 1.082451e+00
2.148000e-01 1.078907e+00
2.155700e-01 1.075381e+00
2.163400e-01 1.071875e+00
2.171100e-01 1.068387e+00
2.178800e-01 1.064917e+00
2.186500e-01 1.061466e+00
2.194200e-01 1.058033e+00
2.201900e-01 1.054619e+00
2.209600e-01 1.051222e+00
2.217300e-01 1.047844e+00
2.225000e-01 1.044482e+00
2.232700e-01 1.041139e+00
2.240400e-01 1.037813e+00
2.248100e-01 1.034504e+00
2.255800e-01 1.031213e+00
2.263500e-01 1.027938e+00
2.271200e-01 1.024681e+00
2.278900e-01 1.021440e+00
2.286600e-01 1.018216e+00
2.294300e-01 1.015008e+00
2.302000e-01 1.011817e+00
2.309700e-01 1.008642e+00
2.317400e-01 1.005483e+00
2.325100e-01 1.002341e+00
2.332800e-01 9.992142e-01
2.340500e-01 9.961033e-01
2.348200e-01 9.930081e-01
2.355900e-01 9.899285e-01
2.363600e-01 9.868644e-01
2.371300e-01 9.838157e-01
2.379000e-01 9.807822e-01
2.386700e-01 9.777638e-01
2.394400e-01 9.747605e-01
2.402100e-01 9.717721e-01
2.409800e-01 9.687985e-01
2.417500e-01 9.658396e-01
2.425200e-01 9.628954e-01
2.432900e-01 9.599656e-01
2.440600e-01 9.570502e-01
2.448300e-01 9.541491e-01
2.456000e-01 9.512622e-01
2.463700e-01 9.483894e-01
2.471400e-01 9.455306e-01
2.479100e-01 9.426857e-01
2.486800e-01 9.398545e-01
2.494500e-01 9.370371e-01
2.502200e-01 9.342333e-01
2.509900e-01 9.314430e-01
2.517600e-01 9.286661e-01
2.525300e-01 9.259025e-01
2.533000e-01 9.231522e-01
2.540700e-01 9.204150e-01
2.548400e-01 9.176908e-01
2.556100e-01 9.149796e-01
2.563800e-01 9.122813e-01
2.571500e-01 9.095958e-01
2.579200e-01 9.069229e-01
2.586900e-01 9.042627e-01
2.594600e-01 9.016150e-01
2.602300e-01 8.989797e-01
2.610000e-01 8.963568e-01
2.617700e-01 8.937462e-01
2.625400e-01 8.911477e-01
2.633100e-01 8.885614e-01
2.640800e-01 8.859871e-01
2.648500e-01 8.834247e-01
2.656200e-01 8.808743e-01
2.663900e-01 8.783356e-01
2.671600e-01 8.758086e-01
2.679300e-01 8.732932e-01
2.687000e-01 8.707894e-01
2.694700e-01 8.682971e-01
2.702400e-01 8.658162e-01
2.710100e-01 8.633466e-01
2.717800e-01 8.608883e-01
2.725500e-01 8.584412e-01
2.733200e-01 8.560051e-01
2.740900e-01 8.535802e-01
2.748600e-01 8.511661e-01
2.756300e-01 8.487630e-01
2.764000e-01 8.463707e-01
2.771700e-01 8.439892e-01
2.779400e-01 8.416184e-01
2.787100e-01 8.392581e-01
2.794800e-01 8.369085e-01
2.802500e-01 8.345693e-01
2.810200e-01 8.322405e-01
2.817900e-01 8.299221e-01
2.825600e-01 8.276139e-01
2.833300e-01 8.253160e-01
2.841000e-01 8.230283e-01
2.848700e-01 8.207506e-01
2.856400e-01 8.184830e-01
2.864100e-01 8.162253e-01
2.871800e-01 8.139776e-01
2.879500e-01 8.117396e-01
2.887200e-01 8.095115e-01
2.894900e-01 8.072931e-01
2.902600e-01 8.050843e-01
2.910300e-01 8.028852e-01
2.918000e-01 8.006956e-01
2.925700e-01 7.985154e-01
2.933400e-01 7.963447e-01
2.941100e-01 7.941834e-01
2.948800e-01 7.920314e-01
2.956500e-01 7.898886e-01
2.964200e-01 7.877550e-01
2.971900e-01 7.856306e-01
2.979600e-01 7.835152e-01
2.987300e-01 7.814089e-01
2.995000e-01 7.793115e-01
3.002700e-01 7.772231e-01
3.010400e-01 7.751435e-01
3.018100e-01 7.730728e-01
3.025800e-01 7.710108e-01
3.033500e-01 7.689575e-01
3.041200e-01 7.669128e-01
3.048900e-01 7.648768e-01
3.056600e-01 7.628493e-01
3.064300e-01 7.608304e-01
3.072000e-01 7.588199e-01
3.079700e-01 7.568177e-01
3.087400e-01 7.548240e-01
3.095100e-01 7.528385e-01
3.102800e-01 7.508613e-01
3.110500e-01 7.488923e-01
3.118200e-01 7.469315e-01
3.125900e-01 7.449787e-01
3.133600e-01 7.430340e-01
3.141300e-01 7.410974e-01
3.149000e-01 7.391687e-01
3.156700e-01 7.372479e-01
3.164400e-01 7.353350e-01
3.172100e-01 7.334300e-01
3.179800e-01 7.315327e-01
3.187500e-01 7.296432e-01
3.195200e-01 7.277613e-01
3.202900e-01 7.258872e-01
3.210600e-01 7.240206e-01
3.218300e-01 7.221616e-01
3.226000e-01 7.203101e-01
3.233700e-01 7.184661e-01
3.241400e-01 7.166295e-01
3.249100e-01 7.148003e-01
3.256800e-01 7.129785e-01
3.264500e-01 7.111640e-01
3.272200e-01 7.093568e-01
3.279900e-01 7.075567e-01
3.287600e-01 7.057639e-01
3.295300e-01 7.039782e-01
3.303000e-01 7.021997e-01
3.310700e-01 7.004282e-01
3.318400e-01 6.986637e-01
3.326100e-01 6.969062e-01
3.333800e-01 6.951557e-01
3.341500e-01 6.934120e-01
3.349200e-01 6.916753e-01
3.356900e-01 6.899454e-01
3.364600e-01 6.882222e-01
3.372300e-01 6.865059e-01
3.380000e-01 6.847963e-01
3.387700e-01 6.830933e-01
3.395400e-01 6.813970e-01
3.403100e-01 6.797073e-01
3.410800e-01 6.780242e-01
3.418500e-01 6.763476e-01
3.426200e-01 6.746776e-01
3.433900e-01 6.730140e-01
3.441600e-01 6.713568e-01
3.449300e-01 6.697060e-01
3.457000e-01 6.680617e-01
3.464700e-01 6.664236e-01
3.472400e-01 6.647918e-01
3.480100e-01 6.631663e-01
3.487800e-01 6.615470e-01
3.495500e-01 6.599340e-01
3.503200e-01 6.583270e-01
3.510900e-01 6.567262e-01
3.518600e-01 6.551316e-01
3.526300e-01 6.535429e-01
3.534000e-01 6.519603e-01
3.541700e-01 6.503837e-01
3.549400e-01 6.488131e-01
3.557100e-01 6.472484e-01
3.564800e-01 6.456896e-01
3.572500e-01 6.441367e-01
3.580200e-01 6.425897e-01
3.587900e-01 6.410484e-01
3.595600e-01 6.395129e-01
3.603300e-01 6.379832e-01
3.611000e-01 6.364592e-01
3.618700e-01 6.349409e-01
3.626400e-01 6.334283e-01
3.634100e-01 6.319213e-01
3.641800e-01 6.304199e-01
3.649500e-01 6.289240e-01
3.657200e-01 6.274338e-01
3.664900e-01 6.259490e-01
3.672600e-01 6.244697e-01
3.680300e-01 6.229959e-01
3.688000e-01 6.215275e-01
3.695700e-01 6.200645e-01
3.703400e-01 6.186069e-01
3.711100e-01 6.171547e-01
3.718800e-01 6.157077e-01
3.726500e-01 6.142661e-01
3.734200e-01 6.128297e-01
3.741900e-01 6.113986e-01
3.749600e-01 6.099726e-01
3.757300e-01 6.085519e-01
3.765000e-01 6.071363e-01
3.772700e-01 6.057259e-01
3.780400e-01 6.043206e-01
3.788100e-01 6.029203e-01
3.795800e-01 6.015252e-01
3.803500e-01 6.001350e-01
3.811200e-01 5.987499e-01
3.818900e-01 5.973697e-01
3.826600e-01 5.959945e-01
3.834300e-01 5.946242e-01
3.842000e-01 5.932589e-01
3.849700e-01 5.918984e-01
3.857400e-01 5.905428e-01
3.865100e-01 5.891920e-01
3.872800e-01 5.878460e-01
3.880500e-01 5.865048e-01
3.888200e-01 5.851684e-01
3.895900e-01 5.838367e-01
3.903600e-01 5.825097e-01
3.911300e-01 5.811875e-01
3.919000e-01 5.798699e-01
3.926700e-01 5.785569e-01
3.934400e-01 5.772486e-01
3.942100e-01 5.759448e-01
3.949800e-01 5.746457e-01
3.957500e-01 5.733511e-01
3.965200e-01 5.720611e-01
3.972900e-01 5.707755e-01
3.980600e-01 5.694945e-01
3.988300e-01 5.682179e-01
3.996000e-01 5.669457e-01
4.003700e-01 5.656780e-01
4.011400e-01 5.644147e-01
4.019100e-01 5.631558e-01
4.026800e-01 5.619013e-01
4.034500e-01 5.606511e-01
4.042200e-01 5.594052e-01
4.049900e-01 5.581636e-01
4.057600e-01 5.569263e-01
4.065300e-01 5.556932e-01
4.073000e-01 5.544644e-01
4.080700e-01 5.532398e-01
4.088400e-01 5.520194e-01
4.096100e-01 5.508032e-01
4.103800e-01 5.495912e-01
4.111500e-01 5.483832e-01
4.119200e-01 5.471795e-01
4.126900e-01 5.459798e-01
4.134600e-01 5.447841e-01
4.142300e-01 5.435926e-01
4.150000e-01 5.424051e-01
4.157700e-01 5.412216e-01
4.165400e-01 5.400421e-01
4.173100e-01 5.388666e-01
4.180800e-01 5.376951e-01
4.188500e-01 5.365275e-01
4.196200e-01 5.353639e-01
4.203900e-01 5.342041e-01
4.211600e-01 5.330483e-01
4.219300e-01 5.318963e-01
4.227000e-01 5.307482e-01
4.234700e-01 5.296040e-01
4.242400e-01 5.284635e-01
4.250100e-01 5.273269e-01
4.257800e-01 5.261940e-01
4.265500e-01 5.250649e-01
4.273200e-01 5.239396e-01
4.280900e-01 5.228180e-01
4.288600e-01 5.217002e-01
4.296300e-01 5.205860e-01
4.304000e-01 5.194755e-01
4.311700e-01 5.183687e-01
4.319400e-01 5.172655e-01
4.327100e-01 5.161660e-01
4.334800e-01 5.150700e-01
4.342500e-01 5.139777e-01
4.350200e-01 5.128890e-01
4.357900e-01 5.118038e-01
4.365600e-01 5.107222e-01
4.373300e-01 5.096441e-01
4.381000e-01 5.085696e-01
4.388700e-01 5.074985e-01
4.396400e-01 5.064310e-01
4.404100e-01 5.053669e-01
4.411800e-01 5.043063e-01
4.419500e-01 5.032491e-01
4.427200e-01 5.021953e-01
4.434900e-01 5.011450e-01
4.442600e-01 5.000980e-01
4.450300e-01 4.990544e-01
4.458000e-01 4.980142e-01
4.465700e-01 4.969774e-01
4.473400e-01 4.959439e-01
4.481100e-01 4.949137e-01
4.488800e-01 4.938868e-01
4.496500e-01 4.928632e-01
4.504200e-01 4.918429e-01
4.511900e-01 4.908258e-01
4.519600e-01 4.898120e-01
4.527300e-01 4.888014e-01
4.535000e-01 4.877941e-01
4.542700e-01 4.867899e-01
4.550400e-01 4.857889e-01
4.558100e-01 4.847912e-01
4.565800e-01 4.837966e-01
4.573500e-01 4.828051e-01
4.581200e-01 4.818168e-01
4.588900e-01 4.808316e-01
4.596600e-01 4.798495e-01
4.604300e-01 4.788705e-01
4.612000e-01 4.778945e-01
4.619700e-01 4.769217e-01
4.627400e-01 4.759519e-01
4.635100e-01 4.749852e-01
4.642800e-01 4.740214e-01
4.650500e-01 4.730607e-01
4.658200e-01 4.721030e-01
4.665900e-01 4.711483e-01
4.673600e-01 4.701966e-01
4.681300e-01 4.692478e-01
4.689000e-01 4.683020e-01
4.696700e-01 4.673591e-01
4.704400e-01 4.664192e-01
4.712100e-01 4.654822e-01
4.719800e-01 4.645480e-01
4.727500e-01 4.636168e-01
4.735200e-01 4.626884e-01
4.742900e-01 4.617629e-01
4.750600e-01 4.608403e-01
4.758300e-01 4.599205e-01
4.766000e-01 4.590035e-01
4.773700e-01 4.580893e-01
4.781400e-01 4.571780e-01
4.789100e-01 4.562694e-01
4.796800e-01 4.553636e-01
4.804500e-01 4.544606e-01
4.812200e-01 4.535604e-01
4.819900e-01 4.526629e-01
4.827600e-01 4.517681e-01
4.835300e-01 4.508761e-01
4.843000e-01 4.499867e-01
4.850700e-01 4.491001e-01
4.858400e-01 4.482162e-01
4.866100e-01 4.473349e-01
4.873800e-01 4.464563e-01
4.881500e-01 4.455804e-01
4.889200e-01 4.447071e-01
4.896900e-01 4.438364e-01
4.904600e-01 4.429684e-01
4.912300e-01 4.421030e-01
4.920000e-01 4.412401e-01
4.927700e-01 4.403799e-01
4.935400e-01 4.395223e-01
4.943100e-01 4.386672e-01
4.950800e-01 4.378147e-01
4.958500e-01 4.369647e-01
4.966200e-01 4.361173e-01
4.973900e-01 4.352723e-01
4.981600e-01 4.344300e-01
4.989300e-01 4.335901e-01
4.997000e-01 4.327527e-01
5.004700e-01 4.319178e-01
5.012400e-01 4.310854e-01
5.020100e-01 4.302554e-01
5.027800e-01 4.294279e-01
5.035500e-01 4.286029e-01
5.043200e-01 4.277803e-01
5.050900e-01 4.269601e-01
5.058600e-01 4.261423e-01
5.066300e-01 4.253270e-01
5.074000e-01 4.245140e-01
5.081700e-01 4.237034e-01
5.089400e-01 4.228952e-01
5.097100e-01 4.220894e-01
5.104800e-01 4.212859e-01
5.112500e-01 4.204848e-01
5.120200e-01 4.196860e-01
5.127900e-01 4.188896e-01
5.135600e-01 4.180954e-01
5.143300e-01 4.173036e-01
5.151000e-01 4.165141e-01
5.158700e-01 4.157269e-01
5.166400e-01 4.149420e-01
5.174100e-01 4.141593e-01
5.181800e-01 4.133789e-01
5.189500e-01 4.126008e-01
5.197200e-01 4.118249e-01
5.204900e-01 4.110513e-01
5.212600e-01 4.102799e-01
5.220300e-01 4.095107e-01
5.228000e-01 4.087437e-01
5.235700e-01 4.079789e-01
5.243400e-01 4.072164e-01
5.251100e-01 4.064560e-01
5.258800e-01 4.056978e-01
5.266500e-01 4.049417e-01
5.274200e-01 4.041879e-01
5.281900e-01 4.034361e-01
5.289600e-01 4.026866e-01
5.297300e-01 4.019391e-01
5.305000e-01 4.011938e-01
5.312700e-01 4.004506e-01
5.320400e-01 3.997095e-01
5.328100e-01 3.989706e-01
5.335800e-01 3.982337e-01
5.343500e-01 3.974989e-01
5.351200e-01 3.967662e-01
5.358900e-01 3.960355e-01
5.366600e-01 3.953070e-01
5.374300e-01 3.945804e-01
5.382000e-01 3.938560e-01
5.389700e-01 3.931335e-01
5.397400e-01 3.924131e-01
5.405100e-01 3.916947e-01
5.412800e-01 3.909784e-01
5.420500e-01 3.902640e-01
5.428200e-01 3.895517e-01
5.435900e-01 3.888413e-01
5.443600e-01 3.881329e-01
5.451300e-01 3.874265e-01
5.459000e-01 3.867221e-01
5.466700e-01 3.860196e-01
5.474400e-01 3.853191e-01
5.482100e-01 3.846205e-01
5.489800e-01 3.839239e-01
5.497500e-01 3.832292e-01
5.505200e-01 3.825365e-01
5.512900e-01 3.818456e-01
5.520600e-01 3.811567e-01
5.528300e-01 3.804697e-01
5.536000e-01 3.797845e-01
5.543700e-01 3.791013e-01
5.551400e-01 3.784199e-01
5.559100e-01 3.777404e-01
5.566800e-01 3.770628e-01
5.574500e-01 3.763871e-01
5.582200e-01 3.757132e-01
5.589900e-01 3.750411e-01
5.597600e-01 3.743709e-01
5.605300e-01 3.737025e-01
5.613000e-01 3.730360e-01
5.620700e-01 3.723712e-01
5.628400e-01 3.717083e-01
5.636100e-01 3.710472e-01
5.643800e-01 3.703879e-01
5.651500e-01 3.697304e-01
5.659200e-01 3.690746e-01
5.666900e-01 3.684207e-01
5.674600e-01 3.677685e-01
5.682300e-01 3.671181e-01
5.690000e-01 3.664694e-01
5.697700e-01 3.658225e-01
5.705400e-01 3.651774e-01
5.713100e-01 3.645339e-01
5.720800e-01 3.638923e-01
5.728500e-01 3.632523e-01
5.736200e-01 3.626141e-01
5.743900e-01 3.619776e-01
5.751600e-01 3.613428e-01
5.759300e-01 3.607097e-01
5.767000e-01 3.600783e-01
5.774700e-01 3.594485e-01
5.782400e-01 3.588205e-01
5.790100e-01 3.581942e-01
5.797800e-01 3.575695e-01
5.805500e-01 3.569465e-01
5.813200e-01 3.563251e-01
5.820900e-01 3.557054e-01
5.828600e-01 3.550874e-01
5.836300e-01 3.544709e-01
5.844000e-01 3.538562e-01
5.851700e-01 3.532430e-01
5.859400e-01 3.526315e-01
5.867100e-01 3.520216e-01
5.874800e-01 3.514133e-01
5.882500e-01 3.508066e-01
5.890200e-01 3.502015e-01
5.897900e-01 3.495981e-01
5.905600e-01 3.489962e-01
5.913300e-01 3.483958e-01
5.921000e-01 3.477971e-01
5.928700e-01 3.471999e-01
5.936400e-01 3.466043e-01
5.944100e-01 3.460103e-01
5.951800e-01 3.454178e-01
5.959500e-01 3.448269e-01
5.967200e-01 3.442375e-01
5.974900e-01 3.436496e-01
5.982600e-01 3.430633e-01
5.990300e-01 3.424785e-01
5.998000e-01 3.418953e-01
6.005700e-01 3.413135e-01
6.013400e-01 3.407333e-01
6.021100e-01 3.401546e-01
6.028800e-01 3.395773e-01
6.036500e-01 3.390016e-01
6.044200e-01 3.384274e-01
6.051900e-01 3.378546e-01
6.059600e-01 3.372833e-01
6.067300e-01 3.367135e-01
6.075000e-01 3.361452e-01
6.082700e-01 3.355783e-01
6.090400e-01 3.350129e-01
6.098100e-01 3.344490e-01
6.105800e-01 3.338865e-01
6.113500e-01 3.333254e-01
6.121200e-01 3.327658e-01
6.128900e-01 3.322076e-01
6.136600e-01 3.316508e-01
6.144300e-01 3.310955e-01
6.152000e-01 3.305416e-01
6.159700e-01 3.299891e-01
6.167400e-01 3.294380e-01
6.175100e-01 3.288883e-01
6.182800e-01 3.283400e-01
6.190500e-01 3.277931e-01
6.198200e-01 3.272476e-01
6.205900e-01 3.267035e-01
6.213600e-01 3.261608e-01
6.221300e-01 3.256194e-01
6.229000e-01 3.250794e-01
6.236700e-01 3.245408e-01
6.244400e-01 3.240035e-01
6.252100e-01 3.234676e-01
6.259800e-01 3.229331e-01
6.267500e-01 3.223999e-01
6.275200e-01 3.218680e-01
6.282900e-01 3.213375e-01
6.290600e-01 3.208083e-01
6.298300e-01 3.202804e-01
6.306000e-01 3.197539e-01
6.313700e-01 3.192287e-01
6.321400e-01 3.187048e-01
6.329100e-01 3.181822e-01
6.336800e-01 3.176609e-01
6.344500e-01 3.171409e-01
6.352200e-01 3.166222e-01
6.359900e-01 3.161049e-01
6.367600e-01 3.155888e-01
6.375300e-01 3.150739e-01
6.383000e-01 3.145604e-01
6.390700e-01 3.140481e-01
6.398400e-01 3.135371e-01
6.406100e-01 3.130274e-01
6.413800e-01 3.125190e-01
6.421500e-01 3.120118e-01
6.429200e-01 3.115058e-01
6.436900e-01 3.110011e-01
6.444600e-01 3.104977e-01
6.452300e-01 3.099955e-01
6.460000e-01 3.094945e-01
6.467700e-01 3.089948e-01
6.475400e-01 3.084963e-01
6.483100e-01 3.079990e-01
6.490800e-01 3.075029e-01
6.498500e-01 3.070081e-01
6.506200e-01 3.065145e-01
6.513900e-01 3.060220e-01
6.521600e-01 3.055308e-01
6.529300e-01 3.050408e-01
6.537000e-01 3.045520e-01
6.544700e-01 3.040644e-01
6.552400e-01 3.035779e-01
6.560100e-01 3.030927e-01
6.567800e-01 3.026086e-01
6.575500e-01 3.021257e-01
6.583200e-01 3.016440e-01
6.590900e-01 3.011635e-01
6.598600e-01 3.006841e-01
6.606300e-01 3.002059e-01
6.614000e-01 2.997288e-01
6.621700e-01 2.992529e-01
6.629400e-01 2.987782e-01
6.637100e-01 2.983046e-01
6.644800e-01 2.978321e-01
6.652500e-01 2.973608e-01
6.660200e-01 2.968906e-01
6.667900e-01 2.964216e-01
6.675600e-01 2.959536e-01
6.683300e-01 2.954868e-01
6.691000e-01 2.950211e-01
6.698700e-01 2.945566e-01
6.706400e-01 2.940931e-01
6.714100e-01 2.936308e-01
6.721800e-01 2.931696e-01
6.729500e-01 2.927094e-01
6.737200e-01 2.922504e-01
6.744900e-01 2.917925e-01
6.752600e-01 2.913356e-01
6.760300e-01 2.908799e-01
6.768000e-01 2.904252e-01
6.775700e-01 2.899716e-01
6.783400e-01 2.895191e-01
6.791100e-01 2.890677e-01
6.798800e-01 2.886173e-01
6.806500e-01 2.881680e-01
6.814200e-01 2.877198e-01
6.821900e-01 2.872726e-01
6.829600e-01 2.868265e-01
6.837300e-01 2.863814e-01
6.845000e-01 2.859374e-01
6.852700e-01 2.854945e-01
6.860400e-01 2.850525e-01
6.868100e-01 2.846117e-01
6.875800e-01 2.841718e-01
6.883500e-01 2.837330e-01
6.891200e-01 2.832952e-01
6.898900e-01 2.828585e-01
6.906600e-01 2.824228e-01
6.914300e-01 2.819881e-01
6.922000e-01 2.815544e-01
6.929700e-01 2.811217e-01
6.937400e-01 2.806901e-01
6.945100e-01 2.802594e-01
6.952800e-01 2.798298e-01
6.960500e-01 2.794011e-01
6.968200e-01 2.789735e-01
6.975900e-01 2.785468e-01
6.983600e-01 2.781212e-01
6.991300e-01 2.776965e-01
6.999000e-01 2.772728e-01
7.006700e-01 2.768501e-01
7.014400e-01 2.764284e-01
7.022100e-01 2.760077e-01
7.029800e-01 2.755879e-01
7.037500e-01 2.751691e-01
7.045200e-01 2.747513e-01
7.052900e-01 2.743344e-01
7.060600e-01 2.739185e-01
7.068300e-01 2.735036e-01
7.076000e-01 2.730896e-01
7.083700e-01 2.726765e-01
7.091400e-01 2.722644e-01
7.099100e-01 2.718533e-01
7.106800e-01 2.714431e-01
7.114500e-01 2.710339e-01
7.122200e-01 2.706255e-01
7.129900e-01 2.702182e-01
7.137600e-01 2.698117e-01
7.145300e-01 2.694062e-01
7.153000e-01 2.690016e-01
7.160700e-01 2.685979e-01
7.168400e-01 2.681952e-01
7.176100e-01 2.677933e-01
7.183800e-01 2.673924e-01
7.191500e-01 2.669924e-01
7.199200e-01 2.665933e-01
7.206900e-01 2.661951e-01
7.214600e-01 2.657978e-01
7.222300e-01 2.654015e-01
7.230000e-01 2.650060e-01
7.237700e-01 2.646114e-01
7.245400e-01 2.642177e-01
7.253100e-01 2.638249e-01
7.260800e-01 2.634330e-01
7.268500e-01 2.630419e-01
7.276200e-01 2.626518e-01
7.283900e-01 2.622625e-01
7.291600e-01 2.618741e-01
7.299300e-01 2.614866e-01
7.307000e-01 2.610999e-01
7.314700e-01 2.607141e-01
7.322400e-01 2.603292e-01
7.330100e-01 2.599452e-01
7.337800e-01 2.595620e-01
7.345500e-01 2.591796e-01
7.353200e-01 2.587981e-01
7.360900e-01 2.584175e-01
7.368600e-01 2.580377e-01
7.376300e-01 2.576588e-01
7.384000e-01 2.572807e-01
7.391700e-01 2.569035e-01
7.399400e-01 2.565271e-01
7.407100e-01 2.561515e-01
7.414800e-01 2.557768e-01
7.422500e-01 2.554029e-01
7.430200e-01 2.550298e-01
7.437900e-01 2.546576e-01
7.445600e-01 2.542862e-01
7.453300e-01 2.539156e-01
7.461000e-01 2.535458e-01
7.468700e-01 2.531768e-01
7.476400e-01 2.528087e-01
7.484100e-01 2.524414e-01
7.491800e-01 2.520749e-01
7.499500e-01 2.517091e-01
7.507200e-01 2.513442e-01
7.514900e-01 2.509801e-01
7.522600e-01 2.506168e-01
7.530300e-01 2.502543e-01
7.538000e-01 2.498926e-01
7.545700e-01 2.495317e-01
7.553400e-01 2.491716e-01
7.561100e-01 2.488123e-01
7.568800e-01 2.484537e-01
7.576500e-01 2.480960e-01
7.584200e-01 2.477390e-01
7.591900e-01 2.473828e-01
7.599600e-01 2.470274e-01
7.607300e-01 2.466727e-01
7.615000e-01 2.463189e-01
7.622700e-01 2.459658e-01
7.630400e-01 2.456134e-01
7.638100e-01 2.452618e-01
7.645800e-01 2.449110e-01
7.653500e-01 2.445610e-01
7.661200e-01 2.442117e-01
7.668900e-01 2.438632e-01
7.676600e-01 2.435154e-01
7.684300e-01 2.431684e-01
7.692000e-01 2.428221e-01
7.699700e-01 2.424766e-01
7.707400e-01 2.421318e-01
7.715100e-01 2.417878e-01
7.722800e-01 2.414445e-01
7.730500e-01 2.411020e-01
7.738200e-01 2.407602e-01
7.745900e-01 2.404191e-01
7.753600e-01 2.400787e-01
7.761300e-01 2.397391e-01
7.769000e-01 2.394002e-01
7.776700e-01 2.390621e-01
7.784400e-01 2.387247e-01
7.792100e-01 2.383879e-01
7.799800e-01 2.380520e-01
7.807500e-01 2.377167e-01
7.815200e-01 2.373821e-01
7.822900e-01 2.370483e-01
7.830600e-01 2.367152e-01
7.838300e-01 2.363827e-01
7.846000e-01 2.360510e-01
7.853700e-01 2.357200e-01
7.861400e-01 2.353897e-01
7.869100e-01 2.350601e-01
7.876800e-01 2.347312e-01
7.884500e-01 2.344030e-01
7.892200e-01 2.340755e-01
7.899900e-01 2.337487e-01
7.907600e-01 2.334226e-01
7.915300e-01 2.330972e-01
7.923000e-01 2.327724e-01
7.930700e-01 2.324484e-01
7.938400e-01 2.321250e-01
7.946100e-01 2.318023e-01
7.953800e-01 2.314803e-01
7.961500e-01 2.311590e-01
7.969200e-01 2.308383e-01
7.976900e-01 2.305184e-01
7.984600e-01 2.301991e-01
7.992300e-01 2.298804e-01
8.000000e-01 2.295625e-01
