3.000000e-02 3.731985e+00
3.077000e-02 3.693096e+00
3.154000e-02 3.655226e+00
3.231000e-02 3.618173e+00
3.308000e-02 3.582216e+00
3.385000e-02 3.547124e+00
3.462000e-02 3.512861e+00
3.539000e-02 3.479393e+00
3.616000e-02 3.447543e+00
3.693000e-02 3.415403e+00
3.770000e-02 3.384001e+00
3.847000e-02 3.353301e+00
3.924000e-02 3.323269e+00
4.001000e-02 3.293875e+00
4.078000e-02 3.265093e+00
4.155000e-02 3.236898e+00
4.232000e-02 3.209267e+00
4.309000e-02 3.182178e+00
4.386000e-02 3.155611e+00
4.463000e-02 3.129549e+00
4.540000e-02 3.103972e+00
4.617000e-02 3.078866e+00
4.694000e-02 3.054213e+00
4.771000e-02 3.030000e+00
4.848000e-02 3.006212e+00
4.925000e-02 2.982835e+00
5.002000e-02 2.959857e+00
5.079000e-02 2.937266e+00
5.156000e-02 2.915050e+00
5.233000e-02 2.893198e+00
5.310000e-02 2.871699e+00
5.387000e-02 2.850543e+00
5.464000e-02 2.829721e+00
5.541000e-02 2.809223e+00
5.618000e-02 2.789040e+00
5.695000e-02 2.769164e+00
5.772000e-02 2.749586e+00
5.849000e-02 2.730299e+00
5.926000e-02 2.711295e+00
6.003000e-02 2.692567e+00
6.080000e-02 2.674108e+00
6.157000e-02 2.655911e+00
6.234000e-02 2.637970e+00
6.311000e-02 2.620278e+00
6.388000e-02 2.602829e+00
6.465000e-02 2.585618e+00
6.542000e-02 2.568640e+00
6.619000e-02 2.551887e+00
6.696000e-02 2.535357e+00
6.773000e-02 2.519043e+00
6.850000e-02 2.502940e+00
6.927000e-02 2.487044e+00
7.004000e-02 2.471351e+00
7.081000e-02 2.455855e+00
7.158000e-02 2.440554e+00
7.235000e-02 2.425442e+00
7.312000e-02 2.410515e+00
7.389000e-02 2.395771e+00
7.466000e-02 2.381204e+00
7.543000e-02 2.366812e+00
7.620000e-02 2.352590e+00
7.697000e-02 2.338536e+00
7.774000e-02 2.324646e+00
7.851000e-02 2.310917e+00
7.928000e-02 2.297346e+00
8.005000e-02 2.283929e+00
8.082000e-02 2.270664e+00
8.159000e-02 2.257548e+00
8.236000e-02 2.244579e+00
8.313000e-02 2.231752e+00
8.390000e-02 2.219066e+00
8.467000e-02 2.206519e+00
8.544000e-02 2.194107e+00
8.621000e-02 2.181828e+00
8.698000e-02 2.169680e+00
8.775000e-02 2.157661e+00
8.852000e-02 2.145767e+00
8.929000e-02 2.133998e+00
9.006000e-02 2.122351e+00
9.083000e-02 2.110824e+00
9.160000e-02 2.099415e+00
9.237000e-02 2.088121e+00
9.314000e-02 2.076942e+00
9.391000e-02 2.065874e+00
9.468000e-02 2.054917e+00
9.545000e-02 2.044068e+00
9.622000e-02 2.033325e+00
9.699000e-02 2.022688e+00
9.776000e-02 2.012154e+00
9.853000e-02 2.001721e+00
9.930000e-02 1.991389e+00
1.000700e-01 1.981155e+00
1.008400e-01 1.971018e+00
1.016100e-01 1.960976e+00
1.023800e-01 1.951028e+00
1.031500e-01 1.941173e+00
1.039200e-01 1.931410e+00
1.046900e-01 1.921736e+00
1.054600e-01 1.912150e+00
1.062300e-01 1.902652e+00
1.070000e-01 1.893239e+00
1.077700e-01 1.883912e+00
1.085400e-01 1.874667e+00
1.093100e-01 1.865505e+00
1.100800e-01 1.856424e+00
1.108500e-01 1.847423e+00
1.116200e-01 1.838501e+00
1.123900e-01 1.829657e+00
1.131600e-01 1.820889e+00
1.139300e-01 1.812197e+00
1.147000e-01 1.803579e+00
1.154700e-01 1.795035e+00
1.162400e-01 1.786563e+00
1.170100e-01 1.778163e+00
1.177800e-01 1.769833e+00
1.185500e-01 1.761573e+00
1.193200e-01 1.753382e+00
1.200900e-01 1.745259e+00
1.208600e-01 1.737202e+00
1.216300e-01 1.729212e+00
1.224000e-01 1.721287e+00
1.231700e-01 1.713426e+00
1.239400e-01 1.705629e+00
1.247100e-01 1.697894e+00
1.254800e-01 1.690221e+00
1.262500e-01 1.682610e+00
1.270200e-01 1.675059e+00
1.277900e-01 1.667568e+00
1.285600e-01 1.660135e+00
1.293300e-01 1.652761e+00
1.301000e-01 1.645445e+00
1.308700e-01 1.638185e+00
1.316400e-01 1.630981e+00
1.324100e-01 1.623832e+00
1.331800e-01 1.616739e+00
1.339500e-01 1.609699e+00
1.347200e-01 1.602713e+00
1.354900e-01 1.595780e+00
1.362600e-01 1.588899e+00
1.370300e-01 1.582070e+00
1.378000e-01 1.575291e+00
1.385700e-01 1.568563e+00
1.393400e-01 1.561885e+00
1.401100e-01 1.555256e+00
1.408800e-01 1.548676e+00
1.416500e-01 1.542144e+00
1.424200e-01 1.535660e+00
1.431900e-01 1.529222e+00
1.439600e-01 1.522831e+00
1.447300e-01 1.516487e+00
1.455000e-01 1.510187e+00
1.462700e-01 1.503933e+00
1.470400e-01 1.497723e+00
1.478100e-01 1.491558e+00
1.485800e-01 1.485436e+00
1.493500e-01 1.479357e+00
1.501200e-01 1.473320e+00
1.508900e-01 1.467326e+00
1.516600e-01 1.461373e+00
1.524300e-01 1.455462e+00
1.532000e-01 1.449592e+00
1.539700e-01 1.443762e+00
1.547400e-01 1.437972e+00
1.555100e-01 1.432221e+00
1.562800e-01 1.426510e+00
1.570500e-01 1.420837e+00
1.578200e-01 1.415203e+00
1.585900e-01 1.409607e+00
1.593600e-01 1.404048e+00
1.601300e-01 1.398526e+00
1.609000e-01 1.393042e+00
1.616700e-01 1.387593e+00
1.624400e-01 1.382181e+00
1.632100e-01 1.376805e+00
1.639800e-01 1.371463e+00
1.647500e-01 1.366157e+00
1.655200e-01 1.360886e+00
1.662900e-01 1.355648e+00
1.670600e-01 1.350445e+00
1.678300e-01 1.345275e+00
1.686000e-01 1.340139e+00
1.693700e-01 1.335036e+00
1.701400e-01 1.329965e+00
1.709100e-01 1.324927e+00
1.716800e-01 1.319920e+00
1.724500e-01 1.314946e+00
1.732200e-01 1.310003e+00
1.739900e-01 1.305091e+00
1.747600e-01 1.300210e+00
1.755300e-01 1.295359e+00
1.763000e-01 1.290539e+00
1.770700e-01 1.285749e+00
1.778400e-01 1.280988e+00
1.786100e-01 1.276257e+00
1.793800e-01 1.271555e+00
1.801500e-01 1.266882e+00
1.809200e-01 1.262237e+00
1.816900e-01 1.257621e+00
1.824600e-01 1.253033e+00
1.832300e-01 1.248473e+00
1.840000e-01 1.243940e+00
1.847700e-01 1.239435e+00
1.855400e-01 1.234957e+00
1.863100e-01 1.230506e+00
1.870800e-01 1.226081e+00
1.878500e-01 1.221683e+00
1.886200e-01 1.217311e+00
1.893900e-01 1.212965e+00
1.901600e-01 1.208644e+00
1.909300e-01 1.204349e+00
1.917000e-01 1.200079e+00
1.924700e-01 1.195835e+00
1.932400e-01 1.191615e+00
1.940100e-01 1.187419e+00
1.947800e-01 1.183248e+00
1.955500e-01 1.179101e+00
1.963200e-01 1.174979e+00
1.970900e-01 1.170880e+00
1.978600e-01 1.166804e+00
1.986300e-01 1.162752e+00
1.994000e-01 1.158723e+00
2.001700e-01 1.154717e+00
2.009400e-01 1.150734e+00
2.017100e-01 1.146773e+00
2.024800e-01 1.142835e+00
2.032500e-01 1.138919e+00
2.040200e-01 1.135025e+00
2.047900e-01 1.131153e+00
2.055600e-01 1.127302e+00
2.063300e-01 1.123473e+00
2.071000e-01 1.119665e+00
2.078700e-01 1.115879e+00
2.086400e-01 1.112113e+00
2.094100e-01 1.108369e+00
2.101800e-01 1.104644e+00
2.109500e-01 1.100941e+00
2.117200e-01 1.097257e+00
2.124900e-01 1.093594e+00
2.132600e-01 1.089951e+00
2.140300e-01 1.086327e+00
2.148000e-01 1.082723e+00
2.155700e-01 1.079139e+00
2.163400e-01 1.075574e+00
2.171100e-01 1.072028e+00
2.178800e-01 1.068501e+00
2.186500e-01 1.064993e+00
2.194200e-01 1.061504e+00
2.201900e-01 1.058034e+00
2.209600e-01 1.054582e+00
2.217300e-01 1.051148e+00
2.225000e-01 1.047732e+00
2.232700e-01 1.044335e+00
2.240400e-01 1.040955e+00
2.248100e-01 1.037593e+00
2.255800e-01 1.034249e+00
2.263500e-01 1.030922e+00
2.271200e-01 1.027613e+00
2.278900e-01 1.024320e+00
2.286600e-01 1.021045e+00
2.294300e-01 1.017787e+00
2.302000e-01 1.014546e+00
2.309700e-01 1.011321e+00
2.317400e-01 1.008113e+00
2.325100e-01 1.004921e+00
2.332800e-01 1.001746e+00
2.340500e-01 9.985872e-01
2.348200e-01 9.954443e-01
2.355900e-01 9.923173e-01
2.363600e-01 9.892062e-01
2.371300e-01 9.861109e-01
2.379000e-01 9.830312e-01
2.386700e-01 9.799670e-01
2.394400e-01 9.769182e-01
2.402100e-01 9.738848e-01
2.409800e-01 9.708665e-01
2.417500e-01 9.678632e-01
2.425200e-01 9.648750e-01
2.432900e-01 9.619016e-01
2.440600e-01 9.589429e-01
2.448300e-01 9.559989e-01
2.456000e-01 9.530694e-01
2.463700e-01 9.501544e-01
2.471400e-01 9.472537e-01
2.479100e-01 9.443672e-01
2.486800e-01 9.414949e-01
2.494500e-01 9.386366e-01
2.502200e-01 9.357922e-01
2.509900e-01 9.329617e-01
2.517600e-01 9.301449e-01
2.525300e-01 9.273417e-01
2.533000e-01 9.245521e-01
2.540700e-01 9.217760e-01
2.548400e-01 9.190132e-01
2.556100e-01 9.162637e-01
2.563800e-01 9.135274e-01
2.571500e-01 9.108042e-01
2.579200e-01 9.080939e-01
2.586900e-01 9.053966e-01
2.594600e-01 9.027121e-01
2.602300e-01 9.000403e-01
2.610000e-01 8.973812e-01
2.617700e-01 8.947346e-01
2.625400e-01 8.921006e-01
2.633100e-01 8.894789e-01
2.640800e-01 8.868695e-01
2.648500e-01 8.842724e-01
2.656200e-01 8.816874e-01
2.663900e-01 8.791144e-01
2.671600e-01 8.765535e-01
2.679300e-01 8.740044e-01
2.687000e-01 8.714672e-01
2.694700e-01 8.689417e-01
2.702400e-01 8.664279e-01
2.710100e-01 8.639257e-01
2.717800e-01 8.614350e-01
2.725500e-01 8.589557e-01
2.733200e-01 8.564879e-01
2.740900e-01 8.540313e-01
2.748600e-01 8.515859e-01
2.756300e-01 8.491517e-01
2.764000e-01 8.467285e-01
2.771700e-01 8.443163e-01
2.779400e-01 8.419151e-01
2.787100e-01 8.395247e-01
2.794800e-01 8.371452e-01
2.802500e-01 8.347763e-01
2.810200e-01 8.324181e-01
2.817900e-01 8.300705e-01
2.825600e-01 8.277334e-01
2.833300e-01 8.254067e-01
2.841000e-01 8.230905e-01
2.848700e-01 8.207845e-01
2.856400e-01 8.184888e-01
2.864100e-01 8.162033e-01
2.871800e-01 8.139279e-01
2.879500e-01 8.116626e-01
2.887200e-01 8.094073e-01
2.894900e-01 8.071619e-01
2.902600e-01 8.049263e-01
2.910300e-01 8.027006e-01
2.918000e-01 8.004847e-01
2.925700e-01 7.982784e-01
2.933400e-01 7.960818e-01
2.941100e-01 7.938947e-01
2.948800e-01 7.917171e-01
2.956500e-01 7.895490e-01
2.964200e-01 7.873903e-01
2.971900e-01 7.852409e-01
2.979600e-01 7.831008e-01
2.987300e-01 7.809700e-01
2.995000e-01 7.788482e-01
3.002700e-01 7.767356e-01
3.010400e-01 7.746321e-01
3.018100e-01 7.725376e-01
3.025800e-01 7.704520e-01
3.033500e-01 7.683753e-01
3.041200e-01 7.663074e-01
3.048900e-01 7.642483e-01
3.056600e-01 7.621980e-01
3.064300e-01 7.601563e-01
3.072000e-01 7.581233e-01
3.079700e-01 7.560989e-01
3.087400e-01 7.540829e-01
3.095100e-01 7.520755e-01
3.102800e-01 7.500765e-01
3.110500e-01 7.480858e-01
3.118200e-01 7.461035e-01
3.125900e-01 7.441295e-01
3.133600e-01 7.421637e-01
3.141300e-01 7.402060e-01
3.149000e-01 7.382565e-01
3.156700e-01 7.363151e-01
3.164400e-01 7.343817e-01
3.172100e-01 7.324564e-01
3.179800e-01 7.305389e-01
3.187500e-01 7.286294e-01
3.195200e-01 7.267277e-01
3.202900e-01 7.248338e-01
3.210600e-01 7.229477e-01
3.218300e-01 7.210693e-01
3.226000e-01 7.191986e-01
3.233700e-01 7.173355e-01
3.241400e-01 7.154800e-01
3.249100e-01 7.136320e-01
3.256800e-01 7.117915e-01
3.264500e-01 7.099585e-01
3.272200e-01 7.081329e-01
3.279900e-01 7.063147e-01
3.287600e-01 7.045038e-01
3.295300e-01 7.027002e-01
3.303000e-01 7.009039e-01
3.310700e-01 6.991147e-01
3.318400e-01 6.973328e-01
3.326100e-01 6.955579e-01
3.333800e-01 6.937901e-01
3.341500e-01 6.920294e-01
3.349200e-01 6.902757e-01
3.356900e-01 6.885290e-01
3.364600e-01 6.867891e-01
3.372300e-01 6.850562e-01
3.380000e-01 6.833301e-01
3.387700e-01 6.816109e-01
3.395400e-01 6.798984e-01
3.403100e-01 6.781927e-01
3.410800e-01 6.764936e-01
3.418500e-01 6.748013e-01
3.426200e-01 6.731155e-01
3.433900e-01 6.714364e-01
3.441600e-01 6.697638e-01
3.449300e-01 6.680977e-01
3.457000e-01 6.664381e-01
3.464700e-01 6.647850e-01
3.472400e-01 6.631383e-01
3.480100e-01 6.614980e-01
3.487800e-01 6.598640e-01
3.495500e-01 6.582363e-01
3.503200e-01 6.566149e-01
3.510900e-01 6.549998e-01
3.518600e-01 6.533908e-01
3.526300e-01 6.517880e-01
3.534000e-01 6.501914e-01
3.541700e-01 6.486009e-01
3.549400e-01 6.470165e-01
3.557100e-01 6.454381e-01
3.564800e-01 6.438657e-01
3.572500e-01 6.422993e-01
3.580200e-01 6.407389e-01
3.587900e-01 6.391844e-01
3.595600e-01 6.376358e-01
3.603300e-01 6.360930e-01
3.611000e-01 6.345560e-01
3.618700e-01 6.330249e-01
3.626400e-01 6.314995e-01
3.634100e-01 6.299798e-01
3.641800e-01 6.284659e-01
3.649500e-01 6.269576e-01
3.657200e-01 6.254550e-01
3.664900e-01 6.239580e-01
3.672600e-01 6.224665e-01
3.680300e-01 6.209807e-01
3.688000e-01 6.195003e-01
3.695700e-01 6.180255e-01
3.703400e-01 6.165561e-01
3.711100e-01 6.150922e-01
3.718800e-01 6.136337e-01
3.726500e-01 6.121806e-01
3.734200e-01 6.107328e-01
3.741900e-01 6.092904e-01
3.749600e-01 6.078533e-01
3.757300e-01 6.064214e-01
3.765000e-01 6.049948e-01
3.772700e-01 6.035734e-01
3.780400e-01 6.021573e-01
3.788100e-01 6.007463e-01
3.795800e-01 5.993404e-01
3.803500e-01 5.979397e-01
3.811200e-01 5.965440e-01
3.818900e-01 5.951534e-01
3.826600e-01 5.937679e-01
3.834300e-01 5.923874e-01
3.842000e-01 5.910119e-01
3.849700e-01 5.896413e-01
3.857400e-01 5.882757e-01
3.865100e-01 5.869150e-01
3.872800e-01 5.855592e-01
3.880500e-01 5.842082e-01
3.888200e-01 5.828621e-01
3.895900e-01 5.815209e-01
3.903600e-01 5.801844e-01
3.911300e-01 5.788527e-01
3.919000e-01 5.775257e-01
3.926700e-01 5.762035e-01
3.934400e-01 5.748859e-01
3.942100e-01 5.735731e-01
3.949800e-01 5.722649e-01
3.957500e-01 5.709613e-01
3.965200e-01 5.696623e-01
3.972900e-01 5.683680e-01
3.980600e-01 5.670782e-01
3.988300e-01 5.657929e-01
3.996000e-01 5.645122e-01
4.003700e-01 5.632359e-01
4.011400e-01 5.619641e-01
4.019100e-01 5.606968e-01
4.026800e-01 5.594339e-01
4.034500e-01 5.581755e-01
4.042200e-01 5.569214e-01
4.049900e-01 5.556717e-01
4.057600e-01 5.544263e-01
4.065300e-01 5.531853e-01
4.073000e-01 5.519486e-01
4.080700e-01 5.507161e-01
4.088400e-01 5.494879e-01
4.096100e-01 5.482640e-01
4.103800e-01 5.470443e-01
4.111500e-01 5.458288e-01
4.119200e-01 5.446175e-01
4.126900e-01 5.434103e-01
4.134600e-01 5.422073e-01
4.142300e-01 5.410084e-01
4.150000e-01 5.398137e-01
4.157700e-01 5.386230e-01
4.165400e-01 5.374363e-01
4.173100e-01 5.362538e-01
4.180800e-01 5.350752e-01
4.188500e-01 5.339007e-01
4.196200e-01 5.327301e-01
4.203900e-01 5.315636e-01
4.211600e-01 5.304009e-01
4.219300e-01 5.292423e-01
4.227000e-01 5.280875e-01
4.234700e-01 5.269366e-01
4.242400e-01 5.257896e-01
4.250100e-01 5.246465e-01
4.257800e-01 5.235072e-01
4.265500e-01 5.223717e-01
4.273200e-01 5.212401e-01
4.280900e-01 5.201122e-01
4.288600e-01 5.189882e-01
4.296300e-01 5.178678e-01
4.304000e-01 5.167512e-01
4.311700e-01 5.156384e-01
4.319400e-01 5.145292e-01
4.327100e-01 5.134237e-01
4.334800e-01 5.123219e-01
4.342500e-01 5.112238e-01
4.350200e-01 5.101293e-01
4.357900e-01 5.090384e-01
4.365600e-01 5.079511e-01
4.373300e-01 5.068674e-01
4.381000e-01 5.057872e-01
4.388700e-01 5.047107e-01
4.396400e-01 5.036376e-01
4.404100e-01 5.025681e-01
4.411800e-01 5.015021e-01
4.419500e-01 5.004396e-01
4.427200e-01 4.993806e-01
4.434900e-01 4.983250e-01
4.442600e-01 4.972729e-01
4.450300e-01 4.962241e-01
4.458000e-01 4.951789e-01
4.465700e-01 4.941370e-01
4.473400e-01 4.930985e-01
4.481100e-01 4.920633e-01
4.488800e-01 4.910315e-01
4.496500e-01 4.900031e-01
4.504200e-01 4.889779e-01
4.511900e-01 4.879561e-01
4.519600e-01 4.869376e-01
4.527300e-01 4.859224e-01
4.535000e-01 4.849104e-01
4.542700e-01 4.839016e-01
4.550400e-01 4.828961e-01
4.558100e-01 4.818939e-01
4.565800e-01 4.808948e-01
4.573500e-01 4.798989e-01
4.581200e-01 4.789062e-01
4.588900e-01 4.779167e-01
4.596600e-01 4.769303e-01
4.604300e-01 4.759471e-01
4.612000e-01 4.749670e-01
4.619700e-01 4.739900e-01
4.627400e-01 4.730160e-01
4.635100e-01 4.720452e-01
4.642800e-01 4.710775e-01
4.650500e-01 4.701128e-01
4.658200e-01 4.691511e-01
4.665900e-01 4.681925e-01
4.673600e-01 4.672369e-01
4.681300e-01 4.662843e-01
4.689000e-01 4.653346e-01
4.696700e-01 4.643880e-01
4.704400e-01 4.634443e-01
4.712100e-01 4.625036e-01
4.719800e-01 4.615658e-01
4.727500e-01 4.606310e-01
4.735200e-01 4.596990e-01
4.742900e-01 4.587700e-01
4.750600e-01 4.578439e-01
4.758300e-01 4.569206e-01
4.766000e-01 4.560002e-01
4.773700e-01 4.550826e-01
4.781400e-01 4.541679e-01
4.789100e-01 4.532560e-01
4.796800e-01 4.523470e-01
4.804500e-01 4.514407e-01
4.812200e-01 4.505372e-01
4.819900e-01 4.496366e-01
4.827600e-01 4.487386e-01
4.835300e-01 4.478435e-01
4.843000e-01 4.469511e-01
4.850700e-01 4.460614e-01
4.858400e-01 4.451744e-01
4.866100e-01 4.442902e-01
4.873800e-01 4.434087e-01
4.881500e-01 4.425298e-01
4.889200e-01 4.416536e-01
4.896900e-01 4.407801e-01
4.904600e-01 4.399093e-01
4.912300e-01 4.390411e-01
4.920000e-01 4.381755e-01
4.927700e-01 4.373125e-01
4.935400e-01 4.364522e-01
4.943100e-01 4.355944e-01
4.950800e-01 4.347393e-01
4.958500e-01 4.338867e-01
4.966200e-01 4.330367e-01
4.973900e-01 4.321893e-01
4.981600e-01 4.313444e-01
4.989300e-01 4.305020e-01
4.997000e-01 4.296622e-01
5.004700e-01 4.288249e-01
5.012400e-01 4.279900e-01
5.020100e-01 4.271577e-01
5.027800e-01 4.263279e-01
5.035500e-01 4.255005e-01
5.043200e-01 4.246757e-01
5.050900e-01 4.238532e-01
5.058600e-01 4.230332e-01
5.066300e-01 4.222157e-01
5.074000e-01 4.214005e-01
5.081700e-01 4.205878e-01
5.089400e-01 4.197775e-01
5.097100e-01 4.189696e-01
5.104800e-01 4.181641e-01
5.112500e-01 4.173609e-01
5.120200e-01 4.165602e-01
5.127900e-01 4.157617e-01
5.135600e-01 4.149656e-01
5.143300e-01 4.141719e-01
5.151000e-01 4.133805e-01
5.158700e-01 4.125914e-01
5.166400e-01 4.118046e-01
5.174100e-01 4.110202e-01
5.181800e-01 4.102380e-01
5.189500e-01 4.094581e-01
5.197200e-01 4.086804e-01
5.204900e-01 4.079051e-01
5.212600e-01 4.071320e-01
5.220300e-01 4.063611e-01
5.228000e-01 4.055925e-01
5.235700e-01 4.048261e-01
5.243400e-01 4.040619e-01
5.251100e-01 4.032999e-01
5.258800e-01 4.025402e-01
5.266500e-01 4.017826e-01
5.274200e-01 4.010272e-01
5.281900e-01 4.002740e-01
5.289600e-01 3.995230e-01
5.297300e-01 3.987741e-01
5.305000e-01 3.980274e-01
5.312700e-01 3.972828e-01
5.320400e-01 3.965403e-01
5.328100e-01 3.958000e-01
5.335800e-01 3.950618e-01
5.343500e-01 3.943257e-01
5.351200e-01 3.935917e-01
5.358900e-01 3.928598e-01
5.366600e-01 3.921300e-01
5.374300e-01 3.914022e-01
5.382000e-01 3.906765e-01
5.389700e-01 3.899529e-01
5.397400e-01 3.892314e-01
5.405100e-01 3.885119e-01
5.412800e-01 3.877944e-01
5.420500e-01 3.870789e-01
5.428200e-01 3.863655e-01
5.435900e-01 3.856541e-01
5.443600e-01 3.849447e-01
5.451300e-01 3.842372e-01
5.459000e-01 3.835318e-01
5.466700e-01 3.828284e-01
5.474400e-01 3.821269e-01
5.482100e-01 3.814274e-01
5.489800e-01 3.807299e-01
5.497500e-01 3.800343e-01
5.505200e-01 3.793406e-01
5.512900e-01 3.786489e-01
5.520600e-01 3.779591e-01
5.528300e-01 3.772713e-01
5.536000e-01 3.765853e-01
5.543700e-01 3.759013e-01
5.551400e-01 3.752192e-01
5.559100e-01 3.745389e-01
5.566800e-01 3.738606e-01
5.574500e-01 3.731841e-01
5.582200e-01 3.725095e-01
5.589900e-01 3.718368e-01
5.597600e-01 3.711659e-01
5.605300e-01 3.704969e-01
5.613000e-01 3.698297e-01
5.620700e-01 3.691644e-01
5.628400e-01 3.685009e-01
5.636100e-01 3.678392e-01
5.643800e-01 3.671793e-01
5.651500e-01 3.665212e-01
5.659200e-01 3.658650e-01
5.666900e-01 3.652105e-01
5.674600e-01 3.645578e-01
5.682300e-01 3.639069e-01
5.690000e-01 3.632578e-01
5.697700e-01 3.626105e-01
5.705400e-01 3.619649e-01
5.713100e-01 3.613211e-01
5.720800e-01 3.606790e-01
5.728500e-01 3.600387e-01
5.736200e-01 3.594001e-01
5.743900e-01 3.587632e-01
5.751600e-01 3.581281e-01
5.759300e-01 3.574947e-01
5.767000e-01 3.568630e-01
5.774700e-01 3.562329e-01
5.782400e-01 3.556046e-01
5.790100e-01 3.549780e-01
5.797800e-01 3.543531e-01
5.805500e-01 3.537299e-01
5.813200e-01 3.531083e-01
5.820900e-01 3.524884e-01
5.828600e-01 3.518702e-01
5.836300e-01 3.512536e-01
5.844000e-01 3.506386e-01
5.851700e-01 3.500253e-01
5.859400e-01 3.494137e-01
5.867100e-01 3.488037e-01
5.874800e-01 3.481953e-01
5.882500e-01 3.475885e-01
5.890200e-01 3.469834e-01
5.897900e-01 3.463798e-01
5.905600e-01 3.457779e-01
5.913300e-01 3.451775e-01
5.921000e-01 3.445788e-01
5.928700e-01 3.439816e-01
5.936400e-01 3.433860e-01
5.944100e-01 3.427920e-01
5.951800e-01 3.421995e-01
5.959500e-01 3.416086e-01
5.967200e-01 3.410193e-01
5.974900e-01 3.404315e-01
5.982600e-01 3.398453e-01
5.990300e-01 3.392606e-01
5.998000e-01 3.386774e-01
6.005700e-01 3.380958e-01
6.013400e-01 3.375157e-01
6.021100e-01 3.369371e-01
6.028800e-01 3.363600e-01
6.036500e-01 3.357845e-01
6.044200e-01 3.352104e-01
6.051900e-01 3.346379e-01
6.059600e-01 3.340668e-01
6.067300e-01 3.334972e-01
6.075000e-01 3.329291e-01
6.082700e-01 3.323625e-01
6.090400e-01 3.317973e-01
6.098100e-01 3.312336e-01
6.105800e-01 3.306714e-01
6.113500e-01 3.301106e-01
6.121200e-01 3.295513e-01
6.128900e-01 3.289934e-01
6.136600e-01 3.284370e-01
6.144300e-01 3.278820e-01
6.152000e-01 3.273284e-01
6.159700e-01 3.267762e-01
6.167400e-01 3.262255e-01
6.175100e-01 3.256762e-01
6.182800e-01 3.251283e-01
6.190500e-01 3.245818e-01
6.198200e-01 3.240367e-01
6.205900e-01 3.234930e-01
6.213600e-01 3.229507e-01
6.221300e-01 3.224097e-01
6.229000e-01 3.218702e-01
6.236700e-01 3.213320e-01
6.244400e-01 3.207952e-01
6.252100e-01 3.202598e-01
6.259800e-01 3.197257e-01
6.267500e-01 3.191930e-01
6.275200e-01 3.186616e-01
6.282900e-01 3.181316e-01
6.290600e-01 3.176030e-01
6.298300e-01 3.170756e-01
6.306000e-01 3.165496e-01
6.313700e-01 3.160250e-01
6.321400e-01 3.155016e-01
6.329100e-01 3.149796e-01
6.336800e-01 3.144589e-01
6.344500e-01 3.139395e-01
6.352200e-01 3.134214e-01
6.359900e-01 3.129046e-01
6.367600e-01 3.123891e-01
6.375300e-01 3.118749e-01
6.383000e-01 3.113620e-01
6.390700e-01 3.108504e-01
6.398400e-01 3.103401e-01
6.406100e-01 3.098310e-01
6.413800e-01 3.093232e-01
6.421500e-01 3.088167e-01
6.429200e-01 3.083114e-01
6.436900e-01 3.078074e-01
6.444600e-01 3.073047e-01
6.452300e-01 3.068032e-01
6.460000e-01 3.063029e-01
6.467700e-01 3.058039e-01
6.475400e-01 3.053062e-01
6.483100e-01 3.048096e-01
6.490800e-01 3.043143e-01
6.498500e-01 3.038202e-01
6.506200e-01 3.033274e-01
6.513900e-01 3.028357e-01
6.521600e-01 3.023453e-01
6.529300e-01 3.018561e-01
6.537000e-01 3.013680e-01
6.544700e-01 3.008812e-01
6.552400e-01 3.003956e-01
6.560100e-01 2.999112e-01
6.567800e-01 2.994279e-01
6.575500e-01 2.989459e-01
6.583200e-01 2.984650e-01
6.590900e-01 2.979853e-01
6.598600e-01 2.975068e-01
6.606300e-01 2.970295e-01
6.614000e-01 2.965533e-01
6.621700e-01 2.960782e-01
6.629400e-01 2.956044e-01
6.637100e-01 2.951317e-01
6.644800e-01 2.946601e-01
6.652500e-01 2.941897e-01
6.660200e-01 2.937204e-01
6.667900e-01 2.932523e-01
6.675600e-01 2.927853e-01
6.683300e-01 2.923194e-01
6.691000e-01 2.918547e-01
6.698700e-01 2.913910e-01
6.706400e-01 2.909285e-01
6.714100e-01 2.904672e-01
6.721800e-01 2.900069e-01
6.729500e-01 2.895477e-01
6.737200e-01 2.890897e-01
6.744900e-01 2.886327e-01
6.752600e-01 2.881769e-01
6.760300e-01 2.877221e-01
6.768000e-01 2.872685e-01
6.775700e-01 2.868159e-01
6.783400e-01 2.863644e-01
6.791100e-01 2.859140e-01
6.798800e-01 2.854646e-01
6.806500e-01 2.850164e-01
6.814200e-01 2.845692e-01
6.821900e-01 2.841231e-01
6.829600e-01 2.836780e-01
6.837300e-01 2.832340e-01
6.845000e-01 2.827911e-01
6.852700e-01 2.823492e-01
6.860400e-01 2.819083e-01
6.868100e-01 2.814685e-01
6.875800e-01 2.810298e-01
6.883500e-01 2.805921e-01
6.891200e-01 2.801554e-01
6.898900e-01 2.797198e-01
6.906600e-01 2.792851e-01
6.914300e-01 2.788516e-01
6.922000e-01 2.784190e-01
6.929700e-01 2.779875e-01
6.937400e-01 2.775569e-01
6.945100e-01 2.771274e-01
6.952800e-01 2.766989e-01
6.960500e-01 2.762714e-01
6.968200e-01 2.758449e-01
6.975900e-01 2.754194e-01
6.983600e-01 2.749949e-01
6.991300e-01 2.745714e-01
6.999000e-01 2.741489e-01
7.006700e-01 2.737274e-01
7.014400e-01 2.733069e-01
7.022100e-01 2.728873e-01
7.029800e-01 2.724687e-01
7.037500e-01 2.720511e-01
7.045200e-01 2.716345e-01
7.052900e-01 2.712188e-01
7.060600e-01 2.708042e-01
7.068300e-01 2.703904e-01
7.076000e-01 2.699777e-01
7.083700e-01 2.695658e-01
7.091400e-01 2.691550e-01
7.099100e-01 2.687451e-01
7.106800e-01 2.683361e-01
7.114500e-01 2.679281e-01
7.122200e-01 2.675210e-01
7.129900e-01 2.671149e-01
7.137600e-01 2.667097e-01
7.145300e-01 2.663055e-01
7.153000e-01 2.659021e-01
7.160700e-01 2.654997e-01
7.168400e-01 2.650982e-01
7.176100e-01 2.646977e-01
7.183800e-01 2.642981e-01
7.191500e-01 2.638993e-01
7.199200e-01 2.635015e-01
7.206900e-01 2.631046e-01
7.214600e-01 2.627086e-01
7.222300e-01 2.623136e-01
7.230000e-01 2.619194e-01
7.237700e-01 2.615261e-01
7.245400e-01 2.611337e-01
7.253100e-01 2.607422e-01
7.260800e-01 2.603516e-01
7.268500e-01 2.599619e-01
7.276200e-01 2.595731e-01
7.283900e-01 2.591852e-01
7.291600e-01 2.587981e-01
7.299300e-01 2.584119e-01
7.307000e-01 2.580266e-01
7.314700e-01 2.576422e-01
7.322400e-01 2.572586e-01
7.330100e-01 2.568759e-01
7.337800e-01 2.564941e-01
7.345500e-01 2.561131e-01
7.353200e-01 2.557330e-01
7.360900e-01 2.553537e-01
7.368600e-01 2.549753e-01
7.376300e-01 2.545977e-01
7.384000e-01 2.542210e-01
7.391700e-01 2.538452e-01
7.399400e-01 2.534702e-01
7.407100e-01 2.530960e-01
7.414800e-01 2.527226e-01
7.422500e-01 2.523501e-01
7.430200e-01 2.519785e-01
7.437900e-01 2.516076e-01
7.445600e-01 2.512376e-01
7.453300e-01 2.508684e-01
7.461000e-01 2.505001e-01
7.468700e-01 2.501325e-01
7.476400e-01 2.497658e-01
7.484100e-01 2.493999e-01
7.491800e-01 2.490348e-01
7.499500e-01 2.486705e-01
7.507200e-01 2.483071e-01
7.514900e-01 2.479444e-01
7.522600e-01 2.475825e-01
7.530300e-01 2.472215e-01
7.538000e-01 2.468612e-01
7.545700e-01 2.465017e-01
7.553400e-01 2.461431e-01
7.561100e-01 2.457852e-01
7.568800e-01 2.454281e-01
7.576500e-01 2.450718e-01
7.584200e-01 2.447163e-01
7.591900e-01 2.443615e-01
7.599600e-01 2.440076e-01
7.607300e-01 2.436544e-01
7.615000e-01 2.433020e-01
7.622700e-01 2.429504e-01
7.630400e-01 2.425995e-01
7.638100e-01 2.422494e-01
7.645800e-01 2.419001e-01
7.653500e-01 2.415515e-01
7.661200e-01 2.412037e-01
7.668900e-01 2.408567e-01
7.676600e-01 2.405104e-01
7.684300e-01 2.401649e-01
7.692000e-01 2.398201e-01
7.699700e-01 2.394761e-01
7.707400e-01 2.391328e-01
7.715100e-01 2.387903e-01
7.722800e-01 2.384485e-01
7.730500e-01 2.381074e-01
7.738200e-01 2.377671e-01
7.745900e-01 2.374276e-01
7.753600e-01 2.370887e-01
7.761300e-01 2.367506e-01
7.769000e-01 2.364133e-01
7.776700e-01 2.360766e-01
7.784400e-01 2.357407e-01
7.792100e-01 2.354055e-01
7.799800e-01 2.350711e-01
7.807500e-01 2.347373e-01
7.815200e-01 2.344043e-01
7.822900e-01 2.340720e-01
7.830600e-01 2.337404e-01
7.838300e-01 2.334095e-01
7.846000e-01 2.330794e-01
7.853700e-01 2.327499e-01
7.861400e-01 2.324211e-01
7.869100e-01 2.320931e-01
7.876800e-01 2.317657e-01
7.884500e-01 2.314391e-01
7.892200e-01 2.311131e-01
7.899900e-01 2.307879e-01
7.907600e-01 2.304633e-01
7.915300e-01 2.301394e-01
7.923000e-01 2.298162e-01
7.930700e-01 2.294938e-01
7.938400e-01 2.291719e-01
7.946100e-01 2.288508e-01
7.953800e-01 2.285304e-01
7.961500e-01 2.282106e-01
7.969200e-01 2.278915e-01
7.976900e-01 2.275731e-01
7.984600e-01 2.272554e-01
7.992300e-01 2.269383e-01
8.000000e-01 2.266219e-01
