2.075500e+01 2.028000e+01 2.086740e+01 2.068132e+01 2.075000e+01 2.028500e+01 2.086773e+01 2.068354e+01
2.075500e+01 2.028000e+01 2.086740e+01 2.068132e+01 2.076500e+01 2.028000e+01 2.086754e+01 2.068207e+01
2.076500e+01 2.028000e+01 2.086754e+01 2.068207e+01 2.077500e+01 2.028000e+01 2.086764e+01 2.068272e+01
2.077500e+01 2.028000e+01 2.086764e+01 2.068272e+01 2.078500e+01 2.028000e+01 2.086770e+01 2.068326e+01
2.078500e+01 2.028000e+01 2.086770e+01 2.068326e+01 2.079500e+01 2.028000e+01 2.086774e+01 2.068371e+01
2.079500e+01 2.028000e+01 2.086774e+01 2.068371e+01 2.080500e+01 2.028000e+01 2.086775e+01 2.068406e+01
2.080500e+01 2.028000e+01 2.086775e+01 2.068406e+01 2.081500e+01 2.028000e+01 2.086775e+01 2.068431e+01
2.081500e+01 2.028000e+01 2.086775e+01 2.068431e+01 2.082500e+01 2.028000e+01 2.086774e+01 2.068445e+01
2.082500e+01 2.028000e+01 2.086774e+01 2.068445e+01 2.083500e+01 2.028000e+01 2.086772e+01 2.068449e+01
2.083500e+01 2.028000e+01 2.086772e+01 2.068449e+01 2.084500e+01 2.028000e+01 2.086771e+01 2.068442e+01
2.084500e+01 2.028000e+01 2.086771e+01 2.068442e+01 2.085500e+01 2.028000e+01 2.086770e+01 2.068425e+01
2.085500e+01 2.028000e+01 2.086770e+01 2.068425e+01 2.086500e+01 2.028000e+01 2.086771e+01 2.068398e+01
2.086500e+01 2.028000e+01 2.086771e+01 2.068398e+01 2.087500e+01 2.028000e+01 2.086774e+01 2.068361e+01
2.087500e+01 2.028000e+01 2.086774e+01 2.068361e+01 2.088500e+01 2.028000e+01 2.086779e+01 2.068314e+01
2.088500e+01 2.028000e+01 2.086779e+01 2.068314e+01 2.089500e+01 2.028000e+01 2.086788e+01 2.068258e+01
2.089500e+01 2.028000e+01 2.086788e+01 2.068258e+01 2.090500e+01 2.028000e+01 2.086800e+01 2.068191e+01
2.090500e+01 2.028000e+01 2.086800e+01 2.068191e+01 2.091000e+01 2.028500e+01 2.086770e+01 2.068412e+01
2.070500e+01 2.029000e+01 2.086719e+01 2.068136e+01 2.070000e+01 2.029500e+01 2.086765e+01 2.068325e+01
2.070500e+01 2.029000e+01 2.086719e+01 2.068136e+01 2.071500e+01 2.029000e+01 2.086752e+01 2.068258e+01
2.071500e+01 2.029000e+01 2.086752e+01 2.068258e+01 2.072500e+01 2.029000e+01 2.086778e+01 2.068373e+01
2.072500e+01 2.029000e+01 2.086778e+01 2.068373e+01 2.073500e+01 2.029000e+01 2.086798e+01 2.068478e+01
2.073500e+01 2.029000e+01 2.086798e+01 2.068478e+01 2.074500e+01 2.029000e+01 2.086812e+01 2.068574e+01
2.075000e+01 2.028500e+01 2.086773e+01 2.068354e+01 2.074500e+01 2.029000e+01 2.086812e+01 2.068574e+01
2.091000e+01 2.028500e+01 2.086770e+01 2.068412e+01 2.091500e+01 2.029000e+01 2.086734e+01 2.068630e+01
2.091500e+01 2.029000e+01 2.086734e+01 2.068630e+01 2.092500e+01 2.029000e+01 2.086746e+01 2.068542e+01
2.092500e+01 2.029000e+01 2.086746e+01 2.068542e+01 2.093500e+01 2.029000e+01 2.086764e+01 2.068445e+01
2.093500e+01 2.029000e+01 2.086764e+01 2.068445e+01 2.094500e+01 2.029000e+01 2.086788e+01 2.068339e+01
2.094500e+01 2.029000e+01 2.086788e+01 2.068339e+01 2.095000e+01 2.029500e+01 2.086746e+01 2.068530e+01
2.067500e+01 2.030000e+01 2.086730e+01 2.068217e+01 2.067000e+01 2.030500e+01 2.086781e+01 2.068385e+01
2.067500e+01 2.030000e+01 2.086730e+01 2.068217e+01 2.068500e+01 2.030000e+01 2.086777e+01 2.068368e+01
2.068500e+01 2.030000e+01 2.086777e+01 2.068368e+01 2.069500e+01 2.030000e+01 2.086817e+01 2.068511e+01
2.070000e+01 2.029500e+01 2.086765e+01 2.068325e+01 2.069500e+01 2.030000e+01 2.086817e+01 2.068511e+01
2.095000e+01 2.029500e+01 2.086746e+01 2.068530e+01 2.095500e+01 2.030000e+01 2.086698e+01 2.068718e+01
2.095500e+01 2.030000e+01 2.086698e+01 2.068718e+01 2.096500e+01 2.030000e+01 2.086727e+01 2.068591e+01
2.096500e+01 2.030000e+01 2.086727e+01 2.068591e+01 2.097500e+01 2.030000e+01 2.086764e+01 2.068456e+01
2.097500e+01 2.030000e+01 2.086764e+01 2.068456e+01 2.098500e+01 2.030000e+01 2.086809e+01 2.068314e+01
2.098500e+01 2.030000e+01 2.086809e+01 2.068314e+01 2.099000e+01 2.030500e+01 2.086762e+01 2.068476e+01
2.064500e+01 2.031000e+01 2.086713e+01 2.068202e+01 2.064000e+01 2.031500e+01 2.086765e+01 2.068348e+01
2.064500e+01 2.031000e+01 2.086713e+01 2.068202e+01 2.065500e+01 2.031000e+01 2.086780e+01 2.068378e+01
2.065500e+01 2.031000e+01 2.086780e+01 2.068378e+01 2.066500e+01 2.031000e+01 2.086838e+01 2.068548e+01
2.067000e+01 2.030500e+01 2.086781e+01 2.068385e+01 2.066500e+01 2.031000e+01 2.086838e+01 2.068548e+01
2.099000e+01 2.030500e+01 2.086762e+01 2.068476e+01 2.099500e+01 2.031000e+01 2.086708e+01 2.068633e+01
2.099500e+01 2.031000e+01 2.086708e+01 2.068633e+01 2.100500e+01 2.031000e+01 2.086764e+01 2.068472e+01
2.100500e+01 2.031000e+01 2.086764e+01 2.068472e+01 2.101000e+01 2.031500e+01 2.086713e+01 2.068617e+01
2.062500e+01 2.032000e+01 2.086742e+01 2.068296e+01 2.062000e+01 2.032500e+01 2.086795e+01 2.068426e+01
2.062500e+01 2.032000e+01 2.086742e+01 2.068296e+01 2.063500e+01 2.032000e+01 2.086824e+01 2.068489e+01
2.064000e+01 2.031500e+01 2.086765e+01 2.068348e+01 2.063500e+01 2.032000e+01 2.086824e+01 2.068489e+01
2.101000e+01 2.031500e+01 2.086713e+01 2.068617e+01 2.101500e+01 2.032000e+01 2.086656e+01 2.068756e+01
2.101500e+01 2.032000e+01 2.086656e+01 2.068756e+01 2.102500e+01 2.032000e+01 2.086726e+01 2.068577e+01
2.102500e+01 2.032000e+01 2.086726e+01 2.068577e+01 2.103000e+01 2.032500e+01 2.086674e+01 2.068704e+01
2.060500e+01 2.033000e+01 2.086756e+01 2.068342e+01 2.060000e+01 2.033500e+01 2.086808e+01 2.068456e+01
2.060500e+01 2.033000e+01 2.086756e+01 2.068342e+01 2.061500e+01 2.033000e+01 2.086854e+01 2.068551e+01
2.062000e+01 2.032500e+01 2.086795e+01 2.068426e+01 2.061500e+01 2.033000e+01 2.086854e+01 2.068551e+01
2.103000e+01 2.032500e+01 2.086674e+01 2.068704e+01 2.103500e+01 2.033000e+01 2.086617e+01 2.068825e+01
2.103500e+01 2.033000e+01 2.086617e+01 2.068825e+01 2.104500e+01 2.033000e+01 2.086703e+01 2.068631e+01
2.104500e+01 2.033000e+01 2.086703e+01 2.068631e+01 2.105000e+01 2.033500e+01 2.086652e+01 2.068741e+01
2.058500e+01 2.034000e+01 2.086749e+01 2.068342e+01 2.058000e+01 2.034500e+01 2.086798e+01 2.068441e+01
2.058500e+01 2.034000e+01 2.086749e+01 2.068342e+01 2.059500e+01 2.034000e+01 2.086866e+01 2.068564e+01
2.060000e+01 2.033500e+01 2.086808e+01 2.068456e+01 2.059500e+01 2.034000e+01 2.086866e+01 2.068564e+01
2.105000e+01 2.033500e+01 2.086652e+01 2.068741e+01 2.105500e+01 2.034000e+01 2.086597e+01 2.068844e+01
2.105500e+01 2.034000e+01 2.086597e+01 2.068844e+01 2.106500e+01 2.034000e+01 2.086702e+01 2.068636e+01
2.106500e+01 2.034000e+01 2.086702e+01 2.068636e+01 2.107000e+01 2.034500e+01 2.086654e+01 2.068730e+01
2.057500e+01 2.035000e+01 2.086852e+01 2.068533e+01 2.057000e+01 2.035500e+01 2.086901e+01 2.068622e+01
2.058000e+01 2.034500e+01 2.086798e+01 2.068441e+01 2.057500e+01 2.035000e+01 2.086852e+01 2.068533e+01
2.107000e+01 2.034500e+01 2.086654e+01 2.068730e+01 2.107500e+01 2.035000e+01 2.086602e+01 2.068816e+01
2.107500e+01 2.035000e+01 2.086602e+01 2.068816e+01 2.108500e+01 2.035000e+01 2.086728e+01 2.068596e+01
2.108500e+01 2.035000e+01 2.086728e+01 2.068596e+01 2.109000e+01 2.035500e+01 2.086686e+01 2.068675e+01
2.055500e+01 2.036000e+01 2.086807e+01 2.068461e+01 2.055000e+01 2.036500e+01 2.086850e+01 2.068535e+01
2.055500e+01 2.036000e+01 2.086807e+01 2.068461e+01 2.056500e+01 2.036000e+01 2.086954e+01 2.068704e+01
2.057000e+01 2.035500e+01 2.086901e+01 2.068622e+01 2.056500e+01 2.036000e+01 2.086954e+01 2.068704e+01
2.109000e+01 2.035500e+01 2.086686e+01 2.068675e+01 2.109500e+01 2.036000e+01 2.086640e+01 2.068745e+01
2.109500e+01 2.036000e+01 2.086640e+01 2.068745e+01 2.110000e+01 2.036500e+01 2.086599e+01 2.068813e+01
2.054500e+01 2.037000e+01 2.086896e+01 2.068602e+01 2.054000e+01 2.037500e+01 2.086937e+01 2.068666e+01
2.055000e+01 2.036500e+01 2.086850e+01 2.068535e+01 2.054500e+01 2.037000e+01 2.086896e+01 2.068602e+01
2.110000e+01 2.036500e+01 2.086599e+01 2.068813e+01 2.110500e+01 2.037000e+01 2.086555e+01 2.068872e+01
2.110500e+01 2.037000e+01 2.086555e+01 2.068872e+01 2.111500e+01 2.037000e+01 2.086715e+01 2.068637e+01
2.111500e+01 2.037000e+01 2.086715e+01 2.068637e+01 2.112000e+01 2.037500e+01 2.086683e+01 2.068690e+01
2.052500e+01 2.038000e+01 2.086799e+01 2.068467e+01 2.052000e+01 2.038500e+01 2.086831e+01 2.068518e+01
2.052500e+01 2.038000e+01 2.086799e+01 2.068467e+01 2.053500e+01 2.038000e+01 2.086980e+01 2.068723e+01
2.054000e+01 2.037500e+01 2.086937e+01 2.068666e+01 2.053500e+01 2.038000e+01 2.086980e+01 2.068723e+01
2.112000e+01 2.037500e+01 2.086683e+01 2.068690e+01 2.112500e+01 2.038000e+01 2.086649e+01 2.068736e+01
2.112500e+01 2.038000e+01 2.086649e+01 2.068736e+01 2.113000e+01 2.038500e+01 2.086621e+01 2.068779e+01
2.051500e+01 2.039000e+01 2.086865e+01 2.068562e+01 2.051000e+01 2.039500e+01 2.086893e+01 2.068603e+01
2.052000e+01 2.038500e+01 2.086831e+01 2.068518e+01 2.051500e+01 2.039000e+01 2.086865e+01 2.068562e+01
2.113000e+01 2.038500e+01 2.086621e+01 2.068779e+01 2.113500e+01 2.039000e+01 2.086591e+01 2.068814e+01
2.113500e+01 2.039000e+01 2.086591e+01 2.068814e+01 2.114000e+01 2.039500e+01 2.086568e+01 2.068848e+01
2.050500e+01 2.040000e+01 2.086922e+01 2.068638e+01 2.050000e+01 2.040500e+01 2.086945e+01 2.068670e+01
2.051000e+01 2.039500e+01 2.086893e+01 2.068603e+01 2.050500e+01 2.040000e+01 2.086922e+01 2.068638e+01
2.114000e+01 2.039500e+01 2.086568e+01 2.068848e+01 2.114500e+01 2.040000e+01 2.086543e+01 2.068873e+01
2.114500e+01 2.040000e+01 2.086543e+01 2.068873e+01 2.115000e+01 2.040500e+01 2.086525e+01 2.068897e+01
2.049500e+01 2.041000e+01 2.086970e+01 2.068696e+01 2.049000e+01 2.041500e+01 2.086987e+01 2.068720e+01
2.050000e+01 2.040500e+01 2.086945e+01 2.068670e+01 2.049500e+01 2.041000e+01 2.086970e+01 2.068696e+01
2.115000e+01 2.040500e+01 2.086525e+01 2.068897e+01 2.115500e+01 2.041000e+01 2.086506e+01 2.068913e+01
2.115500e+01 2.041000e+01 2.086506e+01 2.068913e+01 2.116000e+01 2.041500e+01 2.086495e+01 2.068929e+01
2.048500e+01 2.042000e+01 2.087006e+01 2.068736e+01 2.048000e+01 2.042500e+01 2.087017e+01 2.068752e+01
2.049000e+01 2.041500e+01 2.086987e+01 2.068720e+01 2.048500e+01 2.042000e+01 2.087006e+01 2.068736e+01
2.116000e+01 2.041500e+01 2.086495e+01 2.068929e+01 2.116500e+01 2.042000e+01 2.086483e+01 2.068936e+01
2.116500e+01 2.042000e+01 2.086483e+01 2.068936e+01 2.117000e+01 2.042500e+01 2.086478e+01 2.068944e+01
2.047500e+01 2.043000e+01 2.087029e+01 2.068760e+01 2.047000e+01 2.043500e+01 2.087033e+01 2.068768e+01
2.048000e+01 2.042500e+01 2.087017e+01 2.068752e+01 2.047500e+01 2.043000e+01 2.087029e+01 2.068760e+01
2.117000e+01 2.042500e+01 2.086478e+01 2.068944e+01 2.117500e+01 2.043000e+01 2.086474e+01 2.068943e+01
2.117500e+01 2.043000e+01 2.086474e+01 2.068943e+01 2.118000e+01 2.043500e+01 2.086477e+01 2.068943e+01
2.046500e+01 2.044000e+01 2.087038e+01 2.068769e+01 2.046000e+01 2.044500e+01 2.087035e+01 2.068769e+01
2.047000e+01 2.043500e+01 2.087033e+01 2.068768e+01 2.046500e+01 2.044000e+01 2.087038e+01 2.068769e+01
2.118000e+01 2.043500e+01 2.086477e+01 2.068943e+01 2.118500e+01 2.044000e+01 2.086481e+01 2.068935e+01
2.118500e+01 2.044000e+01 2.086481e+01 2.068935e+01 2.119000e+01 2.044500e+01 2.086493e+01 2.068928e+01
2.045500e+01 2.045000e+01 2.087032e+01 2.068763e+01 2.045000e+01 2.045500e+01 2.087021e+01 2.068757e+01
2.046000e+01 2.044500e+01 2.087035e+01 2.068769e+01 2.045500e+01 2.045000e+01 2.087032e+01 2.068763e+01
2.119000e+01 2.044500e+01 2.086493e+01 2.068928e+01 2.119500e+01 2.045000e+01 2.086506e+01 2.068914e+01
2.119500e+01 2.045000e+01 2.086506e+01 2.068914e+01 2.120000e+01 2.045500e+01 2.086526e+01 2.068901e+01
2.044500e+01 2.046000e+01 2.087009e+01 2.068745e+01 2.044000e+01 2.046500e+01 2.086990e+01 2.068733e+01
2.045000e+01 2.045500e+01 2.087021e+01 2.068757e+01 2.044500e+01 2.046000e+01 2.087009e+01 2.068745e+01
2.120000e+01 2.045500e+01 2.086526e+01 2.068901e+01 2.120500e+01 2.046000e+01 2.086549e+01 2.068881e+01
2.120500e+01 2.046000e+01 2.086549e+01 2.068881e+01 2.121000e+01 2.046500e+01 2.086579e+01 2.068863e+01
2.044000e+01 2.046500e+01 2.086990e+01 2.068733e+01 2.044000e+01 2.047500e+01 2.087257e+01 2.068963e+01
2.121000e+01 2.046500e+01 2.086579e+01 2.068863e+01 2.121000e+01 2.047500e+01 2.086336e+01 2.069056e+01
2.043500e+01 2.048000e+01 2.087234e+01 2.068938e+01 2.043000e+01 2.048500e+01 2.087205e+01 2.068915e+01
2.044000e+01 2.047500e+01 2.087257e+01 2.068963e+01 2.043500e+01 2.048000e+01 2.087234e+01 2.068938e+01
2.121000e+01 2.047500e+01 2.086336e+01 2.069056e+01 2.121500e+01 2.048000e+01 2.086371e+01 2.069025e+01
2.121500e+01 2.048000e+01 2.086371e+01 2.069025e+01 2.122000e+01 2.048500e+01 2.086414e+01 2.068996e+01
2.042500e+01 2.049000e+01 2.087172e+01 2.068885e+01 2.042000e+01 2.049500e+01 2.087133e+01 2.068857e+01
2.043000e+01 2.048500e+01 2.087205e+01 2.068915e+01 2.042500e+01 2.049000e+01 2.087172e+01 2.068885e+01
2.122000e+01 2.048500e+01 2.086414e+01 2.068996e+01 2.122500e+01 2.049000e+01 2.086460e+01 2.068961e+01
2.122500e+01 2.049000e+01 2.086460e+01 2.068961e+01 2.123000e+01 2.049500e+01 2.086514e+01 2.068930e+01
2.041500e+01 2.050000e+01 2.087090e+01 2.068824e+01 2.041000e+01 2.050500e+01 2.087041e+01 2.068793e+01
2.042000e+01 2.049500e+01 2.087133e+01 2.068857e+01 2.041500e+01 2.050000e+01 2.087090e+01 2.068824e+01
2.123000e+01 2.049500e+01 2.086514e+01 2.068930e+01 2.123000e+01 2.050500e+01 2.086284e+01 2.069085e+01
2.041000e+01 2.050500e+01 2.087041e+01 2.068793e+01 2.041000e+01 2.051500e+01 2.087292e+01 2.068972e+01
2.123000e+01 2.050500e+01 2.086284e+01 2.069085e+01 2.123500e+01 2.051000e+01 2.086345e+01 2.069042e+01
2.123500e+01 2.051000e+01 2.086345e+01 2.069042e+01 2.124000e+01 2.051500e+01 2.086413e+01 2.069003e+01
2.040500e+01 2.052000e+01 2.087236e+01 2.068930e+01 2.040000e+01 2.052500e+01 2.087173e+01 2.068891e+01
2.041000e+01 2.051500e+01 2.087292e+01 2.068972e+01 2.040500e+01 2.052000e+01 2.087236e+01 2.068930e+01
2.124000e+01 2.051500e+01 2.086413e+01 2.069003e+01 2.124000e+01 2.052500e+01 2.086193e+01 2.069135e+01
2.040000e+01 2.052500e+01 2.087173e+01 2.068891e+01 2.040000e+01 2.053500e+01 2.087416e+01 2.069046e+01
2.124000e+01 2.052500e+01 2.086193e+01 2.069135e+01 2.124500e+01 2.053000e+01 2.086271e+01 2.069086e+01
2.124500e+01 2.053000e+01 2.086271e+01 2.069086e+01 2.125000e+01 2.053500e+01 2.086355e+01 2.069042e+01
2.039500e+01 2.054000e+01 2.087344e+01 2.068996e+01 2.039000e+01 2.054500e+01 2.087266e+01 2.068952e+01
2.040000e+01 2.053500e+01 2.087416e+01 2.069046e+01 2.039500e+01 2.054000e+01 2.087344e+01 2.068996e+01
2.125000e+01 2.053500e+01 2.086355e+01 2.069042e+01 2.125000e+01 2.054500e+01 2.086148e+01 2.069152e+01
2.039000e+01 2.054500e+01 2.087266e+01 2.068952e+01 2.039000e+01 2.055500e+01 2.087498e+01 2.069084e+01
2.125000e+01 2.054500e+01 2.086148e+01 2.069152e+01 2.125500e+01 2.055000e+01 2.086243e+01 2.069099e+01
2.125500e+01 2.055000e+01 2.086243e+01 2.069099e+01 2.126000e+01 2.055500e+01 2.086344e+01 2.069052e+01
2.038500e+01 2.056000e+01 2.087410e+01 2.069030e+01 2.038000e+01 2.056500e+01 2.087316e+01 2.068981e+01
2.039000e+01 2.055500e+01 2.087498e+01 2.069084e+01 2.038500e+01 2.056000e+01 2.087410e+01 2.069030e+01
2.126000e+01 2.055500e+01 2.086344e+01 2.069052e+01 2.126000e+01 2.056500e+01 2.086152e+01 2.069143e+01
2.038000e+01 2.056500e+01 2.087316e+01 2.068981e+01 2.038000e+01 2.057500e+01 2.087534e+01 2.069092e+01
2.126000e+01 2.056500e+01 2.086152e+01 2.069143e+01 2.126500e+01 2.057000e+01 2.086265e+01 2.069089e+01
2.126500e+01 2.057000e+01 2.086265e+01 2.069089e+01 2.127000e+01 2.057500e+01 2.086384e+01 2.069042e+01
2.037500e+01 2.058000e+01 2.087430e+01 2.069035e+01 2.037000e+01 2.058500e+01 2.087320e+01 2.068984e+01
2.038000e+01 2.057500e+01 2.087534e+01 2.069092e+01 2.037500e+01 2.058000e+01 2.087430e+01 2.069035e+01
2.127000e+01 2.057500e+01 2.086384e+01 2.069042e+01 2.127000e+01 2.058500e+01 2.086209e+01 2.069116e+01
2.037000e+01 2.058500e+01 2.087320e+01 2.068984e+01 2.037000e+01 2.059500e+01 2.087522e+01 2.069077e+01
2.127000e+01 2.058500e+01 2.086209e+01 2.069116e+01 2.127000e+01 2.059500e+01 2.086039e+01 2.069180e+01
2.036500e+01 2.060000e+01 2.087400e+01 2.069020e+01 2.036000e+01 2.060500e+01 2.087274e+01 2.068969e+01
2.037000e+01 2.059500e+01 2.087522e+01 2.069077e+01 2.036500e+01 2.060000e+01 2.087400e+01 2.069020e+01
2.127000e+01 2.059500e+01 2.086039e+01 2.069180e+01 2.127500e+01 2.060000e+01 2.086177e+01 2.069126e+01
2.127500e+01 2.060000e+01 2.086177e+01 2.069126e+01 2.128000e+01 2.060500e+01 2.086320e+01 2.069078e+01
2.036000e+01 2.060500e+01 2.087274e+01 2.068969e+01 2.036000e+01 2.061500e+01 2.087458e+01 2.069046e+01
2.128000e+01 2.060500e+01 2.086320e+01 2.069078e+01 2.128000e+01 2.061500e+01 2.086171e+01 2.069130e+01
2.036000e+01 2.061500e+01 2.087458e+01 2.069046e+01 2.036000e+01 2.062500e+01 2.087635e+01 2.069112e+01
2.128000e+01 2.061500e+01 2.086171e+01 2.069130e+01 2.128000e+01 2.062500e+01 2.086029e+01 2.069173e+01
2.035500e+01 2.063000e+01 2.087490e+01 2.069055e+01 2.035000e+01 2.063500e+01 2.087341e+01 2.069005e+01
2.036000e+01 2.062500e+01 2.087635e+01 2.069112e+01 2.035500e+01 2.063000e+01 2.087490e+01 2.069055e+01
2.128000e+01 2.062500e+01 2.086029e+01 2.069173e+01 2.128500e+01 2.063000e+01 2.086193e+01 2.069123e+01
2.128500e+01 2.063000e+01 2.086193e+01 2.069123e+01 2.129000e+01 2.063500e+01 2.086360e+01 2.069080e+01
2.035000e+01 2.063500e+01 2.087341e+01 2.069005e+01 2.035000e+01 2.064500e+01 2.087498e+01 2.069059e+01
2.129000e+01 2.063500e+01 2.086360e+01 2.069080e+01 2.129000e+01 2.064500e+01 2.086240e+01 2.069115e+01
2.035000e+01 2.064500e+01 2.087498e+01 2.069059e+01 2.035000e+01 2.065500e+01 2.087648e+01 2.069104e+01
2.129000e+01 2.064500e+01 2.086240e+01 2.069115e+01 2.129000e+01 2.065500e+01 2.086129e+01 2.069142e+01
2.034500e+01 2.066000e+01 2.087479e+01 2.069052e+01 2.034000e+01 2.066500e+01 2.087307e+01 2.069006e+01
2.035000e+01 2.065500e+01 2.087648e+01 2.069104e+01 2.034500e+01 2.066000e+01 2.087479e+01 2.069052e+01
2.129000e+01 2.065500e+01 2.086129e+01 2.069142e+01 2.129000e+01 2.066500e+01 2.086027e+01 2.069163e+01
2.034000e+01 2.066500e+01 2.087307e+01 2.069006e+01 2.034000e+01 2.067500e+01 2.087435e+01 2.069043e+01
2.129000e+01 2.066500e+01 2.086027e+01 2.069163e+01 2.129000e+01 2.067500e+01 2.085935e+01 2.069178e+01
2.034000e+01 2.067500e+01 2.087435e+01 2.069043e+01 2.034000e+01 2.068500e+01 2.087554e+01 2.069073e+01
2.129000e+01 2.067500e+01 2.085935e+01 2.069178e+01 2.129000e+01 2.068500e+01 2.085852e+01 2.069187e+01
2.034000e+01 2.068500e+01 2.087554e+01 2.069073e+01 2.034000e+01 2.069500e+01 2.087663e+01 2.069096e+01
2.129000e+01 2.068500e+01 2.085852e+01 2.069187e+01 2.129500e+01 2.069000e+01 2.086061e+01 2.069153e+01
2.129500e+01 2.069000e+01 2.086061e+01 2.069153e+01 2.130000e+01 2.069500e+01 2.086273e+01 2.069126e+01
2.034000e+01 2.069500e+01 2.087663e+01 2.069096e+01 2.034000e+01 2.070500e+01 2.087763e+01 2.069112e+01
2.130000e+01 2.069500e+01 2.086273e+01 2.069126e+01 2.130000e+01 2.070500e+01 2.086214e+01 2.069136e+01
2.033500e+01 2.071000e+01 2.087558e+01 2.069073e+01 2.033000e+01 2.071500e+01 2.087352e+01 2.069040e+01
2.034000e+01 2.070500e+01 2.087763e+01 2.069112e+01 2.033500e+01 2.071000e+01 2.087558e+01 2.069073e+01
2.130000e+01 2.070500e+01 2.086214e+01 2.069136e+01 2.130000e+01 2.071500e+01 2.086166e+01 2.069143e+01
2.033000e+01 2.071500e+01 2.087352e+01 2.069040e+01 2.033000e+01 2.072500e+01 2.087428e+01 2.069056e+01
2.130000e+01 2.071500e+01 2.086166e+01 2.069143e+01 2.130000e+01 2.072500e+01 2.086128e+01 2.069148e+01
2.033000e+01 2.072500e+01 2.087428e+01 2.069056e+01 2.033000e+01 2.073500e+01 2.087494e+01 2.069068e+01
2.130000e+01 2.072500e+01 2.086128e+01 2.069148e+01 2.130000e+01 2.073500e+01 2.086101e+01 2.069150e+01
2.033000e+01 2.073500e+01 2.087494e+01 2.069068e+01 2.033000e+01 2.074500e+01 2.087550e+01 2.069075e+01
2.130000e+01 2.073500e+01 2.086101e+01 2.069150e+01 2.130000e+01 2.074500e+01 2.086085e+01 2.069151e+01
2.033000e+01 2.074500e+01 2.087550e+01 2.069075e+01 2.033000e+01 2.075500e+01 2.087594e+01 2.069080e+01
2.130000e+01 2.074500e+01 2.086085e+01 2.069151e+01 2.130000e+01 2.075500e+01 2.086080e+01 2.069151e+01
2.033000e+01 2.075500e+01 2.087594e+01 2.069080e+01 2.033000e+01 2.076500e+01 2.087628e+01 2.069082e+01
2.130000e+01 2.075500e+01 2.086080e+01 2.069151e+01 2.130000e+01 2.076500e+01 2.086086e+01 2.069151e+01
2.033000e+01 2.076500e+01 2.087628e+01 2.069082e+01 2.033000e+01 2.077500e+01 2.087651e+01 2.069082e+01
2.130000e+01 2.076500e+01 2.086086e+01 2.069151e+01 2.130000e+01 2.077500e+01 2.086103e+01 2.069152e+01
2.033000e+01 2.077500e+01 2.087651e+01 2.069082e+01 2.033000e+01 2.078500e+01 2.087663e+01 2.069082e+01
2.130000e+01 2.077500e+01 2.086103e+01 2.069152e+01 2.130000e+01 2.078500e+01 2.086131e+01 2.069155e+01
2.033000e+01 2.078500e+01 2.087663e+01 2.069082e+01 2.033000e+01 2.079500e+01 2.087664e+01 2.069081e+01
2.130000e+01 2.078500e+01 2.086131e+01 2.069155e+01 2.130000e+01 2.079500e+01 2.086169e+01 2.069159e+01
2.033000e+01 2.079500e+01 2.087664e+01 2.069081e+01 2.033000e+01 2.080500e+01 2.087653e+01 2.069080e+01
2.130000e+01 2.079500e+01 2.086169e+01 2.069159e+01 2.130000e+01 2.080500e+01 2.086219e+01 2.069166e+01
2.033000e+01 2.080500e+01 2.087653e+01 2.069080e+01 2.033000e+01 2.081500e+01 2.087632e+01 2.069080e+01
2.130000e+01 2.080500e+01 2.086219e+01 2.069166e+01 2.130000e+01 2.081500e+01 2.086279e+01 2.069177e+01
2.033000e+01 2.081500e+01 2.087632e+01 2.069080e+01 2.033000e+01 2.082500e+01 2.087600e+01 2.069082e+01
2.130000e+01 2.081500e+01 2.086279e+01 2.069177e+01 2.130000e+01 2.082500e+01 2.086350e+01 2.069191e+01
2.033000e+01 2.082500e+01 2.087600e+01 2.069082e+01 2.033000e+01 2.083500e+01 2.087557e+01 2.069086e+01
2.129500e+01 2.083000e+01 2.086140e+01 2.069160e+01 2.129000e+01 2.083500e+01 2.085932e+01 2.069123e+01
2.130000e+01 2.082500e+01 2.086350e+01 2.069191e+01 2.129500e+01 2.083000e+01 2.086140e+01 2.069160e+01
2.033000e+01 2.083500e+01 2.087557e+01 2.069086e+01 2.033000e+01 2.084500e+01 2.087503e+01 2.069094e+01
2.129000e+01 2.083500e+01 2.085932e+01 2.069123e+01 2.129000e+01 2.084500e+01 2.086025e+01 2.069137e+01
2.033000e+01 2.084500e+01 2.087503e+01 2.069094e+01 2.033000e+01 2.085500e+01 2.087440e+01 2.069105e+01
2.129000e+01 2.084500e+01 2.086025e+01 2.069137e+01 2.129000e+01 2.085500e+01 2.086129e+01 2.069158e+01
2.033000e+01 2.085500e+01 2.087440e+01 2.069105e+01 2.033000e+01 2.086500e+01 2.087366e+01 2.069120e+01
2.129000e+01 2.085500e+01 2.086129e+01 2.069158e+01 2.129000e+01 2.086500e+01 2.086242e+01 2.069185e+01
2.033000e+01 2.086500e+01 2.087366e+01 2.069120e+01 2.033500e+01 2.087000e+01 2.087568e+01 2.069089e+01
2.033500e+01 2.087000e+01 2.087568e+01 2.069089e+01 2.034000e+01 2.087500e+01 2.087766e+01 2.069050e+01
2.129000e+01 2.086500e+01 2.086242e+01 2.069185e+01 2.129000e+01 2.087500e+01 2.086364e+01 2.069219e+01
2.034000e+01 2.087500e+01 2.087766e+01 2.069050e+01 2.034000e+01 2.088500e+01 2.087669e+01 2.069067e+01
2.128500e+01 2.088000e+01 2.086189e+01 2.069174e+01 2.128000e+01 2.088500e+01 2.086016e+01 2.069123e+01
2.129000e+01 2.087500e+01 2.086364e+01 2.069219e+01 2.128500e+01 2.088000e+01 2.086189e+01 2.069174e+01
2.034000e+01 2.088500e+01 2.087669e+01 2.069067e+01 2.034000e+01 2.089500e+01 2.087562e+01 2.069090e+01
2.128000e+01 2.088500e+01 2.086016e+01 2.069123e+01 2.128000e+01 2.089500e+01 2.086161e+01 2.069164e+01
2.034000e+01 2.089500e+01 2.087562e+01 2.069090e+01 2.034000e+01 2.090500e+01 2.087446e+01 2.069119e+01
2.128000e+01 2.089500e+01 2.086161e+01 2.069164e+01 2.128000e+01 2.090500e+01 2.086313e+01 2.069214e+01
2.034000e+01 2.090500e+01 2.087446e+01 2.069119e+01 2.034000e+01 2.091500e+01 2.087322e+01 2.069157e+01
2.127500e+01 2.091000e+01 2.086160e+01 2.069164e+01 2.127000e+01 2.091500e+01 2.086011e+01 2.069107e+01
2.128000e+01 2.090500e+01 2.086313e+01 2.069214e+01 2.127500e+01 2.091000e+01 2.086160e+01 2.069164e+01
2.034000e+01 2.091500e+01 2.087322e+01 2.069157e+01 2.034500e+01 2.092000e+01 2.087486e+01 2.069113e+01
2.034500e+01 2.092000e+01 2.087486e+01 2.069113e+01 2.035000e+01 2.092500e+01 2.087646e+01 2.069063e+01
2.127000e+01 2.091500e+01 2.086011e+01 2.069107e+01 2.127000e+01 2.092500e+01 2.086184e+01 2.069169e+01
2.035000e+01 2.092500e+01 2.087646e+01 2.069063e+01 2.035000e+01 2.093500e+01 2.087500e+01 2.069109e+01
2.127000e+01 2.092500e+01 2.086184e+01 2.069169e+01 2.127000e+01 2.093500e+01 2.086364e+01 2.069240e+01
2.035000e+01 2.093500e+01 2.087500e+01 2.069109e+01 2.035000e+01 2.094500e+01 2.087347e+01 2.069164e+01
2.126500e+01 2.094000e+01 2.086234e+01 2.069189e+01 2.126000e+01 2.094500e+01 2.086109e+01 2.069131e+01
2.127000e+01 2.093500e+01 2.086364e+01 2.069240e+01 2.126500e+01 2.094000e+01 2.086234e+01 2.069189e+01
2.035000e+01 2.094500e+01 2.087347e+01 2.069164e+01 2.035500e+01 2.095000e+01 2.087486e+01 2.069116e+01
2.035500e+01 2.095000e+01 2.087486e+01 2.069116e+01 2.036000e+01 2.095500e+01 2.087620e+01 2.069062e+01
2.126000e+01 2.094500e+01 2.086109e+01 2.069131e+01 2.126000e+01 2.095500e+01 2.086307e+01 2.069218e+01
2.036000e+01 2.095500e+01 2.087620e+01 2.069062e+01 2.036000e+01 2.096500e+01 2.087448e+01 2.069130e+01
2.126000e+01 2.095500e+01 2.086307e+01 2.069218e+01 2.126000e+01 2.096500e+01 2.086510e+01 2.069317e+01
2.036000e+01 2.096500e+01 2.087448e+01 2.069130e+01 2.036000e+01 2.097500e+01 2.087269e+01 2.069209e+01
2.125500e+01 2.097000e+01 2.086402e+01 2.069268e+01 2.125000e+01 2.097500e+01 2.086300e+01 2.069213e+01
2.126000e+01 2.096500e+01 2.086510e+01 2.069317e+01 2.125500e+01 2.097000e+01 2.086402e+01 2.069268e+01
2.036000e+01 2.097500e+01 2.087269e+01 2.069209e+01 2.036500e+01 2.098000e+01 2.087385e+01 2.069161e+01
2.036500e+01 2.098000e+01 2.087385e+01 2.069161e+01 2.037000e+01 2.098500e+01 2.087494e+01 2.069108e+01
2.125000e+01 2.097500e+01 2.086300e+01 2.069213e+01 2.125000e+01 2.098500e+01 2.086519e+01 2.069331e+01
2.037000e+01 2.098500e+01 2.087494e+01 2.069108e+01 2.037000e+01 2.099500e+01 2.087299e+01 2.069204e+01
2.124500e+01 2.099000e+01 2.086427e+01 2.069284e+01 2.124000e+01 2.099500e+01 2.086341e+01 2.069232e+01
2.125000e+01 2.098500e+01 2.086519e+01 2.069331e+01 2.124500e+01 2.099000e+01 2.086427e+01 2.069284e+01
2.037000e+01 2.099500e+01 2.087299e+01 2.069204e+01 2.037500e+01 2.100000e+01 2.087398e+01 2.069158e+01
2.037500e+01 2.100000e+01 2.087398e+01 2.069158e+01 2.038000e+01 2.100500e+01 2.087489e+01 2.069107e+01
2.124000e+01 2.099500e+01 2.086341e+01 2.069232e+01 2.124000e+01 2.100500e+01 2.086573e+01 2.069371e+01
2.038000e+01 2.100500e+01 2.087489e+01 2.069107e+01 2.038000e+01 2.101500e+01 2.087280e+01 2.069222e+01
2.123500e+01 2.101000e+01 2.086496e+01 2.069329e+01 2.123000e+01 2.101500e+01 2.086426e+01 2.069282e+01
2.124000e+01 2.100500e+01 2.086573e+01 2.069371e+01 2.123500e+01 2.101000e+01 2.086496e+01 2.069329e+01
2.038000e+01 2.101500e+01 2.087280e+01 2.069222e+01 2.038500e+01 2.102000e+01 2.087361e+01 2.069180e+01
2.038500e+01 2.102000e+01 2.087361e+01 2.069180e+01 2.039000e+01 2.102500e+01 2.087436e+01 2.069132e+01
2.122500e+01 2.102000e+01 2.086360e+01 2.069241e+01 2.122000e+01 2.102500e+01 2.086301e+01 2.069196e+01
2.123000e+01 2.101500e+01 2.086426e+01 2.069282e+01 2.122500e+01 2.102000e+01 2.086360e+01 2.069241e+01
2.039000e+01 2.102500e+01 2.087436e+01 2.069132e+01 2.039000e+01 2.103500e+01 2.087214e+01 2.069269e+01
2.122000e+01 2.102500e+01 2.086301e+01 2.069196e+01 2.122000e+01 2.103500e+01 2.086551e+01 2.069368e+01
2.039000e+01 2.103500e+01 2.087214e+01 2.069269e+01 2.039500e+01 2.104000e+01 2.087280e+01 2.069233e+01
2.039500e+01 2.104000e+01 2.087280e+01 2.069233e+01 2.040000e+01 2.104500e+01 2.087338e+01 2.069192e+01
2.121500e+01 2.104000e+01 2.086499e+01 2.069334e+01 2.121000e+01 2.104500e+01 2.086454e+01 2.069298e+01
2.122000e+01 2.103500e+01 2.086551e+01 2.069368e+01 2.121500e+01 2.104000e+01 2.086499e+01 2.069334e+01
2.040000e+01 2.104500e+01 2.087338e+01 2.069192e+01 2.040500e+01 2.105000e+01 2.087393e+01 2.069157e+01
2.040500e+01 2.105000e+01 2.087393e+01 2.069157e+01 2.041000e+01 2.105500e+01 2.087440e+01 2.069118e+01
2.120500e+01 2.105000e+01 2.086413e+01 2.069267e+01 2.120000e+01 2.105500e+01 2.086378e+01 2.069234e+01
2.121000e+01 2.104500e+01 2.086454e+01 2.069298e+01 2.120500e+01 2.105000e+01 2.086413e+01 2.069267e+01
2.041000e+01 2.105500e+01 2.087440e+01 2.069118e+01 2.041000e+01 2.106500e+01 2.087202e+01 2.069291e+01
2.120000e+01 2.105500e+01 2.086378e+01 2.069234e+01 2.120000e+01 2.106500e+01 2.086641e+01 2.069444e+01
2.041000e+01 2.106500e+01 2.087202e+01 2.069291e+01 2.041500e+01 2.107000e+01 2.087243e+01 2.069265e+01
2.041500e+01 2.107000e+01 2.087243e+01 2.069265e+01 2.042000e+01 2.107500e+01 2.087275e+01 2.069236e+01
2.119500e+01 2.107000e+01 2.086611e+01 2.069424e+01 2.119000e+01 2.107500e+01 2.086588e+01 2.069402e+01
2.120000e+01 2.106500e+01 2.086641e+01 2.069444e+01 2.119500e+01 2.107000e+01 2.086611e+01 2.069424e+01
2.042000e+01 2.107500e+01 2.087275e+01 2.069236e+01 2.042500e+01 2.108000e+01 2.087306e+01 2.069215e+01
2.042500e+01 2.108000e+01 2.087306e+01 2.069215e+01 2.043000e+01 2.108500e+01 2.087329e+01 2.069191e+01
2.118500e+01 2.108000e+01 2.086568e+01 2.069387e+01 2.118000e+01 2.108500e+01 2.086554e+01 2.069370e+01
2.119000e+01 2.107500e+01 2.086588e+01 2.069402e+01 2.118500e+01 2.108000e+01 2.086568e+01 2.069387e+01
2.043000e+01 2.108500e+01 2.087329e+01 2.069191e+01 2.043500e+01 2.109000e+01 2.087349e+01 2.069174e+01
2.043500e+01 2.109000e+01 2.087349e+01 2.069174e+01 2.044000e+01 2.109500e+01 2.087362e+01 2.069155e+01
2.117500e+01 2.109000e+01 2.086542e+01 2.069361e+01 2.117000e+01 2.109500e+01 2.086538e+01 2.069350e+01
2.118000e+01 2.108500e+01 2.086554e+01 2.069370e+01 2.117500e+01 2.109000e+01 2.086542e+01 2.069361e+01
2.044000e+01 2.109500e+01 2.087362e+01 2.069155e+01 2.044000e+01 2.110500e+01 2.087113e+01 2.069383e+01
2.116500e+01 2.110000e+01 2.086534e+01 2.069347e+01 2.116000e+01 2.110500e+01 2.086538e+01 2.069344e+01
2.117000e+01 2.109500e+01 2.086538e+01 2.069350e+01 2.116500e+01 2.110000e+01 2.086534e+01 2.069347e+01
2.044000e+01 2.110500e+01 2.087113e+01 2.069383e+01 2.044500e+01 2.111000e+01 2.087123e+01 2.069379e+01
2.044500e+01 2.111000e+01 2.087123e+01 2.069379e+01 2.045000e+01 2.111500e+01 2.087126e+01 2.069375e+01
2.116000e+01 2.110500e+01 2.086538e+01 2.069344e+01 2.116000e+01 2.111500e+01 2.086808e+01 2.069623e+01
2.045000e+01 2.111500e+01 2.087126e+01 2.069375e+01 2.045500e+01 2.112000e+01 2.087128e+01 2.069378e+01
2.045500e+01 2.112000e+01 2.087128e+01 2.069378e+01 2.046000e+01 2.112500e+01 2.087123e+01 2.069381e+01
2.115500e+01 2.112000e+01 2.086812e+01 2.069634e+01 2.115000e+01 2.112500e+01 2.086823e+01 2.069646e+01
2.116000e+01 2.111500e+01 2.086808e+01 2.069623e+01 2.115500e+01 2.112000e+01 2.086812e+01 2.069634e+01
2.046000e+01 2.112500e+01 2.087123e+01 2.069381e+01 2.046500e+01 2.113000e+01 2.087118e+01 2.069392e+01
2.046500e+01 2.113000e+01 2.087118e+01 2.069392e+01 2.047000e+01 2.113500e+01 2.087105e+01 2.069403e+01
2.113500e+01 2.113000e+01 2.086599e+01 2.069396e+01 2.113000e+01 2.113500e+01 2.086623e+01 2.069417e+01
2.113500e+01 2.113000e+01 2.086599e+01 2.069396e+01 2.114500e+01 2.113000e+01 2.086833e+01 2.069665e+01
2.115000e+01 2.112500e+01 2.086823e+01 2.069646e+01 2.114500e+01 2.113000e+01 2.086833e+01 2.069665e+01
2.047000e+01 2.113500e+01 2.087105e+01 2.069403e+01 2.047500e+01 2.114000e+01 2.087093e+01 2.069422e+01
2.047500e+01 2.114000e+01 2.087093e+01 2.069422e+01 2.048000e+01 2.114500e+01 2.087074e+01 2.069442e+01
2.112500e+01 2.114000e+01 2.086646e+01 2.069445e+01 2.112000e+01 2.114500e+01 2.086676e+01 2.069475e+01
2.113000e+01 2.113500e+01 2.086623e+01 2.069417e+01 2.112500e+01 2.114000e+01 2.086646e+01 2.069445e+01
2.048000e+01 2.114500e+01 2.087074e+01 2.069442e+01 2.048500e+01 2.115000e+01 2.087056e+01 2.069470e+01
2.048500e+01 2.115000e+01 2.087056e+01 2.069470e+01 2.049000e+01 2.115500e+01 2.087031e+01 2.069499e+01
2.111500e+01 2.115000e+01 2.086704e+01 2.069513e+01 2.111000e+01 2.115500e+01 2.086738e+01 2.069552e+01
2.112000e+01 2.114500e+01 2.086676e+01 2.069475e+01 2.111500e+01 2.115000e+01 2.086704e+01 2.069513e+01
2.049000e+01 2.115500e+01 2.087031e+01 2.069499e+01 2.049500e+01 2.116000e+01 2.087008e+01 2.069536e+01
2.049500e+01 2.116000e+01 2.087008e+01 2.069536e+01 2.050500e+01 2.116000e+01 2.087191e+01 2.069293e+01
2.050500e+01 2.116000e+01 2.087191e+01 2.069293e+01 2.051000e+01 2.116500e+01 2.087155e+01 2.069335e+01
2.110500e+01 2.116000e+01 2.086771e+01 2.069599e+01 2.110000e+01 2.116500e+01 2.086809e+01 2.069649e+01
2.111000e+01 2.115500e+01 2.086738e+01 2.069552e+01 2.110500e+01 2.116000e+01 2.086771e+01 2.069599e+01
2.051000e+01 2.116500e+01 2.087155e+01 2.069335e+01 2.051500e+01 2.117000e+01 2.087121e+01 2.069384e+01
2.051500e+01 2.117000e+01 2.087121e+01 2.069384e+01 2.052000e+01 2.117500e+01 2.087081e+01 2.069436e+01
2.109500e+01 2.117000e+01 2.086845e+01 2.069706e+01 2.109000e+01 2.117500e+01 2.086887e+01 2.069765e+01
2.110000e+01 2.116500e+01 2.086809e+01 2.069649e+01 2.109500e+01 2.117000e+01 2.086845e+01 2.069706e+01
2.052000e+01 2.117500e+01 2.087081e+01 2.069436e+01 2.052500e+01 2.118000e+01 2.087044e+01 2.069497e+01
2.052500e+01 2.118000e+01 2.087044e+01 2.069497e+01 2.053000e+01 2.118500e+01 2.087001e+01 2.069560e+01
2.107500e+01 2.118000e+01 2.086766e+01 2.069585e+01 2.107000e+01 2.118500e+01 2.086816e+01 2.069658e+01
2.107500e+01 2.118000e+01 2.086766e+01 2.069585e+01 2.108500e+01 2.118000e+01 2.086925e+01 2.069832e+01
2.109000e+01 2.117500e+01 2.086887e+01 2.069765e+01 2.108500e+01 2.118000e+01 2.086925e+01 2.069832e+01
2.053000e+01 2.118500e+01 2.087001e+01 2.069560e+01 2.053500e+01 2.119000e+01 2.086961e+01 2.069631e+01
2.053500e+01 2.119000e+01 2.086961e+01 2.069631e+01 2.054500e+01 2.119000e+01 2.087097e+01 2.069406e+01
2.054500e+01 2.119000e+01 2.087097e+01 2.069406e+01 2.055000e+01 2.119500e+01 2.087047e+01 2.069485e+01
2.106500e+01 2.119000e+01 2.086861e+01 2.069739e+01 2.106000e+01 2.119500e+01 2.086912e+01 2.069823e+01
2.107000e+01 2.118500e+01 2.086816e+01 2.069658e+01 2.106500e+01 2.119000e+01 2.086861e+01 2.069739e+01
2.055000e+01 2.119500e+01 2.087047e+01 2.069485e+01 2.055500e+01 2.120000e+01 2.087001e+01 2.069571e+01
2.055500e+01 2.120000e+01 2.087001e+01 2.069571e+01 2.056000e+01 2.120500e+01 2.086951e+01 2.069661e+01
2.104500e+01 2.120000e+01 2.086831e+01 2.069685e+01 2.104000e+01 2.120500e+01 2.086886e+01 2.069785e+01
2.104500e+01 2.120000e+01 2.086831e+01 2.069685e+01 2.105500e+01 2.120000e+01 2.086958e+01 2.069914e+01
2.106000e+01 2.119500e+01 2.086912e+01 2.069823e+01 2.105500e+01 2.120000e+01 2.086958e+01 2.069914e+01
2.056000e+01 2.120500e+01 2.086951e+01 2.069661e+01 2.056500e+01 2.121000e+01 2.086905e+01 2.069759e+01
2.056500e+01 2.121000e+01 2.086905e+01 2.069759e+01 2.057500e+01 2.121000e+01 2.087010e+01 2.069554e+01
2.057500e+01 2.121000e+01 2.087010e+01 2.069554e+01 2.058000e+01 2.121500e+01 2.086956e+01 2.069661e+01
2.102500e+01 2.121000e+01 2.086829e+01 2.069674e+01 2.102000e+01 2.121500e+01 2.086887e+01 2.069789e+01
2.102500e+01 2.121000e+01 2.086829e+01 2.069674e+01 2.103500e+01 2.121000e+01 2.086937e+01 2.069890e+01
2.104000e+01 2.120500e+01 2.086886e+01 2.069785e+01 2.103500e+01 2.121000e+01 2.086937e+01 2.069890e+01
2.058000e+01 2.121500e+01 2.086956e+01 2.069661e+01 2.058500e+01 2.122000e+01 2.086907e+01 2.069775e+01
2.058500e+01 2.122000e+01 2.086907e+01 2.069775e+01 2.059500e+01 2.122000e+01 2.086994e+01 2.069583e+01
2.059500e+01 2.122000e+01 2.086994e+01 2.069583e+01 2.060000e+01 2.122500e+01 2.086939e+01 2.069708e+01
2.100500e+01 2.122000e+01 2.086850e+01 2.069708e+01 2.100000e+01 2.122500e+01 2.086908e+01 2.069841e+01
2.100500e+01 2.122000e+01 2.086850e+01 2.069708e+01 2.101500e+01 2.122000e+01 2.086940e+01 2.069911e+01
2.102000e+01 2.121500e+01 2.086887e+01 2.069789e+01 2.101500e+01 2.122000e+01 2.086940e+01 2.069911e+01
2.060000e+01 2.122500e+01 2.086939e+01 2.069708e+01 2.060500e+01 2.123000e+01 2.086889e+01 2.069839e+01
2.060500e+01 2.123000e+01 2.086889e+01 2.069839e+01 2.061500e+01 2.123000e+01 2.086960e+01 2.069664e+01
2.061500e+01 2.123000e+01 2.086960e+01 2.069664e+01 2.062500e+01 2.123000e+01 2.087022e+01 2.069494e+01
2.062500e+01 2.123000e+01 2.087022e+01 2.069494e+01 2.063000e+01 2.123500e+01 2.086966e+01 2.069642e+01
2.097500e+01 2.123000e+01 2.086821e+01 2.069612e+01 2.097000e+01 2.123500e+01 2.086880e+01 2.069766e+01
2.097500e+01 2.123000e+01 2.086821e+01 2.069612e+01 2.098500e+01 2.123000e+01 2.086886e+01 2.069792e+01
2.098500e+01 2.123000e+01 2.086886e+01 2.069792e+01 2.099500e+01 2.123000e+01 2.086961e+01 2.069978e+01
2.100000e+01 2.122500e+01 2.086908e+01 2.069841e+01 2.099500e+01 2.123000e+01 2.086961e+01 2.069978e+01
2.063000e+01 2.123500e+01 2.086966e+01 2.069642e+01 2.063500e+01 2.124000e+01 2.086916e+01 2.069796e+01
2.063500e+01 2.124000e+01 2.086916e+01 2.069796e+01 2.064500e+01 2.124000e+01 2.086965e+01 2.069645e+01
2.064500e+01 2.124000e+01 2.086965e+01 2.069645e+01 2.065500e+01 2.124000e+01 2.087005e+01 2.069500e+01
2.065500e+01 2.124000e+01 2.087005e+01 2.069500e+01 2.066000e+01 2.124500e+01 2.086953e+01 2.069673e+01
2.094500e+01 2.124000e+01 2.086836e+01 2.069610e+01 2.094000e+01 2.124500e+01 2.086891e+01 2.069787e+01
2.094500e+01 2.124000e+01 2.086836e+01 2.069610e+01 2.095500e+01 2.124000e+01 2.086880e+01 2.069764e+01
2.095500e+01 2.124000e+01 2.086880e+01 2.069764e+01 2.096500e+01 2.124000e+01 2.086934e+01 2.069925e+01
2.097000e+01 2.123500e+01 2.086880e+01 2.069766e+01 2.096500e+01 2.124000e+01 2.086934e+01 2.069925e+01
2.066000e+01 2.124500e+01 2.086953e+01 2.069673e+01 2.066500e+01 2.125000e+01 2.086907e+01 2.069851e+01
2.066500e+01 2.125000e+01 2.086907e+01 2.069851e+01 2.067500e+01 2.125000e+01 2.086939e+01 2.069727e+01
2.067500e+01 2.125000e+01 2.086939e+01 2.069727e+01 2.068500e+01 2.125000e+01 2.086964e+01 2.069611e+01
2.068500e+01 2.125000e+01 2.086964e+01 2.069611e+01 2.069000e+01 2.125500e+01 2.086920e+01 2.069808e+01
2.091500e+01 2.125000e+01 2.086876e+01 2.069708e+01 2.091000e+01 2.125500e+01 2.086923e+01 2.069907e+01
2.091500e+01 2.125000e+01 2.086876e+01 2.069708e+01 2.092500e+01 2.125000e+01 2.086904e+01 2.069834e+01
2.092500e+01 2.125000e+01 2.086904e+01 2.069834e+01 2.093500e+01 2.125000e+01 2.086940e+01 2.069968e+01
2.094000e+01 2.124500e+01 2.086891e+01 2.069787e+01 2.093500e+01 2.125000e+01 2.086940e+01 2.069968e+01
2.069000e+01 2.125500e+01 2.086920e+01 2.069808e+01 2.069500e+01 2.126000e+01 2.086882e+01 2.070008e+01
2.069500e+01 2.126000e+01 2.086882e+01 2.070008e+01 2.070500e+01 2.126000e+01 2.086903e+01 2.069914e+01
2.070500e+01 2.126000e+01 2.086903e+01 2.069914e+01 2.071500e+01 2.126000e+01 2.086919e+01 2.069828e+01
2.071500e+01 2.126000e+01 2.086919e+01 2.069828e+01 2.072500e+01 2.126000e+01 2.086930e+01 2.069752e+01
2.072500e+01 2.126000e+01 2.086930e+01 2.069752e+01 2.073500e+01 2.126000e+01 2.086936e+01 2.069685e+01
2.073500e+01 2.126000e+01 2.086936e+01 2.069685e+01 2.074500e+01 2.126000e+01 2.086939e+01 2.069628e+01
2.074500e+01 2.126000e+01 2.086939e+01 2.069628e+01 2.075500e+01 2.126000e+01 2.086939e+01 2.069580e+01
2.075500e+01 2.126000e+01 2.086939e+01 2.069580e+01 2.076000e+01 2.126500e+01 2.086919e+01 2.069826e+01
2.084500e+01 2.126000e+01 2.086892e+01 2.069622e+01 2.084000e+01 2.126500e+01 2.086916e+01 2.069866e+01
2.084500e+01 2.126000e+01 2.086892e+01 2.069622e+01 2.085500e+01 2.126000e+01 2.086893e+01 2.069679e+01
2.085500e+01 2.126000e+01 2.086893e+01 2.069679e+01 2.086500e+01 2.126000e+01 2.086898e+01 2.069746e+01
2.086500e+01 2.126000e+01 2.086898e+01 2.069746e+01 2.087500e+01 2.126000e+01 2.086907e+01 2.069822e+01
2.087500e+01 2.126000e+01 2.086907e+01 2.069822e+01 2.088500e+01 2.126000e+01 2.086921e+01 2.069909e+01
2.088500e+01 2.126000e+01 2.086921e+01 2.069909e+01 2.089500e+01 2.126000e+01 2.086940e+01 2.070004e+01
2.089500e+01 2.126000e+01 2.086940e+01 2.070004e+01 2.090500e+01 2.126000e+01 2.086965e+01 2.070109e+01
2.091000e+01 2.125500e+01 2.086923e+01 2.069907e+01 2.090500e+01 2.126000e+01 2.086965e+01 2.070109e+01
2.076000e+01 2.126500e+01 2.086919e+01 2.069826e+01 2.076500e+01 2.127000e+01 2.086905e+01 2.070073e+01
2.076500e+01 2.127000e+01 2.086905e+01 2.070073e+01 2.077500e+01 2.127000e+01 2.086910e+01 2.070048e+01
2.077500e+01 2.127000e+01 2.086910e+01 2.070048e+01 2.078500e+01 2.127000e+01 2.086914e+01 2.070033e+01
2.078500e+01 2.127000e+01 2.086914e+01 2.070033e+01 2.079500e+01 2.127000e+01 2.086917e+01 2.070028e+01
2.079500e+01 2.127000e+01 2.086917e+01 2.070028e+01 2.080500e+01 2.127000e+01 2.086920e+01 2.070034e+01
2.080500e+01 2.127000e+01 2.086920e+01 2.070034e+01 2.081500e+01 2.127000e+01 2.086924e+01 2.070049e+01
2.081500e+01 2.127000e+01 2.086924e+01 2.070049e+01 2.082500e+01 2.127000e+01 2.086928e+01 2.070074e+01
2.082500e+01 2.127000e+01 2.086928e+01 2.070074e+01 2.083500e+01 2.127000e+01 2.086935e+01 2.070110e+01
2.084000e+01 2.126500e+01 2.086916e+01 2.069866e+01 2.083500e+01 2.127000e+01 2.086935e+01 2.070110e+01
2.081446e+01 2.077271e+01 2.061703e+01 2.068197e+01 2.081446e+01 2.077271e+01 2.061766e+01 2.066413e+01
2.081446e+01 2.077271e+01 2.061766e+01 2.066413e+01 2.081446e+01 2.077271e+01 2.061952e+01 2.064653e+01
2.081446e+01 2.077271e+01 2.061952e+01 2.064653e+01 2.081446e+01 2.077271e+01 2.062257e+01 2.062923e+01
2.081446e+01 2.077271e+01 2.062257e+01 2.062923e+01 2.081446e+01 2.077271e+01 2.062680e+01 2.061232e+01
2.081446e+01 2.077271e+01 2.062680e+01 2.061232e+01 2.081446e+01 2.077271e+01 2.063215e+01 2.059587e+01
2.081446e+01 2.077271e+01 2.063215e+01 2.059587e+01 2.081446e+01 2.077271e+01 2.063859e+01 2.057995e+01
2.081446e+01 2.077271e+01 2.063859e+01 2.057995e+01 2.081446e+01 2.077271e+01 2.064608e+01 2.056461e+01
2.081446e+01 2.077271e+01 2.064608e+01 2.056461e+01 2.081446e+01 2.077271e+01 2.065457e+01 2.054992e+01
2.081446e+01 2.077271e+01 2.065457e+01 2.054992e+01 2.081446e+01 2.077271e+01 2.066402e+01 2.053593e+01
2.081446e+01 2.077271e+01 2.066402e+01 2.053593e+01 2.081446e+01 2.077271e+01 2.067437e+01 2.052268e+01
2.081446e+01 2.077271e+01 2.067437e+01 2.052268e+01 2.081446e+01 2.077271e+01 2.068559e+01 2.051023e+01
2.081446e+01 2.077271e+01 2.068559e+01 2.051023e+01 2.081446e+01 2.077271e+01 2.069762e+01 2.049862e+01
2.081446e+01 2.077271e+01 2.069762e+01 2.049862e+01 2.081446e+01 2.077271e+01 2.071041e+01 2.048790e+01
2.081446e+01 2.077271e+01 2.071041e+01 2.048790e+01 2.081446e+01 2.077271e+01 2.072390e+01 2.047809e+01
2.081446e+01 2.077271e+01 2.072390e+01 2.047809e+01 2.081446e+01 2.077271e+01 2.073806e+01 2.046925e+01
2.081446e+01 2.077271e+01 2.073806e+01 2.046925e+01 2.081446e+01 2.077271e+01 2.075282e+01 2.046140e+01
2.081446e+01 2.077271e+01 2.075282e+01 2.046140e+01 2.081446e+01 2.077271e+01 2.076813e+01 2.045458e+01
2.081446e+01 2.077271e+01 2.076813e+01 2.045458e+01 2.081446e+01 2.077271e+01 2.078393e+01 2.044883e+01
2.081446e+01 2.077271e+01 2.078393e+01 2.044883e+01 2.081446e+01 2.077271e+01 2.080016e+01 2.044417e+01
2.081446e+01 2.077271e+01 2.080016e+01 2.044417e+01 2.081446e+01 2.077271e+01 2.081676e+01 2.044064e+01
2.081446e+01 2.077271e+01 2.081676e+01 2.044064e+01 2.081446e+01 2.077271e+01 2.083367e+01 2.043826e+01
2.081446e+01 2.077271e+01 2.083367e+01 2.043826e+01 2.081446e+01 2.077271e+01 2.085081e+01 2.043706e+01
2.081446e+01 2.077271e+01 2.085081e+01 2.043706e+01 2.081446e+01 2.077271e+01 2.086812e+01 2.043705e+01
2.081446e+01 2.077271e+01 2.086812e+01 2.043705e+01 2.081446e+01 2.077271e+01 2.088551e+01 2.043826e+01
2.081446e+01 2.077271e+01 2.088551e+01 2.043826e+01 2.081446e+01 2.077271e+01 2.090291e+01 2.044070e+01
2.081446e+01 2.077271e+01 2.090291e+01 2.044070e+01 2.081446e+01 2.077271e+01 2.092024e+01 2.044437e+01
2.081446e+01 2.077271e+01 2.092024e+01 2.044437e+01 2.081446e+01 2.077271e+01 2.093740e+01 2.044929e+01
2.081446e+01 2.077271e+01 2.093740e+01 2.044929e+01 2.081446e+01 2.077271e+01 2.095431e+01 2.045543e+01
2.081446e+01 2.077271e+01 2.095431e+01 2.045543e+01 2.081446e+01 2.077271e+01 2.097087e+01 2.046280e+01
2.081446e+01 2.077271e+01 2.097087e+01 2.046280e+01 2.081446e+01 2.077271e+01 2.098699e+01 2.047136e+01
2.081446e+01 2.077271e+01 2.098699e+01 2.047136e+01 2.081446e+01 2.077271e+01 2.100257e+01 2.048109e+01
2.081446e+01 2.077271e+01 2.100257e+01 2.048109e+01 2.081446e+01 2.077271e+01 2.101752e+01 2.049194e+01
2.081446e+01 2.077271e+01 2.101752e+01 2.049194e+01 2.081446e+01 2.077271e+01 2.103174e+01 2.050387e+01
2.081446e+01 2.077271e+01 2.103174e+01 2.050387e+01 2.081446e+01 2.077271e+01 2.104514e+01 2.051680e+01
2.081446e+01 2.077271e+01 2.104514e+01 2.051680e+01 2.081446e+01 2.077271e+01 2.105764e+01 2.053067e+01
2.081446e+01 2.077271e+01 2.105764e+01 2.053067e+01 2.081446e+01 2.077271e+01 2.106915e+01 2.054540e+01
2.081446e+01 2.077271e+01 2.106915e+01 2.054540e+01 2.081446e+01 2.077271e+01 2.107960e+01 2.056089e+01
2.081446e+01 2.077271e+01 2.107960e+01 2.056089e+01 2.081446e+01 2.077271e+01 2.108893e+01 2.057706e+01
2.081446e+01 2.077271e+01 2.108893e+01 2.057706e+01 2.081446e+01 2.077271e+01 2.109710e+01 2.059380e+01
2.081446e+01 2.077271e+01 2.109710e+01 2.059380e+01 2.081446e+01 2.077271e+01 2.110405e+01 2.061100e+01
2.081446e+01 2.077271e+01 2.110405e+01 2.061100e+01 2.081446e+01 2.077271e+01 2.110975e+01 2.062856e+01
2.081446e+01 2.077271e+01 2.110975e+01 2.062856e+01 2.081446e+01 2.077271e+01 2.111419e+01 2.064638e+01
2.081446e+01 2.077271e+01 2.111419e+01 2.064638e+01 2.081446e+01 2.077271e+01 2.111735e+01 2.066436e+01
2.081446e+01 2.077271e+01 2.111735e+01 2.066436e+01 2.081446e+01 2.077271e+01 2.111924e+01 2.068238e+01
2.081446e+01 2.077271e+01 2.111924e+01 2.068238e+01 2.081446e+01 2.077271e+01 2.111987e+01 2.070035e+01
2.081446e+01 2.077271e+01 2.111987e+01 2.070035e+01 2.081446e+01 2.077271e+01 2.111924e+01 2.071819e+01
2.081446e+01 2.077271e+01 2.111924e+01 2.071819e+01 2.081446e+01 2.077271e+01 2.111738e+01 2.073579e+01
2.081446e+01 2.077271e+01 2.111738e+01 2.073579e+01 2.081446e+01 2.077271e+01 2.111432e+01 2.075309e+01
2.081446e+01 2.077271e+01 2.111432e+01 2.075309e+01 2.081446e+01 2.077271e+01 2.111010e+01 2.077000e+01
2.081446e+01 2.077271e+01 2.111010e+01 2.077000e+01 2.081446e+01 2.077271e+01 2.110474e+01 2.078645e+01
2.081446e+01 2.077271e+01 2.110474e+01 2.078645e+01 2.081446e+01 2.077271e+01 2.109830e+01 2.080238e+01
2.081446e+01 2.077271e+01 2.109830e+01 2.080238e+01 2.081446e+01 2.077271e+01 2.109081e+01 2.081771e+01
2.081446e+01 2.077271e+01 2.109081e+01 2.081771e+01 2.081446e+01 2.077271e+01 2.108232e+01 2.083240e+01
2.081446e+01 2.077271e+01 2.108232e+01 2.083240e+01 2.081446e+01 2.077271e+01 2.107288e+01 2.084640e+01
2.081446e+01 2.077271e+01 2.107288e+01 2.084640e+01 2.081446e+01 2.077271e+01 2.106252e+01 2.085964e+01
2.081446e+01 2.077271e+01 2.106252e+01 2.085964e+01 2.081446e+01 2.077271e+01 2.105131e+01 2.087209e+01
2.081446e+01 2.077271e+01 2.105131e+01 2.087209e+01 2.081446e+01 2.077271e+01 2.103928e+01 2.088370e+01
2.081446e+01 2.077271e+01 2.103928e+01 2.088370e+01 2.081446e+01 2.077271e+01 2.102649e+01 2.089442e+01
2.081446e+01 2.077271e+01 2.102649e+01 2.089442e+01 2.081446e+01 2.077271e+01 2.101299e+01 2.090423e+01
2.081446e+01 2.077271e+01 2.101299e+01 2.090423e+01 2.081446e+01 2.077271e+01 2.099884e+01 2.091307e+01
2.081446e+01 2.077271e+01 2.099884e+01 2.091307e+01 2.081446e+01 2.077271e+01 2.098408e+01 2.092092e+01
2.081446e+01 2.077271e+01 2.098408e+01 2.092092e+01 2.081446e+01 2.077271e+01 2.096877e+01 2.092774e+01
2.081446e+01 2.077271e+01 2.096877e+01 2.092774e+01 2.081446e+01 2.077271e+01 2.095297e+01 2.093349e+01
2.081446e+01 2.077271e+01 2.095297e+01 2.093349e+01 2.081446e+01 2.077271e+01 2.093673e+01 2.093815e+01
2.081446e+01 2.077271e+01 2.093673e+01 2.093815e+01 2.081446e+01 2.077271e+01 2.092013e+01 2.094168e+01
2.081446e+01 2.077271e+01 2.092013e+01 2.094168e+01 2.081446e+01 2.077271e+01 2.090323e+01 2.094406e+01
2.081446e+01 2.077271e+01 2.090323e+01 2.094406e+01 2.081446e+01 2.077271e+01 2.088608e+01 2.094527e+01
2.081446e+01 2.077271e+01 2.088608e+01 2.094527e+01 2.081446e+01 2.077271e+01 2.086878e+01 2.094527e+01
2.081446e+01 2.077271e+01 2.086878e+01 2.094527e+01 2.081446e+01 2.077271e+01 2.085139e+01 2.094406e+01
2.081446e+01 2.077271e+01 2.085139e+01 2.094406e+01 2.081446e+01 2.077271e+01 2.083398e+01 2.094162e+01
2.081446e+01 2.077271e+01 2.083398e+01 2.094162e+01 2.081446e+01 2.077271e+01 2.081666e+01 2.093795e+01
2.081446e+01 2.077271e+01 2.081666e+01 2.093795e+01 2.081446e+01 2.077271e+01 2.079950e+01 2.093304e+01
2.081446e+01 2.077271e+01 2.079950e+01 2.093304e+01 2.081446e+01 2.077271e+01 2.078259e+01 2.092689e+01
2.081446e+01 2.077271e+01 2.078259e+01 2.092689e+01 2.081446e+01 2.077271e+01 2.076602e+01 2.091952e+01
2.081446e+01 2.077271e+01 2.076602e+01 2.091952e+01 2.081446e+01 2.077271e+01 2.074990e+01 2.091096e+01
2.081446e+01 2.077271e+01 2.074990e+01 2.091096e+01 2.081446e+01 2.077271e+01 2.073432e+01 2.090123e+01
2.081446e+01 2.077271e+01 2.073432e+01 2.090123e+01 2.081446e+01 2.077271e+01 2.071937e+01 2.089038e+01
2.081446e+01 2.077271e+01 2.071937e+01 2.089038e+01 2.081446e+01 2.077271e+01 2.070516e+01 2.087845e+01
2.081446e+01 2.077271e+01 2.070516e+01 2.087845e+01 2.081446e+01 2.077271e+01 2.069176e+01 2.086552e+01
2.081446e+01 2.077271e+01 2.069176e+01 2.086552e+01 2.081446e+01 2.077271e+01 2.067926e+01 2.085165e+01
2.081446e+01 2.077271e+01 2.067926e+01 2.085165e+01 2.081446e+01 2.077271e+01 2.066775e+01 2.083692e+01
2.081446e+01 2.077271e+01 2.066775e+01 2.083692e+01 2.081446e+01 2.077271e+01 2.065730e+01 2.082143e+01
2.081446e+01 2.077271e+01 2.065730e+01 2.082143e+01 2.081446e+01 2.077271e+01 2.064796e+01 2.080526e+01
2.081446e+01 2.077271e+01 2.064796e+01 2.080526e+01 2.081446e+01 2.077271e+01 2.063980e+01 2.078853e+01
2.081446e+01 2.077271e+01 2.063980e+01 2.078853e+01 2.081446e+01 2.077271e+01 2.063285e+01 2.077132e+01
2.081446e+01 2.077271e+01 2.063285e+01 2.077132e+01 2.081446e+01 2.077271e+01 2.062715e+01 2.075376e+01
2.081446e+01 2.077271e+01 2.062715e+01 2.075376e+01 2.081446e+01 2.077271e+01 2.062271e+01 2.073594e+01
2.081446e+01 2.077271e+01 2.062271e+01 2.073594e+01 2.081446e+01 2.077271e+01 2.061954e+01 2.071797e+01
2.081446e+01 2.077271e+01 2.061954e+01 2.071797e+01 2.081446e+01 2.077271e+01 2.061765e+01 2.069994e+01
2.081446e+01 2.077271e+01 2.061765e+01 2.069994e+01 2.081446e+01 2.077271e+01 2.061703e+01 2.068197e+01
