2.077500e+01 2.025000e+01 2.084044e+01 2.069934e+01 2.077000e+01 2.025500e+01 2.084076e+01 2.070238e+01
2.077500e+01 2.025000e+01 2.084044e+01 2.069934e+01 2.078500e+01 2.025000e+01 2.084055e+01 2.070001e+01
2.078500e+01 2.025000e+01 2.084055e+01 2.070001e+01 2.079500e+01 2.025000e+01 2.084062e+01 2.070054e+01
2.079500e+01 2.025000e+01 2.084062e+01 2.070054e+01 2.080500e+01 2.025000e+01 2.084067e+01 2.070094e+01
2.080500e+01 2.025000e+01 2.084067e+01 2.070094e+01 2.081500e+01 2.025000e+01 2.084070e+01 2.070121e+01
2.081500e+01 2.025000e+01 2.084070e+01 2.070121e+01 2.082500e+01 2.025000e+01 2.084071e+01 2.070135e+01
2.082500e+01 2.025000e+01 2.084071e+01 2.070135e+01 2.083500e+01 2.025000e+01 2.084073e+01 2.070136e+01
2.083500e+01 2.025000e+01 2.084073e+01 2.070136e+01 2.084500e+01 2.025000e+01 2.084075e+01 2.070124e+01
2.084500e+01 2.025000e+01 2.084075e+01 2.070124e+01 2.085500e+01 2.025000e+01 2.084078e+01 2.070098e+01
2.085500e+01 2.025000e+01 2.084078e+01 2.070098e+01 2.086500e+01 2.025000e+01 2.084084e+01 2.070059e+01
2.086500e+01 2.025000e+01 2.084084e+01 2.070059e+01 2.087500e+01 2.025000e+01 2.084093e+01 2.070008e+01
2.087500e+01 2.025000e+01 2.084093e+01 2.070008e+01 2.088000e+01 2.025500e+01 2.084067e+01 2.070316e+01
2.071500e+01 2.026000e+01 2.084013e+01 2.069948e+01 2.071000e+01 2.026500e+01 2.084068e+01 2.070203e+01
2.071500e+01 2.026000e+01 2.084013e+01 2.069948e+01 2.072500e+01 2.026000e+01 2.084048e+01 2.070090e+01
2.072500e+01 2.026000e+01 2.084048e+01 2.070090e+01 2.073500e+01 2.026000e+01 2.084075e+01 2.070221e+01
2.073500e+01 2.026000e+01 2.084075e+01 2.070221e+01 2.074500e+01 2.026000e+01 2.084095e+01 2.070340e+01
2.074500e+01 2.026000e+01 2.084095e+01 2.070340e+01 2.075500e+01 2.026000e+01 2.084108e+01 2.070447e+01
2.075500e+01 2.026000e+01 2.084108e+01 2.070447e+01 2.076500e+01 2.026000e+01 2.084116e+01 2.070541e+01
2.077000e+01 2.025500e+01 2.084076e+01 2.070238e+01 2.076500e+01 2.026000e+01 2.084116e+01 2.070541e+01
2.088000e+01 2.025500e+01 2.084067e+01 2.070316e+01 2.088500e+01 2.026000e+01 2.084033e+01 2.070622e+01
2.088500e+01 2.026000e+01 2.084033e+01 2.070622e+01 2.089500e+01 2.026000e+01 2.084037e+01 2.070542e+01
2.089500e+01 2.026000e+01 2.084037e+01 2.070542e+01 2.090500e+01 2.026000e+01 2.084047e+01 2.070449e+01
2.090500e+01 2.026000e+01 2.084047e+01 2.070449e+01 2.091500e+01 2.026000e+01 2.084063e+01 2.070344e+01
2.091500e+01 2.026000e+01 2.084063e+01 2.070344e+01 2.092500e+01 2.026000e+01 2.084087e+01 2.070228e+01
2.092500e+01 2.026000e+01 2.084087e+01 2.070228e+01 2.093000e+01 2.026500e+01 2.084038e+01 2.070492e+01
2.068500e+01 2.027000e+01 2.084036e+01 2.070106e+01 2.068000e+01 2.027500e+01 2.084099e+01 2.070335e+01
2.068500e+01 2.027000e+01 2.084036e+01 2.070106e+01 2.069500e+01 2.027000e+01 2.084088e+01 2.070286e+01
2.069500e+01 2.027000e+01 2.084088e+01 2.070286e+01 2.070500e+01 2.027000e+01 2.084130e+01 2.070456e+01
2.071000e+01 2.026500e+01 2.084068e+01 2.070203e+01 2.070500e+01 2.027000e+01 2.084130e+01 2.070456e+01
2.093000e+01 2.026500e+01 2.084038e+01 2.070492e+01 2.093500e+01 2.027000e+01 2.083981e+01 2.070753e+01
2.093500e+01 2.027000e+01 2.083981e+01 2.070753e+01 2.094500e+01 2.027000e+01 2.084010e+01 2.070608e+01
2.094500e+01 2.027000e+01 2.084010e+01 2.070608e+01 2.095500e+01 2.027000e+01 2.084048e+01 2.070453e+01
2.095500e+01 2.027000e+01 2.084048e+01 2.070453e+01 2.096000e+01 2.027500e+01 2.083989e+01 2.070688e+01
2.065500e+01 2.028000e+01 2.084029e+01 2.070139e+01 2.065000e+01 2.028500e+01 2.084096e+01 2.070340e+01
2.065500e+01 2.028000e+01 2.084029e+01 2.070139e+01 2.066500e+01 2.028000e+01 2.084106e+01 2.070354e+01
2.066500e+01 2.028000e+01 2.084106e+01 2.070354e+01 2.067500e+01 2.028000e+01 2.084170e+01 2.070559e+01
2.068000e+01 2.027500e+01 2.084099e+01 2.070335e+01 2.067500e+01 2.028000e+01 2.084170e+01 2.070559e+01
2.096000e+01 2.027500e+01 2.083989e+01 2.070688e+01 2.096500e+01 2.028000e+01 2.083921e+01 2.070918e+01
2.096500e+01 2.028000e+01 2.083921e+01 2.070918e+01 2.097500e+01 2.028000e+01 2.083970e+01 2.070736e+01
2.097500e+01 2.028000e+01 2.083970e+01 2.070736e+01 2.098500e+01 2.028000e+01 2.084030e+01 2.070544e+01
2.098500e+01 2.028000e+01 2.084030e+01 2.070544e+01 2.099000e+01 2.028500e+01 2.083966e+01 2.070750e+01
2.063500e+01 2.029000e+01 2.084076e+01 2.070298e+01 2.063000e+01 2.029500e+01 2.084145e+01 2.070478e+01
2.063500e+01 2.029000e+01 2.084076e+01 2.070298e+01 2.064500e+01 2.029000e+01 2.084170e+01 2.070535e+01
2.065000e+01 2.028500e+01 2.084096e+01 2.070340e+01 2.064500e+01 2.029000e+01 2.084170e+01 2.070535e+01
2.099000e+01 2.028500e+01 2.083966e+01 2.070750e+01 2.099500e+01 2.029000e+01 2.083894e+01 2.070949e+01
2.099500e+01 2.029000e+01 2.083894e+01 2.070949e+01 2.100500e+01 2.029000e+01 2.083971e+01 2.070733e+01
2.100500e+01 2.029000e+01 2.083971e+01 2.070733e+01 2.101000e+01 2.029500e+01 2.083904e+01 2.070917e+01
2.061500e+01 2.030000e+01 2.084106e+01 2.070393e+01 2.061000e+01 2.030500e+01 2.084174e+01 2.070554e+01
2.061500e+01 2.030000e+01 2.084106e+01 2.070393e+01 2.062500e+01 2.030000e+01 2.084221e+01 2.070652e+01
2.063000e+01 2.029500e+01 2.084145e+01 2.070478e+01 2.062500e+01 2.030000e+01 2.084221e+01 2.070652e+01
2.101000e+01 2.029500e+01 2.083904e+01 2.070917e+01 2.101500e+01 2.030000e+01 2.083830e+01 2.071093e+01
2.101500e+01 2.030000e+01 2.083830e+01 2.071093e+01 2.102500e+01 2.030000e+01 2.083927e+01 2.070855e+01
2.102500e+01 2.030000e+01 2.083927e+01 2.070855e+01 2.103000e+01 2.030500e+01 2.083860e+01 2.071017e+01
2.059500e+01 2.031000e+01 2.084111e+01 2.070429e+01 2.059000e+01 2.031500e+01 2.084176e+01 2.070569e+01
2.059500e+01 2.031000e+01 2.084111e+01 2.070429e+01 2.060500e+01 2.031000e+01 2.084249e+01 2.070707e+01
2.061000e+01 2.030500e+01 2.084174e+01 2.070554e+01 2.060500e+01 2.031000e+01 2.084249e+01 2.070707e+01
2.103000e+01 2.030500e+01 2.083860e+01 2.071017e+01 2.103500e+01 2.031000e+01 2.083787e+01 2.071171e+01
2.103500e+01 2.031000e+01 2.083787e+01 2.071171e+01 2.104500e+01 2.031000e+01 2.083907e+01 2.070914e+01
2.104500e+01 2.031000e+01 2.083907e+01 2.070914e+01 2.105000e+01 2.031500e+01 2.083843e+01 2.071054e+01
2.058500e+01 2.032000e+01 2.084247e+01 2.070702e+01 2.058000e+01 2.032500e+01 2.084312e+01 2.070829e+01
2.059000e+01 2.031500e+01 2.084176e+01 2.070569e+01 2.058500e+01 2.032000e+01 2.084247e+01 2.070702e+01
2.105000e+01 2.031500e+01 2.083843e+01 2.071054e+01 2.105500e+01 2.032000e+01 2.083773e+01 2.071186e+01
2.105500e+01 2.032000e+01 2.083773e+01 2.071186e+01 2.106000e+01 2.032500e+01 2.083709e+01 2.071312e+01
2.056500e+01 2.033000e+01 2.084207e+01 2.070643e+01 2.056000e+01 2.033500e+01 2.084265e+01 2.070751e+01
2.056500e+01 2.033000e+01 2.084207e+01 2.070643e+01 2.057500e+01 2.033000e+01 2.084384e+01 2.070949e+01
2.058000e+01 2.032500e+01 2.084312e+01 2.070829e+01 2.057500e+01 2.033000e+01 2.084384e+01 2.070949e+01
2.106000e+01 2.032500e+01 2.083709e+01 2.071312e+01 2.106500e+01 2.033000e+01 2.083639e+01 2.071430e+01
2.106500e+01 2.033000e+01 2.083639e+01 2.071430e+01 2.107500e+01 2.033000e+01 2.083799e+01 2.071144e+01
2.107500e+01 2.033000e+01 2.083799e+01 2.071144e+01 2.108000e+01 2.033500e+01 2.083742e+01 2.071250e+01
2.055500e+01 2.034000e+01 2.084328e+01 2.070851e+01 2.055000e+01 2.034500e+01 2.084384e+01 2.070946e+01
2.056000e+01 2.033500e+01 2.084265e+01 2.070751e+01 2.055500e+01 2.034000e+01 2.084328e+01 2.070851e+01
2.108000e+01 2.033500e+01 2.083742e+01 2.071250e+01 2.108500e+01 2.034000e+01 2.083681e+01 2.071347e+01
2.108500e+01 2.034000e+01 2.083681e+01 2.071347e+01 2.109000e+01 2.034500e+01 2.083627e+01 2.071439e+01
2.054500e+01 2.035000e+01 2.084444e+01 2.071033e+01 2.054000e+01 2.035500e+01 2.084497e+01 2.071115e+01
2.055000e+01 2.034500e+01 2.084384e+01 2.070946e+01 2.054500e+01 2.035000e+01 2.084444e+01 2.071033e+01
2.109000e+01 2.034500e+01 2.083627e+01 2.071439e+01 2.109500e+01 2.035000e+01 2.083569e+01 2.071522e+01
2.109500e+01 2.035000e+01 2.083569e+01 2.071522e+01 2.110000e+01 2.035500e+01 2.083518e+01 2.071601e+01
2.053500e+01 2.036000e+01 2.084553e+01 2.071189e+01 2.053000e+01 2.036500e+01 2.084601e+01 2.071258e+01
2.054000e+01 2.035500e+01 2.084497e+01 2.071115e+01 2.053500e+01 2.036000e+01 2.084553e+01 2.071189e+01
2.110000e+01 2.035500e+01 2.083518e+01 2.071601e+01 2.110500e+01 2.036000e+01 2.083464e+01 2.071669e+01
2.110500e+01 2.036000e+01 2.083464e+01 2.071669e+01 2.111000e+01 2.036500e+01 2.083419e+01 2.071735e+01
2.051500e+01 2.037000e+01 2.084399e+01 2.070978e+01 2.051000e+01 2.037500e+01 2.084433e+01 2.071033e+01
2.051500e+01 2.037000e+01 2.084399e+01 2.070978e+01 2.052500e+01 2.037000e+01 2.084653e+01 2.071319e+01
2.053000e+01 2.036500e+01 2.084601e+01 2.071258e+01 2.052500e+01 2.037000e+01 2.084653e+01 2.071319e+01
2.111000e+01 2.036500e+01 2.083419e+01 2.071735e+01 2.111500e+01 2.037000e+01 2.083370e+01 2.071790e+01
2.111500e+01 2.037000e+01 2.083370e+01 2.071790e+01 2.112500e+01 2.037000e+01 2.083611e+01 2.071470e+01
2.112500e+01 2.037000e+01 2.083611e+01 2.071470e+01 2.113000e+01 2.037500e+01 2.083581e+01 2.071520e+01
2.050500e+01 2.038000e+01 2.084470e+01 2.071078e+01 2.050000e+01 2.038500e+01 2.084497e+01 2.071121e+01
2.051000e+01 2.037500e+01 2.084433e+01 2.071033e+01 2.050500e+01 2.038000e+01 2.084470e+01 2.071078e+01
2.113000e+01 2.037500e+01 2.083581e+01 2.071520e+01 2.113500e+01 2.038000e+01 2.083548e+01 2.071560e+01
2.113500e+01 2.038000e+01 2.083548e+01 2.071560e+01 2.114000e+01 2.038500e+01 2.083525e+01 2.071598e+01
2.049500e+01 2.039000e+01 2.084527e+01 2.071155e+01 2.049000e+01 2.039500e+01 2.084547e+01 2.071187e+01
2.050000e+01 2.038500e+01 2.084497e+01 2.071121e+01 2.049500e+01 2.039000e+01 2.084527e+01 2.071155e+01
2.114000e+01 2.038500e+01 2.083525e+01 2.071598e+01 2.114000e+01 2.039500e+01 2.083197e+01 2.071983e+01
2.048500e+01 2.040000e+01 2.084568e+01 2.071210e+01 2.048000e+01 2.040500e+01 2.084580e+01 2.071233e+01
2.049000e+01 2.039500e+01 2.084547e+01 2.071187e+01 2.048500e+01 2.040000e+01 2.084568e+01 2.071210e+01
2.114000e+01 2.039500e+01 2.083197e+01 2.071983e+01 2.114500e+01 2.040000e+01 2.083171e+01 2.072001e+01
2.114500e+01 2.040000e+01 2.083171e+01 2.072001e+01 2.115000e+01 2.040500e+01 2.083156e+01 2.072019e+01
2.048000e+01 2.040500e+01 2.084580e+01 2.071233e+01 2.048000e+01 2.041500e+01 2.084934e+01 2.071613e+01
2.115000e+01 2.040500e+01 2.083156e+01 2.072019e+01 2.115500e+01 2.041000e+01 2.083140e+01 2.072027e+01
2.115500e+01 2.041000e+01 2.083140e+01 2.072027e+01 2.116000e+01 2.041500e+01 2.083135e+01 2.072034e+01
2.047500e+01 2.042000e+01 2.084947e+01 2.071616e+01 2.047000e+01 2.042500e+01 2.084949e+01 2.071620e+01
2.048000e+01 2.041500e+01 2.084934e+01 2.071613e+01 2.047500e+01 2.042000e+01 2.084947e+01 2.071616e+01
2.116000e+01 2.041500e+01 2.083135e+01 2.072034e+01 2.116500e+01 2.042000e+01 2.083131e+01 2.072032e+01
2.116500e+01 2.042000e+01 2.083131e+01 2.072032e+01 2.117000e+01 2.042500e+01 2.083137e+01 2.072030e+01
2.046500e+01 2.043000e+01 2.084951e+01 2.071614e+01 2.046000e+01 2.043500e+01 2.084943e+01 2.071609e+01
2.047000e+01 2.042500e+01 2.084949e+01 2.071620e+01 2.046500e+01 2.043000e+01 2.084951e+01 2.071614e+01
2.117000e+01 2.042500e+01 2.083137e+01 2.072030e+01 2.117500e+01 2.043000e+01 2.083144e+01 2.072019e+01
2.117500e+01 2.043000e+01 2.083144e+01 2.072019e+01 2.118000e+01 2.043500e+01 2.083162e+01 2.072009e+01
2.045500e+01 2.044000e+01 2.084933e+01 2.071594e+01 2.045000e+01 2.044500e+01 2.084913e+01 2.071582e+01
2.046000e+01 2.043500e+01 2.084943e+01 2.071609e+01 2.045500e+01 2.044000e+01 2.084933e+01 2.071594e+01
2.118000e+01 2.043500e+01 2.083162e+01 2.072009e+01 2.118000e+01 2.044500e+01 2.082831e+01 2.072302e+01
2.044500e+01 2.045000e+01 2.084892e+01 2.071560e+01 2.044000e+01 2.045500e+01 2.084860e+01 2.071541e+01
2.045000e+01 2.044500e+01 2.084913e+01 2.071582e+01 2.044500e+01 2.045000e+01 2.084892e+01 2.071560e+01
2.118000e+01 2.044500e+01 2.082831e+01 2.072302e+01 2.118500e+01 2.045000e+01 2.082853e+01 2.072274e+01
2.118500e+01 2.045000e+01 2.082853e+01 2.072274e+01 2.119000e+01 2.045500e+01 2.082886e+01 2.072248e+01
2.044000e+01 2.045500e+01 2.084860e+01 2.071541e+01 2.044000e+01 2.046500e+01 2.085209e+01 2.071833e+01
2.119000e+01 2.045500e+01 2.082886e+01 2.072248e+01 2.119500e+01 2.046000e+01 2.082922e+01 2.072214e+01
2.119500e+01 2.046000e+01 2.082922e+01 2.072214e+01 2.120000e+01 2.046500e+01 2.082969e+01 2.072183e+01
2.043500e+01 2.047000e+01 2.085172e+01 2.071796e+01 2.043000e+01 2.047500e+01 2.085124e+01 2.071763e+01
2.044000e+01 2.046500e+01 2.085209e+01 2.071833e+01 2.043500e+01 2.047000e+01 2.085172e+01 2.071796e+01
2.120000e+01 2.046500e+01 2.082969e+01 2.072183e+01 2.120000e+01 2.047500e+01 2.082649e+01 2.072424e+01
2.042500e+01 2.048000e+01 2.085074e+01 2.071722e+01 2.042000e+01 2.048500e+01 2.085013e+01 2.071684e+01
2.043000e+01 2.047500e+01 2.085124e+01 2.071763e+01 2.042500e+01 2.048000e+01 2.085074e+01 2.071722e+01
2.120000e+01 2.047500e+01 2.082649e+01 2.072424e+01 2.120500e+01 2.048000e+01 2.082704e+01 2.072376e+01
2.120500e+01 2.048000e+01 2.082704e+01 2.072376e+01 2.121000e+01 2.048500e+01 2.082769e+01 2.072333e+01
2.042000e+01 2.048500e+01 2.085013e+01 2.071684e+01 2.042000e+01 2.049500e+01 2.085348e+01 2.071928e+01
2.121000e+01 2.048500e+01 2.082769e+01 2.072333e+01 2.121500e+01 2.049000e+01 2.082839e+01 2.072282e+01
2.121500e+01 2.049000e+01 2.082839e+01 2.072282e+01 2.122000e+01 2.049500e+01 2.082919e+01 2.072236e+01
2.041500e+01 2.050000e+01 2.085279e+01 2.071875e+01 2.041000e+01 2.050500e+01 2.085200e+01 2.071827e+01
2.042000e+01 2.049500e+01 2.085348e+01 2.071928e+01 2.041500e+01 2.050000e+01 2.085279e+01 2.071875e+01
2.122000e+01 2.049500e+01 2.082919e+01 2.072236e+01 2.122000e+01 2.050500e+01 2.082619e+01 2.072430e+01
2.041000e+01 2.050500e+01 2.085200e+01 2.071827e+01 2.041000e+01 2.051500e+01 2.085524e+01 2.072041e+01
2.122000e+01 2.050500e+01 2.082619e+01 2.072430e+01 2.122500e+01 2.051000e+01 2.082711e+01 2.072371e+01
2.122500e+01 2.051000e+01 2.082711e+01 2.072371e+01 2.123000e+01 2.051500e+01 2.082812e+01 2.072317e+01
2.040500e+01 2.052000e+01 2.085435e+01 2.071979e+01 2.040000e+01 2.052500e+01 2.085336e+01 2.071922e+01
2.041000e+01 2.051500e+01 2.085524e+01 2.072041e+01 2.040500e+01 2.052000e+01 2.085435e+01 2.071979e+01
2.123000e+01 2.051500e+01 2.082812e+01 2.072317e+01 2.123000e+01 2.052500e+01 2.082527e+01 2.072483e+01
2.040000e+01 2.052500e+01 2.085336e+01 2.071922e+01 2.040000e+01 2.053500e+01 2.085647e+01 2.072107e+01
2.123000e+01 2.052500e+01 2.082527e+01 2.072483e+01 2.123000e+01 2.053500e+01 2.082245e+01 2.072634e+01
2.039500e+01 2.054000e+01 2.085536e+01 2.072039e+01 2.039000e+01 2.054500e+01 2.085416e+01 2.071977e+01
2.040000e+01 2.053500e+01 2.085647e+01 2.072107e+01 2.039500e+01 2.054000e+01 2.085536e+01 2.072039e+01
2.123000e+01 2.053500e+01 2.082245e+01 2.072634e+01 2.123500e+01 2.054000e+01 2.082367e+01 2.072563e+01
2.123500e+01 2.054000e+01 2.082367e+01 2.072563e+01 2.124000e+01 2.054500e+01 2.082498e+01 2.072499e+01
2.039000e+01 2.054500e+01 2.085416e+01 2.071977e+01 2.039000e+01 2.055500e+01 2.085709e+01 2.072136e+01
2.124000e+01 2.054500e+01 2.082498e+01 2.072499e+01 2.124000e+01 2.055500e+01 2.082236e+01 2.072624e+01
2.038500e+01 2.056000e+01 2.085576e+01 2.072064e+01 2.038000e+01 2.056500e+01 2.085434e+01 2.071999e+01
2.039000e+01 2.055500e+01 2.085709e+01 2.072136e+01 2.038500e+01 2.056000e+01 2.085576e+01 2.072064e+01
2.124000e+01 2.055500e+01 2.082236e+01 2.072624e+01 2.124500e+01 2.056000e+01 2.082383e+01 2.072552e+01
2.124500e+01 2.056000e+01 2.082383e+01 2.072552e+01 2.125000e+01 2.056500e+01 2.082538e+01 2.072487e+01
2.038000e+01 2.056500e+01 2.085434e+01 2.071999e+01 2.038000e+01 2.057500e+01 2.085707e+01 2.072134e+01
2.125000e+01 2.056500e+01 2.082538e+01 2.072487e+01 2.125000e+01 2.057500e+01 2.082299e+01 2.072591e+01
2.038000e+01 2.057500e+01 2.085707e+01 2.072134e+01 2.038000e+01 2.058500e+01 2.085973e+01 2.072254e+01
2.125000e+01 2.057500e+01 2.082299e+01 2.072591e+01 2.125000e+01 2.058500e+01 2.082068e+01 2.072681e+01
2.037500e+01 2.059000e+01 2.085808e+01 2.072178e+01 2.037000e+01 2.059500e+01 2.085637e+01 2.072110e+01
2.038000e+01 2.058500e+01 2.085973e+01 2.072254e+01 2.037500e+01 2.059000e+01 2.085808e+01 2.072178e+01
2.125000e+01 2.058500e+01 2.082068e+01 2.072681e+01 2.125500e+01 2.059000e+01 2.082248e+01 2.072607e+01
2.125500e+01 2.059000e+01 2.082248e+01 2.072607e+01 2.126000e+01 2.059500e+01 2.082436e+01 2.072543e+01
2.037000e+01 2.059500e+01 2.085637e+01 2.072110e+01 2.037000e+01 2.060500e+01 2.085879e+01 2.072211e+01
2.126000e+01 2.059500e+01 2.082436e+01 2.072543e+01 2.126000e+01 2.060500e+01 2.082231e+01 2.072616e+01
2.037000e+01 2.060500e+01 2.085879e+01 2.072211e+01 2.037000e+01 2.061500e+01 2.086112e+01 2.072299e+01
2.126000e+01 2.060500e+01 2.082231e+01 2.072616e+01 2.126000e+01 2.061500e+01 2.082036e+01 2.072677e+01
2.036500e+01 2.062000e+01 2.085916e+01 2.072225e+01 2.036000e+01 2.062500e+01 2.085713e+01 2.072159e+01
2.037000e+01 2.061500e+01 2.086112e+01 2.072299e+01 2.036500e+01 2.062000e+01 2.085916e+01 2.072225e+01
2.126000e+01 2.061500e+01 2.082036e+01 2.072677e+01 2.126000e+01 2.062500e+01 2.081851e+01 2.072727e+01
2.036000e+01 2.062500e+01 2.085713e+01 2.072159e+01 2.036000e+01 2.063500e+01 2.085920e+01 2.072232e+01
2.126000e+01 2.062500e+01 2.081851e+01 2.072727e+01 2.126500e+01 2.063000e+01 2.082076e+01 2.072659e+01
2.126500e+01 2.063000e+01 2.082076e+01 2.072659e+01 2.127000e+01 2.063500e+01 2.082306e+01 2.072601e+01
2.036000e+01 2.063500e+01 2.085920e+01 2.072232e+01 2.036000e+01 2.064500e+01 2.086115e+01 2.072294e+01
2.127000e+01 2.063500e+01 2.082306e+01 2.072601e+01 2.127000e+01 2.064500e+01 2.082152e+01 2.072642e+01
2.036000e+01 2.064500e+01 2.086115e+01 2.072294e+01 2.036000e+01 2.065500e+01 2.086300e+01 2.072345e+01
2.127000e+01 2.064500e+01 2.082152e+01 2.072642e+01 2.127000e+01 2.065500e+01 2.082009e+01 2.072673e+01
2.036000e+01 2.065500e+01 2.086300e+01 2.072345e+01 2.036000e+01 2.066500e+01 2.086472e+01 2.072386e+01
2.127000e+01 2.065500e+01 2.082009e+01 2.072673e+01 2.127000e+01 2.066500e+01 2.081879e+01 2.072696e+01
2.035500e+01 2.067000e+01 2.086226e+01 2.072321e+01 2.035000e+01 2.067500e+01 2.085976e+01 2.072266e+01
2.036000e+01 2.066500e+01 2.086472e+01 2.072386e+01 2.035500e+01 2.067000e+01 2.086226e+01 2.072321e+01
2.127000e+01 2.066500e+01 2.081879e+01 2.072696e+01 2.127000e+01 2.067500e+01 2.081762e+01 2.072711e+01
2.035000e+01 2.067500e+01 2.085976e+01 2.072266e+01 2.035000e+01 2.068500e+01 2.086118e+01 2.072301e+01
2.127000e+01 2.067500e+01 2.081762e+01 2.072711e+01 2.127500e+01 2.068000e+01 2.082040e+01 2.072663e+01
2.127500e+01 2.068000e+01 2.082040e+01 2.072663e+01 2.128000e+01 2.068500e+01 2.082321e+01 2.072625e+01
2.035000e+01 2.068500e+01 2.086118e+01 2.072301e+01 2.035000e+01 2.069500e+01 2.086247e+01 2.072329e+01
2.128000e+01 2.068500e+01 2.082321e+01 2.072625e+01 2.128000e+01 2.069500e+01 2.082236e+01 2.072641e+01
2.035000e+01 2.069500e+01 2.086247e+01 2.072329e+01 2.035000e+01 2.070500e+01 2.086364e+01 2.072349e+01
2.128000e+01 2.069500e+01 2.082236e+01 2.072641e+01 2.128000e+01 2.070500e+01 2.082165e+01 2.072652e+01
2.035000e+01 2.070500e+01 2.086364e+01 2.072349e+01 2.035000e+01 2.071500e+01 2.086466e+01 2.072363e+01
2.128000e+01 2.070500e+01 2.082165e+01 2.072652e+01 2.128000e+01 2.071500e+01 2.082108e+01 2.072659e+01
2.035000e+01 2.071500e+01 2.086466e+01 2.072363e+01 2.035000e+01 2.072500e+01 2.086554e+01 2.072372e+01
2.128000e+01 2.071500e+01 2.082108e+01 2.072659e+01 2.128000e+01 2.072500e+01 2.082065e+01 2.072662e+01
2.035000e+01 2.072500e+01 2.086554e+01 2.072372e+01 2.035000e+01 2.073500e+01 2.086628e+01 2.072376e+01
2.128000e+01 2.072500e+01 2.082065e+01 2.072662e+01 2.128000e+01 2.073500e+01 2.082037e+01 2.072663e+01
2.035000e+01 2.073500e+01 2.086628e+01 2.072376e+01 2.035000e+01 2.074500e+01 2.086687e+01 2.072376e+01
2.128000e+01 2.073500e+01 2.082037e+01 2.072663e+01 2.128000e+01 2.074500e+01 2.082024e+01 2.072663e+01
2.035000e+01 2.074500e+01 2.086687e+01 2.072376e+01 2.035000e+01 2.075500e+01 2.086731e+01 2.072374e+01
2.128000e+01 2.074500e+01 2.082024e+01 2.072663e+01 2.128000e+01 2.075500e+01 2.082025e+01 2.072662e+01
2.035000e+01 2.075500e+01 2.086731e+01 2.072374e+01 2.035000e+01 2.076500e+01 2.086761e+01 2.072369e+01
2.128000e+01 2.075500e+01 2.082025e+01 2.072662e+01 2.128000e+01 2.076500e+01 2.082041e+01 2.072662e+01
2.035000e+01 2.076500e+01 2.086761e+01 2.072369e+01 2.035000e+01 2.077500e+01 2.086775e+01 2.072363e+01
2.128000e+01 2.076500e+01 2.082041e+01 2.072662e+01 2.128000e+01 2.077500e+01 2.082073e+01 2.072662e+01
2.035000e+01 2.077500e+01 2.086775e+01 2.072363e+01 2.035000e+01 2.078500e+01 2.086774e+01 2.072357e+01
2.128000e+01 2.077500e+01 2.082073e+01 2.072662e+01 2.128000e+01 2.078500e+01 2.082119e+01 2.072665e+01
2.035000e+01 2.078500e+01 2.086774e+01 2.072357e+01 2.035000e+01 2.079500e+01 2.086759e+01 2.072352e+01
2.128000e+01 2.078500e+01 2.082119e+01 2.072665e+01 2.128000e+01 2.079500e+01 2.082179e+01 2.072670e+01
2.035000e+01 2.079500e+01 2.086759e+01 2.072352e+01 2.035000e+01 2.080500e+01 2.086728e+01 2.072348e+01
2.128000e+01 2.079500e+01 2.082179e+01 2.072670e+01 2.128000e+01 2.080500e+01 2.082254e+01 2.072680e+01
2.035000e+01 2.080500e+01 2.086728e+01 2.072348e+01 2.035000e+01 2.081500e+01 2.086683e+01 2.072347e+01
2.128000e+01 2.080500e+01 2.082254e+01 2.072680e+01 2.128000e+01 2.081500e+01 2.082343e+01 2.072694e+01
2.035000e+01 2.081500e+01 2.086683e+01 2.072347e+01 2.035000e+01 2.082500e+01 2.086623e+01 2.072350e+01
2.128000e+01 2.081500e+01 2.082343e+01 2.072694e+01 2.128000e+01 2.082500e+01 2.082446e+01 2.072714e+01
2.035000e+01 2.082500e+01 2.086623e+01 2.072350e+01 2.035000e+01 2.083500e+01 2.086548e+01 2.072356e+01
2.128000e+01 2.082500e+01 2.082446e+01 2.072714e+01 2.128000e+01 2.083500e+01 2.082562e+01 2.072740e+01
2.035000e+01 2.083500e+01 2.086548e+01 2.072356e+01 2.035000e+01 2.084500e+01 2.086460e+01 2.072368e+01
2.127500e+01 2.084000e+01 2.082295e+01 2.072691e+01 2.127000e+01 2.084500e+01 2.082030e+01 2.072634e+01
2.128000e+01 2.083500e+01 2.082562e+01 2.072740e+01 2.127500e+01 2.084000e+01 2.082295e+01 2.072691e+01
2.035000e+01 2.084500e+01 2.086460e+01 2.072368e+01 2.035000e+01 2.085500e+01 2.086358e+01 2.072386e+01
2.127000e+01 2.084500e+01 2.082030e+01 2.072634e+01 2.127000e+01 2.085500e+01 2.082177e+01 2.072662e+01
2.035000e+01 2.085500e+01 2.086358e+01 2.072386e+01 2.035000e+01 2.086500e+01 2.086244e+01 2.072411e+01
2.127000e+01 2.085500e+01 2.082177e+01 2.072662e+01 2.127000e+01 2.086500e+01 2.082337e+01 2.072699e+01
2.035000e+01 2.086500e+01 2.086244e+01 2.072411e+01 2.035500e+01 2.087000e+01 2.086504e+01 2.072363e+01
2.035500e+01 2.087000e+01 2.086504e+01 2.072363e+01 2.036000e+01 2.087500e+01 2.086759e+01 2.072306e+01
2.127000e+01 2.086500e+01 2.082337e+01 2.072699e+01 2.127000e+01 2.087500e+01 2.082509e+01 2.072745e+01
2.036000e+01 2.087500e+01 2.086759e+01 2.072306e+01 2.036000e+01 2.088500e+01 2.086613e+01 2.072334e+01
2.127000e+01 2.087500e+01 2.082509e+01 2.072745e+01 2.127000e+01 2.088500e+01 2.082693e+01 2.072801e+01
2.036000e+01 2.088500e+01 2.086613e+01 2.072334e+01 2.036000e+01 2.089500e+01 2.086454e+01 2.072372e+01
2.126500e+01 2.089000e+01 2.082473e+01 2.072738e+01 2.126000e+01 2.089500e+01 2.082258e+01 2.072665e+01
2.127000e+01 2.088500e+01 2.082693e+01 2.072801e+01 2.126500e+01 2.089000e+01 2.082473e+01 2.072738e+01
2.036000e+01 2.089500e+01 2.086454e+01 2.072372e+01 2.036000e+01 2.090500e+01 2.086285e+01 2.072419e+01
2.126000e+01 2.089500e+01 2.082258e+01 2.072665e+01 2.126000e+01 2.090500e+01 2.082470e+01 2.072733e+01
2.036000e+01 2.090500e+01 2.086285e+01 2.072419e+01 2.036000e+01 2.091500e+01 2.086104e+01 2.072477e+01
2.126000e+01 2.090500e+01 2.082470e+01 2.072733e+01 2.126000e+01 2.091500e+01 2.082692e+01 2.072813e+01
2.036000e+01 2.091500e+01 2.086104e+01 2.072477e+01 2.036500e+01 2.092000e+01 2.086313e+01 2.072416e+01
2.036500e+01 2.092000e+01 2.086313e+01 2.072416e+01 2.037000e+01 2.092500e+01 2.086515e+01 2.072346e+01
2.126000e+01 2.091500e+01 2.082692e+01 2.072813e+01 2.126000e+01 2.092500e+01 2.082924e+01 2.072905e+01
2.037000e+01 2.092500e+01 2.086515e+01 2.072346e+01 2.037000e+01 2.093500e+01 2.086306e+01 2.072418e+01
2.125500e+01 2.093000e+01 2.082743e+01 2.072838e+01 2.125000e+01 2.093500e+01 2.082569e+01 2.072762e+01
2.126000e+01 2.092500e+01 2.082924e+01 2.072905e+01 2.125500e+01 2.093000e+01 2.082743e+01 2.072838e+01
2.037000e+01 2.093500e+01 2.086306e+01 2.072418e+01 2.037000e+01 2.094500e+01 2.086088e+01 2.072501e+01
2.125000e+01 2.093500e+01 2.082569e+01 2.072762e+01 2.125000e+01 2.094500e+01 2.082826e+01 2.072873e+01
2.037000e+01 2.094500e+01 2.086088e+01 2.072501e+01 2.037500e+01 2.095000e+01 2.086264e+01 2.072437e+01
2.037500e+01 2.095000e+01 2.086264e+01 2.072437e+01 2.038000e+01 2.095500e+01 2.086432e+01 2.072363e+01
2.125000e+01 2.094500e+01 2.082826e+01 2.072873e+01 2.125000e+01 2.095500e+01 2.083090e+01 2.072997e+01
2.038000e+01 2.095500e+01 2.086432e+01 2.072363e+01 2.038000e+01 2.096500e+01 2.086188e+01 2.072466e+01
2.124500e+01 2.096000e+01 2.082940e+01 2.072931e+01 2.124000e+01 2.096500e+01 2.082797e+01 2.072858e+01
2.125000e+01 2.095500e+01 2.083090e+01 2.072997e+01 2.124500e+01 2.096000e+01 2.082940e+01 2.072931e+01
2.038000e+01 2.096500e+01 2.086188e+01 2.072466e+01 2.038000e+01 2.097500e+01 2.085938e+01 2.072583e+01
2.124000e+01 2.096500e+01 2.082797e+01 2.072858e+01 2.124000e+01 2.097500e+01 2.083082e+01 2.073005e+01
2.038000e+01 2.097500e+01 2.085938e+01 2.072583e+01 2.038500e+01 2.098000e+01 2.086082e+01 2.072520e+01
2.038500e+01 2.098000e+01 2.086082e+01 2.072520e+01 2.039000e+01 2.098500e+01 2.086216e+01 2.072450e+01
2.123500e+01 2.098000e+01 2.082954e+01 2.072941e+01 2.123000e+01 2.098500e+01 2.082834e+01 2.072870e+01
2.124000e+01 2.097500e+01 2.083082e+01 2.073005e+01 2.123500e+01 2.098000e+01 2.082954e+01 2.072941e+01
2.039000e+01 2.098500e+01 2.086216e+01 2.072450e+01 2.039000e+01 2.099500e+01 2.085945e+01 2.072590e+01
2.123000e+01 2.098500e+01 2.082834e+01 2.072870e+01 2.123000e+01 2.099500e+01 2.083138e+01 2.073043e+01
2.039000e+01 2.099500e+01 2.085945e+01 2.072590e+01 2.039500e+01 2.100000e+01 2.086065e+01 2.072530e+01
2.039500e+01 2.100000e+01 2.086065e+01 2.072530e+01 2.040000e+01 2.100500e+01 2.086176e+01 2.072462e+01
2.122500e+01 2.100000e+01 2.083031e+01 2.072983e+01 2.122000e+01 2.100500e+01 2.082933e+01 2.072918e+01
2.123000e+01 2.099500e+01 2.083138e+01 2.073043e+01 2.122500e+01 2.100000e+01 2.083031e+01 2.072983e+01
2.040000e+01 2.100500e+01 2.086176e+01 2.072462e+01 2.040000e+01 2.101500e+01 2.085886e+01 2.072629e+01
2.122000e+01 2.100500e+01 2.082933e+01 2.072918e+01 2.122000e+01 2.101500e+01 2.083253e+01 2.073118e+01
2.040000e+01 2.101500e+01 2.085886e+01 2.072629e+01 2.040500e+01 2.102000e+01 2.085984e+01 2.072574e+01
2.040500e+01 2.102000e+01 2.085984e+01 2.072574e+01 2.041000e+01 2.102500e+01 2.086071e+01 2.072513e+01
2.121500e+01 2.102000e+01 2.083166e+01 2.073066e+01 2.121000e+01 2.102500e+01 2.083089e+01 2.073008e+01
2.122000e+01 2.101500e+01 2.083253e+01 2.073118e+01 2.121500e+01 2.102000e+01 2.083166e+01 2.073066e+01
2.041000e+01 2.102500e+01 2.086071e+01 2.072513e+01 2.041000e+01 2.103500e+01 2.085767e+01 2.072709e+01
2.121000e+01 2.102500e+01 2.083089e+01 2.073008e+01 2.121000e+01 2.103500e+01 2.083421e+01 2.073239e+01
2.041000e+01 2.103500e+01 2.085767e+01 2.072709e+01 2.041500e+01 2.104000e+01 2.085844e+01 2.072663e+01
2.041500e+01 2.104000e+01 2.085844e+01 2.072663e+01 2.042000e+01 2.104500e+01 2.085910e+01 2.072611e+01
2.120500e+01 2.104000e+01 2.083353e+01 2.073196e+01 2.120000e+01 2.104500e+01 2.083296e+01 2.073149e+01
2.121000e+01 2.103500e+01 2.083421e+01 2.073239e+01 2.120500e+01 2.104000e+01 2.083353e+01 2.073196e+01
2.042000e+01 2.104500e+01 2.085910e+01 2.072611e+01 2.042000e+01 2.105500e+01 2.085595e+01 2.072838e+01
2.120000e+01 2.104500e+01 2.083296e+01 2.073149e+01 2.120000e+01 2.105500e+01 2.083636e+01 2.073410e+01
2.042000e+01 2.105500e+01 2.085595e+01 2.072838e+01 2.042500e+01 2.106000e+01 2.085652e+01 2.072802e+01
2.042500e+01 2.106000e+01 2.085652e+01 2.072802e+01 2.043000e+01 2.106500e+01 2.085698e+01 2.072762e+01
2.119500e+01 2.106000e+01 2.083586e+01 2.073379e+01 2.119000e+01 2.106500e+01 2.083546e+01 2.073345e+01
2.120000e+01 2.105500e+01 2.083636e+01 2.073410e+01 2.119500e+01 2.106000e+01 2.083586e+01 2.073379e+01
2.043000e+01 2.106500e+01 2.085698e+01 2.072762e+01 2.043500e+01 2.107000e+01 2.085741e+01 2.072731e+01
2.043500e+01 2.107000e+01 2.085741e+01 2.072731e+01 2.044000e+01 2.107500e+01 2.085773e+01 2.072697e+01
2.118500e+01 2.107000e+01 2.083509e+01 2.073319e+01 2.118000e+01 2.107500e+01 2.083482e+01 2.073290e+01
2.119000e+01 2.106500e+01 2.083546e+01 2.073345e+01 2.118500e+01 2.107000e+01 2.083509e+01 2.073319e+01
2.044000e+01 2.107500e+01 2.085773e+01 2.072697e+01 2.044000e+01 2.108500e+01 2.085445e+01 2.072974e+01
2.117500e+01 2.108000e+01 2.083457e+01 2.073270e+01 2.117000e+01 2.108500e+01 2.083443e+01 2.073249e+01
2.118000e+01 2.107500e+01 2.083482e+01 2.073290e+01 2.117500e+01 2.108000e+01 2.083457e+01 2.073270e+01
2.044000e+01 2.108500e+01 2.085445e+01 2.072974e+01 2.044500e+01 2.109000e+01 2.085471e+01 2.072958e+01
2.044500e+01 2.109000e+01 2.085471e+01 2.072958e+01 2.045000e+01 2.109500e+01 2.085487e+01 2.072939e+01
2.117000e+01 2.108500e+01 2.083443e+01 2.073249e+01 2.117000e+01 2.109500e+01 2.083797e+01 2.073578e+01
2.045000e+01 2.109500e+01 2.085487e+01 2.072939e+01 2.045500e+01 2.110000e+01 2.085501e+01 2.072930e+01
2.045500e+01 2.110000e+01 2.085501e+01 2.072930e+01 2.046000e+01 2.110500e+01 2.085504e+01 2.072920e+01
2.116500e+01 2.110000e+01 2.083785e+01 2.073574e+01 2.116000e+01 2.110500e+01 2.083783e+01 2.073570e+01
2.117000e+01 2.109500e+01 2.083797e+01 2.073578e+01 2.116500e+01 2.110000e+01 2.083785e+01 2.073574e+01
2.046000e+01 2.110500e+01 2.085504e+01 2.072920e+01 2.046500e+01 2.111000e+01 2.085507e+01 2.072919e+01
2.046500e+01 2.111000e+01 2.085507e+01 2.072919e+01 2.047000e+01 2.111500e+01 2.085498e+01 2.072918e+01
2.115500e+01 2.111000e+01 2.083782e+01 2.073574e+01 2.115000e+01 2.111500e+01 2.083791e+01 2.073579e+01
2.116000e+01 2.110500e+01 2.083783e+01 2.073570e+01 2.115500e+01 2.111000e+01 2.083782e+01 2.073574e+01
2.047000e+01 2.111500e+01 2.085498e+01 2.072918e+01 2.047000e+01 2.112500e+01 2.085166e+01 2.073267e+01
2.114500e+01 2.112000e+01 2.083800e+01 2.073593e+01 2.114000e+01 2.112500e+01 2.083819e+01 2.073607e+01
2.115000e+01 2.111500e+01 2.083791e+01 2.073579e+01 2.114500e+01 2.112000e+01 2.083800e+01 2.073593e+01
2.047000e+01 2.112500e+01 2.085166e+01 2.073267e+01 2.047500e+01 2.113000e+01 2.085158e+01 2.073286e+01
2.047500e+01 2.113000e+01 2.085158e+01 2.073286e+01 2.048000e+01 2.113500e+01 2.085139e+01 2.073305e+01
2.113500e+01 2.113000e+01 2.083837e+01 2.073631e+01 2.113000e+01 2.113500e+01 2.083864e+01 2.073656e+01
2.114000e+01 2.112500e+01 2.083819e+01 2.073607e+01 2.113500e+01 2.113000e+01 2.083837e+01 2.073631e+01
2.048000e+01 2.113500e+01 2.085139e+01 2.073305e+01 2.048500e+01 2.114000e+01 2.085122e+01 2.073334e+01
2.048500e+01 2.114000e+01 2.085122e+01 2.073334e+01 2.049000e+01 2.114500e+01 2.085094e+01 2.073364e+01
2.112500e+01 2.114000e+01 2.083890e+01 2.073691e+01 2.112000e+01 2.114500e+01 2.083926e+01 2.073727e+01
2.113000e+01 2.113500e+01 2.083864e+01 2.073656e+01 2.112500e+01 2.114000e+01 2.083890e+01 2.073691e+01
2.049000e+01 2.114500e+01 2.085094e+01 2.073364e+01 2.049500e+01 2.115000e+01 2.085068e+01 2.073404e+01
2.049500e+01 2.115000e+01 2.085068e+01 2.073404e+01 2.050000e+01 2.115500e+01 2.085033e+01 2.073446e+01
2.111500e+01 2.115000e+01 2.083959e+01 2.073773e+01 2.111000e+01 2.115500e+01 2.084002e+01 2.073821e+01
2.112000e+01 2.114500e+01 2.083926e+01 2.073727e+01 2.111500e+01 2.115000e+01 2.083959e+01 2.073773e+01
2.050000e+01 2.115500e+01 2.085033e+01 2.073446e+01 2.050500e+01 2.116000e+01 2.084999e+01 2.073498e+01
2.050500e+01 2.116000e+01 2.084999e+01 2.073498e+01 2.051000e+01 2.116500e+01 2.084957e+01 2.073552e+01
2.110500e+01 2.116000e+01 2.084041e+01 2.073878e+01 2.110000e+01 2.116500e+01 2.084090e+01 2.073939e+01
2.111000e+01 2.115500e+01 2.084002e+01 2.073821e+01 2.110500e+01 2.116000e+01 2.084041e+01 2.073878e+01
2.051000e+01 2.116500e+01 2.084957e+01 2.073552e+01 2.051500e+01 2.117000e+01 2.084918e+01 2.073617e+01
2.051500e+01 2.117000e+01 2.084918e+01 2.073617e+01 2.052000e+01 2.117500e+01 2.084870e+01 2.073684e+01
2.109500e+01 2.117000e+01 2.084135e+01 2.074008e+01 2.109000e+01 2.117500e+01 2.084188e+01 2.074082e+01
2.110000e+01 2.116500e+01 2.084090e+01 2.073939e+01 2.109500e+01 2.117000e+01 2.084135e+01 2.074008e+01
2.052000e+01 2.117500e+01 2.084870e+01 2.073684e+01 2.052500e+01 2.118000e+01 2.084825e+01 2.073761e+01
2.052500e+01 2.118000e+01 2.084825e+01 2.073761e+01 2.053500e+01 2.118000e+01 2.085026e+01 2.073456e+01
2.053500e+01 2.118000e+01 2.085026e+01 2.073456e+01 2.054000e+01 2.118500e+01 2.084965e+01 2.073542e+01
2.107500e+01 2.118000e+01 2.084027e+01 2.073839e+01 2.107000e+01 2.118500e+01 2.084091e+01 2.073929e+01
2.107500e+01 2.118000e+01 2.084027e+01 2.073839e+01 2.108500e+01 2.118000e+01 2.084238e+01 2.074164e+01
2.109000e+01 2.117500e+01 2.084188e+01 2.074082e+01 2.108500e+01 2.118000e+01 2.084238e+01 2.074164e+01
2.054000e+01 2.118500e+01 2.084965e+01 2.073542e+01 2.054500e+01 2.119000e+01 2.084909e+01 2.073637e+01
2.054500e+01 2.119000e+01 2.084909e+01 2.073637e+01 2.055000e+01 2.119500e+01 2.084846e+01 2.073737e+01
2.106500e+01 2.119000e+01 2.084151e+01 2.074029e+01 2.106000e+01 2.119500e+01 2.084218e+01 2.074133e+01
2.107000e+01 2.118500e+01 2.084091e+01 2.073929e+01 2.106500e+01 2.119000e+01 2.084151e+01 2.074029e+01
2.055000e+01 2.119500e+01 2.084846e+01 2.073737e+01 2.055500e+01 2.120000e+01 2.084788e+01 2.073846e+01
2.055500e+01 2.120000e+01 2.084788e+01 2.073846e+01 2.056000e+01 2.120500e+01 2.084723e+01 2.073960e+01
2.105500e+01 2.120000e+01 2.084280e+01 2.074246e+01 2.105000e+01 2.120500e+01 2.084348e+01 2.074364e+01
2.106000e+01 2.119500e+01 2.084218e+01 2.074133e+01 2.105500e+01 2.120000e+01 2.084280e+01 2.074246e+01
2.056000e+01 2.120500e+01 2.084723e+01 2.073960e+01 2.056500e+01 2.121000e+01 2.084664e+01 2.074084e+01
2.056500e+01 2.121000e+01 2.084664e+01 2.074084e+01 2.057500e+01 2.121000e+01 2.084805e+01 2.073811e+01
2.057500e+01 2.121000e+01 2.084805e+01 2.073811e+01 2.058000e+01 2.121500e+01 2.084734e+01 2.073947e+01
2.103500e+01 2.121000e+01 2.084256e+01 2.074199e+01 2.103000e+01 2.121500e+01 2.084330e+01 2.074337e+01
2.103500e+01 2.121000e+01 2.084256e+01 2.074199e+01 2.104500e+01 2.121000e+01 2.084411e+01 2.074491e+01
2.105000e+01 2.120500e+01 2.084348e+01 2.074364e+01 2.104500e+01 2.121000e+01 2.084411e+01 2.074491e+01
2.058000e+01 2.121500e+01 2.084734e+01 2.073947e+01 2.058500e+01 2.122000e+01 2.084670e+01 2.074091e+01
2.058500e+01 2.122000e+01 2.084670e+01 2.074091e+01 2.059500e+01 2.122000e+01 2.084786e+01 2.073836e+01
2.059500e+01 2.122000e+01 2.084786e+01 2.073836e+01 2.060000e+01 2.122500e+01 2.084711e+01 2.073993e+01
2.101500e+01 2.122000e+01 2.084269e+01 2.074209e+01 2.101000e+01 2.122500e+01 2.084346e+01 2.074368e+01
2.101500e+01 2.122000e+01 2.084269e+01 2.074209e+01 2.102500e+01 2.122000e+01 2.084398e+01 2.074483e+01
2.103000e+01 2.121500e+01 2.084330e+01 2.074337e+01 2.102500e+01 2.122000e+01 2.084398e+01 2.074483e+01
2.060000e+01 2.122500e+01 2.084711e+01 2.073993e+01 2.060500e+01 2.123000e+01 2.084644e+01 2.074158e+01
2.060500e+01 2.123000e+01 2.084644e+01 2.074158e+01 2.061500e+01 2.123000e+01 2.084737e+01 2.073924e+01
2.061500e+01 2.123000e+01 2.084737e+01 2.073924e+01 2.062000e+01 2.123500e+01 2.084662e+01 2.074104e+01
2.099500e+01 2.123000e+01 2.084310e+01 2.074280e+01 2.099000e+01 2.123500e+01 2.084387e+01 2.074460e+01
2.099500e+01 2.123000e+01 2.084310e+01 2.074280e+01 2.100500e+01 2.123000e+01 2.084416e+01 2.074534e+01
2.101000e+01 2.122500e+01 2.084346e+01 2.074368e+01 2.100500e+01 2.123000e+01 2.084416e+01 2.074534e+01
2.062000e+01 2.123500e+01 2.084662e+01 2.074104e+01 2.062500e+01 2.124000e+01 2.084596e+01 2.074291e+01
2.062500e+01 2.124000e+01 2.084596e+01 2.074291e+01 2.063500e+01 2.124000e+01 2.084669e+01 2.074079e+01
2.063500e+01 2.124000e+01 2.084669e+01 2.074079e+01 2.064000e+01 2.124500e+01 2.084597e+01 2.074281e+01
2.097500e+01 2.124000e+01 2.084371e+01 2.074414e+01 2.097000e+01 2.124500e+01 2.084445e+01 2.074615e+01
2.097500e+01 2.124000e+01 2.084371e+01 2.074414e+01 2.098500e+01 2.124000e+01 2.084457e+01 2.074646e+01
2.099000e+01 2.123500e+01 2.084387e+01 2.074460e+01 2.098500e+01 2.124000e+01 2.084457e+01 2.074646e+01
2.064000e+01 2.124500e+01 2.084597e+01 2.074281e+01 2.064500e+01 2.125000e+01 2.084534e+01 2.074490e+01
2.064500e+01 2.125000e+01 2.084534e+01 2.074490e+01 2.065500e+01 2.125000e+01 2.084591e+01 2.074303e+01
2.065500e+01 2.125000e+01 2.084591e+01 2.074303e+01 2.066500e+01 2.125000e+01 2.084637e+01 2.074125e+01
2.066500e+01 2.125000e+01 2.084637e+01 2.074125e+01 2.067000e+01 2.125500e+01 2.084571e+01 2.074359e+01
2.094500e+01 2.125000e+01 2.084384e+01 2.074415e+01 2.094000e+01 2.125500e+01 2.084455e+01 2.074645e+01
2.094500e+01 2.125000e+01 2.084384e+01 2.074415e+01 2.095500e+01 2.125000e+01 2.084443e+01 2.074614e+01
2.095500e+01 2.125000e+01 2.084443e+01 2.074614e+01 2.096500e+01 2.125000e+01 2.084513e+01 2.074822e+01
2.097000e+01 2.124500e+01 2.084445e+01 2.074615e+01 2.096500e+01 2.125000e+01 2.084513e+01 2.074822e+01
2.067000e+01 2.125500e+01 2.084571e+01 2.074359e+01 2.067500e+01 2.126000e+01 2.084513e+01 2.074597e+01
2.067500e+01 2.126000e+01 2.084513e+01 2.074597e+01 2.068500e+01 2.126000e+01 2.084549e+01 2.074446e+01
2.068500e+01 2.126000e+01 2.084549e+01 2.074446e+01 2.069500e+01 2.126000e+01 2.084576e+01 2.074306e+01
2.069500e+01 2.126000e+01 2.084576e+01 2.074306e+01 2.070000e+01 2.126500e+01 2.084520e+01 2.074570e+01
2.091500e+01 2.126000e+01 2.084433e+01 2.074546e+01 2.091000e+01 2.126500e+01 2.084494e+01 2.074804e+01
2.091500e+01 2.126000e+01 2.084433e+01 2.074546e+01 2.092500e+01 2.126000e+01 2.084471e+01 2.074707e+01
2.092500e+01 2.126000e+01 2.084471e+01 2.074707e+01 2.093500e+01 2.126000e+01 2.084518e+01 2.074880e+01
2.094000e+01 2.125500e+01 2.084455e+01 2.074645e+01 2.093500e+01 2.126000e+01 2.084518e+01 2.074880e+01
2.070000e+01 2.126500e+01 2.084520e+01 2.074570e+01 2.070500e+01 2.127000e+01 2.084474e+01 2.074838e+01
2.070500e+01 2.127000e+01 2.084474e+01 2.074838e+01 2.071500e+01 2.127000e+01 2.084496e+01 2.074726e+01
2.071500e+01 2.127000e+01 2.084496e+01 2.074726e+01 2.072500e+01 2.127000e+01 2.084511e+01 2.074626e+01
2.072500e+01 2.127000e+01 2.084511e+01 2.074626e+01 2.073500e+01 2.127000e+01 2.084521e+01 2.074538e+01
2.073500e+01 2.127000e+01 2.084521e+01 2.074538e+01 2.074500e+01 2.127000e+01 2.084525e+01 2.074462e+01
2.074500e+01 2.127000e+01 2.084525e+01 2.074462e+01 2.075500e+01 2.127000e+01 2.084525e+01 2.074400e+01
2.075500e+01 2.127000e+01 2.084525e+01 2.074400e+01 2.076000e+01 2.127500e+01 2.084498e+01 2.074717e+01
2.085500e+01 2.127000e+01 2.084459e+01 2.074514e+01 2.085000e+01 2.127500e+01 2.084495e+01 2.074822e+01
2.085500e+01 2.127000e+01 2.084459e+01 2.074514e+01 2.086500e+01 2.127000e+01 2.084464e+01 2.074599e+01
2.086500e+01 2.127000e+01 2.084464e+01 2.074599e+01 2.087500e+01 2.127000e+01 2.084475e+01 2.074697e+01
2.087500e+01 2.127000e+01 2.084475e+01 2.074697e+01 2.088500e+01 2.127000e+01 2.084492e+01 2.074808e+01
2.088500e+01 2.127000e+01 2.084492e+01 2.074808e+01 2.089500e+01 2.127000e+01 2.084516e+01 2.074931e+01
2.089500e+01 2.127000e+01 2.084516e+01 2.074931e+01 2.090500e+01 2.127000e+01 2.084547e+01 2.075065e+01
2.091000e+01 2.126500e+01 2.084494e+01 2.074804e+01 2.090500e+01 2.127000e+01 2.084547e+01 2.075065e+01
2.076000e+01 2.127500e+01 2.084498e+01 2.074717e+01 2.076500e+01 2.128000e+01 2.084480e+01 2.075036e+01
2.076500e+01 2.128000e+01 2.084480e+01 2.075036e+01 2.077500e+01 2.128000e+01 2.084486e+01 2.075002e+01
2.077500e+01 2.128000e+01 2.084486e+01 2.075002e+01 2.078500e+01 2.128000e+01 2.084491e+01 2.074981e+01
2.078500e+01 2.128000e+01 2.084491e+01 2.074981e+01 2.079500e+01 2.128000e+01 2.084494e+01 2.074973e+01
2.079500e+01 2.128000e+01 2.084494e+01 2.074973e+01 2.080500e+01 2.128000e+01 2.084497e+01 2.074978e+01
2.080500e+01 2.128000e+01 2.084497e+01 2.074978e+01 2.081500e+01 2.128000e+01 2.084501e+01 2.074997e+01
2.081500e+01 2.128000e+01 2.084501e+01 2.074997e+01 2.082500e+01 2.128000e+01 2.084506e+01 2.075028e+01
2.082500e+01 2.128000e+01 2.084506e+01 2.075028e+01 2.083500e+01 2.128000e+01 2.084513e+01 2.075073e+01
2.083500e+01 2.128000e+01 2.084513e+01 2.075073e+01 2.084500e+01 2.128000e+01 2.084523e+01 2.075131e+01
2.085000e+01 2.127500e+01 2.084495e+01 2.074822e+01 2.084500e+01 2.128000e+01 2.084523e+01 2.075131e+01
2.081329e+01 2.076437e+01 2.050547e+01 2.071608e+01 2.081329e+01 2.076437e+01 2.050625e+01 2.069386e+01
2.081329e+01 2.076437e+01 2.050625e+01 2.069386e+01 2.081329e+01 2.076437e+01 2.050857e+01 2.067184e+01
2.081329e+01 2.076437e+01 2.050857e+01 2.067184e+01 2.081329e+01 2.076437e+01 2.051241e+01 2.065012e+01
2.081329e+01 2.076437e+01 2.051241e+01 2.065012e+01 2.081329e+01 2.076437e+01 2.051774e+01 2.062878e+01
2.081329e+01 2.076437e+01 2.051774e+01 2.062878e+01 2.081329e+01 2.076437e+01 2.052453e+01 2.060789e+01
2.081329e+01 2.076437e+01 2.052453e+01 2.060789e+01 2.081329e+01 2.076437e+01 2.053276e+01 2.058755e+01
2.081329e+01 2.076437e+01 2.053276e+01 2.058755e+01 2.081329e+01 2.076437e+01 2.054238e+01 2.056783e+01
2.081329e+01 2.076437e+01 2.054238e+01 2.056783e+01 2.081329e+01 2.076437e+01 2.055338e+01 2.054880e+01
2.081329e+01 2.076437e+01 2.055338e+01 2.054880e+01 2.081329e+01 2.076437e+01 2.056570e+01 2.053054e+01
2.081329e+01 2.076437e+01 2.056570e+01 2.053054e+01 2.081329e+01 2.076437e+01 2.057930e+01 2.051313e+01
2.081329e+01 2.076437e+01 2.057930e+01 2.051313e+01 2.081329e+01 2.076437e+01 2.059415e+01 2.049665e+01
2.081329e+01 2.076437e+01 2.059415e+01 2.049665e+01 2.081329e+01 2.076437e+01 2.061019e+01 2.048116e+01
2.081329e+01 2.076437e+01 2.061019e+01 2.048116e+01 2.081329e+01 2.076437e+01 2.062737e+01 2.046675e+01
2.081329e+01 2.076437e+01 2.062737e+01 2.046675e+01 2.081329e+01 2.076437e+01 2.064563e+01 2.045348e+01
2.081329e+01 2.076437e+01 2.064563e+01 2.045348e+01 2.081329e+01 2.076437e+01 2.066491e+01 2.044144e+01
2.081329e+01 2.076437e+01 2.066491e+01 2.044144e+01 2.081329e+01 2.076437e+01 2.068513e+01 2.043068e+01
2.081329e+01 2.076437e+01 2.068513e+01 2.043068e+01 2.081329e+01 2.076437e+01 2.070621e+01 2.042129e+01
2.081329e+01 2.076437e+01 2.070621e+01 2.042129e+01 2.081329e+01 2.076437e+01 2.072807e+01 2.041333e+01
2.081329e+01 2.076437e+01 2.072807e+01 2.041333e+01 2.081329e+01 2.076437e+01 2.075062e+01 2.040686e+01
2.081329e+01 2.076437e+01 2.075062e+01 2.040686e+01 2.081329e+01 2.076437e+01 2.077375e+01 2.040194e+01
2.081329e+01 2.076437e+01 2.077375e+01 2.040194e+01 2.081329e+01 2.076437e+01 2.079735e+01 2.039862e+01
2.081329e+01 2.076437e+01 2.079735e+01 2.039862e+01 2.081329e+01 2.076437e+01 2.082129e+01 2.039693e+01
2.081329e+01 2.076437e+01 2.082129e+01 2.039693e+01 2.081329e+01 2.076437e+01 2.084546e+01 2.039693e+01
2.081329e+01 2.076437e+01 2.084546e+01 2.039693e+01 2.081329e+01 2.076437e+01 2.086970e+01 2.039862e+01
2.081329e+01 2.076437e+01 2.086970e+01 2.039862e+01 2.081329e+01 2.076437e+01 2.089390e+01 2.040201e+01
2.081329e+01 2.076437e+01 2.089390e+01 2.040201e+01 2.081329e+01 2.076437e+01 2.091789e+01 2.040710e+01
2.081329e+01 2.076437e+01 2.091789e+01 2.040710e+01 2.081329e+01 2.076437e+01 2.094154e+01 2.041387e+01
2.081329e+01 2.076437e+01 2.094154e+01 2.041387e+01 2.081329e+01 2.076437e+01 2.096469e+01 2.042229e+01
2.081329e+01 2.076437e+01 2.096469e+01 2.042229e+01 2.081329e+01 2.076437e+01 2.098720e+01 2.043231e+01
2.081329e+01 2.076437e+01 2.098720e+01 2.043231e+01 2.081329e+01 2.076437e+01 2.100894e+01 2.044386e+01
2.081329e+01 2.076437e+01 2.100894e+01 2.044386e+01 2.081329e+01 2.076437e+01 2.102978e+01 2.045688e+01
2.081329e+01 2.076437e+01 2.102978e+01 2.045688e+01 2.081329e+01 2.076437e+01 2.104959e+01 2.047126e+01
2.081329e+01 2.076437e+01 2.104959e+01 2.047126e+01 2.081329e+01 2.076437e+01 2.106827e+01 2.048693e+01
2.081329e+01 2.076437e+01 2.106827e+01 2.048693e+01 2.081329e+01 2.076437e+01 2.108571e+01 2.050377e+01
2.081329e+01 2.076437e+01 2.108571e+01 2.050377e+01 2.081329e+01 2.076437e+01 2.110183e+01 2.052167e+01
2.081329e+01 2.076437e+01 2.110183e+01 2.052167e+01 2.081329e+01 2.076437e+01 2.111656e+01 2.054052e+01
2.081329e+01 2.076437e+01 2.111656e+01 2.054052e+01 2.081329e+01 2.076437e+01 2.112984e+01 2.056021e+01
2.081329e+01 2.076437e+01 2.112984e+01 2.056021e+01 2.081329e+01 2.076437e+01 2.114162e+01 2.058061e+01
2.081329e+01 2.076437e+01 2.114162e+01 2.058061e+01 2.081329e+01 2.076437e+01 2.115186e+01 2.060161e+01
2.081329e+01 2.076437e+01 2.115186e+01 2.060161e+01 2.081329e+01 2.076437e+01 2.116054e+01 2.062310e+01
2.081329e+01 2.076437e+01 2.116054e+01 2.062310e+01 2.081329e+01 2.076437e+01 2.116764e+01 2.064497e+01
2.081329e+01 2.076437e+01 2.116764e+01 2.064497e+01 2.081329e+01 2.076437e+01 2.117315e+01 2.066712e+01
2.081329e+01 2.076437e+01 2.117315e+01 2.066712e+01 2.081329e+01 2.076437e+01 2.117708e+01 2.068942e+01
2.081329e+01 2.076437e+01 2.117708e+01 2.068942e+01 2.081329e+01 2.076437e+01 2.117942e+01 2.071180e+01
2.081329e+01 2.076437e+01 2.117942e+01 2.071180e+01 2.081329e+01 2.076437e+01 2.118020e+01 2.073415e+01
2.081329e+01 2.076437e+01 2.118020e+01 2.073415e+01 2.081329e+01 2.076437e+01 2.117941e+01 2.075637e+01
2.081329e+01 2.076437e+01 2.117941e+01 2.075637e+01 2.081329e+01 2.076437e+01 2.117709e+01 2.077839e+01
2.081329e+01 2.076437e+01 2.117709e+01 2.077839e+01 2.081329e+01 2.076437e+01 2.117326e+01 2.080011e+01
2.081329e+01 2.076437e+01 2.117326e+01 2.080011e+01 2.081329e+01 2.076437e+01 2.116793e+01 2.082145e+01
2.081329e+01 2.076437e+01 2.116793e+01 2.082145e+01 2.081329e+01 2.076437e+01 2.116113e+01 2.084234e+01
2.081329e+01 2.076437e+01 2.116113e+01 2.084234e+01 2.081329e+01 2.076437e+01 2.115291e+01 2.086268e+01
2.081329e+01 2.076437e+01 2.115291e+01 2.086268e+01 2.081329e+01 2.076437e+01 2.114328e+01 2.088240e+01
2.081329e+01 2.076437e+01 2.114328e+01 2.088240e+01 2.081329e+01 2.076437e+01 2.113229e+01 2.090143e+01
2.081329e+01 2.076437e+01 2.113229e+01 2.090143e+01 2.081329e+01 2.076437e+01 2.111997e+01 2.091969e+01
2.081329e+01 2.076437e+01 2.111997e+01 2.091969e+01 2.081329e+01 2.076437e+01 2.110636e+01 2.093710e+01
2.081329e+01 2.076437e+01 2.110636e+01 2.093710e+01 2.081329e+01 2.076437e+01 2.109151e+01 2.095358e+01
2.081329e+01 2.076437e+01 2.109151e+01 2.095358e+01 2.081329e+01 2.076437e+01 2.107547e+01 2.096907e+01
2.081329e+01 2.076437e+01 2.107547e+01 2.096907e+01 2.081329e+01 2.076437e+01 2.105829e+01 2.098348e+01
2.081329e+01 2.076437e+01 2.105829e+01 2.098348e+01 2.081329e+01 2.076437e+01 2.104003e+01 2.099675e+01
2.081329e+01 2.076437e+01 2.104003e+01 2.099675e+01 2.081329e+01 2.076437e+01 2.102076e+01 2.100879e+01
2.081329e+01 2.076437e+01 2.102076e+01 2.100879e+01 2.081329e+01 2.076437e+01 2.100054e+01 2.101955e+01
2.081329e+01 2.076437e+01 2.100054e+01 2.101955e+01 2.081329e+01 2.076437e+01 2.097946e+01 2.102894e+01
2.081329e+01 2.076437e+01 2.097946e+01 2.102894e+01 2.081329e+01 2.076437e+01 2.095759e+01 2.103690e+01
2.081329e+01 2.076437e+01 2.095759e+01 2.103690e+01 2.081329e+01 2.076437e+01 2.093504e+01 2.104337e+01
2.081329e+01 2.076437e+01 2.093504e+01 2.104337e+01 2.081329e+01 2.076437e+01 2.091192e+01 2.104829e+01
2.081329e+01 2.076437e+01 2.091192e+01 2.104829e+01 2.081329e+01 2.076437e+01 2.088832e+01 2.105161e+01
2.081329e+01 2.076437e+01 2.088832e+01 2.105161e+01 2.081329e+01 2.076437e+01 2.086437e+01 2.105330e+01
2.081329e+01 2.076437e+01 2.086437e+01 2.105330e+01 2.081329e+01 2.076437e+01 2.084021e+01 2.105330e+01
2.081329e+01 2.076437e+01 2.084021e+01 2.105330e+01 2.081329e+01 2.076437e+01 2.081596e+01 2.105161e+01
2.081329e+01 2.076437e+01 2.081596e+01 2.105161e+01 2.081329e+01 2.076437e+01 2.079177e+01 2.104822e+01
2.081329e+01 2.076437e+01 2.079177e+01 2.104822e+01 2.081329e+01 2.076437e+01 2.076777e+01 2.104313e+01
2.081329e+01 2.076437e+01 2.076777e+01 2.104313e+01 2.081329e+01 2.076437e+01 2.074413e+01 2.103636e+01
2.081329e+01 2.076437e+01 2.074413e+01 2.103636e+01 2.081329e+01 2.076437e+01 2.072098e+01 2.102794e+01
2.081329e+01 2.076437e+01 2.072098e+01 2.102794e+01 2.081329e+01 2.076437e+01 2.069846e+01 2.101792e+01
2.081329e+01 2.076437e+01 2.069846e+01 2.101792e+01 2.081329e+01 2.076437e+01 2.067672e+01 2.100637e+01
2.081329e+01 2.076437e+01 2.067672e+01 2.100637e+01 2.081329e+01 2.076437e+01 2.065588e+01 2.099335e+01
2.081329e+01 2.076437e+01 2.065588e+01 2.099335e+01 2.081329e+01 2.076437e+01 2.063607e+01 2.097897e+01
2.081329e+01 2.076437e+01 2.063607e+01 2.097897e+01 2.081329e+01 2.076437e+01 2.061740e+01 2.096330e+01
2.081329e+01 2.076437e+01 2.061740e+01 2.096330e+01 2.081329e+01 2.076437e+01 2.059996e+01 2.094646e+01
2.081329e+01 2.076437e+01 2.059996e+01 2.094646e+01 2.081329e+01 2.076437e+01 2.058383e+01 2.092856e+01
2.081329e+01 2.076437e+01 2.058383e+01 2.092856e+01 2.081329e+01 2.076437e+01 2.056910e+01 2.090971e+01
2.081329e+01 2.076437e+01 2.056910e+01 2.090971e+01 2.081329e+01 2.076437e+01 2.055583e+01 2.089002e+01
2.081329e+01 2.076437e+01 2.055583e+01 2.089002e+01 2.081329e+01 2.076437e+01 2.054405e+01 2.086962e+01
2.081329e+01 2.076437e+01 2.054405e+01 2.086962e+01 2.081329e+01 2.076437e+01 2.053381e+01 2.084862e+01
2.081329e+01 2.076437e+01 2.053381e+01 2.084862e+01 2.081329e+01 2.076437e+01 2.052513e+01 2.082712e+01
2.081329e+01 2.076437e+01 2.052513e+01 2.082712e+01 2.081329e+01 2.076437e+01 2.051803e+01 2.080525e+01
2.081329e+01 2.076437e+01 2.051803e+01 2.080525e+01 2.081329e+01 2.076437e+01 2.051251e+01 2.078311e+01
2.081329e+01 2.076437e+01 2.051251e+01 2.078311e+01 2.081329e+01 2.076437e+01 2.050859e+01 2.076081e+01
2.081329e+01 2.076437e+01 2.050859e+01 2.076081e+01 2.081329e+01 2.076437e+01 2.050624e+01 2.073843e+01
2.081329e+01 2.076437e+01 2.050624e+01 2.073843e+01 2.081329e+01 2.076437e+01 2.050547e+01 2.071608e+01
